id,date,price,bedrooms,bathrooms,sqft_living,sqft_lot,floors,waterfront,view,condition,grade,sqft_above,sqft_basement,yr_built,yr_renovated,zipcode,lat,long,sqft_living15,sqft_lot15
7129300520.00,20141013T000000,221900.00,3.00,1.00,1180.00,5650.00,1.00,0.00,0.00,3.00,7.00,1180.00,0.00,1955.00,0.00,98178.00,47.51,-122.26,1340.00,5650.00
6414100192.00,20141209T000000,538000.00,3.00,2.25,2570.00,7242.00,2.00,0.00,0.00,3.00,7.00,2170.00,400.00,1951.00,1991.00,98125.00,47.72,-122.32,1690.00,7639.00
5631500400.00,20150225T000000,180000.00,2.00,1.00,770.00,10000.00,1.00,0.00,0.00,3.00,6.00,770.00,0.00,1933.00,0.00,98028.00,47.74,-122.23,2720.00,8062.00
2487200875.00,20141209T000000,604000.00,4.00,3.00,1960.00,5000.00,1.00,0.00,0.00,5.00,7.00,1050.00,910.00,1965.00,0.00,98136.00,47.52,-122.39,1360.00,5000.00
1954400510.00,20150218T000000,510000.00,3.00,2.00,1680.00,8080.00,1.00,0.00,0.00,3.00,8.00,1680.00,0.00,1987.00,0.00,98074.00,47.62,-122.05,1800.00,7503.00
7237550310.00,20140512T000000,1225000.00,4.00,4.50,5420.00,101930.00,1.00,0.00,0.00,3.00,11.00,3890.00,1530.00,2001.00,0.00,98053.00,47.66,-122.01,4760.00,101930.00
1321400060.00,20140627T000000,257500.00,3.00,2.25,1715.00,6819.00,2.00,0.00,0.00,3.00,7.00,1715.00,0.00,1995.00,0.00,98003.00,47.31,-122.33,2238.00,6819.00
2008000270.00,20150115T000000,291850.00,3.00,1.50,1060.00,9711.00,1.00,0.00,0.00,3.00,7.00,1060.00,0.00,1963.00,0.00,98198.00,47.41,-122.32,1650.00,9711.00
2414600126.00,20150415T000000,229500.00,3.00,1.00,1780.00,7470.00,1.00,0.00,0.00,3.00,7.00,1050.00,730.00,1960.00,0.00,98146.00,47.51,-122.34,1780.00,8113.00
3793500160.00,20150312T000000,323000.00,3.00,2.50,1890.00,6560.00,2.00,0.00,0.00,3.00,7.00,1890.00,0.00,2003.00,0.00,98038.00,47.37,-122.03,2390.00,7570.00
1736800520.00,20150403T000000,662500.00,3.00,2.50,3560.00,9796.00,1.00,0.00,0.00,3.00,8.00,1860.00,1700.00,1965.00,0.00,98007.00,47.60,-122.15,2210.00,8925.00
9212900260.00,20140527T000000,468000.00,2.00,1.00,1160.00,6000.00,1.00,0.00,0.00,4.00,7.00,860.00,300.00,1942.00,0.00,98115.00,47.69,-122.29,1330.00,6000.00
114101516.00,20140528T000000,310000.00,3.00,1.00,1430.00,19901.00,1.50,0.00,0.00,4.00,7.00,1430.00,0.00,1927.00,0.00,98028.00,47.76,-122.23,1780.00,12697.00
6054650070.00,20141007T000000,400000.00,3.00,1.75,1370.00,9680.00,1.00,0.00,0.00,4.00,7.00,1370.00,0.00,1977.00,0.00,98074.00,47.61,-122.05,1370.00,10208.00
1175000570.00,20150312T000000,530000.00,5.00,2.00,1810.00,4850.00,1.50,0.00,0.00,3.00,7.00,1810.00,0.00,1900.00,0.00,98107.00,47.67,-122.39,1360.00,4850.00
9297300055.00,20150124T000000,650000.00,4.00,3.00,2950.00,5000.00,2.00,0.00,3.00,3.00,9.00,1980.00,970.00,1979.00,0.00,98126.00,47.57,-122.38,2140.00,4000.00
1875500060.00,20140731T000000,395000.00,3.00,2.00,1890.00,14040.00,2.00,0.00,0.00,3.00,7.00,1890.00,0.00,1994.00,0.00,98019.00,47.73,-121.96,1890.00,14018.00
6865200140.00,20140529T000000,485000.00,4.00,1.00,1600.00,4300.00,1.50,0.00,0.00,4.00,7.00,1600.00,0.00,1916.00,0.00,98103.00,47.66,-122.34,1610.00,4300.00
16000397.00,20141205T000000,189000.00,2.00,1.00,1200.00,9850.00,1.00,0.00,0.00,4.00,7.00,1200.00,0.00,1921.00,0.00,98002.00,47.31,-122.21,1060.00,5095.00
7983200060.00,20150424T000000,230000.00,3.00,1.00,1250.00,9774.00,1.00,0.00,0.00,4.00,7.00,1250.00,0.00,1969.00,0.00,98003.00,47.33,-122.31,1280.00,8850.00
6300500875.00,20140514T000000,385000.00,4.00,1.75,1620.00,4980.00,1.00,0.00,0.00,4.00,7.00,860.00,760.00,1947.00,0.00,98133.00,47.70,-122.34,1400.00,4980.00
2524049179.00,20140826T000000,2000000.00,3.00,2.75,3050.00,44867.00,1.00,0.00,4.00,3.00,9.00,2330.00,720.00,1968.00,0.00,98040.00,47.53,-122.23,4110.00,20336.00
7137970340.00,20140703T000000,285000.00,5.00,2.50,2270.00,6300.00,2.00,0.00,0.00,3.00,8.00,2270.00,0.00,1995.00,0.00,98092.00,47.33,-122.17,2240.00,7005.00
8091400200.00,20140516T000000,252700.00,2.00,1.50,1070.00,9643.00,1.00,0.00,0.00,3.00,7.00,1070.00,0.00,1985.00,0.00,98030.00,47.35,-122.17,1220.00,8386.00
3814700200.00,20141120T000000,329000.00,3.00,2.25,2450.00,6500.00,2.00,0.00,0.00,4.00,8.00,2450.00,0.00,1985.00,0.00,98030.00,47.37,-122.17,2200.00,6865.00
1202000200.00,20141103T000000,233000.00,3.00,2.00,1710.00,4697.00,1.50,0.00,0.00,5.00,6.00,1710.00,0.00,1941.00,0.00,98002.00,47.30,-122.22,1030.00,4705.00
1794500383.00,20140626T000000,937000.00,3.00,1.75,2450.00,2691.00,2.00,0.00,0.00,3.00,8.00,1750.00,700.00,1915.00,0.00,98119.00,47.64,-122.36,1760.00,3573.00
3303700376.00,20141201T000000,667000.00,3.00,1.00,1400.00,1581.00,1.50,0.00,0.00,5.00,8.00,1400.00,0.00,1909.00,0.00,98112.00,47.62,-122.31,1860.00,3861.00
5101402488.00,20140624T000000,438000.00,3.00,1.75,1520.00,6380.00,1.00,0.00,0.00,3.00,7.00,790.00,730.00,1948.00,0.00,98115.00,47.70,-122.30,1520.00,6235.00
1873100390.00,20150302T000000,719000.00,4.00,2.50,2570.00,7173.00,2.00,0.00,0.00,3.00,8.00,2570.00,0.00,2005.00,0.00,98052.00,47.71,-122.11,2630.00,6026.00
8562750320.00,20141110T000000,580500.00,3.00,2.50,2320.00,3980.00,2.00,0.00,0.00,3.00,8.00,2320.00,0.00,2003.00,0.00,98027.00,47.54,-122.07,2580.00,3980.00
2426039314.00,20141201T000000,280000.00,2.00,1.50,1190.00,1265.00,3.00,0.00,0.00,3.00,7.00,1190.00,0.00,2005.00,0.00,98133.00,47.73,-122.36,1390.00,1756.00
461000390.00,20140624T000000,687500.00,4.00,1.75,2330.00,5000.00,1.50,0.00,0.00,4.00,7.00,1510.00,820.00,1929.00,0.00,98117.00,47.68,-122.37,1460.00,5000.00
7589200193.00,20141110T000000,535000.00,3.00,1.00,1090.00,3000.00,1.50,0.00,0.00,4.00,8.00,1090.00,0.00,1929.00,0.00,98117.00,47.69,-122.38,1570.00,5080.00
7955080270.00,20141203T000000,322500.00,4.00,2.75,2060.00,6659.00,1.00,0.00,0.00,3.00,7.00,1280.00,780.00,1981.00,0.00,98058.00,47.43,-122.16,2020.00,8720.00
9547205180.00,20140613T000000,696000.00,3.00,2.50,2300.00,3060.00,1.50,0.00,0.00,3.00,8.00,1510.00,790.00,1930.00,2002.00,98115.00,47.68,-122.31,1590.00,3264.00
9435300030.00,20140528T000000,550000.00,4.00,1.00,1660.00,34848.00,1.00,0.00,0.00,1.00,5.00,930.00,730.00,1933.00,0.00,98052.00,47.66,-122.13,2160.00,11467.00
2768000400.00,20141230T000000,640000.00,4.00,2.00,2360.00,6000.00,2.00,0.00,0.00,4.00,8.00,2360.00,0.00,1904.00,0.00,98107.00,47.67,-122.36,1730.00,4700.00
7895500070.00,20150213T000000,240000.00,4.00,1.00,1220.00,8075.00,1.00,0.00,0.00,2.00,7.00,890.00,330.00,1969.00,0.00,98001.00,47.33,-122.28,1290.00,7800.00
2078500320.00,20140620T000000,605000.00,4.00,2.50,2620.00,7553.00,2.00,0.00,0.00,3.00,8.00,2620.00,0.00,1996.00,0.00,98056.00,47.53,-122.18,2620.00,11884.00
5547700270.00,20140715T000000,625000.00,4.00,2.50,2570.00,5520.00,2.00,0.00,0.00,3.00,9.00,2570.00,0.00,2000.00,0.00,98074.00,47.61,-122.03,2470.00,5669.00
7766200013.00,20140811T000000,775000.00,4.00,2.25,4220.00,24186.00,1.00,0.00,0.00,3.00,8.00,2600.00,1620.00,1984.00,0.00,98166.00,47.45,-122.35,2410.00,30617.00
7203220400.00,20140707T000000,861990.00,5.00,2.75,3595.00,5639.00,2.00,0.00,0.00,3.00,9.00,3595.00,0.00,2014.00,0.00,98053.00,47.68,-122.02,3625.00,5639.00
9270200160.00,20141028T000000,685000.00,3.00,1.00,1570.00,2280.00,2.00,0.00,0.00,3.00,7.00,1570.00,0.00,1922.00,0.00,98119.00,47.64,-122.36,1580.00,2640.00
1432701230.00,20140729T000000,309000.00,3.00,1.00,1280.00,9656.00,1.00,0.00,0.00,4.00,6.00,920.00,360.00,1959.00,0.00,98058.00,47.45,-122.18,1340.00,8808.00
8035350320.00,20140718T000000,488000.00,3.00,2.50,3160.00,13603.00,2.00,0.00,0.00,3.00,8.00,3160.00,0.00,2003.00,0.00,98019.00,47.74,-121.98,3050.00,9232.00
8945200830.00,20150325T000000,210490.00,3.00,1.00,990.00,8528.00,1.00,0.00,0.00,3.00,6.00,990.00,0.00,1966.00,0.00,98023.00,47.31,-122.37,1228.00,8840.00
4178300310.00,20140716T000000,785000.00,4.00,2.50,2290.00,13416.00,2.00,0.00,0.00,4.00,9.00,2290.00,0.00,1981.00,0.00,98007.00,47.62,-122.15,2680.00,13685.00
9215400105.00,20150428T000000,450000.00,3.00,1.75,1250.00,5963.00,1.00,0.00,0.00,4.00,7.00,1250.00,0.00,1953.00,0.00,98115.00,47.68,-122.30,970.00,5100.00
822039084.00,20150311T000000,1350000.00,3.00,2.50,2753.00,65005.00,1.00,1.00,2.00,5.00,9.00,2165.00,588.00,1953.00,0.00,98070.00,47.40,-122.45,2680.00,72513.00
5245600105.00,20140916T000000,228000.00,3.00,1.00,1190.00,9199.00,1.00,0.00,0.00,3.00,7.00,1190.00,0.00,1955.00,0.00,98148.00,47.43,-122.32,1190.00,9364.00
7231300125.00,20150217T000000,345000.00,5.00,2.50,3150.00,9134.00,1.00,0.00,0.00,4.00,8.00,1640.00,1510.00,1966.00,0.00,98056.00,47.49,-122.19,1990.00,9133.00
7518505990.00,20141231T000000,600000.00,3.00,1.75,1410.00,4080.00,1.00,0.00,0.00,4.00,7.00,1000.00,410.00,1950.00,0.00,98117.00,47.68,-122.38,1410.00,4080.00
3626039271.00,20150205T000000,585000.00,2.00,1.75,1980.00,8550.00,1.00,0.00,0.00,3.00,7.00,990.00,990.00,1981.00,0.00,98117.00,47.70,-122.37,1480.00,6738.00
4217401195.00,20150303T000000,920000.00,5.00,2.25,2730.00,6000.00,1.50,0.00,0.00,3.00,8.00,2130.00,600.00,1927.00,0.00,98105.00,47.66,-122.28,2730.00,6000.00
9822700295.00,20140512T000000,885000.00,4.00,2.50,2830.00,5000.00,2.00,0.00,0.00,3.00,9.00,2830.00,0.00,1995.00,0.00,98105.00,47.66,-122.29,1950.00,5000.00
9478500640.00,20140819T000000,292500.00,4.00,2.50,2250.00,4495.00,2.00,0.00,0.00,3.00,7.00,2250.00,0.00,2008.00,0.00,98042.00,47.37,-122.11,2250.00,4500.00
2799800710.00,20150407T000000,301000.00,3.00,2.50,2420.00,4750.00,2.00,0.00,0.00,3.00,8.00,2420.00,0.00,2003.00,0.00,98042.00,47.37,-122.12,2690.00,4750.00
7922800400.00,20140827T000000,951000.00,5.00,3.25,3250.00,14342.00,2.00,0.00,4.00,4.00,8.00,3250.00,0.00,1968.00,0.00,98008.00,47.59,-122.12,2960.00,11044.00
8079040320.00,20150223T000000,430000.00,4.00,3.00,1850.00,9976.00,2.00,0.00,0.00,3.00,8.00,1850.00,0.00,1991.00,0.00,98059.00,47.51,-122.15,2270.00,8542.00
1516000055.00,20141210T000000,650000.00,3.00,2.25,2150.00,21235.00,1.00,0.00,3.00,4.00,8.00,1590.00,560.00,1959.00,0.00,98166.00,47.43,-122.34,2570.00,18900.00
9558200045.00,20140828T000000,289000.00,3.00,1.75,1260.00,8400.00,1.00,0.00,0.00,3.00,7.00,1260.00,0.00,1954.00,0.00,98148.00,47.44,-122.34,1290.00,8750.00
5072410070.00,20141021T000000,505000.00,3.00,1.75,2519.00,8690.00,2.00,0.00,0.00,5.00,8.00,2519.00,0.00,1973.00,0.00,98166.00,47.44,-122.34,2500.00,9500.00
9528102996.00,20141207T000000,549000.00,3.00,1.75,1540.00,1044.00,3.00,0.00,0.00,3.00,8.00,1540.00,0.00,2014.00,0.00,98115.00,47.68,-122.32,1580.00,3090.00
1189001180.00,20140603T000000,425000.00,3.00,2.25,1660.00,6000.00,1.00,0.00,0.00,3.00,7.00,1110.00,550.00,1979.00,0.00,98122.00,47.61,-122.30,1440.00,4080.00
3253500160.00,20141120T000000,317625.00,3.00,2.75,2770.00,3809.00,1.50,0.00,0.00,5.00,7.00,1770.00,1000.00,1925.00,0.00,98144.00,47.57,-122.30,1440.00,4000.00
3394100030.00,20140909T000000,975000.00,4.00,2.50,2720.00,11049.00,2.00,0.00,0.00,3.00,10.00,2720.00,0.00,1989.00,0.00,98004.00,47.58,-122.19,2750.00,11049.00
3717000160.00,20141009T000000,287000.00,4.00,2.50,2240.00,4648.00,2.00,0.00,0.00,3.00,7.00,2240.00,0.00,2005.00,0.00,98001.00,47.34,-122.26,2221.00,4557.00
1274500060.00,20140825T000000,204000.00,3.00,1.00,1000.00,12070.00,1.00,0.00,0.00,4.00,7.00,1000.00,0.00,1968.00,0.00,98042.00,47.36,-122.11,1010.00,12635.00
1802000060.00,20140612T000000,1325000.00,5.00,2.25,3200.00,20158.00,1.00,0.00,0.00,3.00,8.00,1600.00,1600.00,1965.00,0.00,98004.00,47.63,-122.22,3390.00,20158.00
1525059190.00,20140912T000000,1040000.00,5.00,3.25,4770.00,50094.00,1.00,0.00,0.00,4.00,11.00,3070.00,1700.00,1973.00,0.00,98005.00,47.65,-122.16,3530.00,38917.00
1049000060.00,20150105T000000,325000.00,3.00,2.00,1260.00,5612.00,1.00,0.00,0.00,4.00,7.00,1260.00,0.00,1972.00,0.00,98034.00,47.74,-122.18,1640.00,4745.00
8820901275.00,20140610T000000,571000.00,4.00,2.00,2750.00,7807.00,1.50,0.00,0.00,5.00,7.00,2250.00,500.00,1916.00,0.00,98125.00,47.72,-122.29,1510.00,7807.00
5416510140.00,20140710T000000,360000.00,4.00,2.50,2380.00,5000.00,2.00,0.00,0.00,3.00,8.00,2380.00,0.00,2005.00,0.00,98038.00,47.36,-122.04,2420.00,5000.00
3444100400.00,20150316T000000,349000.00,3.00,1.75,1790.00,50529.00,1.00,0.00,0.00,5.00,7.00,1090.00,700.00,1965.00,0.00,98042.00,47.35,-122.07,1940.00,50529.00
3276920270.00,20141105T000000,832500.00,4.00,4.00,3430.00,35102.00,2.00,0.00,0.00,4.00,10.00,2390.00,1040.00,1986.00,0.00,98075.00,47.58,-121.99,3240.00,35020.00
4036801170.00,20141013T000000,380000.00,4.00,1.75,1760.00,7300.00,1.00,0.00,0.00,3.00,7.00,880.00,880.00,1956.00,0.00,98008.00,47.60,-122.13,1680.00,7500.00
2391600320.00,20150420T000000,480000.00,3.00,1.00,1040.00,5060.00,1.00,0.00,0.00,3.00,7.00,1040.00,0.00,1941.00,0.00,98116.00,47.56,-122.39,890.00,5060.00
6300000287.00,20140609T000000,410000.00,3.00,1.00,1410.00,5060.00,1.00,0.00,0.00,4.00,7.00,910.00,500.00,1956.00,0.00,98133.00,47.71,-122.34,1130.00,5693.00
1531000030.00,20150323T000000,720000.00,4.00,2.50,3450.00,39683.00,2.00,0.00,0.00,3.00,10.00,3450.00,0.00,2002.00,0.00,98010.00,47.34,-122.03,3350.00,39750.00
5104520400.00,20141202T000000,390000.00,3.00,2.50,2350.00,5100.00,2.00,0.00,0.00,3.00,8.00,2350.00,0.00,2003.00,0.00,98038.00,47.35,-122.01,2350.00,5363.00
7437100340.00,20141222T000000,360000.00,4.00,2.50,1900.00,5889.00,2.00,0.00,0.00,3.00,7.00,1900.00,0.00,1992.00,0.00,98038.00,47.35,-122.03,1870.00,6405.00
9418400240.00,20141028T000000,355000.00,2.00,1.00,2020.00,6720.00,1.00,0.00,0.00,3.00,7.00,1010.00,1010.00,1948.00,0.00,98118.00,47.55,-122.29,1720.00,6720.00
1523059105.00,20150128T000000,356000.00,3.00,1.50,1680.00,8712.00,1.00,0.00,0.00,3.00,8.00,1680.00,0.00,1964.00,0.00,98059.00,47.48,-122.15,1850.00,8797.00
1133000671.00,20140602T000000,315000.00,3.00,1.00,960.00,6634.00,1.00,0.00,0.00,3.00,6.00,960.00,0.00,1952.00,0.00,98125.00,47.73,-122.31,1570.00,7203.00
4232902595.00,20141114T000000,940000.00,3.00,1.50,2140.00,3600.00,2.00,0.00,0.00,3.00,9.00,1900.00,240.00,1925.00,0.00,98119.00,47.63,-122.37,2020.00,4800.00
2599001200.00,20141103T000000,305000.00,5.00,2.25,2660.00,8400.00,1.50,0.00,0.00,5.00,7.00,2660.00,0.00,1961.00,0.00,98092.00,47.29,-122.19,1590.00,8165.00
3342103156.00,20140618T000000,461000.00,3.00,3.25,2770.00,6278.00,2.00,0.00,0.00,3.00,9.00,1980.00,790.00,2006.00,0.00,98056.00,47.52,-122.20,1900.00,7349.00
1332700270.00,20140519T000000,215000.00,2.00,2.25,1610.00,2040.00,2.00,0.00,0.00,4.00,7.00,1610.00,0.00,1979.00,0.00,98056.00,47.52,-122.19,1950.00,2025.00
3869900162.00,20140904T000000,335000.00,2.00,1.75,1030.00,1066.00,2.00,0.00,0.00,3.00,7.00,765.00,265.00,2006.00,0.00,98136.00,47.54,-122.39,1030.00,1106.00
2791500270.00,20140522T000000,243500.00,4.00,2.50,1980.00,7403.00,2.00,0.00,0.00,3.00,7.00,1980.00,0.00,1988.00,0.00,98023.00,47.29,-122.37,1980.00,7510.00
5036300431.00,20150311T000000,1099880.00,5.00,2.75,3520.00,6353.00,2.00,0.00,0.00,4.00,10.00,3520.00,0.00,2001.00,0.00,98199.00,47.65,-122.39,2520.00,6250.00
4168000060.00,20150226T000000,153000.00,3.00,1.00,1200.00,10500.00,1.00,0.00,0.00,3.00,7.00,1200.00,0.00,1962.00,0.00,98023.00,47.32,-122.35,1350.00,10500.00
6021501535.00,20140725T000000,430000.00,3.00,1.50,1580.00,5000.00,1.00,0.00,0.00,3.00,8.00,1290.00,290.00,1939.00,0.00,98117.00,47.69,-122.39,1570.00,4500.00
6021501535.00,20141223T000000,700000.00,3.00,1.50,1580.00,5000.00,1.00,0.00,0.00,3.00,8.00,1290.00,290.00,1939.00,0.00,98117.00,47.69,-122.39,1570.00,4500.00
1483300570.00,20140908T000000,905000.00,4.00,2.50,3300.00,10250.00,1.00,0.00,0.00,3.00,7.00,2390.00,910.00,1946.00,1991.00,98040.00,47.59,-122.25,1950.00,6045.00
3422049190.00,20150330T000000,247500.00,3.00,1.75,1960.00,15681.00,1.00,0.00,0.00,3.00,7.00,1960.00,0.00,1967.00,0.00,98032.00,47.36,-122.28,1750.00,15616.00
1099611230.00,20140912T000000,199000.00,4.00,1.50,1160.00,6400.00,1.00,0.00,0.00,4.00,7.00,1160.00,0.00,1975.00,0.00,98023.00,47.30,-122.38,1160.00,6400.00
722079104.00,20140711T000000,314000.00,3.00,1.75,1810.00,41800.00,1.00,0.00,0.00,5.00,7.00,1210.00,600.00,1980.00,0.00,98038.00,47.41,-121.96,1650.00,135036.00
7338200240.00,20140516T000000,437500.00,3.00,2.50,2320.00,36847.00,2.00,0.00,2.00,3.00,9.00,2320.00,0.00,1992.00,0.00,98045.00,47.48,-121.71,2550.00,35065.00
1952200240.00,20140611T000000,850830.00,3.00,2.50,2070.00,13241.00,1.50,0.00,0.00,5.00,9.00,1270.00,800.00,1910.00,0.00,98102.00,47.64,-122.32,2200.00,4500.00
5200100125.00,20141027T000000,555000.00,3.00,2.00,1980.00,3478.00,1.50,0.00,0.00,4.00,7.00,1440.00,540.00,1929.00,0.00,98117.00,47.68,-122.37,1610.00,3478.00
7214720075.00,20141212T000000,699950.00,3.00,2.25,2190.00,107593.00,2.00,0.00,0.00,4.00,8.00,2190.00,0.00,1983.00,0.00,98077.00,47.77,-122.08,2570.00,47777.00
2450000295.00,20141007T000000,1088000.00,3.00,2.50,2920.00,8113.00,2.00,0.00,0.00,3.00,8.00,2920.00,0.00,1950.00,2010.00,98004.00,47.58,-122.20,2370.00,8113.00
6197800045.00,20140924T000000,290000.00,3.00,1.00,1210.00,33919.00,1.00,0.00,0.00,3.00,7.00,1210.00,0.00,1954.00,0.00,98058.00,47.44,-122.18,1640.00,14910.00
1328310370.00,20150402T000000,375000.00,3.00,2.50,2340.00,10005.00,1.00,0.00,0.00,4.00,8.00,1460.00,880.00,1978.00,0.00,98058.00,47.44,-122.13,2250.00,8162.00
546000875.00,20140523T000000,460000.00,3.00,1.00,1670.00,4005.00,1.50,0.00,0.00,4.00,7.00,1170.00,500.00,1939.00,0.00,98117.00,47.69,-122.38,1240.00,4005.00
3530510041.00,20140723T000000,188500.00,2.00,1.75,1240.00,2493.00,1.00,0.00,0.00,4.00,8.00,1240.00,0.00,1985.00,0.00,98198.00,47.38,-122.32,1270.00,4966.00
1853000400.00,20150305T000000,680000.00,4.00,2.50,3140.00,28037.00,2.00,0.00,0.00,4.00,10.00,3140.00,0.00,1991.00,0.00,98077.00,47.73,-122.08,2990.00,35001.00
3134100116.00,20140827T000000,470000.00,5.00,1.75,2030.00,12342.00,2.00,0.00,0.00,4.00,7.00,2030.00,0.00,1942.00,0.00,98052.00,47.64,-122.11,2500.00,9433.00
9545230140.00,20140725T000000,597750.00,4.00,2.50,2310.00,9624.00,2.00,0.00,0.00,3.00,8.00,2310.00,0.00,1984.00,0.00,98027.00,47.54,-122.05,1940.00,9636.00
3362400511.00,20150304T000000,570000.00,3.00,1.75,1260.00,3328.00,1.00,0.00,0.00,5.00,6.00,700.00,560.00,1905.00,0.00,98103.00,47.68,-122.35,1380.00,3536.00
2525310310.00,20140916T000000,272500.00,3.00,1.75,1540.00,12600.00,1.00,0.00,0.00,4.00,7.00,1160.00,380.00,1980.00,0.00,98038.00,47.36,-122.03,1540.00,11656.00
6126500060.00,20141124T000000,329950.00,3.00,1.75,2080.00,5969.00,1.00,0.00,2.00,3.00,7.00,1080.00,1000.00,1971.00,0.00,98108.00,47.55,-122.30,2090.00,5500.00
8961960160.00,20141028T000000,480000.00,4.00,2.50,3230.00,16171.00,2.00,0.00,3.00,3.00,9.00,2520.00,710.00,2001.00,0.00,98001.00,47.32,-122.25,2640.00,8517.00
3626039325.00,20141121T000000,740500.00,3.00,3.50,4380.00,6350.00,2.00,0.00,0.00,3.00,8.00,2780.00,1600.00,1900.00,1999.00,98117.00,47.70,-122.37,1830.00,6350.00
3362400431.00,20140626T000000,518500.00,3.00,3.50,1590.00,1102.00,3.00,0.00,0.00,3.00,8.00,1590.00,0.00,2010.00,0.00,98103.00,47.68,-122.35,1620.00,3166.00
4060000240.00,20140623T000000,205425.00,2.00,1.00,880.00,6780.00,1.00,0.00,0.00,4.00,6.00,880.00,0.00,1945.00,0.00,98178.00,47.50,-122.25,1190.00,6780.00
3454800060.00,20150108T000000,171800.00,4.00,2.00,1570.00,9600.00,1.00,0.00,0.00,3.00,6.00,1570.00,0.00,1950.00,0.00,98168.00,47.50,-122.30,1880.00,9000.00
1695900060.00,20150511T000000,535000.00,4.00,1.00,1610.00,2982.00,1.50,0.00,0.00,4.00,7.00,1610.00,0.00,1925.00,0.00,98144.00,47.59,-122.29,1610.00,4040.00
7278700070.00,20150102T000000,660000.00,3.00,2.50,2400.00,6474.00,1.00,0.00,2.00,3.00,8.00,1560.00,840.00,1964.00,0.00,98177.00,47.77,-122.39,2340.00,10856.00
6675500070.00,20141119T000000,391500.00,3.00,2.00,1450.00,9132.00,1.00,0.00,0.00,3.00,7.00,1450.00,0.00,1987.00,0.00,98034.00,47.73,-122.23,1580.00,9104.00
3626039187.00,20150406T000000,395000.00,2.00,1.00,770.00,6000.00,1.00,0.00,0.00,3.00,6.00,770.00,0.00,1953.00,0.00,98117.00,47.70,-122.36,1710.00,6000.00
3524049083.00,20141104T000000,445000.00,4.00,1.75,2100.00,4400.00,1.50,0.00,0.00,5.00,7.00,1720.00,380.00,1924.00,0.00,98118.00,47.53,-122.27,1850.00,4400.00
3275860240.00,20140618T000000,770000.00,3.00,2.25,2910.00,10204.00,2.00,0.00,0.00,3.00,9.00,2910.00,0.00,1990.00,0.00,98052.00,47.69,-122.10,2700.00,13992.00
4389200955.00,20150302T000000,1450000.00,4.00,2.75,2750.00,17789.00,1.50,0.00,0.00,3.00,8.00,1980.00,770.00,1914.00,1992.00,98004.00,47.61,-122.21,3060.00,11275.00
4058801670.00,20140717T000000,445000.00,3.00,2.25,2100.00,8201.00,1.00,0.00,2.00,3.00,8.00,1620.00,480.00,1967.00,0.00,98178.00,47.51,-122.24,2660.00,8712.00
8732020310.00,20140717T000000,260000.00,4.00,2.25,2160.00,8811.00,1.00,0.00,0.00,3.00,8.00,1360.00,800.00,1978.00,0.00,98023.00,47.31,-122.39,2090.00,8400.00
2331300505.00,20140613T000000,822500.00,5.00,3.50,2320.00,4960.00,2.00,0.00,0.00,5.00,7.00,1720.00,600.00,1926.00,0.00,98103.00,47.68,-122.35,1700.00,4960.00
7853210060.00,20150406T000000,430000.00,4.00,2.50,2070.00,4310.00,2.00,0.00,0.00,3.00,7.00,2070.00,0.00,2004.00,0.00,98065.00,47.53,-121.85,1970.00,3748.00
3668000070.00,20150105T000000,212000.00,3.00,1.75,1060.00,7875.00,1.00,0.00,0.00,4.00,7.00,1060.00,0.00,1986.00,0.00,98092.00,47.28,-122.15,1420.00,7680.00
9545240070.00,20150428T000000,660500.00,4.00,2.25,2010.00,9603.00,1.00,0.00,0.00,3.00,8.00,1440.00,570.00,1986.00,0.00,98027.00,47.53,-122.05,2060.00,9793.00
1243100136.00,20140612T000000,784000.00,3.00,3.50,3950.00,111078.00,1.50,0.00,0.00,3.00,9.00,2460.00,1490.00,1989.00,0.00,98052.00,47.70,-122.07,2480.00,88500.00
8929000270.00,20140512T000000,453246.00,3.00,2.50,2010.00,2287.00,2.00,0.00,0.00,3.00,8.00,1390.00,620.00,2014.00,0.00,98029.00,47.55,-122.00,1690.00,1662.00
2767602356.00,20150126T000000,675000.00,4.00,3.50,2140.00,2278.00,3.00,0.00,0.00,3.00,9.00,2140.00,0.00,2005.00,0.00,98107.00,47.67,-122.38,1540.00,2285.00
921049315.00,20140813T000000,199000.00,3.00,1.75,1320.00,17390.00,1.00,0.00,0.00,4.00,7.00,1320.00,0.00,1956.00,0.00,98003.00,47.33,-122.30,1550.00,19265.00
3655000070.00,20140805T000000,220000.00,4.00,1.75,2020.00,7840.00,1.00,0.00,0.00,3.00,7.00,1010.00,1010.00,1968.00,0.00,98003.00,47.33,-122.30,1750.00,8140.00
4027700812.00,20140529T000000,452000.00,4.00,2.25,2590.00,10002.00,1.00,0.00,0.00,4.00,8.00,1340.00,1250.00,1968.00,0.00,98028.00,47.77,-122.27,1550.00,10436.00
3992700335.00,20140707T000000,382500.00,2.00,1.00,1190.00,4440.00,1.00,0.00,0.00,3.00,6.00,1190.00,0.00,1981.00,0.00,98125.00,47.71,-122.29,1060.00,5715.00
2767603505.00,20140507T000000,519950.00,3.00,2.25,1170.00,1249.00,3.00,0.00,0.00,3.00,8.00,1170.00,0.00,2014.00,0.00,98107.00,47.67,-122.38,1350.00,1310.00
4232901525.00,20140627T000000,665000.00,2.00,1.00,1110.00,3200.00,1.00,0.00,0.00,3.00,7.00,1110.00,0.00,1925.00,0.00,98119.00,47.63,-122.36,1170.00,3600.00
1777500060.00,20140708T000000,527700.00,5.00,2.50,2820.00,9375.00,1.00,0.00,0.00,4.00,8.00,1550.00,1270.00,1968.00,0.00,98006.00,47.57,-122.13,2820.00,9375.00
1432900240.00,20150508T000000,205000.00,3.00,1.00,1610.00,8579.00,1.00,0.00,0.00,4.00,7.00,1010.00,600.00,1962.00,0.00,98058.00,47.46,-122.17,1610.00,8579.00
6140100875.00,20150415T000000,420000.00,3.00,1.00,1060.00,8097.00,1.00,0.00,0.00,4.00,7.00,940.00,120.00,1923.00,0.00,98133.00,47.71,-122.35,1560.00,7940.00
6071600370.00,20150227T000000,500000.00,4.00,2.25,2030.00,8517.00,1.00,0.00,0.00,4.00,8.00,1380.00,650.00,1961.00,0.00,98006.00,47.55,-122.17,2230.00,8824.00
1526069017.00,20141203T000000,921500.00,4.00,2.50,3670.00,315374.00,2.00,0.00,0.00,4.00,9.00,3670.00,0.00,1994.00,0.00,98077.00,47.74,-122.03,2840.00,87991.00
809001525.00,20140625T000000,890000.00,4.00,1.00,2550.00,4000.00,2.00,0.00,0.00,3.00,8.00,2370.00,180.00,1905.00,0.00,98109.00,47.64,-122.35,2200.00,4000.00
3224079105.00,20140806T000000,430000.00,2.00,2.50,2420.00,60984.00,2.00,0.00,0.00,3.00,7.00,2420.00,0.00,2007.00,0.00,98027.00,47.53,-121.94,1940.00,193842.00
8075400570.00,20141030T000000,258000.00,5.00,2.00,2260.00,12500.00,1.00,0.00,0.00,4.00,8.00,1130.00,1130.00,1960.00,0.00,98032.00,47.39,-122.29,1360.00,18000.00
1994200024.00,20141104T000000,511000.00,3.00,1.00,1430.00,3455.00,1.00,0.00,0.00,3.00,7.00,980.00,450.00,1947.00,0.00,98103.00,47.69,-122.34,1450.00,4599.00
3362900810.00,20140820T000000,532170.00,3.00,2.00,1360.00,3090.00,2.00,0.00,0.00,3.00,8.00,1360.00,0.00,1990.00,0.00,98103.00,47.68,-122.35,1500.00,3090.00
1324300398.00,20150409T000000,560000.00,3.00,1.00,1110.00,5000.00,1.50,0.00,0.00,3.00,7.00,1110.00,0.00,1947.00,0.00,98107.00,47.66,-122.36,1420.00,5000.00
537000445.00,20150331T000000,282950.00,3.00,1.00,1250.00,8200.00,1.00,0.00,0.00,4.00,7.00,1250.00,0.00,1954.00,0.00,98003.00,47.33,-122.30,1680.00,8633.00
7855801670.00,20150401T000000,2250000.00,4.00,3.25,5180.00,19850.00,2.00,0.00,3.00,3.00,12.00,3540.00,1640.00,2006.00,0.00,98006.00,47.56,-122.16,3160.00,9750.00
7920100045.00,20140516T000000,350000.00,1.00,1.00,700.00,5100.00,1.00,0.00,0.00,3.00,7.00,700.00,0.00,1942.00,0.00,98115.00,47.68,-122.30,1010.00,5100.00
8960000030.00,20140728T000000,215000.00,3.00,1.00,1180.00,7669.00,1.00,0.00,0.00,4.00,7.00,1180.00,0.00,1967.00,0.00,98058.00,47.45,-122.18,1190.00,7669.00
6388930390.00,20141120T000000,650000.00,5.00,3.50,3960.00,25245.00,2.00,0.00,0.00,3.00,9.00,2500.00,1460.00,1996.00,0.00,98056.00,47.53,-122.17,2640.00,13675.00
8731900200.00,20140807T000000,320000.00,4.00,2.75,2640.00,7500.00,1.00,0.00,0.00,3.00,8.00,1620.00,1020.00,1967.00,0.00,98023.00,47.31,-122.37,1980.00,7875.00
8029200135.00,20141113T000000,247000.00,3.00,2.00,1270.00,7198.00,1.50,0.00,0.00,3.00,7.00,1270.00,0.00,1916.00,2013.00,98022.00,47.21,-122.00,1160.00,7198.00
1081200350.00,20141003T000000,320000.00,4.00,1.75,1760.00,11180.00,1.00,0.00,0.00,4.00,8.00,1760.00,0.00,1968.00,0.00,98059.00,47.47,-122.12,1730.00,11180.00
84000105.00,20140507T000000,255000.00,5.00,2.25,2060.00,8632.00,1.00,0.00,0.00,3.00,7.00,1030.00,1030.00,1962.00,0.00,98146.00,47.49,-122.34,1010.00,11680.00
3756500060.00,20150309T000000,438000.00,3.00,1.75,1780.00,9660.00,1.00,0.00,0.00,3.00,7.00,1780.00,0.00,1962.00,0.00,98034.00,47.72,-122.19,1200.00,9660.00
7215720160.00,20150304T000000,900000.00,3.00,2.50,3400.00,16603.00,2.00,0.00,0.00,3.00,10.00,3400.00,0.00,2000.00,0.00,98075.00,47.60,-122.02,3400.00,12601.00
3574800520.00,20140620T000000,441000.00,3.00,2.75,1910.00,7280.00,1.00,0.00,0.00,3.00,7.00,1160.00,750.00,1979.00,0.00,98034.00,47.73,-122.22,1710.00,8152.00
2617300160.00,20140812T000000,420000.00,3.00,2.00,2020.00,38332.00,1.00,0.00,0.00,4.00,7.00,1010.00,1010.00,1975.00,0.00,98027.00,47.46,-122.02,2110.00,36590.00
2558660270.00,20141208T000000,370000.00,3.00,1.75,1580.00,7000.00,1.00,0.00,0.00,3.00,7.00,1180.00,400.00,1976.00,0.00,98034.00,47.72,-122.17,1640.00,7500.00
2009000370.00,20150219T000000,269950.00,2.00,1.75,1340.00,7250.00,1.00,0.00,0.00,5.00,5.00,700.00,640.00,1949.00,0.00,98198.00,47.41,-122.33,1830.00,9750.00
1836980160.00,20150324T000000,807100.00,4.00,2.50,2680.00,4499.00,2.00,0.00,0.00,3.00,9.00,2680.00,0.00,1999.00,0.00,98006.00,47.57,-122.13,2920.00,4500.00
3261020370.00,20140605T000000,653000.00,3.00,2.50,2680.00,9750.00,1.00,0.00,0.00,4.00,8.00,1610.00,1070.00,1979.00,0.00,98034.00,47.70,-122.23,2480.00,8750.00
1755700060.00,20140611T000000,371500.00,3.00,2.00,1370.00,8336.00,1.00,0.00,0.00,5.00,7.00,1370.00,0.00,1964.00,0.00,98133.00,47.75,-122.33,1770.00,7288.00
4330600435.00,20150316T000000,284000.00,3.00,1.75,1560.00,21000.00,1.00,0.00,0.00,3.00,7.00,1560.00,0.00,1954.00,0.00,98166.00,47.48,-122.34,1070.00,7920.00
9542800700.00,20150102T000000,272000.00,3.00,1.75,2160.00,7140.00,1.00,0.00,0.00,4.00,7.00,1670.00,490.00,1978.00,0.00,98023.00,47.30,-122.37,1930.00,7350.00
1999700045.00,20140502T000000,313000.00,3.00,1.50,1340.00,7912.00,1.50,0.00,0.00,3.00,7.00,1340.00,0.00,1955.00,0.00,98133.00,47.77,-122.34,1480.00,7940.00
1762600070.00,20150116T000000,917500.00,4.00,2.50,3880.00,35003.00,2.00,0.00,0.00,3.00,10.00,2570.00,1310.00,1984.00,0.00,98033.00,47.65,-122.18,3740.00,35230.00
1687900520.00,20140929T000000,673000.00,4.00,2.25,2590.00,8190.00,2.00,0.00,0.00,4.00,8.00,2590.00,0.00,1980.00,0.00,98006.00,47.56,-122.13,2260.00,8335.00
7234600798.00,20150210T000000,425000.00,3.00,2.50,1120.00,1100.00,2.00,0.00,0.00,3.00,8.00,820.00,300.00,2008.00,0.00,98122.00,47.61,-122.31,1590.00,1795.00
3881900445.00,20140709T000000,399950.00,5.00,2.75,1970.00,5400.00,1.00,0.00,0.00,3.00,7.00,1320.00,650.00,1986.00,0.00,98144.00,47.59,-122.31,1280.00,2150.00
2254502445.00,20140530T000000,385000.00,3.00,1.00,1220.00,4800.00,1.00,0.00,0.00,3.00,6.00,1220.00,0.00,1901.00,0.00,98122.00,47.61,-122.31,1200.00,4800.00
5437810320.00,20141117T000000,269950.00,3.00,1.50,1950.00,7560.00,1.00,0.00,2.00,4.00,7.00,1320.00,630.00,1975.00,0.00,98022.00,47.20,-122.00,1950.00,8941.00
9158100075.00,20150107T000000,330000.00,2.00,1.00,1350.00,8220.00,1.00,0.00,0.00,3.00,7.00,1060.00,290.00,1949.00,0.00,98177.00,47.72,-122.36,1540.00,8280.00
3830630310.00,20140725T000000,260000.00,3.00,2.50,1670.00,5797.00,2.00,0.00,0.00,3.00,7.00,1670.00,0.00,1988.00,0.00,98030.00,47.35,-122.18,1670.00,6183.00
8123100045.00,20150414T000000,470000.00,4.00,3.00,2380.00,5125.00,1.50,0.00,0.00,4.00,7.00,1680.00,700.00,1925.00,0.00,98126.00,47.54,-122.38,1410.00,5375.00
3127200041.00,20140613T000000,589000.00,4.00,3.00,2440.00,9600.00,2.00,0.00,0.00,5.00,7.00,2440.00,0.00,1961.00,0.00,98034.00,47.70,-122.20,2290.00,9600.00
6661200320.00,20140723T000000,163500.00,2.00,1.50,1050.00,3419.00,2.00,0.00,0.00,3.00,7.00,1050.00,0.00,1996.00,0.00,98038.00,47.38,-122.04,1050.00,3417.00
11510310.00,20140905T000000,835000.00,4.00,2.75,3130.00,13412.00,2.00,0.00,0.00,3.00,9.00,2140.00,990.00,1993.00,0.00,98052.00,47.70,-122.10,2260.00,9984.00
825059270.00,20141121T000000,1095000.00,5.00,3.00,4090.00,12850.00,1.00,0.00,2.00,4.00,10.00,2090.00,2000.00,1986.00,0.00,98033.00,47.66,-122.19,2540.00,10270.00
8731951370.00,20150415T000000,269000.00,4.00,1.75,1490.00,10000.00,1.00,0.00,0.00,4.00,8.00,1100.00,390.00,1969.00,0.00,98023.00,47.31,-122.38,2190.00,8910.00
1954440060.00,20140505T000000,560000.00,3.00,2.50,1900.00,8744.00,2.00,0.00,0.00,3.00,8.00,1900.00,0.00,1987.00,0.00,98074.00,47.62,-122.04,2030.00,8744.00
2264500350.00,20150418T000000,615000.00,4.00,1.00,1330.00,2400.00,1.50,0.00,0.00,4.00,6.00,1330.00,0.00,1901.00,0.00,98103.00,47.65,-122.34,1330.00,4400.00
1115810060.00,20141205T000000,585188.00,3.00,2.25,2230.00,10026.00,1.00,0.00,0.00,3.00,8.00,1430.00,800.00,1975.00,0.00,98052.00,47.66,-122.15,2230.00,9340.00
9477200200.00,20140818T000000,305000.00,3.00,1.75,1650.00,9480.00,1.00,0.00,0.00,3.00,7.00,1220.00,430.00,1977.00,0.00,98034.00,47.73,-122.19,1540.00,8400.00
1432600560.00,20141105T000000,166950.00,3.00,1.00,1190.00,8820.00,1.00,0.00,0.00,3.00,6.00,1190.00,0.00,1959.00,0.00,98058.00,47.46,-122.18,1230.00,7980.00
2287000060.00,20140912T000000,799000.00,3.00,2.50,2140.00,9897.00,1.00,0.00,0.00,4.00,8.00,2140.00,0.00,1959.00,0.00,98040.00,47.55,-122.22,2680.00,10083.00
3663500060.00,20140625T000000,400000.00,3.00,2.50,2180.00,7508.00,1.00,0.00,0.00,4.00,7.00,1420.00,760.00,1962.00,0.00,98133.00,47.76,-122.34,1900.00,7818.00
3996900125.00,20141201T000000,230000.00,3.00,1.00,1060.00,10228.00,1.00,0.00,0.00,3.00,7.00,1060.00,0.00,1948.00,0.00,98155.00,47.75,-122.30,1570.00,10228.00
7796450200.00,20140515T000000,256883.00,3.00,2.50,1690.00,5025.00,2.00,0.00,0.00,3.00,8.00,1690.00,0.00,2003.00,0.00,98023.00,47.28,-122.35,2550.00,5001.00
7549802535.00,20141111T000000,423000.00,4.00,2.00,1970.00,6480.00,1.50,0.00,0.00,5.00,7.00,1130.00,840.00,1920.00,0.00,98108.00,47.55,-122.31,1500.00,6480.00
3278600320.00,20140723T000000,465000.00,3.00,2.50,2150.00,4084.00,2.00,0.00,0.00,3.00,8.00,2150.00,0.00,2007.00,0.00,98126.00,47.55,-122.37,1750.00,2385.00
2824079053.00,20150113T000000,440000.00,3.00,2.50,1910.00,66211.00,2.00,0.00,0.00,3.00,7.00,1910.00,0.00,1997.00,0.00,98024.00,47.54,-121.91,2330.00,67268.00
1222069094.00,20141014T000000,385000.00,3.00,1.75,1350.00,155073.00,1.00,0.00,0.00,4.00,7.00,1350.00,0.00,1969.00,0.00,98038.00,47.41,-121.99,1560.00,50965.00
3542300060.00,20150311T000000,210000.00,3.00,1.00,860.00,11725.00,1.00,0.00,0.00,4.00,6.00,860.00,0.00,1943.00,0.00,98056.00,47.51,-122.18,1300.00,9514.00
2222059065.00,20141112T000000,297000.00,3.00,2.50,1940.00,14952.00,2.00,0.00,0.00,3.00,8.00,1940.00,0.00,1994.00,0.00,98042.00,47.38,-122.17,2030.00,10450.00
7551300060.00,20140716T000000,470000.00,3.00,1.00,1010.00,5000.00,1.00,0.00,0.00,3.00,7.00,1010.00,0.00,1952.00,0.00,98107.00,47.68,-122.39,1680.00,5000.00
100600550.00,20140804T000000,226500.00,3.00,1.50,1300.00,7370.00,1.00,0.00,0.00,4.00,7.00,900.00,400.00,1976.00,0.00,98023.00,47.30,-122.37,1430.00,7500.00
3211100860.00,20150303T000000,274250.00,3.00,1.00,910.00,8450.00,1.00,0.00,0.00,4.00,6.00,910.00,0.00,1962.00,0.00,98059.00,47.48,-122.16,1400.00,8040.00
3456000310.00,20140804T000000,840000.00,4.00,1.75,2480.00,11010.00,1.00,0.00,0.00,4.00,9.00,1630.00,850.00,1966.00,0.00,98040.00,47.54,-122.22,2770.00,10744.00
9526600140.00,20140919T000000,677900.00,3.00,2.50,2440.00,4587.00,2.00,0.00,0.00,3.00,8.00,2440.00,0.00,2010.00,0.00,98052.00,47.71,-122.11,2750.00,4587.00
7465900060.00,20150205T000000,425000.00,3.00,1.00,1010.00,5864.00,1.00,0.00,0.00,3.00,7.00,1010.00,0.00,1915.00,0.00,98116.00,47.57,-122.38,1290.00,5000.00
1222000055.00,20141123T000000,180250.00,2.00,0.75,900.00,9600.00,1.00,0.00,0.00,3.00,6.00,900.00,0.00,1941.00,0.00,98166.00,47.46,-122.34,1250.00,14280.00
6300000550.00,20140717T000000,464000.00,6.00,3.00,2300.00,3404.00,2.00,0.00,0.00,3.00,7.00,1600.00,700.00,1920.00,1994.00,98133.00,47.71,-122.34,1560.00,1312.00
2310030510.00,20150422T000000,320000.00,4.00,2.25,1550.00,7579.00,2.00,0.00,0.00,3.00,8.00,1550.00,0.00,1993.00,0.00,98038.00,47.35,-122.05,1630.00,6397.00
1025049114.00,20140717T000000,625504.00,3.00,2.25,1270.00,1566.00,2.00,0.00,0.00,3.00,8.00,1060.00,210.00,2014.00,0.00,98105.00,47.66,-122.28,1160.00,1327.00
8677300550.00,20140515T000000,592500.00,4.00,2.50,2240.00,12032.00,1.00,0.00,0.00,3.00,9.00,2240.00,0.00,1983.00,0.00,98074.00,47.61,-122.02,2520.00,12368.00
4014400292.00,20150114T000000,465000.00,3.00,2.50,2714.00,17936.00,2.00,0.00,0.00,3.00,9.00,2714.00,0.00,2005.00,0.00,98001.00,47.32,-122.28,2590.00,18386.00
1102000196.00,20140527T000000,477000.00,4.00,2.75,1720.00,6270.00,2.00,0.00,0.00,3.00,8.00,1720.00,0.00,1978.00,0.00,98118.00,47.55,-122.27,2130.00,8700.00
257000138.00,20150115T000000,280000.00,2.00,1.00,850.00,16400.00,1.00,0.00,0.00,3.00,6.00,850.00,0.00,1923.00,0.00,98168.00,47.49,-122.30,1100.00,14459.00
46100204.00,20150221T000000,1505000.00,5.00,3.00,3300.00,33474.00,1.00,0.00,3.00,3.00,9.00,1870.00,1430.00,1957.00,1991.00,98040.00,47.57,-122.21,3836.00,20953.00
1909600046.00,20140703T000000,445838.00,3.00,2.50,2250.00,5692.00,2.00,0.00,0.00,3.00,8.00,2250.00,0.00,2000.00,0.00,98146.00,47.51,-122.38,1320.00,5390.00
1250202145.00,20140828T000000,1072000.00,2.00,2.25,3900.00,14864.00,1.00,0.00,3.00,3.00,8.00,1950.00,1950.00,1947.00,0.00,98144.00,47.59,-122.29,2580.00,5184.00
7611200125.00,20141023T000000,467000.00,2.00,1.50,1320.00,10800.00,1.00,0.00,0.00,4.00,8.00,1320.00,0.00,1947.00,0.00,98177.00,47.71,-122.37,2120.00,12040.00
5611500140.00,20140822T000000,686000.00,4.00,2.50,2760.00,6440.00,2.00,0.00,0.00,3.00,10.00,2760.00,0.00,1999.00,0.00,98075.00,47.58,-122.03,3070.00,8127.00
7138000260.00,20140605T000000,279950.00,3.00,2.00,1750.00,9750.00,1.00,0.00,0.00,3.00,7.00,1350.00,400.00,1961.00,0.00,98198.00,47.40,-122.30,1900.00,10125.00
626059335.00,20140904T000000,527000.00,4.00,2.25,2330.00,19436.00,2.00,0.00,0.00,3.00,8.00,2330.00,0.00,1987.00,0.00,98011.00,47.77,-122.22,1910.00,10055.00
1922059282.00,20140918T000000,325000.00,3.00,2.25,2220.00,16020.00,1.00,0.00,0.00,4.00,8.00,1780.00,440.00,1966.00,0.00,98030.00,47.38,-122.22,2080.00,9583.00
705700390.00,20140903T000000,328000.00,3.00,2.25,2020.00,8379.00,2.00,0.00,0.00,3.00,7.00,2020.00,0.00,1994.00,0.00,98038.00,47.38,-122.02,2020.00,8031.00
7454001200.00,20140604T000000,390000.00,3.00,2.25,1250.00,7500.00,1.00,0.00,0.00,5.00,7.00,1250.00,0.00,1942.00,0.00,98146.00,47.51,-122.37,1280.00,7392.00
8682281200.00,20150309T000000,479950.00,2.00,2.00,1510.00,6516.00,1.00,0.00,0.00,3.00,8.00,1510.00,0.00,2005.00,0.00,98053.00,47.71,-122.01,1640.00,6009.00
7972000200.00,20140529T000000,264950.00,4.00,2.25,1720.00,9753.00,1.00,0.00,0.00,4.00,7.00,1120.00,600.00,1978.00,0.00,98023.00,47.29,-122.37,1510.00,9753.00
722059070.00,20150115T000000,235000.00,3.00,1.00,1430.00,15246.00,1.00,0.00,0.00,4.00,7.00,980.00,450.00,1961.00,0.00,98031.00,47.41,-122.21,1960.00,13068.00
7202340400.00,20150303T000000,516500.00,3.00,2.50,1480.00,4729.00,2.00,0.00,0.00,3.00,7.00,1480.00,0.00,2004.00,0.00,98053.00,47.68,-122.03,2250.00,4729.00
8096000060.00,20150413T000000,655000.00,2.00,1.75,1450.00,15798.00,2.00,1.00,4.00,3.00,7.00,1230.00,220.00,1915.00,1978.00,98166.00,47.45,-122.38,2030.00,13193.00
2424000060.00,20140616T000000,500000.00,4.00,2.75,2280.00,15347.00,1.00,0.00,0.00,5.00,7.00,2280.00,0.00,1960.00,0.00,98059.00,47.52,-122.16,2280.00,15347.00
9264902050.00,20141121T000000,315000.00,6.00,2.75,2940.00,7350.00,1.00,0.00,0.00,3.00,8.00,1780.00,1160.00,1978.00,0.00,98023.00,47.31,-122.34,2120.00,8236.00
943100260.00,20141120T000000,213000.00,2.00,1.00,1000.00,10200.00,1.00,0.00,0.00,3.00,6.00,1000.00,0.00,1961.00,0.00,98024.00,47.57,-121.90,1150.00,13702.00
3677400445.00,20140902T000000,475000.00,3.00,1.50,2480.00,5280.00,1.50,0.00,0.00,5.00,7.00,1620.00,860.00,1947.00,0.00,98108.00,47.56,-122.30,2090.00,4800.00
1762600320.00,20140610T000000,1025000.00,5.00,4.00,3760.00,28040.00,2.00,0.00,0.00,3.00,10.00,3760.00,0.00,1983.00,0.00,98033.00,47.65,-122.18,3430.00,35096.00
4058000060.00,20150409T000000,416000.00,3.00,2.00,2220.00,94300.00,1.00,0.00,0.00,5.00,7.00,1640.00,580.00,1976.00,0.00,98010.00,47.35,-121.95,2070.00,80100.00
7228500560.00,20150320T000000,410000.00,4.00,1.00,1970.00,4740.00,1.50,0.00,0.00,3.00,7.00,1670.00,300.00,1904.00,2005.00,98122.00,47.61,-122.30,1510.00,4740.00
326069104.00,20140701T000000,800000.00,3.00,3.50,3830.00,221284.00,2.00,0.00,0.00,3.00,10.00,3530.00,300.00,1993.00,0.00,98077.00,47.76,-122.02,2920.00,148539.00
5152100060.00,20140529T000000,472000.00,6.00,2.50,4410.00,14034.00,1.00,0.00,2.00,4.00,9.00,2350.00,2060.00,1965.00,0.00,98003.00,47.34,-122.32,2600.00,13988.00
3584000310.00,20141208T000000,225000.00,3.00,1.75,1430.00,8505.00,1.00,0.00,0.00,4.00,7.00,1430.00,0.00,1968.00,0.00,98003.00,47.32,-122.32,1190.00,8640.00
8150100045.00,20141001T000000,210000.00,2.00,1.00,830.00,6000.00,1.00,0.00,0.00,3.00,6.00,830.00,0.00,1940.00,0.00,98126.00,47.53,-122.38,830.00,4960.00
1868901275.00,20150127T000000,455000.00,2.00,1.00,1430.00,5000.00,1.50,0.00,0.00,2.00,7.00,1430.00,0.00,1925.00,0.00,98115.00,47.67,-122.30,1450.00,3750.00
6131600075.00,20150427T000000,225000.00,3.00,1.00,1300.00,8316.00,1.00,0.00,0.00,4.00,6.00,1300.00,0.00,1954.00,0.00,98002.00,47.32,-122.22,1260.00,8316.00
9468200125.00,20140826T000000,480000.00,2.00,1.00,1030.00,3060.00,1.00,0.00,2.00,4.00,7.00,790.00,240.00,1918.00,0.00,98103.00,47.68,-122.35,1390.00,3060.00
8029510030.00,20150212T000000,363000.00,3.00,2.50,2740.00,11872.00,2.00,0.00,0.00,3.00,9.00,2740.00,0.00,1990.00,0.00,98023.00,47.31,-122.40,2570.00,10377.00
2025069065.00,20140929T000000,2400000.00,4.00,2.50,3650.00,8354.00,1.00,1.00,4.00,3.00,9.00,1830.00,1820.00,2000.00,0.00,98074.00,47.63,-122.07,3120.00,18841.00
7899800890.00,20150226T000000,181000.00,2.00,1.50,720.00,5120.00,1.00,0.00,0.00,3.00,6.00,720.00,0.00,1954.00,0.00,98106.00,47.52,-122.36,1150.00,2566.00
3021059276.00,20150314T000000,250000.00,4.00,2.00,2010.00,7312.00,1.00,0.00,0.00,4.00,7.00,2010.00,0.00,1976.00,0.00,98002.00,47.28,-122.21,2010.00,7650.00
3797001895.00,20150422T000000,481000.00,3.00,1.75,1560.00,3000.00,1.00,0.00,0.00,4.00,6.00,770.00,790.00,1918.00,0.00,98103.00,47.68,-122.35,1390.00,3000.00
3832710960.00,20140923T000000,260000.00,3.00,2.00,1810.00,7209.00,1.00,0.00,0.00,4.00,7.00,1240.00,570.00,1978.00,0.00,98032.00,47.37,-122.28,1750.00,7209.00
1310430400.00,20140513T000000,455000.00,4.00,2.50,3360.00,7685.00,2.00,0.00,0.00,3.00,9.00,3360.00,0.00,2001.00,0.00,98058.00,47.44,-122.11,3060.00,6567.00
1422300030.00,20150401T000000,415000.00,3.00,2.25,1510.00,36224.00,2.00,0.00,0.00,3.00,8.00,1510.00,0.00,1991.00,0.00,98045.00,47.46,-121.71,1730.00,36224.00
1105000588.00,20150421T000000,349500.00,3.00,1.00,1400.00,3538.00,1.00,0.00,0.00,3.00,7.00,800.00,600.00,1953.00,0.00,98118.00,47.54,-122.27,1620.00,6331.00
3830630060.00,20140929T000000,245000.00,3.00,2.50,1730.00,7442.00,2.00,0.00,0.00,3.00,7.00,1730.00,0.00,1987.00,0.00,98030.00,47.35,-122.18,1630.00,6458.00
5101404898.00,20140519T000000,592500.00,2.00,2.00,1420.00,9191.00,1.50,0.00,2.00,5.00,7.00,1420.00,0.00,1928.00,0.00,98115.00,47.70,-122.32,1420.00,6816.00
7972601890.00,20141020T000000,385000.00,4.00,1.75,2360.00,7620.00,1.00,0.00,0.00,4.00,7.00,1180.00,1180.00,1955.00,0.00,98106.00,47.53,-122.35,1910.00,7620.00
5127001620.00,20150211T000000,315000.00,3.00,1.75,1580.00,11455.00,1.00,0.00,0.00,4.00,7.00,1200.00,380.00,1974.00,0.00,98059.00,47.48,-122.15,1550.00,10650.00
9407100800.00,20141124T000000,255000.00,3.00,1.00,1230.00,10170.00,1.00,0.00,0.00,3.00,7.00,1230.00,0.00,1979.00,0.00,98045.00,47.44,-121.77,1380.00,10098.00
1873100060.00,20140829T000000,693000.00,4.00,2.50,2460.00,4425.00,2.00,0.00,0.00,3.00,8.00,2460.00,0.00,2006.00,0.00,98052.00,47.70,-122.11,2990.00,5659.00
8722101360.00,20141202T000000,780000.00,3.00,1.00,1660.00,4400.00,1.50,0.00,0.00,3.00,8.00,1460.00,200.00,1911.00,0.00,98112.00,47.64,-122.30,1660.00,4400.00
8644000060.00,20141024T000000,237000.00,3.00,1.75,1270.00,8470.00,1.00,0.00,0.00,4.00,7.00,1270.00,0.00,1960.00,0.00,98198.00,47.42,-122.29,1600.00,8470.00
3325069129.00,20141216T000000,525000.00,3.00,2.25,2100.00,40510.00,2.00,0.00,0.00,3.00,10.00,1320.00,780.00,1979.00,0.00,98074.00,47.62,-122.05,2380.00,33450.00
1400300055.00,20150428T000000,425000.00,2.00,1.00,770.00,5040.00,1.00,0.00,0.00,3.00,5.00,770.00,0.00,1930.00,0.00,98144.00,47.60,-122.30,1330.00,2580.00
2123039032.00,20141027T000000,369900.00,1.00,0.75,760.00,10079.00,1.00,1.00,4.00,5.00,5.00,760.00,0.00,1936.00,0.00,98070.00,47.47,-122.44,1230.00,14267.00
8078560140.00,20140519T000000,290000.00,4.00,2.50,1700.00,7280.00,2.00,0.00,0.00,4.00,7.00,1700.00,0.00,1988.00,0.00,98031.00,47.40,-122.17,1950.00,7475.00
3438500192.00,20140929T000000,285000.00,3.00,1.00,1120.00,10701.00,1.00,0.00,0.00,3.00,7.00,1120.00,0.00,1954.00,0.00,98106.00,47.55,-122.36,1130.00,6350.00
7974200510.00,20140814T000000,415000.00,2.00,1.00,1070.00,4500.00,1.00,0.00,0.00,3.00,7.00,1070.00,0.00,1937.00,0.00,98115.00,47.68,-122.29,1320.00,4465.00
2557000400.00,20150409T000000,272500.00,3.00,2.50,2070.00,9900.00,1.00,0.00,0.00,3.00,8.00,1420.00,650.00,1979.00,0.00,98023.00,47.30,-122.37,2070.00,8250.00
7960900060.00,20150504T000000,2900000.00,4.00,3.25,5050.00,20100.00,1.50,0.00,2.00,3.00,11.00,4750.00,300.00,1982.00,2008.00,98004.00,47.63,-122.22,3890.00,20060.00
4054500390.00,20141007T000000,1365000.00,4.00,4.75,5310.00,57346.00,2.00,0.00,0.00,4.00,11.00,5310.00,0.00,1989.00,0.00,98077.00,47.73,-122.04,4180.00,47443.00
6378500125.00,20150501T000000,436000.00,2.00,1.00,1040.00,7538.00,1.00,0.00,0.00,4.00,7.00,1040.00,0.00,1939.00,0.00,98133.00,47.71,-122.35,1440.00,7530.00
1745100140.00,20141017T000000,210000.00,3.00,1.00,1700.00,11390.00,1.00,0.00,0.00,4.00,7.00,1700.00,0.00,1967.00,0.00,98003.00,47.33,-122.32,1350.00,8164.00
2976800796.00,20140925T000000,236000.00,3.00,1.00,1300.00,5898.00,1.00,0.00,0.00,3.00,7.00,1300.00,0.00,1961.00,0.00,98178.00,47.51,-122.26,1320.00,7619.00
4235400186.00,20141124T000000,331000.00,3.00,1.75,1080.00,1306.00,1.00,0.00,0.00,3.00,7.00,580.00,500.00,1954.00,2003.00,98199.00,47.66,-122.40,1440.00,2225.00
4215100060.00,20150320T000000,365000.00,3.00,2.50,2653.00,4510.00,2.00,0.00,0.00,3.00,8.00,2653.00,0.00,2006.00,0.00,98031.00,47.41,-122.17,2653.00,4927.00
9189700045.00,20150127T000000,450000.00,3.00,2.00,2290.00,16258.00,1.00,0.00,0.00,5.00,8.00,2290.00,0.00,1960.00,0.00,98058.00,47.47,-122.17,1660.00,10530.00
1126049053.00,20141113T000000,770000.00,4.00,2.75,3820.00,26300.00,2.00,0.00,0.00,3.00,9.00,2850.00,970.00,2014.00,0.00,98028.00,47.76,-122.26,1860.00,12136.00
2022069200.00,20150505T000000,455000.00,4.00,2.50,2210.00,49375.00,1.00,0.00,0.00,3.00,8.00,2210.00,0.00,1997.00,0.00,98038.00,47.38,-122.07,2670.00,49385.00
9412900055.00,20150505T000000,405000.00,3.00,1.75,2390.00,6000.00,1.00,0.00,0.00,3.00,6.00,1240.00,1150.00,1908.00,0.00,98118.00,47.54,-122.27,2020.00,6000.00
1722059235.00,20140703T000000,304900.00,4.00,1.75,2600.00,11325.00,1.00,0.00,0.00,4.00,7.00,1610.00,990.00,1969.00,0.00,98031.00,47.40,-122.21,1720.00,11088.00
6874200960.00,20150227T000000,170000.00,2.00,1.00,860.00,5265.00,1.00,0.00,0.00,3.00,6.00,860.00,0.00,1931.00,0.00,98178.00,47.50,-122.27,1650.00,8775.00
7424700045.00,20150513T000000,2050000.00,5.00,3.00,3830.00,8480.00,2.00,0.00,1.00,5.00,9.00,2630.00,1200.00,1905.00,1994.00,98122.00,47.62,-122.29,3050.00,7556.00
7202360350.00,20140630T000000,780000.00,4.00,2.50,3500.00,7048.00,2.00,0.00,0.00,3.00,9.00,3500.00,0.00,2005.00,0.00,98053.00,47.68,-122.03,3920.00,7864.00
5634500392.00,20150410T000000,330000.00,3.00,3.00,2420.00,13959.00,1.00,0.00,0.00,4.00,8.00,1740.00,680.00,1988.00,0.00,98028.00,47.75,-122.23,2570.00,13300.00
1509500060.00,20140905T000000,370000.00,4.00,2.50,2720.00,8666.00,2.00,0.00,0.00,3.00,9.00,2720.00,0.00,1992.00,0.00,98030.00,47.38,-122.17,2410.00,8100.00
7214810350.00,20141017T000000,467000.00,5.00,2.25,2500.00,13500.00,1.00,0.00,0.00,3.00,7.00,1850.00,650.00,1979.00,0.00,98072.00,47.76,-122.14,2300.00,9750.00
6647200060.00,20150209T000000,405000.00,3.00,1.75,1670.00,6720.00,1.00,0.00,0.00,3.00,7.00,1140.00,530.00,1980.00,0.00,98034.00,47.72,-122.19,1670.00,7320.00
9552700140.00,20140702T000000,675000.00,5.00,2.25,2900.00,10300.00,1.00,0.00,0.00,3.00,8.00,1450.00,1450.00,1985.00,0.00,98006.00,47.55,-122.15,2310.00,10300.00
2200500350.00,20140812T000000,500000.00,2.00,1.00,1640.00,14100.00,1.00,0.00,0.00,4.00,7.00,1140.00,500.00,1954.00,0.00,98006.00,47.57,-122.14,1520.00,13527.00
6113400046.00,20140723T000000,389999.00,4.00,2.50,1890.00,15770.00,2.00,0.00,0.00,4.00,7.00,1890.00,0.00,1968.00,0.00,98166.00,47.43,-122.34,2410.00,15256.00
6619910140.00,20150224T000000,630000.00,4.00,1.75,2950.00,9025.00,1.00,0.00,2.00,4.00,8.00,1780.00,1170.00,1975.00,0.00,98034.00,47.71,-122.22,2120.00,9600.00
1115450240.00,20141022T000000,360000.00,4.00,2.50,2160.00,9528.00,2.00,0.00,0.00,3.00,9.00,2160.00,0.00,1992.00,0.00,98001.00,47.33,-122.26,2280.00,9937.00
6073240060.00,20141002T000000,580000.00,4.00,3.00,3280.00,11060.00,2.00,0.00,0.00,3.00,8.00,2270.00,1010.00,1986.00,0.00,98056.00,47.54,-122.18,2320.00,11004.00
9297300045.00,20140709T000000,550000.00,3.00,2.00,1970.00,4166.00,2.00,0.00,3.00,5.00,8.00,1270.00,700.00,1929.00,0.00,98126.00,47.57,-122.38,2390.00,4166.00
9510920070.00,20140710T000000,879000.00,4.00,2.50,3360.00,22111.00,2.00,0.00,0.00,3.00,10.00,3360.00,0.00,1994.00,0.00,98075.00,47.60,-122.02,3150.00,11374.00
5468730030.00,20140822T000000,265000.00,3.00,2.00,1320.00,8959.00,1.00,0.00,0.00,3.00,7.00,1320.00,0.00,1993.00,0.00,98042.00,47.35,-122.14,1740.00,7316.00
8079030390.00,20150304T000000,446500.00,3.00,2.50,2650.00,7286.00,2.00,0.00,0.00,3.00,8.00,2650.00,0.00,1990.00,0.00,98059.00,47.51,-122.15,2400.00,7220.00
600000152.00,20140602T000000,404000.00,3.00,1.50,2030.00,8880.00,1.00,0.00,0.00,3.00,7.00,1330.00,700.00,1963.00,0.00,98108.00,47.56,-122.31,2140.00,5592.00
1840000030.00,20140529T000000,267500.00,3.00,1.75,1590.00,11914.00,1.00,0.00,2.00,3.00,7.00,1090.00,500.00,1957.00,0.00,98188.00,47.44,-122.27,1630.00,9052.00
3225069065.00,20140624T000000,3075000.00,4.00,5.00,4550.00,18641.00,1.00,1.00,4.00,3.00,10.00,2600.00,1950.00,2002.00,0.00,98074.00,47.61,-122.08,4550.00,19508.00
3260800030.00,20140811T000000,335000.00,3.00,2.50,2440.00,7632.00,2.00,0.00,0.00,3.00,8.00,2440.00,0.00,1998.00,0.00,98003.00,47.35,-122.30,2510.00,7903.00
2747100024.00,20140619T000000,576000.00,3.00,2.50,1940.00,9000.00,1.00,0.00,0.00,4.00,7.00,970.00,970.00,1948.00,0.00,98117.00,47.69,-122.39,2190.00,7310.00
5104530560.00,20150401T000000,208633.00,3.00,2.50,2040.00,3810.00,2.00,0.00,0.00,3.00,8.00,2040.00,0.00,2006.00,0.00,98038.00,47.35,-122.00,2370.00,4590.00
4330600350.00,20150115T000000,315000.00,3.00,2.25,2200.00,8750.00,1.00,0.00,0.00,4.00,7.00,1120.00,1080.00,1964.00,0.00,98166.00,47.48,-122.34,1460.00,10139.00
5016001535.00,20150217T000000,725000.00,3.00,1.75,1920.00,3300.00,1.00,0.00,0.00,4.00,8.00,960.00,960.00,1913.00,0.00,98112.00,47.62,-122.30,1740.00,4000.00
7280300196.00,20150403T000000,550000.00,4.00,2.75,1800.00,7750.00,1.00,0.00,0.00,4.00,8.00,1400.00,400.00,1965.00,0.00,98177.00,47.78,-122.38,1800.00,8275.00
8651520400.00,20140612T000000,610750.00,4.00,2.25,2180.00,7297.00,2.00,0.00,0.00,3.00,8.00,2180.00,0.00,1984.00,0.00,98074.00,47.65,-122.06,2250.00,9781.00
7171200445.00,20150228T000000,550700.00,2.00,1.00,1010.00,5000.00,1.50,0.00,0.00,4.00,6.00,1010.00,0.00,1908.00,0.00,98105.00,47.67,-122.30,1460.00,5000.00
3204800200.00,20150108T000000,665000.00,4.00,2.75,3320.00,10574.00,2.00,0.00,0.00,5.00,8.00,2220.00,1100.00,1960.00,0.00,98056.00,47.54,-122.18,2720.00,8330.00
3416600800.00,20150209T000000,834000.00,4.00,2.50,2370.00,4000.00,1.50,0.00,2.00,5.00,8.00,1980.00,390.00,1928.00,0.00,98144.00,47.60,-122.29,2440.00,5750.00
7994700030.00,20141023T000000,201000.00,5.00,1.75,1660.00,78408.00,1.50,0.00,0.00,3.00,6.00,1660.00,0.00,1915.00,0.00,98065.00,47.53,-121.84,1660.00,78408.00
1860600135.00,20140502T000000,2384000.00,5.00,2.50,3650.00,9050.00,2.00,0.00,4.00,5.00,10.00,3370.00,280.00,1921.00,0.00,98119.00,47.63,-122.37,2880.00,5400.00
4139480200.00,20140618T000000,1384000.00,4.00,3.25,4290.00,12103.00,1.00,0.00,3.00,3.00,11.00,2690.00,1600.00,1997.00,0.00,98006.00,47.55,-122.10,3860.00,11244.00
4139480200.00,20141209T000000,1400000.00,4.00,3.25,4290.00,12103.00,1.00,0.00,3.00,3.00,11.00,2690.00,1600.00,1997.00,0.00,98006.00,47.55,-122.10,3860.00,11244.00
1328320800.00,20141105T000000,305000.00,4.00,2.25,1950.00,7700.00,1.00,0.00,0.00,3.00,8.00,1350.00,600.00,1979.00,0.00,98058.00,47.44,-122.13,2150.00,7350.00
7771300125.00,20150408T000000,487000.00,3.00,2.00,2590.00,14052.00,1.00,0.00,0.00,5.00,8.00,1720.00,870.00,1948.00,0.00,98133.00,47.74,-122.33,1570.00,8162.00
3422059208.00,20150511T000000,390000.00,3.00,2.50,1930.00,64904.00,1.00,0.00,0.00,4.00,8.00,1930.00,0.00,1988.00,0.00,98042.00,47.35,-122.16,2350.00,57500.00
9521101455.00,20140723T000000,548000.00,2.00,1.00,1470.00,3864.00,1.00,0.00,0.00,4.00,7.00,1170.00,300.00,1916.00,0.00,98103.00,47.66,-122.35,1570.00,3864.00
4337000335.00,20141122T000000,268750.00,4.00,1.00,800.00,8775.00,1.00,0.00,0.00,3.00,6.00,800.00,0.00,1943.00,0.00,98166.00,47.48,-122.34,1310.00,8775.00
325059286.00,20140513T000000,819900.00,5.00,2.75,3150.00,7119.00,2.00,0.00,0.00,3.00,9.00,3150.00,0.00,2013.00,0.00,98052.00,47.68,-122.15,1560.00,8384.00
2597650240.00,20141023T000000,520000.00,3.00,2.25,2030.00,16200.00,2.00,0.00,0.00,3.00,8.00,2030.00,0.00,1984.00,0.00,98027.00,47.52,-122.06,2660.00,17958.00
3353400435.00,20140721T000000,230000.00,3.00,2.00,1450.00,11204.00,1.00,0.00,0.00,3.00,7.00,1450.00,0.00,2003.00,0.00,98001.00,47.26,-122.25,1520.00,9518.00
7972000240.00,20150202T000000,240000.00,3.00,1.75,1510.00,10248.00,1.00,0.00,0.00,3.00,7.00,1510.00,0.00,1969.00,0.00,98023.00,47.29,-122.37,1510.00,9753.00
7520000520.00,20140905T000000,232000.00,2.00,1.00,1240.00,12092.00,1.00,0.00,0.00,3.00,6.00,960.00,280.00,1922.00,1984.00,98146.00,47.50,-122.35,1820.00,7460.00
7520000520.00,20150311T000000,240500.00,2.00,1.00,1240.00,12092.00,1.00,0.00,0.00,3.00,6.00,960.00,280.00,1922.00,1984.00,98146.00,47.50,-122.35,1820.00,7460.00
3530210260.00,20141027T000000,274975.00,3.00,2.50,3030.00,45004.00,2.00,0.00,0.00,3.00,9.00,3030.00,0.00,1987.00,0.00,98077.00,47.77,-122.09,3080.00,35781.00
1959700550.00,20140905T000000,740000.00,4.00,2.00,2050.00,4400.00,1.50,0.00,0.00,4.00,9.00,2050.00,0.00,1922.00,0.00,98102.00,47.64,-122.32,2320.00,5500.00
1665400045.00,20150428T000000,186375.00,3.00,1.00,1000.00,7636.00,1.00,0.00,0.00,2.00,7.00,1000.00,0.00,1952.00,0.00,98166.00,47.47,-122.34,1150.00,7600.00
9542850320.00,20140725T000000,790000.00,3.00,2.25,2370.00,10289.00,1.00,0.00,0.00,4.00,9.00,1590.00,780.00,1977.00,0.00,98005.00,47.59,-122.17,2500.00,10004.00
3179100060.00,20140916T000000,880000.00,4.00,3.50,2800.00,6750.00,2.00,0.00,0.00,3.00,9.00,1890.00,910.00,1951.00,2002.00,98105.00,47.67,-122.28,2370.00,6120.00
2946001550.00,20150416T000000,279000.00,6.00,1.75,2240.00,11180.00,2.00,0.00,0.00,4.00,7.00,2240.00,0.00,1955.00,0.00,98198.00,47.42,-122.32,1590.00,7955.00
8078490390.00,20140729T000000,295000.00,3.00,2.00,1810.00,10530.00,1.00,0.00,2.00,3.00,8.00,1810.00,0.00,1991.00,0.00,98022.00,47.19,-122.01,1910.00,10450.00
9550201550.00,20150408T000000,640000.00,2.00,1.00,1070.00,5000.00,1.00,0.00,0.00,3.00,7.00,1070.00,0.00,1924.00,0.00,98103.00,47.67,-122.33,1710.00,5000.00
191100045.00,20140703T000000,940000.00,4.00,2.00,2490.00,9525.00,2.00,0.00,0.00,5.00,9.00,2490.00,0.00,1968.00,0.00,98040.00,47.56,-122.22,2770.00,9525.00
5009600070.00,20141007T000000,260000.00,4.00,2.50,1960.00,5238.00,2.00,0.00,0.00,3.00,7.00,1960.00,0.00,2003.00,0.00,98038.00,47.35,-122.05,1800.00,5894.00
200350070.00,20140602T000000,559900.00,3.00,2.75,2930.00,5569.00,1.00,0.00,0.00,3.00,9.00,1860.00,1070.00,2004.00,0.00,98072.00,47.76,-122.16,2580.00,11045.00
2877103726.00,20140722T000000,791500.00,4.00,2.00,1510.00,3500.00,1.50,0.00,0.00,5.00,7.00,1510.00,0.00,1911.00,0.00,98103.00,47.68,-122.36,1820.00,3750.00
405100295.00,20140826T000000,265000.00,3.00,1.75,1420.00,8250.00,1.00,0.00,0.00,3.00,7.00,1420.00,0.00,1954.00,0.00,98133.00,47.75,-122.35,1740.00,8000.00
4268200055.00,20150501T000000,245000.00,3.00,1.75,1740.00,11547.00,1.00,0.00,0.00,3.00,7.00,1740.00,0.00,1954.00,0.00,98178.00,47.49,-122.22,880.00,78408.00
3126069068.00,20150424T000000,485000.00,4.00,1.75,2560.00,43995.00,2.00,0.00,0.00,4.00,7.00,2560.00,0.00,1962.00,0.00,98052.00,47.69,-122.09,2560.00,14764.00
1115300070.00,20141106T000000,684000.00,4.00,3.50,3040.00,8414.00,2.00,0.00,0.00,3.00,9.00,2420.00,620.00,2010.00,0.00,98059.00,47.52,-122.16,3470.00,8066.00
6414100671.00,20140909T000000,425000.00,3.00,1.75,2500.00,6840.00,1.00,0.00,0.00,3.00,8.00,1300.00,1200.00,1957.00,0.00,98125.00,47.72,-122.32,1580.00,8691.00
7004200060.00,20141017T000000,309600.00,4.00,1.75,1275.00,20000.00,1.00,0.00,0.00,4.00,6.00,1275.00,0.00,1991.00,0.00,98070.00,47.38,-122.49,1660.00,20000.00
7852110140.00,20140718T000000,552250.00,4.00,2.50,2580.00,5823.00,2.00,0.00,0.00,3.00,8.00,2580.00,0.00,2002.00,0.00,98065.00,47.54,-121.88,2380.00,5823.00
3969300030.00,20140723T000000,165000.00,4.00,1.00,1000.00,7134.00,1.00,0.00,0.00,3.00,6.00,1000.00,0.00,1943.00,0.00,98178.00,47.49,-122.24,1020.00,7138.00
3969300030.00,20141229T000000,239900.00,4.00,1.00,1000.00,7134.00,1.00,0.00,0.00,3.00,6.00,1000.00,0.00,1943.00,0.00,98178.00,47.49,-122.24,1020.00,7138.00
4048400070.00,20141205T000000,320000.00,2.00,1.00,1070.00,32633.00,1.00,0.00,0.00,4.00,6.00,1070.00,0.00,1930.00,0.00,98059.00,47.47,-122.08,1360.00,32156.00
808000070.00,20141021T000000,206600.00,3.00,2.00,1390.00,13464.00,1.00,0.00,0.00,4.00,7.00,1390.00,0.00,1987.00,0.00,98030.00,47.36,-122.17,1720.00,12080.00
7374200030.00,20150416T000000,387000.00,4.00,1.75,2500.00,7690.00,1.00,0.00,0.00,3.00,7.00,1250.00,1250.00,1973.00,0.00,98155.00,47.77,-122.31,2040.00,8646.00
7325600160.00,20140604T000000,299000.00,1.00,0.75,560.00,12120.00,1.00,0.00,0.00,3.00,4.00,560.00,0.00,1967.00,0.00,98014.00,47.68,-121.85,1300.00,19207.00
2757000030.00,20140922T000000,855000.00,4.00,2.75,2270.00,10460.00,2.00,0.00,0.00,3.00,9.00,2270.00,0.00,1965.00,0.00,98040.00,47.56,-122.22,2610.00,10180.00
616000140.00,20150126T000000,315000.00,3.00,1.00,1900.00,14400.00,1.00,0.00,0.00,4.00,7.00,1300.00,600.00,1954.00,0.00,98166.00,47.41,-122.34,1940.00,14400.00
3363900111.00,20141203T000000,437500.00,2.00,1.00,990.00,3120.00,1.00,0.00,2.00,5.00,7.00,790.00,200.00,1907.00,0.00,98103.00,47.68,-122.35,1930.00,3120.00
9262800171.00,20150324T000000,252000.00,4.00,1.50,1550.00,19800.00,1.00,0.00,0.00,4.00,7.00,1050.00,500.00,1969.00,0.00,98001.00,47.31,-122.27,1640.00,22654.00
6607000126.00,20140604T000000,375000.00,4.00,1.75,2200.00,7475.00,1.00,0.00,0.00,5.00,7.00,1100.00,1100.00,1955.00,0.00,98118.00,47.54,-122.28,1600.00,5766.00
5416510830.00,20140806T000000,300000.00,4.00,2.50,1910.00,4862.00,2.00,0.00,0.00,3.00,7.00,1910.00,0.00,2005.00,0.00,98038.00,47.36,-122.03,2010.00,5091.00
2201500030.00,20141006T000000,420000.00,4.00,1.00,1750.00,9600.00,1.50,0.00,0.00,4.00,7.00,1750.00,0.00,1954.00,0.00,98006.00,47.58,-122.14,1750.00,10530.00
325059171.00,20140505T000000,900000.00,3.00,1.00,1330.00,77972.00,1.00,0.00,0.00,3.00,7.00,1330.00,0.00,1928.00,1954.00,98033.00,47.69,-122.16,1340.00,17689.00
952003285.00,20140805T000000,679900.00,3.00,2.50,2440.00,5750.00,2.00,0.00,2.00,3.00,9.00,1980.00,460.00,2000.00,0.00,98116.00,47.57,-122.38,1520.00,5750.00
3211290370.00,20140605T000000,463000.00,3.00,2.50,1640.00,29970.00,2.00,0.00,0.00,3.00,7.00,1640.00,0.00,1992.00,0.00,98053.00,47.64,-121.97,1580.00,28399.00
1072010350.00,20140828T000000,380000.00,5.00,2.50,2760.00,11340.00,2.00,0.00,0.00,4.00,9.00,2760.00,0.00,1978.00,0.00,98059.00,47.48,-122.14,2470.00,11340.00
8856950070.00,20141210T000000,329500.00,4.00,2.50,1820.00,7912.00,2.00,0.00,0.00,3.00,7.00,1820.00,0.00,1994.00,0.00,98038.00,47.38,-122.03,1820.00,8168.00
925059078.00,20140819T000000,604950.00,3.00,2.50,2110.00,5608.00,1.00,0.00,0.00,3.00,8.00,1340.00,770.00,2013.00,0.00,98033.00,47.67,-122.18,2040.00,9363.00
7855801090.00,20140917T000000,795000.00,5.00,2.50,3040.00,9570.00,1.00,0.00,2.00,4.00,8.00,1640.00,1400.00,1966.00,0.00,98006.00,47.57,-122.16,2920.00,8800.00
723099065.00,20150130T000000,465000.00,3.00,2.00,1840.00,40438.00,2.00,0.00,0.00,3.00,7.00,1840.00,0.00,1994.00,0.00,98045.00,47.49,-121.71,1380.00,44049.00
6116500075.00,20150326T000000,673000.00,4.00,2.50,2990.00,10400.00,2.00,0.00,0.00,3.00,9.00,2990.00,0.00,2002.00,0.00,98166.00,47.45,-122.36,2140.00,17449.00
1118500030.00,20141001T000000,810000.00,4.00,2.50,3520.00,15420.00,2.00,0.00,0.00,3.00,10.00,3520.00,0.00,1991.00,0.00,98074.00,47.64,-122.02,3400.00,21455.00
424069250.00,20150423T000000,785000.00,4.00,2.75,2440.00,69415.00,1.00,0.00,0.00,4.00,8.00,1910.00,530.00,1989.00,0.00,98075.00,47.59,-122.04,2770.00,24361.00
3291800710.00,20141120T000000,338000.00,4.00,3.00,2090.00,7500.00,1.00,0.00,0.00,3.00,7.00,1370.00,720.00,1986.00,0.00,98056.00,47.49,-122.18,1810.00,7650.00
6838700060.00,20141204T000000,280000.00,3.00,2.25,1430.00,7222.00,2.00,0.00,0.00,3.00,7.00,1430.00,0.00,1993.00,0.00,98056.00,47.51,-122.19,1430.00,7220.00
2231500030.00,20141001T000000,315000.00,4.00,2.25,2180.00,10754.00,1.00,0.00,0.00,5.00,7.00,1100.00,1080.00,1954.00,0.00,98133.00,47.77,-122.34,1810.00,6929.00
2231500030.00,20150324T000000,530000.00,4.00,2.25,2180.00,10754.00,1.00,0.00,0.00,5.00,7.00,1100.00,1080.00,1954.00,0.00,98133.00,47.77,-122.34,1810.00,6929.00
7683900200.00,20141223T000000,380000.00,5.00,3.00,3450.00,9914.00,2.00,0.00,0.00,3.00,9.00,3450.00,0.00,2004.00,0.00,98023.00,47.28,-122.35,2860.00,9721.00
8155830060.00,20140811T000000,297000.00,3.00,2.25,1450.00,7562.00,2.00,0.00,0.00,3.00,7.00,1450.00,0.00,1994.00,0.00,98056.00,47.50,-122.19,1650.00,7625.00
98020310.00,20140520T000000,730000.00,4.00,2.50,3230.00,7331.00,2.00,0.00,0.00,3.00,10.00,3230.00,0.00,2004.00,0.00,98075.00,47.58,-121.97,3480.00,7447.00
9423400140.00,20140609T000000,450000.00,3.00,1.75,1640.00,13500.00,1.00,0.00,0.00,3.00,7.00,1110.00,530.00,1940.00,0.00,98125.00,47.72,-122.30,1770.00,12600.00
1545804860.00,20141027T000000,275000.00,3.00,3.00,1590.00,7750.00,1.00,0.00,0.00,3.00,7.00,1060.00,530.00,1997.00,0.00,98038.00,47.36,-122.05,1680.00,7500.00
2883200160.00,20150429T000000,595000.00,4.00,2.00,2020.00,2849.00,2.00,0.00,0.00,3.00,7.00,2020.00,0.00,1960.00,0.00,98115.00,47.68,-122.33,1910.00,3120.00
7132300695.00,20150421T000000,435000.00,3.00,1.50,1300.00,3348.00,1.50,0.00,0.00,3.00,7.00,1300.00,0.00,1904.00,2014.00,98144.00,47.59,-122.31,1590.00,2577.00
1726059053.00,20140916T000000,270000.00,2.00,1.50,1380.00,209959.00,1.00,0.00,0.00,1.00,6.00,1380.00,0.00,1954.00,0.00,98011.00,47.75,-122.20,3130.00,19868.00
624111000.00,20140805T000000,950000.00,3.00,3.00,4040.00,14338.00,2.00,0.00,0.00,3.00,10.00,3030.00,1010.00,1986.00,0.00,98077.00,47.73,-122.06,3360.00,14142.00
808300310.00,20150313T000000,389000.00,4.00,2.25,2130.00,5337.00,2.00,0.00,0.00,3.00,7.00,2130.00,0.00,2001.00,0.00,98019.00,47.72,-121.96,2300.00,6930.00
8563040160.00,20150121T000000,560000.00,4.00,2.25,2550.00,7800.00,1.00,0.00,0.00,3.00,8.00,1580.00,970.00,1968.00,0.00,98052.00,47.63,-122.10,2420.00,8050.00
713500030.00,20140728T000000,1350000.00,5.00,3.50,4800.00,14984.00,2.00,0.00,2.00,3.00,11.00,3480.00,1320.00,1998.00,0.00,98006.00,47.55,-122.15,4050.00,19009.00
8651600160.00,20141111T000000,799000.00,4.00,2.25,2510.00,11585.00,2.00,0.00,0.00,4.00,8.00,2510.00,0.00,1969.00,0.00,98040.00,47.55,-122.23,2450.00,9691.00
9517200030.00,20140625T000000,365500.00,3.00,2.00,1410.00,9600.00,1.00,0.00,0.00,4.00,7.00,1410.00,0.00,1983.00,0.00,98072.00,47.76,-122.15,1410.00,9600.00
2460700700.00,20140515T000000,252350.00,3.00,2.00,1650.00,7352.00,1.00,0.00,0.00,3.00,7.00,1160.00,490.00,1979.00,0.00,98058.00,47.46,-122.17,1710.00,7350.00
1223039290.00,20140905T000000,403950.00,4.00,2.50,2120.00,13780.00,2.00,0.00,0.00,3.00,8.00,2120.00,0.00,1993.00,0.00,98146.00,47.50,-122.37,1880.00,12000.00
2890100060.00,20140801T000000,385000.00,4.00,1.50,2040.00,10726.00,1.00,0.00,0.00,3.00,7.00,1380.00,660.00,1954.00,0.00,98177.00,47.77,-122.36,1610.00,10020.00
7972600860.00,20141210T000000,345000.00,4.00,1.00,1550.00,7620.00,1.50,0.00,0.00,3.00,7.00,1550.00,0.00,1957.00,0.00,98106.00,47.53,-122.35,1450.00,7620.00
8857320070.00,20140917T000000,490000.00,3.00,2.75,1980.00,3128.00,2.00,0.00,0.00,4.00,9.00,1980.00,0.00,1979.00,0.00,98008.00,47.61,-122.11,1950.00,2856.00
4047200695.00,20140618T000000,330000.00,3.00,2.50,1600.00,26977.00,2.00,0.00,0.00,3.00,8.00,1600.00,0.00,2005.00,0.00,98019.00,47.77,-121.90,1790.00,27743.00
1653500070.00,20140512T000000,927000.00,4.00,2.75,3300.00,12090.00,2.00,0.00,0.00,3.00,8.00,3300.00,0.00,1953.00,0.00,98004.00,47.63,-122.22,3180.00,12239.00
1923000030.00,20140728T000000,1118000.00,4.00,2.50,3840.00,16619.00,2.00,0.00,1.00,4.00,10.00,3840.00,0.00,1983.00,0.00,98040.00,47.56,-122.21,3600.00,16553.00
3649100320.00,20150430T000000,330000.00,2.00,1.00,1220.00,10000.00,1.00,0.00,0.00,5.00,7.00,1220.00,0.00,1950.00,0.00,98028.00,47.74,-122.24,2000.00,9600.00
7375300160.00,20150309T000000,530000.00,5.00,2.25,2720.00,8800.00,1.00,0.00,0.00,4.00,7.00,1500.00,1220.00,1958.00,0.00,98008.00,47.60,-122.12,2110.00,8800.00
5175800060.00,20140623T000000,365000.00,4.00,2.00,1940.00,25600.00,1.00,0.00,0.00,1.00,8.00,1940.00,0.00,1962.00,0.00,98006.00,47.57,-122.13,2000.00,10071.00
1604601375.00,20140619T000000,378750.00,3.00,2.50,2160.00,3000.00,1.50,0.00,0.00,3.00,7.00,1260.00,900.00,1909.00,2011.00,98118.00,47.56,-122.29,1060.00,3500.00
2473251090.00,20140619T000000,269900.00,4.00,1.75,1530.00,8750.00,1.50,0.00,0.00,4.00,7.00,1530.00,0.00,1968.00,0.00,98058.00,47.46,-122.16,1390.00,8750.00
9126100861.00,20150306T000000,557000.00,3.00,3.50,1710.00,2096.00,2.00,0.00,0.00,3.00,8.00,1290.00,420.00,2008.00,0.00,98122.00,47.61,-122.31,1630.00,1543.00
3420069065.00,20140825T000000,360000.00,4.00,1.75,3730.00,16980.00,1.00,0.00,0.00,4.00,7.00,2150.00,1580.00,1974.00,0.00,98022.00,47.18,-122.02,1880.00,16963.00
6021501685.00,20150422T000000,352000.00,2.00,1.00,940.00,5000.00,1.00,0.00,0.00,4.00,7.00,940.00,0.00,1937.00,0.00,98117.00,47.69,-122.39,1560.00,4500.00
1151100070.00,20150224T000000,437000.00,3.00,2.50,1750.00,22357.00,2.00,0.00,0.00,3.00,8.00,1750.00,0.00,1994.00,0.00,98045.00,47.48,-121.78,2430.00,22357.00
8856950240.00,20140618T000000,322500.00,4.00,2.50,1820.00,6753.00,2.00,0.00,0.00,3.00,7.00,1820.00,0.00,1994.00,0.00,98038.00,47.38,-122.03,1820.00,7107.00
9385200055.00,20140912T000000,650000.00,3.00,3.25,1510.00,2000.00,2.00,0.00,0.00,3.00,9.00,1330.00,180.00,2001.00,0.00,98116.00,47.58,-122.40,1510.00,1352.00
7821200390.00,20140806T000000,450000.00,3.00,2.00,1290.00,1213.00,3.00,0.00,0.00,3.00,8.00,1290.00,0.00,2001.00,0.00,98103.00,47.66,-122.34,1290.00,3235.00
8078520310.00,20150417T000000,278500.00,3.00,2.00,1570.00,5250.00,1.00,0.00,0.00,3.00,7.00,1570.00,0.00,1998.00,0.00,98092.00,47.32,-122.19,1570.00,5250.00
1565950030.00,20150427T000000,364950.00,4.00,2.50,1930.00,6957.00,2.00,0.00,0.00,3.00,8.00,1930.00,0.00,1995.00,0.00,98055.00,47.43,-122.19,2090.00,6996.00
1560930070.00,20140911T000000,840000.00,4.00,3.50,2840.00,40139.00,1.00,0.00,4.00,4.00,10.00,2840.00,0.00,1986.00,0.00,98038.00,47.40,-122.03,3180.00,36852.00
6700400140.00,20150318T000000,268000.00,3.00,2.50,1550.00,8134.00,2.00,0.00,0.00,3.00,7.00,1550.00,0.00,1991.00,0.00,98031.00,47.40,-122.19,1550.00,8134.00
2422029094.00,20140716T000000,517534.00,2.00,1.00,833.00,143947.00,1.00,0.00,0.00,3.00,5.00,833.00,0.00,2006.00,0.00,98070.00,47.39,-122.48,1380.00,143947.00
1774220160.00,20141104T000000,632925.00,3.00,2.50,2990.00,32239.00,2.00,0.00,0.00,4.00,8.00,2990.00,0.00,1978.00,0.00,98077.00,47.77,-122.10,2990.00,36497.00
1525200060.00,20140723T000000,577500.00,3.00,2.50,2000.00,7251.00,2.00,0.00,0.00,3.00,9.00,2000.00,0.00,1995.00,0.00,98034.00,47.71,-122.20,2450.00,8118.00
1678400105.00,20150212T000000,339000.00,4.00,1.50,2390.00,7480.00,1.50,0.00,2.00,3.00,7.00,2390.00,0.00,1920.00,0.00,98178.00,47.50,-122.23,2850.00,6867.00
3426059070.00,20140909T000000,570000.00,3.00,1.75,2910.00,37461.00,1.00,0.00,0.00,4.00,7.00,1530.00,1380.00,1967.00,0.00,98052.00,47.70,-122.16,2520.00,18295.00
824079032.00,20140626T000000,563500.00,4.00,1.75,2085.00,174240.00,1.00,0.00,0.00,3.00,7.00,1610.00,475.00,1964.00,0.00,98024.00,47.58,-121.95,2690.00,174240.00
2697100140.00,20150105T000000,423000.00,4.00,2.25,2200.00,9351.00,1.00,0.00,0.00,5.00,7.00,1290.00,910.00,1962.00,0.00,98133.00,47.74,-122.33,1910.00,8660.00
8724300030.00,20141223T000000,355000.00,3.00,2.25,1860.00,5028.00,2.00,0.00,0.00,3.00,8.00,1860.00,0.00,2012.00,0.00,98019.00,47.73,-121.98,2320.00,5465.00
8678500060.00,20140710T000000,1550000.00,5.00,4.25,6070.00,171626.00,2.00,0.00,0.00,3.00,12.00,6070.00,0.00,1999.00,0.00,98024.00,47.60,-121.95,4680.00,211267.00
625049299.00,20141203T000000,482000.00,2.00,1.00,950.00,3960.00,1.00,0.00,0.00,3.00,7.00,950.00,0.00,1941.00,0.00,98103.00,47.69,-122.34,1320.00,4050.00
6073200075.00,20140730T000000,625000.00,3.00,1.75,1600.00,9135.00,1.00,0.00,0.00,5.00,7.00,1600.00,0.00,1955.00,0.00,98006.00,47.57,-122.18,1580.00,9800.00
6388900710.00,20141219T000000,538000.00,3.00,2.50,2250.00,11632.00,2.00,0.00,0.00,3.00,8.00,2250.00,0.00,1988.00,0.00,98056.00,47.53,-122.17,2360.00,11632.00
1442860160.00,20150107T000000,380000.00,3.00,2.50,2280.00,10255.00,2.00,0.00,0.00,4.00,8.00,2280.00,0.00,1985.00,0.00,98058.00,47.43,-122.16,2310.00,10094.00
7942600310.00,20140717T000000,375000.00,2.00,1.00,940.00,5120.00,1.00,0.00,0.00,3.00,7.00,940.00,0.00,1909.00,0.00,98122.00,47.61,-122.31,1300.00,5120.00
1545808560.00,20150403T000000,245000.00,3.00,2.50,1530.00,8500.00,1.00,0.00,0.00,5.00,7.00,1030.00,500.00,1996.00,0.00,98038.00,47.36,-122.05,1850.00,8140.00
936000060.00,20141114T000000,310000.00,5.00,1.75,2190.00,27260.00,1.00,0.00,0.00,4.00,7.00,2190.00,0.00,1947.00,1974.00,98166.00,47.45,-122.34,1620.00,39480.00
9808650060.00,20150225T000000,1300000.00,3.00,2.00,2350.00,15021.00,1.00,0.00,0.00,4.00,8.00,1770.00,580.00,1976.00,0.00,98004.00,47.64,-122.22,3530.00,15715.00
3754700160.00,20140506T000000,397000.00,4.00,2.00,1440.00,7680.00,1.00,0.00,0.00,3.00,7.00,1200.00,240.00,1971.00,0.00,98034.00,47.72,-122.20,1460.00,9660.00
305500140.00,20150512T000000,365000.00,3.00,2.50,2200.00,4052.00,2.00,0.00,0.00,3.00,8.00,2200.00,0.00,2005.00,0.00,98058.00,47.44,-122.18,2310.00,5082.00
5468750060.00,20141028T000000,328500.00,4.00,3.00,2290.00,8250.00,2.00,0.00,0.00,3.00,9.00,2290.00,0.00,1990.00,0.00,98042.00,47.37,-122.16,2290.00,8250.00
2944010240.00,20140908T000000,988000.00,4.00,3.00,4040.00,19700.00,2.00,0.00,0.00,3.00,11.00,4040.00,0.00,1987.00,0.00,98052.00,47.72,-122.13,3930.00,21887.00
3454000060.00,20140722T000000,1000000.00,4.00,2.50,2610.00,3277.00,1.50,0.00,0.00,5.00,8.00,1920.00,690.00,1922.00,0.00,98103.00,47.66,-122.33,1810.00,3277.00
646910160.00,20140903T000000,237000.00,3.00,2.50,1490.00,2138.00,2.00,0.00,0.00,3.00,7.00,1490.00,0.00,2005.00,0.00,98055.00,47.43,-122.20,1490.00,2094.00
8564950390.00,20140919T000000,525000.00,4.00,2.50,2450.00,5280.00,2.00,0.00,0.00,3.00,8.00,2450.00,0.00,2003.00,0.00,98011.00,47.77,-122.22,2300.00,4674.00
2268400350.00,20140916T000000,749000.00,4.00,2.50,1710.00,9627.00,1.00,0.00,0.00,3.00,9.00,1440.00,270.00,1976.00,2014.00,98006.00,47.56,-122.16,2140.00,9131.00
7504101040.00,20140821T000000,722500.00,5.00,2.50,4870.00,11800.00,2.00,0.00,0.00,3.00,10.00,3470.00,1400.00,1983.00,0.00,98074.00,47.63,-122.04,3180.00,11398.00
11500890.00,20150312T000000,843000.00,3.00,2.50,3130.00,8750.00,2.00,0.00,0.00,3.00,10.00,3130.00,0.00,1991.00,0.00,98052.00,47.70,-122.10,2860.00,9003.00
9528102772.00,20140708T000000,438000.00,2.00,2.00,1270.00,1372.00,3.00,0.00,0.00,3.00,8.00,1270.00,0.00,2000.00,0.00,98115.00,47.68,-122.32,1610.00,3090.00
284000223.00,20140916T000000,578000.00,3.00,1.75,2120.00,10875.00,1.00,0.00,2.00,3.00,8.00,1540.00,580.00,1977.00,0.00,98146.00,47.50,-122.38,2460.00,11760.00
3353401710.00,20140923T000000,227950.00,3.00,1.50,1670.00,8230.00,1.00,0.00,0.00,5.00,7.00,1670.00,0.00,1954.00,0.00,98001.00,47.26,-122.26,2077.00,4910.00
8159610030.00,20140722T000000,196000.00,3.00,2.25,2070.00,11576.00,2.00,0.00,0.00,3.00,7.00,2070.00,0.00,1974.00,0.00,98001.00,47.34,-122.27,1890.00,7519.00
3179100435.00,20140715T000000,641000.00,2.00,1.00,1420.00,5332.00,1.00,0.00,0.00,3.00,8.00,1070.00,350.00,1953.00,0.00,98105.00,47.67,-122.28,2400.00,5406.00
822079033.00,20150422T000000,350000.00,3.00,1.50,1250.00,219978.00,1.00,0.00,0.00,4.00,6.00,1250.00,0.00,1980.00,0.00,98038.00,47.41,-121.96,1930.00,210394.00
8857600960.00,20140819T000000,205000.00,3.00,1.00,940.00,7980.00,1.00,0.00,0.00,4.00,7.00,940.00,0.00,1960.00,0.00,98032.00,47.38,-122.29,1150.00,8050.00
1774000200.00,20141202T000000,400000.00,3.00,1.75,1920.00,9102.00,1.00,0.00,0.00,3.00,7.00,1920.00,0.00,1968.00,0.00,98072.00,47.75,-122.08,1920.00,9760.00
2024069128.00,20141110T000000,1030000.00,3.00,2.50,3545.00,9816.00,1.00,0.00,0.00,3.00,10.00,2610.00,935.00,2005.00,0.00,98027.00,47.55,-122.08,3630.00,7704.00
1049010390.00,20150319T000000,505000.00,3.00,2.00,1260.00,5460.00,1.00,0.00,0.00,3.00,7.00,1260.00,0.00,1972.00,0.00,98034.00,47.74,-122.18,1510.00,5460.00
7905370390.00,20141009T000000,475000.00,5.00,2.50,2340.00,7200.00,1.00,0.00,0.00,3.00,7.00,1300.00,1040.00,1975.00,0.00,98034.00,47.72,-122.21,1930.00,7221.00
4140090240.00,20141105T000000,520000.00,3.00,2.25,2590.00,9263.00,1.00,0.00,0.00,5.00,8.00,1440.00,1150.00,1977.00,0.00,98028.00,47.77,-122.26,2580.00,9450.00
4055700030.00,20150502T000000,1450000.00,3.00,4.50,3970.00,24920.00,2.00,0.00,2.00,3.00,10.00,3260.00,710.00,1977.00,1999.00,98034.00,47.72,-122.26,2610.00,13838.00
3775300030.00,20141231T000000,333500.00,3.00,1.75,1220.00,9732.00,1.00,0.00,0.00,3.00,7.00,1220.00,0.00,1965.00,0.00,98011.00,47.77,-122.21,1630.00,10007.00
2525300030.00,20150222T000000,232000.00,3.00,1.00,1400.00,10403.00,1.00,0.00,0.00,4.00,6.00,1400.00,0.00,1976.00,0.00,98038.00,47.36,-122.03,1230.00,10209.00
1324059104.00,20150421T000000,691100.00,3.00,2.75,2360.00,16117.00,1.00,0.00,0.00,4.00,8.00,1710.00,650.00,1983.00,0.00,98006.00,47.57,-122.12,2120.00,16117.00
2287000030.00,20141014T000000,811000.00,3.00,1.75,1870.00,9897.00,1.00,0.00,0.00,4.00,8.00,1870.00,0.00,1960.00,0.00,98040.00,47.55,-122.22,1900.00,10005.00
7702010030.00,20140520T000000,551000.00,3.00,2.50,2830.00,5802.00,2.00,0.00,0.00,3.00,9.00,2830.00,0.00,2001.00,0.00,98028.00,47.76,-122.23,2500.00,5788.00
1529200340.00,20150108T000000,496500.00,3.00,2.50,2260.00,3640.00,2.00,0.00,0.00,3.00,8.00,2260.00,0.00,1994.00,0.00,98072.00,47.74,-122.16,2350.00,3710.00
2122039094.00,20141126T000000,705000.00,3.00,3.00,1970.00,20978.00,2.00,1.00,3.00,4.00,9.00,1770.00,200.00,1980.00,0.00,98070.00,47.38,-122.44,2280.00,75396.00
1742800030.00,20140612T000000,578000.00,4.00,2.50,3140.00,9225.00,1.00,0.00,2.00,5.00,9.00,1770.00,1370.00,1966.00,0.00,98055.00,47.49,-122.23,2460.00,9600.00
1796360350.00,20150128T000000,255000.00,3.00,1.75,1240.00,8659.00,1.00,0.00,0.00,5.00,7.00,1240.00,0.00,1986.00,0.00,98042.00,47.37,-122.09,1490.00,8223.00
6154500070.00,20140626T000000,1050000.00,4.00,3.50,3450.00,7832.00,2.00,0.00,0.00,3.00,10.00,3450.00,0.00,2007.00,0.00,98006.00,47.56,-122.12,3220.00,8567.00
1843100340.00,20150305T000000,348000.00,3.00,2.25,2570.00,8491.00,2.00,0.00,0.00,4.00,8.00,2570.00,0.00,1989.00,0.00,98042.00,47.38,-122.13,2400.00,8049.00
8944290160.00,20141104T000000,230000.00,3.00,2.00,1510.00,3413.00,2.00,0.00,0.00,3.00,7.00,1510.00,0.00,1985.00,0.00,98031.00,47.39,-122.17,1570.00,3777.00
4166600473.00,20141209T000000,359500.00,4.00,2.25,2390.00,11250.00,2.00,0.00,0.00,3.00,9.00,2390.00,0.00,1988.00,0.00,98023.00,47.33,-122.37,2480.00,11250.00
7282300125.00,20141112T000000,330000.00,3.00,1.00,980.00,7000.00,1.00,0.00,0.00,3.00,6.00,980.00,0.00,1953.00,0.00,98133.00,47.76,-122.36,1220.00,7000.00
8658300340.00,20140523T000000,80000.00,1.00,0.75,430.00,5050.00,1.00,0.00,0.00,2.00,4.00,430.00,0.00,1912.00,0.00,98014.00,47.65,-121.91,1200.00,7500.00
2419600075.00,20141201T000000,465000.00,3.00,1.75,1480.00,6360.00,1.00,0.00,0.00,3.00,7.00,1480.00,0.00,1954.00,0.00,98133.00,47.73,-122.35,1480.00,6360.00
2621760350.00,20141015T000000,325000.00,4.00,2.50,1850.00,7324.00,2.00,0.00,0.00,3.00,8.00,1850.00,0.00,1997.00,0.00,98042.00,47.37,-122.11,2100.00,7329.00
1723049270.00,20150107T000000,340500.00,3.00,2.00,2270.00,28025.00,1.00,0.00,0.00,4.00,7.00,1920.00,350.00,1947.00,0.00,98168.00,47.49,-122.32,1770.00,14833.00
4123840310.00,20150106T000000,342500.00,3.00,2.50,1810.00,5192.00,2.00,0.00,0.00,3.00,8.00,1810.00,0.00,1993.00,0.00,98038.00,47.37,-122.04,1810.00,6200.00
2172000075.00,20140623T000000,290900.00,2.00,2.00,1610.00,17600.00,2.00,0.00,0.00,3.00,6.00,1610.00,0.00,1930.00,1983.00,98178.00,47.49,-122.27,1310.00,12950.00
8651611170.00,20150213T000000,868700.00,3.00,4.25,3840.00,6161.00,2.00,0.00,0.00,3.00,10.00,3840.00,0.00,2000.00,0.00,98074.00,47.63,-122.06,3230.00,7709.00
8820902200.00,20141113T000000,1199000.00,4.00,2.75,4110.00,8400.00,2.00,0.00,1.00,3.00,9.00,3130.00,980.00,1928.00,2013.00,98125.00,47.72,-122.28,2820.00,8400.00
8651610890.00,20141014T000000,1150000.00,4.00,3.25,4190.00,10259.00,2.00,0.00,0.00,3.00,11.00,3150.00,1040.00,2000.00,0.00,98074.00,47.63,-122.07,4300.00,11919.00
1853080570.00,20140811T000000,859900.00,4.00,2.75,3390.00,6298.00,2.00,0.00,0.00,3.00,9.00,3390.00,0.00,2011.00,0.00,98074.00,47.59,-122.06,3390.00,7111.00
3629920030.00,20140808T000000,520000.00,4.00,2.25,1890.00,3006.00,2.00,0.00,0.00,3.00,7.00,1890.00,0.00,2003.00,0.00,98029.00,47.55,-122.00,1580.00,3000.00
1604602050.00,20140711T000000,460000.00,3.00,2.50,1610.00,2527.00,2.00,0.00,2.00,3.00,9.00,1080.00,530.00,2005.00,0.00,98118.00,47.57,-122.29,1610.00,4173.00
6844700810.00,20140901T000000,438924.00,3.00,1.50,1050.00,4590.00,1.00,0.00,0.00,3.00,7.00,850.00,200.00,1949.00,0.00,98115.00,47.69,-122.29,1770.00,5400.00
66000070.00,20150406T000000,315000.00,2.00,1.00,630.00,6550.00,1.00,0.00,0.00,3.00,5.00,630.00,0.00,1918.00,0.00,98126.00,47.55,-122.38,1420.00,6550.00
6665800030.00,20140718T000000,590000.00,4.00,2.75,2910.00,10650.00,1.00,0.00,2.00,3.00,8.00,1780.00,1130.00,1975.00,0.00,98033.00,47.67,-122.19,2920.00,10988.00
2205700350.00,20141104T000000,378500.00,4.00,1.75,1700.00,8640.00,1.00,0.00,0.00,3.00,7.00,850.00,850.00,1955.00,0.00,98006.00,47.58,-122.15,1620.00,9000.00
5466000030.00,20140603T000000,328500.00,3.00,2.50,1950.00,8130.00,2.00,0.00,0.00,4.00,9.00,1950.00,0.00,1990.00,0.00,98042.00,47.39,-122.16,2350.00,7691.00
6189200125.00,20150325T000000,849950.00,3.00,3.00,2990.00,9773.00,2.00,0.00,0.00,4.00,8.00,2990.00,0.00,1973.00,0.00,98005.00,47.63,-122.17,2230.00,11553.00
9169600135.00,20141027T000000,525000.00,3.00,1.50,1350.00,6000.00,1.00,0.00,2.00,3.00,7.00,900.00,450.00,1950.00,0.00,98136.00,47.53,-122.39,1730.00,6012.00
2625069070.00,20150410T000000,1385000.00,4.00,3.25,4860.00,181319.00,2.50,0.00,0.00,3.00,9.00,4860.00,0.00,1993.00,0.00,98074.00,47.62,-122.01,3850.00,181319.00
8732131090.00,20150428T000000,295000.00,4.00,2.50,2160.00,7725.00,1.00,0.00,0.00,4.00,8.00,1460.00,700.00,1978.00,0.00,98023.00,47.31,-122.38,2060.00,8250.00
9286000240.00,20140711T000000,1067000.00,6.00,3.50,4860.00,11793.00,2.00,0.00,0.00,3.00,11.00,3860.00,1000.00,1998.00,0.00,98006.00,47.55,-122.14,3600.00,11793.00
1895000260.00,20140721T000000,207950.00,2.00,2.00,890.00,5000.00,1.00,0.00,0.00,3.00,6.00,890.00,0.00,1917.00,0.00,98118.00,47.52,-122.26,1860.00,5000.00
8691370400.00,20141216T000000,699900.00,4.00,2.75,2810.00,7302.00,2.00,0.00,0.00,3.00,9.00,2810.00,0.00,2002.00,0.00,98075.00,47.60,-121.98,2820.00,7302.00
5423010350.00,20150210T000000,1280000.00,5.00,2.50,3400.00,9500.00,2.00,0.00,1.00,4.00,8.00,3400.00,0.00,1977.00,0.00,98027.00,47.56,-122.08,3080.00,11081.00
8562501040.00,20141120T000000,452000.00,4.00,1.50,1580.00,7350.00,1.00,0.00,0.00,4.00,7.00,960.00,620.00,1963.00,0.00,98052.00,47.67,-122.15,1560.00,7350.00
2475200140.00,20150205T000000,370000.00,3.00,2.00,1680.00,5036.00,1.00,0.00,1.00,4.00,7.00,1680.00,0.00,1987.00,0.00,98055.00,47.47,-122.19,1680.00,4921.00
7942100310.00,20150127T000000,232000.00,3.00,1.75,1300.00,11230.00,1.00,0.00,0.00,5.00,7.00,1300.00,0.00,1968.00,0.00,98042.00,47.38,-122.09,1300.00,10794.00
3760000030.00,20141030T000000,669950.00,5.00,2.50,2820.00,14062.00,2.00,0.00,0.00,4.00,7.00,2380.00,440.00,1960.00,0.00,98034.00,47.71,-122.22,1910.00,10392.00
1727500340.00,20140614T000000,397500.00,3.00,2.00,1510.00,6710.00,1.00,0.00,0.00,3.00,7.00,1070.00,440.00,1972.00,0.00,98034.00,47.72,-122.22,1660.00,6600.00
9828702519.00,20140512T000000,490000.00,2.00,2.50,1230.00,1391.00,2.00,0.00,0.00,3.00,8.00,870.00,360.00,2004.00,0.00,98112.00,47.62,-122.30,1240.00,1350.00
4432600075.00,20150128T000000,725000.00,4.00,2.00,2110.00,4140.00,2.00,0.00,0.00,3.00,9.00,1710.00,400.00,1925.00,2003.00,98116.00,47.58,-122.39,1440.00,4420.00
7806300030.00,20140917T000000,299000.00,3.00,2.75,3080.00,19635.00,1.00,0.00,2.00,4.00,7.00,1610.00,1470.00,1958.00,0.00,98032.00,47.38,-122.28,2424.00,12410.00
9274202270.00,20140818T000000,625000.00,2.00,1.50,1490.00,5750.00,1.50,0.00,0.00,4.00,7.00,1190.00,300.00,1900.00,0.00,98116.00,47.59,-122.39,1590.00,4025.00
7852030960.00,20141106T000000,437500.00,3.00,2.50,2120.00,4500.00,2.00,0.00,0.00,3.00,7.00,2120.00,0.00,2000.00,0.00,98065.00,47.53,-121.88,2530.00,4816.00
7852170140.00,20150510T000000,650000.00,4.00,2.50,3180.00,5438.00,2.00,0.00,0.00,3.00,9.00,3180.00,0.00,2003.00,0.00,98065.00,47.54,-121.86,3030.00,5335.00
7518503335.00,20140519T000000,475000.00,2.00,1.00,1490.00,3825.00,1.00,0.00,0.00,3.00,7.00,860.00,630.00,1929.00,0.00,98117.00,47.68,-122.38,1460.00,3825.00
5467900070.00,20140502T000000,342000.00,3.00,2.00,1930.00,11947.00,1.00,0.00,0.00,4.00,8.00,1930.00,0.00,1966.00,0.00,98042.00,47.37,-122.15,2200.00,12825.00
1245002952.00,20141015T000000,1197350.00,4.00,2.50,2770.00,7800.00,2.00,0.00,0.00,3.00,10.00,2770.00,0.00,1999.00,0.00,98033.00,47.68,-122.21,2720.00,10000.00
8906200070.00,20150210T000000,280000.00,3.00,1.50,1670.00,11610.00,1.00,0.00,0.00,4.00,7.00,1670.00,0.00,1963.00,0.00,98055.00,47.44,-122.19,1930.00,10200.00
5379805885.00,20140521T000000,240000.00,2.00,1.75,1330.00,7200.00,1.00,0.00,0.00,3.00,7.00,1330.00,0.00,1993.00,0.00,98188.00,47.45,-122.28,1450.00,11682.00
2769600560.00,20140527T000000,529000.00,3.00,1.00,1210.00,3328.00,1.50,0.00,0.00,4.00,7.00,1210.00,0.00,1924.00,0.00,98107.00,47.67,-122.36,1640.00,3333.00
9238901420.00,20150202T000000,442000.00,3.00,1.00,1190.00,5100.00,1.00,0.00,0.00,4.00,7.00,1030.00,160.00,1941.00,0.00,98136.00,47.53,-122.39,1690.00,5100.00
5113400431.00,20140508T000000,615000.00,2.00,1.00,1540.00,6872.00,1.00,0.00,0.00,4.00,7.00,820.00,720.00,1946.00,0.00,98119.00,47.65,-122.37,1420.00,5538.00
3885805665.00,20140612T000000,1485000.00,4.00,3.75,4030.00,10800.00,2.00,0.00,0.00,3.00,10.00,4030.00,0.00,2006.00,0.00,98033.00,47.68,-122.20,2160.00,7200.00
8121200810.00,20150505T000000,585000.00,4.00,1.75,2430.00,7559.00,1.00,0.00,0.00,4.00,8.00,1580.00,850.00,1981.00,0.00,98052.00,47.72,-122.11,1980.00,8750.00
5126310400.00,20150305T000000,480000.00,4.00,2.50,2600.00,7787.00,2.00,0.00,0.00,3.00,8.00,2600.00,0.00,2005.00,0.00,98059.00,47.49,-122.14,2830.00,7787.00
7322910030.00,20140721T000000,1095000.00,5.00,3.50,4410.00,57063.00,2.00,0.00,0.00,4.00,9.00,4410.00,0.00,1990.00,0.00,98053.00,47.66,-122.02,2900.00,50529.00
2827100070.00,20141105T000000,290000.00,4.00,1.00,1330.00,8184.00,1.50,0.00,0.00,3.00,7.00,1330.00,0.00,1949.00,0.00,98133.00,47.73,-122.35,1220.00,660.00
9276201895.00,20140820T000000,615000.00,3.00,1.75,1900.00,5000.00,1.00,0.00,0.00,5.00,7.00,950.00,950.00,1951.00,0.00,98116.00,47.58,-122.39,1770.00,5000.00
4402700070.00,20150311T000000,300000.00,2.00,1.00,1100.00,7680.00,1.00,0.00,0.00,4.00,7.00,1100.00,0.00,1950.00,0.00,98133.00,47.74,-122.34,1460.00,7680.00
1922059046.00,20141029T000000,308000.00,3.00,1.00,1980.00,39150.00,1.50,0.00,0.00,3.00,6.00,1580.00,400.00,1932.00,0.00,98030.00,47.38,-122.23,1860.00,11811.00
925059288.00,20150507T000000,750000.00,3.00,2.50,2400.00,7745.00,2.00,0.00,0.00,3.00,9.00,2400.00,0.00,2001.00,0.00,98033.00,47.67,-122.17,2080.00,8615.00
4386700135.00,20141114T000000,2250000.00,4.00,2.25,4760.00,8036.00,2.50,0.00,0.00,5.00,9.00,3390.00,1370.00,1916.00,0.00,98112.00,47.64,-122.29,2950.00,9323.00
1923069078.00,20140805T000000,890000.00,4.00,3.25,3180.00,194278.00,2.00,0.00,0.00,3.00,10.00,3180.00,0.00,2005.00,0.00,98059.00,47.47,-122.08,2200.00,178160.00
1432400335.00,20150325T000000,288000.00,3.00,1.00,1190.00,7560.00,1.00,0.00,0.00,5.00,6.00,1190.00,0.00,1958.00,0.00,98058.00,47.45,-122.18,1190.00,7560.00
1180003090.00,20140906T000000,190000.00,2.00,1.00,630.00,6000.00,1.00,0.00,0.00,3.00,6.00,630.00,0.00,1943.00,2005.00,98178.00,47.50,-122.22,1470.00,6840.00
726049331.00,20150326T000000,515000.00,5.00,3.00,2530.00,5105.00,1.00,0.00,0.00,3.00,8.00,1520.00,1010.00,2005.00,0.00,98133.00,47.75,-122.34,2290.00,4011.00
3340401555.00,20141105T000000,235000.00,4.00,1.50,1690.00,11054.00,1.00,0.00,0.00,4.00,5.00,1690.00,0.00,1930.00,0.00,98055.00,47.47,-122.22,1690.00,9040.00
7453000070.00,20140818T000000,275000.00,2.00,1.00,940.00,5000.00,1.00,0.00,0.00,3.00,6.00,940.00,0.00,1951.00,0.00,98126.00,47.52,-122.37,940.00,5000.00
4348800030.00,20141121T000000,727500.00,2.00,2.00,1240.00,9119.00,1.00,0.00,0.00,4.00,7.00,1240.00,0.00,1952.00,0.00,98004.00,47.62,-122.19,1380.00,9121.00
7202331420.00,20140620T000000,650000.00,4.00,2.50,3040.00,6587.00,2.00,0.00,0.00,3.00,7.00,3040.00,0.00,2003.00,0.00,98053.00,47.68,-122.04,2740.00,6587.00
3225079035.00,20140618T000000,1600000.00,6.00,5.00,6050.00,230652.00,2.00,0.00,3.00,3.00,11.00,6050.00,0.00,2001.00,0.00,98024.00,47.60,-121.94,4210.00,233971.00
6381500700.00,20141105T000000,365000.00,4.00,1.00,1590.00,7085.00,1.50,0.00,0.00,3.00,6.00,1590.00,0.00,1944.00,0.00,98125.00,47.73,-122.31,1320.00,7085.00
339500160.00,20141008T000000,662000.00,3.00,1.75,2500.00,36947.00,1.00,0.00,0.00,3.00,9.00,2500.00,0.00,1984.00,0.00,98052.00,47.69,-122.08,2590.00,28837.00
1545807610.00,20150429T000000,270500.00,3.00,2.50,1780.00,7848.00,1.00,0.00,0.00,3.00,7.00,1320.00,460.00,1978.00,0.00,98038.00,47.36,-122.06,1680.00,7848.00
1843200240.00,20150505T000000,200000.00,2.00,1.50,1360.00,1898.00,2.00,0.00,0.00,3.00,7.00,1360.00,0.00,1978.00,0.00,98092.00,47.29,-122.19,1360.00,1898.00
4403600270.00,20150224T000000,970000.00,4.00,3.25,4740.00,76230.00,2.00,0.00,0.00,3.00,10.00,4740.00,0.00,1987.00,0.00,98075.00,47.59,-122.07,3340.00,49206.00
2008200060.00,20140624T000000,160000.00,3.00,1.50,1010.00,9600.00,1.00,0.00,0.00,4.00,7.00,1010.00,0.00,1962.00,0.00,98198.00,47.41,-122.32,1400.00,9660.00
1521069070.00,20150218T000000,204000.00,3.00,1.00,1040.00,7405.00,1.00,0.00,0.00,4.00,6.00,1040.00,0.00,1971.00,0.00,98010.00,47.31,-122.02,1580.00,7405.00
2459500310.00,20150218T000000,358000.00,3.00,2.25,1610.00,6655.00,2.00,0.00,0.00,4.00,7.00,1610.00,0.00,1985.00,0.00,98058.00,47.43,-122.16,1780.00,7529.00
6204420070.00,20150501T000000,452000.00,4.00,1.75,1570.00,8268.00,1.00,0.00,0.00,3.00,7.00,1570.00,0.00,1979.00,0.00,98011.00,47.74,-122.20,1870.00,8190.00
5694500105.00,20141204T000000,595000.00,2.00,2.00,1510.00,4000.00,1.00,0.00,0.00,4.00,7.00,1010.00,500.00,1900.00,0.00,98103.00,47.66,-122.35,1920.00,4000.00
5466410030.00,20150410T000000,249000.00,3.00,2.00,1360.00,6082.00,1.00,0.00,0.00,3.00,7.00,1360.00,0.00,1994.00,0.00,98042.00,47.36,-122.16,1360.00,6987.00
9485740340.00,20150310T000000,346900.00,4.00,2.50,1970.00,5106.00,2.00,0.00,0.00,3.00,8.00,1970.00,0.00,1999.00,0.00,98055.00,47.45,-122.21,2230.00,5109.00
622049114.00,20150218T000000,2125000.00,3.00,2.50,5403.00,24069.00,2.00,1.00,4.00,4.00,12.00,5403.00,0.00,1976.00,0.00,98166.00,47.42,-122.35,3980.00,104374.00
2270000070.00,20141030T000000,280000.00,4.00,2.50,1560.00,4350.00,2.00,0.00,0.00,3.00,7.00,1560.00,0.00,2003.00,0.00,98056.00,47.50,-122.19,1560.00,4350.00
1310900260.00,20141013T000000,318888.00,4.00,1.75,2320.00,12000.00,1.00,0.00,0.00,4.00,8.00,2270.00,50.00,1973.00,0.00,98032.00,47.36,-122.28,2120.00,9880.00
224069094.00,20140911T000000,530000.00,3.00,2.25,2120.00,40518.00,1.00,0.00,0.00,3.00,8.00,2120.00,0.00,1967.00,0.00,98075.00,47.59,-122.01,2480.00,13492.00
7800800160.00,20141121T000000,375000.00,3.00,2.25,2120.00,18500.00,2.00,0.00,0.00,4.00,8.00,2120.00,0.00,1983.00,0.00,98031.00,47.39,-122.17,2120.00,14479.00
2944000240.00,20150422T000000,910000.00,4.00,2.50,3350.00,29242.00,2.00,0.00,0.00,3.00,11.00,3350.00,0.00,1988.00,0.00,98052.00,47.72,-122.13,3920.00,24728.00
4139400710.00,20140523T000000,782000.00,4.00,2.50,2380.00,9614.00,2.00,0.00,0.00,4.00,10.00,2380.00,0.00,1991.00,0.00,98006.00,47.56,-122.12,2560.00,9770.00
7899800860.00,20150319T000000,259950.00,2.00,2.00,1070.00,649.00,2.00,0.00,0.00,3.00,9.00,720.00,350.00,2008.00,0.00,98106.00,47.52,-122.36,1070.00,928.00
2473420140.00,20140923T000000,315000.00,4.00,2.75,2300.00,18360.00,1.00,0.00,0.00,4.00,7.00,1560.00,740.00,1979.00,0.00,98058.00,47.45,-122.16,1870.00,9588.00
5000500055.00,20140528T000000,215000.00,2.00,1.00,1320.00,8865.00,1.00,0.00,0.00,4.00,6.00,1320.00,0.00,1943.00,0.00,98168.00,47.49,-122.30,1190.00,6490.00
4099500935.00,20140723T000000,705000.00,3.00,1.75,2180.00,10221.00,1.00,0.00,2.00,4.00,7.00,1140.00,1040.00,1946.00,0.00,98040.00,47.59,-122.25,2180.00,8535.00
1373800295.00,20141013T000000,1450000.00,3.00,3.00,4380.00,6320.00,2.00,0.00,3.00,5.00,10.00,3580.00,800.00,1952.00,0.00,98199.00,47.65,-122.41,3080.00,7680.00
4025300135.00,20150508T000000,451000.00,3.00,1.75,1790.00,9813.00,2.00,0.00,0.00,3.00,7.00,1790.00,0.00,1949.00,0.00,98155.00,47.75,-122.31,1520.00,10125.00
3294700310.00,20140902T000000,261000.00,2.00,1.00,750.00,8125.00,1.00,0.00,0.00,4.00,6.00,750.00,0.00,1943.00,0.00,98055.00,47.47,-122.20,1340.00,8750.00
8718500075.00,20141117T000000,396000.00,3.00,1.50,1300.00,8280.00,1.00,0.00,0.00,5.00,7.00,1300.00,0.00,1956.00,0.00,98028.00,47.74,-122.26,1570.00,8692.00
4309710240.00,20140722T000000,725000.00,4.00,2.50,2990.00,29170.00,2.00,0.00,3.00,3.00,9.00,2990.00,0.00,1999.00,0.00,98059.00,47.51,-122.12,3715.00,29170.00
5486800070.00,20140620T000000,1950000.00,7.00,3.50,4640.00,15235.00,2.00,0.00,1.00,3.00,11.00,2860.00,1780.00,1965.00,2003.00,98040.00,47.57,-122.23,3230.00,20697.00
236400320.00,20140715T000000,238000.00,4.00,1.00,1400.00,7242.00,1.50,0.00,0.00,3.00,7.00,1400.00,0.00,1959.00,0.00,98188.00,47.43,-122.29,1310.00,7314.00
4376700570.00,20150427T000000,750000.00,6.00,1.75,2750.00,9563.00,2.00,0.00,0.00,4.00,8.00,2750.00,0.00,1973.00,0.00,98052.00,47.64,-122.10,2040.00,9563.00
8648100200.00,20141027T000000,331500.00,4.00,2.50,2050.00,10271.00,2.00,0.00,0.00,3.00,7.00,2050.00,0.00,1998.00,0.00,98042.00,47.36,-122.08,2050.00,8103.00
3624079046.00,20141028T000000,460000.00,4.00,3.00,2230.00,108900.00,1.00,0.00,0.00,3.00,7.00,1410.00,820.00,1978.00,0.00,98065.00,47.52,-121.85,1960.00,65340.00
1921069084.00,20140707T000000,404950.00,4.00,2.25,2340.00,217014.00,1.00,0.00,0.00,4.00,8.00,2340.00,0.00,1982.00,0.00,98092.00,47.30,-122.08,2340.00,107898.00
6431500140.00,20141217T000000,880000.00,3.00,2.50,2870.00,5163.00,2.00,0.00,0.00,3.00,9.00,2870.00,0.00,2014.00,0.00,98103.00,47.69,-122.35,1630.00,7995.00
2725069050.00,20140613T000000,863000.00,4.00,2.50,4120.00,22370.00,2.00,0.00,0.00,3.00,10.00,4120.00,0.00,1997.00,0.00,98074.00,47.62,-122.02,3180.00,7257.00
5307100060.00,20141216T000000,638700.00,3.00,1.75,2080.00,9162.00,1.00,0.00,0.00,3.00,7.00,1370.00,710.00,1960.00,0.00,98005.00,47.58,-122.17,1870.00,8944.00
7203102050.00,20140728T000000,435000.00,3.00,2.50,1840.00,5680.00,2.00,0.00,0.00,3.00,7.00,1840.00,0.00,2008.00,0.00,98053.00,47.70,-122.03,1600.00,4697.00
561000075.00,20141231T000000,260000.00,3.00,1.00,1180.00,5350.00,1.50,0.00,0.00,4.00,6.00,1180.00,0.00,1959.00,0.00,98178.00,47.51,-122.26,1490.00,5350.00
2436701180.00,20140814T000000,671500.00,5.00,2.75,2160.00,4000.00,1.50,0.00,0.00,5.00,7.00,1530.00,630.00,1927.00,0.00,98105.00,47.67,-122.29,2040.00,4000.00
809002765.00,20141022T000000,610000.00,3.00,1.00,1180.00,3400.00,1.50,0.00,0.00,3.00,8.00,1180.00,0.00,1907.00,0.00,98109.00,47.64,-122.35,1440.00,3400.00
4045500710.00,20141218T000000,405000.00,2.00,0.75,1160.00,15029.00,1.00,0.00,0.00,4.00,6.00,870.00,290.00,1937.00,0.00,98014.00,47.69,-121.87,1870.00,25346.00
5104510270.00,20140718T000000,338900.00,4.00,2.50,1830.00,5612.00,2.00,0.00,0.00,3.00,7.00,1830.00,0.00,2003.00,0.00,98038.00,47.36,-122.02,1830.00,5998.00
98020350.00,20150123T000000,720000.00,4.00,4.00,3200.00,7708.00,2.00,0.00,0.00,3.00,10.00,3200.00,0.00,2004.00,0.00,98075.00,47.58,-121.97,3480.00,7944.00
1714900060.00,20150424T000000,442000.00,5.00,3.00,2560.00,5445.00,1.50,0.00,0.00,4.00,7.00,1760.00,800.00,1927.00,0.00,98108.00,47.55,-122.31,1080.00,5445.00
1189000030.00,20140603T000000,650000.00,5.00,2.75,2550.00,5040.00,1.50,0.00,0.00,5.00,8.00,2550.00,0.00,1902.00,0.00,98122.00,47.61,-122.30,1590.00,3840.00
2473360060.00,20150102T000000,263500.00,3.00,1.75,1330.00,9917.00,1.00,0.00,0.00,3.00,7.00,1040.00,290.00,1981.00,0.00,98058.00,47.45,-122.16,1330.00,9081.00
222069082.00,20141217T000000,300000.00,2.00,1.00,1220.00,75794.00,1.00,0.00,0.00,4.00,7.00,1220.00,0.00,1963.00,0.00,98038.00,47.42,-122.01,2010.00,98010.00
8669160310.00,20141209T000000,266000.00,3.00,2.50,1805.00,3402.00,2.00,0.00,0.00,3.00,7.00,1805.00,0.00,2009.00,0.00,98002.00,47.35,-122.21,2095.00,3402.00
1526069135.00,20141211T000000,930000.00,4.00,4.00,6050.00,84942.00,2.50,0.00,2.00,3.00,9.00,4150.00,1900.00,2009.00,0.00,98077.00,47.75,-122.03,2700.00,199504.00
1088650310.00,20150127T000000,530000.00,4.00,2.50,2320.00,5493.00,2.00,0.00,0.00,3.00,8.00,2320.00,0.00,2004.00,0.00,98028.00,47.77,-122.23,2450.00,5471.00
8945200860.00,20141211T000000,180000.00,3.00,1.00,1384.00,8960.00,1.00,0.00,0.00,4.00,6.00,1384.00,0.00,1965.00,0.00,98023.00,47.31,-122.37,1000.00,8470.00
7853240200.00,20140516T000000,619000.00,3.00,2.50,2720.00,6439.00,2.00,0.00,0.00,3.00,9.00,2720.00,0.00,2005.00,0.00,98065.00,47.54,-121.86,3180.00,7320.00
7511800070.00,20140821T000000,264000.00,3.00,1.50,1820.00,10608.00,1.00,0.00,0.00,4.00,7.00,1820.00,0.00,1962.00,0.00,98003.00,47.34,-122.31,1380.00,8976.00
2998800125.00,20140701T000000,730000.00,2.00,2.25,2130.00,4920.00,1.50,0.00,4.00,4.00,7.00,1530.00,600.00,1941.00,0.00,98116.00,47.57,-122.41,2130.00,4920.00
3876300310.00,20141022T000000,439000.00,4.00,2.25,2060.00,10070.00,2.00,0.00,0.00,3.00,7.00,2060.00,0.00,1975.00,0.00,98034.00,47.73,-122.18,2060.00,8155.00
5419800510.00,20141117T000000,268500.00,4.00,1.75,1420.00,7500.00,1.00,0.00,0.00,4.00,7.00,1080.00,340.00,1981.00,0.00,98031.00,47.40,-122.18,1500.00,7260.00
192460060.00,20140715T000000,330000.00,3.00,1.75,1510.00,15744.00,1.00,0.00,0.00,3.00,7.00,1510.00,0.00,1985.00,0.00,98045.00,47.48,-121.76,1470.00,15744.00
7942601895.00,20140819T000000,640000.00,3.00,2.50,2160.00,4000.00,1.50,0.00,0.00,3.00,8.00,1960.00,200.00,1903.00,2013.00,98122.00,47.60,-122.31,2160.00,5120.00
7504010570.00,20140708T000000,900000.00,3.00,2.50,3180.00,12600.00,2.00,0.00,0.00,4.00,11.00,3180.00,0.00,1978.00,0.00,98074.00,47.64,-122.06,3030.00,12835.00
1442740140.00,20140930T000000,370000.00,3.00,2.25,2110.00,13300.00,2.00,0.00,0.00,4.00,8.00,2110.00,0.00,1985.00,0.00,98038.00,47.37,-122.06,2470.00,14000.00
6909200575.00,20150314T000000,685000.00,3.00,2.00,2060.00,2900.00,1.50,0.00,0.00,5.00,8.00,1330.00,730.00,1931.00,0.00,98144.00,47.59,-122.29,1910.00,3900.00
2525069041.00,20140904T000000,505000.00,3.00,1.50,1830.00,217800.00,1.00,0.00,0.00,3.00,7.00,1010.00,820.00,1981.00,0.00,98053.00,47.63,-121.97,2450.00,165963.00
3620069036.00,20141021T000000,265000.00,3.00,1.75,1820.00,32666.00,1.00,0.00,0.00,4.00,7.00,1820.00,0.00,1966.00,0.00,98022.00,47.18,-121.97,2050.00,43560.00
2781280390.00,20150324T000000,290000.00,3.00,2.50,1610.00,2937.00,2.00,0.00,0.00,3.00,8.00,1610.00,0.00,2006.00,0.00,98055.00,47.45,-122.19,1610.00,3049.00
9542830350.00,20140902T000000,296000.00,4.00,2.50,1780.00,3600.00,2.00,0.00,0.00,3.00,7.00,1780.00,0.00,2006.00,0.00,98038.00,47.37,-122.02,2020.00,3802.00
1123049053.00,20150213T000000,360000.00,4.00,2.50,1840.00,9611.00,2.00,0.00,0.00,3.00,7.00,1840.00,0.00,1996.00,0.00,98178.00,47.50,-122.25,1830.00,8505.00
8018600765.00,20140604T000000,240500.00,3.00,1.75,1460.00,10584.00,1.00,0.00,0.00,3.00,7.00,990.00,470.00,1997.00,0.00,98168.00,47.49,-122.32,1220.00,12012.00
3278600240.00,20140722T000000,372500.00,2.00,2.50,1400.00,2958.00,2.00,0.00,0.00,3.00,8.00,1400.00,0.00,2007.00,0.00,98126.00,47.55,-122.37,1540.00,2385.00
7846200070.00,20141002T000000,595000.00,3.00,2.50,3370.00,14402.00,2.00,0.00,2.00,3.00,9.00,3370.00,0.00,2004.00,0.00,98045.00,47.50,-121.78,3330.00,9691.00
662310400.00,20141017T000000,515000.00,4.00,3.00,3590.00,8249.00,2.00,0.00,0.00,3.00,9.00,3590.00,0.00,1997.00,0.00,98023.00,47.28,-122.34,2860.00,7995.00
8651100140.00,20140805T000000,1220000.00,4.00,2.25,3200.00,15367.00,2.00,0.00,0.00,4.00,9.00,3200.00,0.00,1962.00,0.00,98040.00,47.55,-122.22,3070.00,15263.00
8682250350.00,20141009T000000,507000.00,2.00,1.75,1670.00,6460.00,1.00,0.00,0.00,3.00,8.00,1670.00,0.00,2004.00,0.00,98053.00,47.71,-122.03,2170.00,6254.00
3211230260.00,20150204T000000,399950.00,4.00,2.00,2420.00,31465.00,1.00,0.00,0.00,3.00,9.00,2420.00,0.00,1984.00,0.00,98092.00,47.31,-122.12,2560.00,32186.00
4233400340.00,20140820T000000,185000.00,3.00,1.75,1430.00,10816.00,2.00,0.00,0.00,3.00,7.00,1430.00,0.00,1994.00,0.00,98010.00,47.31,-122.00,1560.00,10816.00
7199350340.00,20140825T000000,460000.00,3.00,1.75,1440.00,7070.00,1.00,0.00,0.00,3.00,7.00,1440.00,0.00,1980.00,0.00,98052.00,47.69,-122.13,1440.00,7210.00
3904901710.00,20150224T000000,435500.00,3.00,2.25,1450.00,4789.00,2.00,0.00,0.00,3.00,7.00,1450.00,0.00,1985.00,0.00,98029.00,47.57,-122.02,1560.00,4490.00
240000058.00,20150408T000000,469000.00,4.00,2.75,3550.00,13938.00,1.00,0.00,0.00,5.00,8.00,2100.00,1450.00,1966.00,0.00,98188.00,47.43,-122.28,2050.00,9000.00
6865200444.00,20140505T000000,531000.00,2.00,3.00,1270.00,1175.00,2.00,0.00,0.00,3.00,8.00,1110.00,160.00,2000.00,0.00,98103.00,47.66,-122.34,1290.00,1800.00
9498200046.00,20150206T000000,443500.00,2.00,1.00,940.00,6804.00,1.00,0.00,0.00,3.00,7.00,940.00,0.00,1949.00,0.00,98177.00,47.70,-122.37,1150.00,6930.00
1796380960.00,20141126T000000,223000.00,3.00,2.00,1670.00,6824.00,1.00,0.00,0.00,3.00,7.00,1300.00,370.00,1990.00,0.00,98042.00,47.37,-122.08,1660.00,7586.00
5631500868.00,20150417T000000,590000.00,4.00,3.50,3100.00,15842.00,2.00,0.00,0.00,3.00,8.00,2400.00,700.00,1996.00,0.00,98028.00,47.75,-122.24,2200.00,19400.00
3126049411.00,20141209T000000,340000.00,2.00,2.50,1100.00,1760.00,3.00,0.00,0.00,3.00,7.00,1100.00,0.00,1997.00,0.00,98103.00,47.70,-122.35,1200.00,1415.00
2321300390.00,20141105T000000,650000.00,3.00,2.00,1870.00,3388.00,1.00,0.00,0.00,4.00,8.00,1230.00,640.00,1925.00,0.00,98199.00,47.64,-122.40,1780.00,4050.00
3905040800.00,20140925T000000,533600.00,3.00,2.50,1930.00,5080.00,2.00,0.00,0.00,4.00,8.00,1930.00,0.00,1990.00,0.00,98029.00,47.57,-122.00,2190.00,5085.00
4379400260.00,20140610T000000,695000.00,3.00,2.75,2540.00,4694.00,2.00,0.00,0.00,3.00,9.00,2540.00,0.00,2005.00,0.00,98074.00,47.62,-122.02,2600.00,6344.00
5115000160.00,20140617T000000,242000.00,3.00,1.75,1280.00,7524.00,1.50,0.00,0.00,4.00,7.00,1280.00,0.00,1988.00,0.00,98031.00,47.40,-122.19,1500.00,7777.00
2826049234.00,20150114T000000,425000.00,3.00,2.25,1820.00,8814.00,1.00,0.00,0.00,3.00,7.00,1280.00,540.00,1967.00,0.00,98125.00,47.72,-122.31,1810.00,7515.00
6600700030.00,20150506T000000,525000.00,3.00,2.25,1490.00,9414.00,2.00,0.00,0.00,3.00,7.00,1490.00,0.00,1981.00,0.00,98052.00,47.68,-122.11,1290.00,10125.00
3904930240.00,20140922T000000,485000.00,3.00,2.50,1880.00,5502.00,2.00,0.00,0.00,3.00,8.00,1880.00,0.00,1988.00,0.00,98029.00,47.57,-122.02,2040.00,5411.00
9407110700.00,20150113T000000,175000.00,3.00,1.00,1250.00,9775.00,1.00,0.00,0.00,3.00,7.00,1250.00,0.00,1971.00,0.00,98045.00,47.45,-121.77,1390.00,9650.00
1682500160.00,20140619T000000,210000.00,3.00,2.00,1440.00,7210.00,1.00,0.00,0.00,3.00,8.00,1440.00,0.00,1983.00,0.00,98092.00,47.31,-122.18,1700.00,7245.00
8078570390.00,20150415T000000,260000.00,3.00,2.50,1920.00,7415.00,2.00,0.00,0.00,3.00,7.00,1920.00,0.00,1989.00,0.00,98031.00,47.40,-122.17,1930.00,7536.00
3010300240.00,20140623T000000,577000.00,3.00,2.50,2060.00,5750.00,1.00,0.00,0.00,3.00,7.00,1330.00,730.00,1976.00,0.00,98116.00,47.57,-122.39,1920.00,5750.00
9500900135.00,20141021T000000,200000.00,3.00,1.50,1210.00,10588.00,1.00,0.00,0.00,4.00,7.00,1210.00,0.00,1958.00,0.00,98002.00,47.29,-122.21,1408.00,10588.00
461001615.00,20150225T000000,605000.00,2.00,1.75,1760.00,5000.00,1.00,0.00,0.00,4.00,7.00,940.00,820.00,1927.00,0.00,98117.00,47.68,-122.37,1530.00,5000.00
6411600069.00,20140521T000000,325000.00,3.00,1.00,990.00,6750.00,1.00,0.00,0.00,4.00,6.00,990.00,0.00,1947.00,0.00,98133.00,47.71,-122.33,1440.00,6860.00
7812800565.00,20140814T000000,289500.00,3.00,1.00,960.00,6400.00,1.00,0.00,0.00,4.00,6.00,820.00,140.00,1944.00,0.00,98178.00,47.50,-122.24,1200.00,6600.00
7548300731.00,20140808T000000,559950.00,3.00,2.50,1660.00,1458.00,3.00,0.00,0.00,3.00,9.00,1660.00,0.00,2014.00,0.00,98144.00,47.59,-122.31,1660.00,1784.00
8925100390.00,20150406T000000,1042500.00,3.00,1.75,1900.00,9375.00,1.00,0.00,1.00,4.00,8.00,1330.00,570.00,1941.00,0.00,98115.00,47.68,-122.27,2760.00,9375.00
7010700292.00,20141009T000000,543500.00,3.00,2.25,1270.00,2790.00,1.00,0.00,0.00,3.00,7.00,990.00,280.00,1970.00,0.00,98199.00,47.66,-122.40,1920.00,4000.00
9485951170.00,20140522T000000,480000.00,4.00,2.25,3250.00,34293.00,2.00,0.00,0.00,4.00,9.00,3250.00,0.00,1983.00,0.00,98042.00,47.35,-122.09,3110.00,35982.00
5437820310.00,20140523T000000,218000.00,3.00,1.00,960.00,9633.00,1.00,0.00,0.00,5.00,6.00,960.00,0.00,1982.00,0.00,98022.00,47.20,-122.00,1080.00,8610.00
582000135.00,20140622T000000,565000.00,2.00,1.75,1330.00,6000.00,1.00,0.00,0.00,4.00,7.00,960.00,370.00,1914.00,1945.00,98199.00,47.65,-122.40,1620.00,6000.00
3204800370.00,20141212T000000,426700.00,3.00,1.75,2080.00,7700.00,1.00,0.00,0.00,5.00,7.00,1600.00,480.00,1968.00,0.00,98056.00,47.54,-122.18,1680.00,7700.00
8832900550.00,20140912T000000,650000.00,3.00,2.50,2690.00,11575.00,1.00,0.00,3.00,3.00,8.00,2130.00,560.00,1957.00,0.00,98028.00,47.76,-122.27,2390.00,11782.00
9550204515.00,20140924T000000,542000.00,2.00,1.00,890.00,3060.00,1.00,0.00,0.00,3.00,7.00,770.00,120.00,1910.00,0.00,98105.00,47.67,-122.33,1760.00,4080.00
7199330390.00,20140624T000000,415000.00,3.00,1.75,1070.00,8000.00,1.00,0.00,0.00,3.00,7.00,1070.00,0.00,1977.00,0.00,98052.00,47.70,-122.13,1200.00,7990.00
6131600060.00,20140815T000000,214000.00,3.00,1.00,1200.00,8316.00,1.00,0.00,0.00,4.00,6.00,1200.00,0.00,1953.00,0.00,98002.00,47.32,-122.22,1200.00,8316.00
5379805460.00,20150121T000000,245000.00,3.00,1.50,1360.00,8910.00,2.00,0.00,0.00,5.00,7.00,1360.00,0.00,1949.00,0.00,98188.00,47.45,-122.28,1220.00,8912.00
7212652180.00,20140701T000000,314500.00,3.00,2.00,2050.00,13303.00,1.00,0.00,0.00,3.00,8.00,2050.00,0.00,1993.00,0.00,98003.00,47.27,-122.31,2180.00,11590.00
6379500640.00,20150409T000000,1120000.00,3.00,1.50,3000.00,5750.00,2.00,0.00,0.00,5.00,9.00,2000.00,1000.00,1924.00,0.00,98116.00,47.58,-122.39,1820.00,5750.00
4315700060.00,20150303T000000,378000.00,2.00,2.00,1300.00,3850.00,1.00,0.00,0.00,3.00,7.00,800.00,500.00,1963.00,0.00,98136.00,47.54,-122.39,950.00,5500.00
3329500060.00,20140728T000000,305000.00,4.00,2.50,2250.00,9091.00,1.00,0.00,0.00,3.00,7.00,1340.00,910.00,1982.00,0.00,98001.00,47.34,-122.27,1540.00,7802.00
4140090320.00,20150320T000000,595000.00,5.00,2.75,3740.00,6750.00,1.00,0.00,0.00,4.00,8.00,1980.00,1760.00,1978.00,0.00,98028.00,47.77,-122.26,2620.00,7920.00
9385200045.00,20150512T000000,729500.00,3.00,2.50,1660.00,1091.00,3.00,0.00,1.00,3.00,9.00,1530.00,130.00,2015.00,0.00,98116.00,47.58,-122.40,1510.00,1352.00
7852180340.00,20140930T000000,430000.00,3.00,2.50,2360.00,6699.00,2.00,0.00,0.00,3.00,7.00,2360.00,0.00,2003.00,0.00,98065.00,47.53,-121.85,2360.00,4744.00
1545804340.00,20150409T000000,240000.00,3.00,1.75,1760.00,6500.00,1.00,0.00,0.00,3.00,7.00,1150.00,610.00,1987.00,0.00,98038.00,47.36,-122.05,1760.00,8125.00
2490200320.00,20150320T000000,545000.00,3.00,1.75,1680.00,6200.00,1.50,0.00,0.00,3.00,7.00,1680.00,0.00,1916.00,0.00,98136.00,47.53,-122.38,1680.00,5100.00
2218000335.00,20140707T000000,530000.00,3.00,1.75,1320.00,2500.00,1.00,0.00,0.00,3.00,7.00,870.00,450.00,1918.00,0.00,98105.00,47.67,-122.31,1580.00,2750.00
922049078.00,20141118T000000,157000.00,1.00,1.00,870.00,26326.00,1.00,0.00,0.00,3.00,6.00,870.00,0.00,1939.00,0.00,98198.00,47.42,-122.30,1250.00,10608.00
2586800270.00,20150407T000000,425000.00,4.00,1.00,1260.00,7645.00,1.50,0.00,0.00,3.00,6.00,1260.00,0.00,1925.00,0.00,98146.00,47.50,-122.35,1170.00,7649.00
4338800370.00,20141117T000000,220000.00,3.00,1.00,1000.00,6020.00,1.00,0.00,0.00,3.00,6.00,1000.00,0.00,1944.00,0.00,98166.00,47.48,-122.35,1300.00,8640.00
7214700350.00,20141124T000000,521000.00,4.00,1.75,2020.00,36400.00,1.00,0.00,0.00,4.00,8.00,1550.00,470.00,1976.00,0.00,98077.00,47.76,-122.08,2520.00,38255.00
3226200105.00,20140523T000000,325000.00,3.00,1.00,1920.00,6862.00,1.00,0.00,2.00,3.00,7.00,1120.00,800.00,1952.00,0.00,98118.00,47.52,-122.27,2000.00,6900.00
2324039036.00,20150403T000000,597500.00,3.00,2.00,2150.00,5400.00,1.50,0.00,0.00,4.00,7.00,1380.00,770.00,1911.00,0.00,98126.00,47.56,-122.38,1940.00,6500.00
7849202231.00,20140723T000000,337000.00,3.00,2.50,1470.00,3976.00,2.00,0.00,0.00,3.00,7.00,1470.00,0.00,1999.00,0.00,98065.00,47.53,-121.83,1490.00,4400.00
5196410260.00,20150422T000000,1000000.00,3.00,2.50,3180.00,10492.00,2.00,0.00,2.00,3.00,10.00,3180.00,0.00,1991.00,0.00,98052.00,47.66,-122.12,3000.00,9812.00
3760500116.00,20141120T000000,3070000.00,3.00,2.50,3930.00,55867.00,1.00,1.00,4.00,4.00,8.00,2330.00,1600.00,1957.00,0.00,98034.00,47.70,-122.22,2730.00,26324.00
2985800030.00,20140507T000000,495000.00,3.00,1.00,990.00,6000.00,1.00,0.00,0.00,3.00,6.00,990.00,0.00,1943.00,0.00,98105.00,47.67,-122.27,1250.00,6000.00
259900160.00,20150102T000000,748000.00,4.00,3.50,2770.00,3330.00,2.00,0.00,0.00,3.00,8.00,1970.00,800.00,2001.00,0.00,98052.00,47.63,-122.11,2180.00,3380.00
708000030.00,20140902T000000,888000.00,3.00,1.50,1250.00,8710.00,1.00,0.00,0.00,4.00,7.00,1250.00,0.00,1953.00,0.00,98004.00,47.62,-122.20,1750.00,9185.00
192460310.00,20150324T000000,269900.00,3.00,1.75,1140.00,22267.00,1.00,0.00,0.00,3.00,7.00,1140.00,0.00,1986.00,0.00,98045.00,47.48,-121.76,1150.00,15625.00
9412200260.00,20141113T000000,496500.00,4.00,2.50,2250.00,14440.00,1.00,0.00,0.00,3.00,7.00,1550.00,700.00,1967.00,0.00,98027.00,47.52,-122.05,2090.00,11400.00
1062100116.00,20150121T000000,475000.00,3.00,2.50,1640.00,5097.00,2.00,0.00,0.00,3.00,7.00,1640.00,0.00,1969.00,0.00,98155.00,47.75,-122.28,1880.00,6000.00
6798100662.00,20140527T000000,312000.00,3.00,1.50,1255.00,1374.00,3.00,0.00,0.00,3.00,7.00,1255.00,0.00,2004.00,0.00,98125.00,47.71,-122.31,1307.00,1232.00
1775920350.00,20141124T000000,323000.00,3.00,1.00,1290.00,12231.00,1.00,0.00,0.00,3.00,7.00,1290.00,0.00,1976.00,0.00,98072.00,47.74,-122.11,1390.00,11632.00
2525500260.00,20141124T000000,331000.00,3.00,1.75,1300.00,9079.00,1.00,0.00,0.00,3.00,7.00,1300.00,0.00,1986.00,0.00,98059.00,47.48,-122.16,1890.00,7369.00
6145600041.00,20140514T000000,306000.00,3.00,1.50,1220.00,1086.00,3.00,0.00,0.00,3.00,8.00,1220.00,0.00,2007.00,0.00,98133.00,47.70,-122.35,1220.00,1422.00
3300701615.00,20140930T000000,655000.00,4.00,2.50,2630.00,4000.00,3.00,0.00,0.00,3.00,8.00,2630.00,0.00,2002.00,0.00,98117.00,47.69,-122.38,1640.00,4000.00
5151600340.00,20140709T000000,290000.00,3.00,1.50,1950.00,15954.00,1.00,0.00,0.00,4.00,8.00,1950.00,0.00,1959.00,0.00,98003.00,47.34,-122.32,1940.00,12667.00
7613700521.00,20140802T000000,1250000.00,4.00,3.25,3160.00,5000.00,2.00,0.00,0.00,5.00,9.00,2360.00,800.00,1965.00,0.00,98105.00,47.66,-122.27,2220.00,4000.00
2710600045.00,20140616T000000,460000.00,3.00,1.75,1550.00,4708.00,1.00,0.00,0.00,4.00,7.00,860.00,690.00,1949.00,0.00,98115.00,47.68,-122.29,1880.00,5600.00
5101405124.00,20140912T000000,435000.00,4.00,2.50,1700.00,6380.00,1.00,0.00,0.00,4.00,7.00,850.00,850.00,1940.00,0.00,98115.00,47.70,-122.32,1380.00,6380.00
6067910030.00,20150316T000000,664000.00,4.00,2.75,2510.00,11880.00,1.00,0.00,0.00,5.00,8.00,1630.00,880.00,1978.00,0.00,98006.00,47.54,-122.18,2390.00,11211.00
1959701890.00,20140729T000000,865000.00,4.00,1.75,1800.00,4180.00,2.00,0.00,3.00,4.00,8.00,1800.00,0.00,1921.00,0.00,98102.00,47.65,-122.32,2180.00,4620.00
1402200340.00,20140813T000000,385000.00,3.00,1.75,1800.00,18000.00,1.00,0.00,0.00,3.00,8.00,1200.00,600.00,1968.00,0.00,98058.00,47.44,-122.15,1800.00,18000.00
3558900070.00,20140718T000000,497000.00,3.00,2.25,1870.00,9315.00,1.00,0.00,0.00,3.00,7.00,1350.00,520.00,1975.00,0.00,98034.00,47.71,-122.20,2230.00,9579.00
7846700310.00,20140623T000000,280000.00,2.00,1.00,1010.00,3000.00,1.00,0.00,0.00,4.00,7.00,1010.00,0.00,1925.00,0.00,98045.00,47.50,-121.79,1150.00,7000.00
3348401740.00,20150127T000000,188000.00,2.00,1.50,1120.00,17487.00,1.00,0.00,0.00,3.00,6.00,1120.00,0.00,1924.00,0.00,98178.00,47.50,-122.27,1690.00,8056.00
3013300288.00,20140930T000000,478500.00,3.00,1.00,2090.00,4755.00,1.00,0.00,2.00,3.00,8.00,1200.00,890.00,1969.00,0.00,98136.00,47.53,-122.39,1850.00,5300.00
7852070060.00,20140731T000000,1145000.00,4.00,3.50,4370.00,18361.00,2.00,0.00,0.00,3.00,11.00,4370.00,0.00,2001.00,0.00,98065.00,47.54,-121.87,4190.00,13641.00
5029450160.00,20140815T000000,222000.00,3.00,2.00,1440.00,7187.00,1.00,0.00,0.00,4.00,7.00,970.00,470.00,1981.00,0.00,98023.00,47.29,-122.37,1440.00,7187.00
3526069070.00,20140528T000000,799000.00,4.00,3.00,2580.00,209523.00,2.00,0.00,0.00,3.00,8.00,2580.00,0.00,1984.00,0.00,98053.00,47.69,-122.01,3440.00,213444.00
5104540240.00,20140609T000000,609900.00,4.00,2.50,3190.00,7399.00,2.00,0.00,0.00,3.00,10.00,3190.00,0.00,2006.00,0.00,98038.00,47.36,-122.00,3250.00,7323.00
3438500486.00,20141016T000000,413000.00,4.00,3.50,2380.00,5809.00,2.00,0.00,0.00,4.00,7.00,1750.00,630.00,1995.00,0.00,98106.00,47.55,-122.36,1620.00,5775.00
5102400105.00,20141013T000000,400000.00,4.00,1.00,1420.00,4875.00,1.50,0.00,0.00,3.00,7.00,1420.00,0.00,1930.00,0.00,98115.00,47.69,-122.32,1110.00,5413.00
2346200030.00,20150105T000000,802541.00,5.00,2.75,2990.00,6768.00,2.00,0.00,0.00,3.00,9.00,2990.00,0.00,2014.00,0.00,98006.00,47.55,-122.18,2870.00,6768.00
1321710030.00,20140519T000000,320000.00,3.00,2.50,2680.00,7757.00,2.00,0.00,0.00,3.00,8.00,2680.00,0.00,1990.00,0.00,98023.00,47.29,-122.35,2430.00,8231.00
7853290030.00,20150311T000000,507000.00,4.00,2.50,2730.00,7649.00,2.00,0.00,0.00,3.00,7.00,2730.00,0.00,2006.00,0.00,98065.00,47.54,-121.88,2730.00,6216.00
1566100400.00,20140924T000000,387500.00,3.00,1.00,1220.00,8329.00,1.00,0.00,0.00,3.00,6.00,1220.00,0.00,1946.00,0.00,98115.00,47.70,-122.30,1490.00,8322.00
1775800800.00,20150224T000000,396000.00,3.00,1.00,1500.00,12616.00,1.00,0.00,0.00,3.00,7.00,1500.00,0.00,1967.00,0.00,98072.00,47.74,-122.10,1820.00,13950.00
9133600075.00,20140821T000000,373000.00,3.00,1.75,1830.00,11788.00,1.00,0.00,1.00,3.00,8.00,1430.00,400.00,1958.00,0.00,98055.00,47.49,-122.22,2140.00,11964.00
5450900060.00,20140923T000000,1484900.00,5.00,2.50,4570.00,19252.00,2.00,0.00,0.00,5.00,10.00,4570.00,0.00,1965.00,0.00,98040.00,47.56,-122.22,3180.00,13314.00
1402600700.00,20140721T000000,359900.00,4.00,2.25,2470.00,7698.00,2.00,0.00,0.00,3.00,8.00,2470.00,0.00,1983.00,0.00,98058.00,47.44,-122.14,2330.00,7986.00
8024200350.00,20150304T000000,410000.00,2.00,1.00,800.00,4342.00,1.00,0.00,0.00,3.00,6.00,670.00,130.00,1927.00,0.00,98115.00,47.70,-122.32,1210.00,4343.00
3121500340.00,20140712T000000,690000.00,4.00,2.50,2900.00,23488.00,2.00,0.00,0.00,3.00,9.00,2900.00,0.00,1992.00,0.00,98053.00,47.67,-122.03,2900.00,34589.00
7697870860.00,20140625T000000,245000.00,3.00,2.00,1410.00,5760.00,1.00,0.00,0.00,3.00,7.00,1410.00,0.00,1985.00,0.00,98030.00,47.37,-122.19,1670.00,6222.00
7527200030.00,20141229T000000,700000.00,5.00,2.50,2830.00,25958.00,1.00,0.00,1.00,5.00,8.00,1610.00,1220.00,1979.00,0.00,98075.00,47.59,-122.08,2670.00,21567.00
2013200390.00,20140922T000000,268000.00,4.00,1.75,1680.00,9966.00,1.00,0.00,0.00,3.00,7.00,1100.00,580.00,1977.00,0.00,98198.00,47.39,-122.31,2400.00,10369.00
766500030.00,20140610T000000,225000.00,3.00,1.75,1760.00,26055.00,1.00,0.00,0.00,3.00,7.00,920.00,840.00,1979.00,0.00,98042.00,47.37,-122.10,1350.00,13475.00
6664000030.00,20141009T000000,980000.00,4.00,2.25,2240.00,11034.00,2.00,0.00,0.00,3.00,8.00,2240.00,0.00,1976.00,0.00,98004.00,47.59,-122.20,2300.00,11550.00
9349900105.00,20150407T000000,795000.00,2.00,1.00,1380.00,5000.00,1.50,0.00,2.00,3.00,5.00,1380.00,0.00,1905.00,0.00,98106.00,47.57,-122.36,1500.00,5000.00
1895000045.00,20150504T000000,195000.00,2.00,1.00,820.00,5100.00,1.00,0.00,0.00,3.00,6.00,820.00,0.00,1953.00,0.00,98118.00,47.52,-122.26,1170.00,5304.00
6205500030.00,20141103T000000,480000.00,4.00,2.00,2180.00,10575.00,1.00,0.00,0.00,2.00,6.00,1730.00,450.00,1950.00,0.00,98005.00,47.59,-122.18,2180.00,12010.00
7011200260.00,20141219T000000,485000.00,4.00,2.00,1400.00,3600.00,1.00,0.00,0.00,3.00,7.00,1100.00,300.00,1900.00,0.00,98119.00,47.64,-122.37,1630.00,2048.00
41000454.00,20140815T000000,130000.00,2.00,1.00,880.00,9000.00,1.00,0.00,0.00,3.00,5.00,880.00,0.00,1928.00,0.00,98188.00,47.47,-122.29,1410.00,10000.00
7203600550.00,20140804T000000,325000.00,2.00,1.00,1060.00,5703.00,1.00,0.00,2.00,4.00,6.00,1060.00,0.00,1946.00,0.00,98198.00,47.34,-122.33,2240.00,4416.00
9477200560.00,20150413T000000,440000.00,3.00,1.75,1530.00,7245.00,1.00,0.00,0.00,4.00,7.00,1530.00,0.00,1984.00,0.00,98034.00,47.73,-122.19,1530.00,7490.00
4022907770.00,20141014T000000,550000.00,4.00,1.75,2480.00,14782.00,1.00,0.00,3.00,3.00,8.00,1460.00,1020.00,1958.00,0.00,98155.00,47.76,-122.27,2910.00,10800.00
5231000060.00,20140805T000000,310000.00,3.00,1.75,1490.00,7150.00,1.00,0.00,0.00,5.00,6.00,1490.00,0.00,1967.00,0.00,98059.00,47.50,-122.12,1350.00,9100.00
6055000310.00,20140701T000000,530000.00,3.00,2.50,3660.00,39478.00,2.00,0.00,2.00,4.00,9.00,3260.00,400.00,1989.00,0.00,98022.00,47.24,-121.97,2700.00,38312.00
3216900060.00,20140625T000000,390000.00,4.00,2.50,2340.00,8548.00,2.00,0.00,0.00,3.00,8.00,2340.00,0.00,1993.00,0.00,98031.00,47.42,-122.18,1970.00,6818.00
7967200060.00,20140908T000000,243000.00,3.00,1.75,1450.00,12125.00,1.00,0.00,0.00,4.00,7.00,1450.00,0.00,1981.00,0.00,98001.00,47.36,-122.28,1210.00,12125.00
8077210350.00,20140722T000000,639000.00,4.00,2.50,2210.00,9875.00,2.00,0.00,0.00,3.00,9.00,2210.00,0.00,1990.00,0.00,98074.00,47.63,-122.03,2440.00,8799.00
7203000640.00,20140918T000000,215000.00,4.00,1.00,1130.00,7400.00,1.00,0.00,0.00,4.00,7.00,1130.00,0.00,1969.00,0.00,98003.00,47.34,-122.32,1540.00,7379.00
2988000070.00,20150304T000000,405000.00,5.00,1.75,1550.00,10500.00,1.00,0.00,0.00,3.00,7.00,1100.00,450.00,1961.00,0.00,98011.00,47.76,-122.22,1420.00,9823.00
3832200070.00,20141222T000000,250000.00,4.00,1.75,1710.00,7140.00,1.00,0.00,0.00,5.00,7.00,1010.00,700.00,1968.00,0.00,98032.00,47.37,-122.28,1770.00,8960.00
3670500710.00,20140715T000000,405500.00,3.00,1.50,1010.00,8108.00,1.00,0.00,0.00,5.00,7.00,1010.00,0.00,1954.00,0.00,98155.00,47.74,-122.31,1300.00,8108.00
8820903380.00,20140728T000000,452000.00,6.00,2.25,2660.00,13579.00,2.00,0.00,0.00,3.00,7.00,2660.00,0.00,1937.00,1990.00,98125.00,47.71,-122.29,1120.00,8242.00
8820903380.00,20150102T000000,730000.00,6.00,2.25,2660.00,13579.00,2.00,0.00,0.00,3.00,7.00,2660.00,0.00,1937.00,1990.00,98125.00,47.71,-122.29,1120.00,8242.00
4233400400.00,20150414T000000,267000.00,3.00,2.00,1300.00,9644.00,1.00,0.00,0.00,3.00,7.00,1300.00,0.00,1994.00,0.00,98010.00,47.31,-122.00,1430.00,9656.00
3793500550.00,20140808T000000,289950.00,3.00,2.50,1670.00,6186.00,2.00,0.00,0.00,3.00,7.00,1670.00,0.00,2002.00,0.00,98038.00,47.37,-122.03,2390.00,6924.00
6431000270.00,20140728T000000,565000.00,2.00,1.00,960.00,4080.00,1.00,0.00,0.00,5.00,7.00,960.00,0.00,1911.00,0.00,98103.00,47.69,-122.35,1300.00,4080.00
2225059214.00,20140808T000000,1578000.00,4.00,3.25,4670.00,51836.00,2.00,0.00,0.00,4.00,12.00,4670.00,0.00,1988.00,0.00,98005.00,47.64,-122.16,4230.00,41075.00
7694800270.00,20150420T000000,636000.00,3.00,2.50,2140.00,2770.00,2.00,0.00,0.00,3.00,8.00,1770.00,370.00,2007.00,0.00,98052.00,47.67,-122.13,2510.00,2708.00
2171400197.00,20140918T000000,350000.00,5.00,3.00,2520.00,5500.00,1.00,0.00,0.00,3.00,8.00,1550.00,970.00,2004.00,0.00,98178.00,47.49,-122.26,1700.00,8000.00
2473400340.00,20140604T000000,320000.00,3.00,1.50,1650.00,9380.00,1.00,0.00,0.00,5.00,7.00,1130.00,520.00,1978.00,0.00,98058.00,47.45,-122.16,1720.00,8856.00
3530490070.00,20140613T000000,210000.00,2.00,1.75,1440.00,5680.00,1.00,0.00,0.00,4.00,8.00,1440.00,0.00,1978.00,0.00,98198.00,47.38,-122.32,1320.00,3547.00
1932300075.00,20140910T000000,245000.00,2.00,1.00,1050.00,5900.00,1.00,0.00,0.00,3.00,7.00,1050.00,0.00,1950.00,0.00,98126.00,47.53,-122.38,1280.00,5900.00
2525000510.00,20141106T000000,328000.00,3.00,1.75,1470.00,7650.00,1.00,0.00,0.00,3.00,7.00,1130.00,340.00,1983.00,0.00,98059.00,47.48,-122.16,1590.00,7500.00
1853000510.00,20140509T000000,985000.00,4.00,2.25,4230.00,37769.00,2.00,0.00,0.00,3.00,11.00,4230.00,0.00,1989.00,0.00,98077.00,47.73,-122.08,3890.00,37034.00
1742800060.00,20140612T000000,501000.00,3.00,1.75,1970.00,7972.00,1.00,0.00,3.00,5.00,8.00,1370.00,600.00,1976.00,0.00,98055.00,47.49,-122.23,2460.00,9796.00
2723089104.00,20140917T000000,315000.00,3.00,2.25,1540.00,17424.00,2.00,0.00,0.00,3.00,7.00,1540.00,0.00,1992.00,0.00,98045.00,47.44,-121.76,1560.00,11439.00
2619950350.00,20140508T000000,403000.00,3.00,2.75,2090.00,8354.00,2.00,0.00,0.00,3.00,8.00,2090.00,0.00,2012.00,0.00,98019.00,47.73,-121.97,2280.00,6348.00
4021100045.00,20140715T000000,550000.00,3.00,2.00,2380.00,17950.00,2.00,0.00,0.00,4.00,8.00,2110.00,270.00,1934.00,0.00,98155.00,47.76,-122.28,2030.00,23900.00
731500200.00,20150113T000000,347500.00,4.00,2.50,2156.00,3562.00,2.00,0.00,0.00,3.00,9.00,2156.00,0.00,2012.00,0.00,98030.00,47.36,-122.20,1708.00,3539.00
2591820310.00,20141006T000000,365000.00,4.00,2.25,2070.00,8893.00,2.00,0.00,0.00,4.00,8.00,2070.00,0.00,1986.00,0.00,98058.00,47.44,-122.16,2390.00,7700.00
3626039299.00,20150224T000000,588000.00,3.00,1.00,1910.00,8167.00,1.00,0.00,0.00,4.00,8.00,1270.00,640.00,1951.00,0.00,98117.00,47.70,-122.37,1500.00,6816.00
9346980140.00,20140820T000000,605000.00,3.00,1.75,1920.00,7400.00,1.00,0.00,0.00,4.00,8.00,1260.00,660.00,1977.00,0.00,98006.00,47.56,-122.13,2360.00,8048.00
6613000140.00,20141113T000000,1300000.00,3.00,3.25,3400.00,5979.00,2.00,0.00,0.00,4.00,9.00,2290.00,1110.00,1937.00,0.00,98105.00,47.66,-122.27,3090.00,6435.00
8159610060.00,20141119T000000,233000.00,3.00,2.00,1400.00,9177.00,1.00,0.00,0.00,3.00,7.00,1400.00,0.00,1974.00,0.00,98001.00,47.34,-122.27,2020.00,8547.00
7830800339.00,20140728T000000,360000.00,4.00,2.50,2210.00,17715.00,2.00,0.00,0.00,3.00,8.00,2210.00,0.00,1997.00,0.00,98030.00,47.38,-122.20,2210.00,16907.00
1588600045.00,20141215T000000,459000.00,2.00,1.75,1170.00,4887.00,1.00,0.00,0.00,3.00,6.00,1020.00,150.00,1929.00,0.00,98117.00,47.70,-122.37,1170.00,5441.00
826069046.00,20141107T000000,740000.00,3.00,2.00,2100.00,72745.00,1.00,0.00,0.00,4.00,9.00,2100.00,0.00,1995.00,0.00,98077.00,47.75,-122.06,2290.00,54885.00
1771000890.00,20140917T000000,305000.00,3.00,1.00,1160.00,9750.00,1.00,0.00,0.00,3.00,7.00,1160.00,0.00,1967.00,0.00,98077.00,47.74,-122.07,1160.00,9650.00
3300701170.00,20140620T000000,395000.00,3.00,1.00,1500.00,4000.00,1.00,0.00,0.00,3.00,6.00,900.00,600.00,1925.00,0.00,98117.00,47.69,-122.38,950.00,4000.00
7340500270.00,20150123T000000,560000.00,4.00,2.50,2940.00,6000.00,2.00,0.00,0.00,3.00,8.00,2940.00,0.00,2000.00,0.00,98011.00,47.75,-122.20,2510.00,6600.00
9277200111.00,20140714T000000,650000.00,4.00,1.75,2010.00,5070.00,1.00,0.00,1.00,4.00,7.00,1300.00,710.00,1963.00,0.00,98116.00,47.58,-122.40,2180.00,5400.00
293720140.00,20140605T000000,449950.00,3.00,2.50,2170.00,4912.00,2.00,0.00,0.00,3.00,7.00,2170.00,0.00,2003.00,0.00,98028.00,47.78,-122.24,2010.00,4395.00
579003610.00,20150224T000000,517500.00,3.00,1.50,1430.00,5200.00,1.00,0.00,3.00,4.00,7.00,1250.00,180.00,1940.00,0.00,98117.00,47.70,-122.39,2210.00,6240.00
1138020200.00,20140903T000000,435000.00,4.00,1.50,1510.00,6460.00,1.00,0.00,0.00,3.00,7.00,1070.00,440.00,1970.00,0.00,98034.00,47.71,-122.21,1450.00,6630.00
3432500200.00,20150409T000000,329999.00,3.00,1.00,1150.00,6908.00,1.00,0.00,0.00,3.00,6.00,800.00,350.00,1952.00,0.00,98155.00,47.74,-122.31,1150.00,6908.00
1563102435.00,20141210T000000,950000.00,3.00,1.75,2150.00,4200.00,1.00,0.00,4.00,5.00,8.00,1140.00,1010.00,1960.00,0.00,98116.00,47.57,-122.41,2510.00,7500.00
3959400710.00,20140730T000000,447000.00,3.00,1.00,1370.00,6001.00,1.00,0.00,0.00,5.00,7.00,1230.00,140.00,1944.00,0.00,98108.00,47.56,-122.32,1370.00,5520.00
8682300890.00,20140828T000000,699800.00,2.00,2.50,2380.00,6600.00,1.00,0.00,0.00,3.00,8.00,2380.00,0.00,2010.00,0.00,98053.00,47.72,-122.02,1870.00,6600.00
4385700765.00,20140603T000000,850000.00,3.00,1.75,1370.00,3850.00,1.00,0.00,0.00,5.00,7.00,770.00,600.00,1911.00,1988.00,98112.00,47.64,-122.28,1390.00,3600.00
5149300200.00,20140902T000000,316500.00,3.00,1.75,1600.00,14250.00,1.00,0.00,0.00,3.00,7.00,1070.00,530.00,1979.00,0.00,98023.00,47.33,-122.36,2140.00,14960.00
9323600060.00,20140715T000000,942500.00,5.00,3.50,3750.00,9612.00,1.00,0.00,2.00,4.00,9.00,2030.00,1720.00,1981.00,0.00,98006.00,47.55,-122.16,3270.00,9688.00
9273200140.00,20150121T000000,1310000.00,2.00,2.25,3950.00,3938.00,2.00,0.00,4.00,3.00,10.00,2910.00,1040.00,1991.00,0.00,98116.00,47.59,-122.38,3220.00,4500.00
9542300320.00,20150202T000000,856600.00,4.00,2.25,2400.00,13430.00,1.00,0.00,0.00,4.00,9.00,2400.00,0.00,1964.00,0.00,98005.00,47.60,-122.18,2580.00,10077.00
770000045.00,20141024T000000,405600.00,5.00,1.50,2830.00,4000.00,2.50,0.00,0.00,4.00,8.00,2830.00,0.00,1918.00,0.00,98118.00,47.51,-122.26,1480.00,4000.00
6979900390.00,20140529T000000,565000.00,4.00,2.50,2440.00,22594.00,2.00,0.00,0.00,3.00,8.00,2440.00,0.00,1996.00,0.00,98053.00,47.63,-121.97,2560.00,33341.00
6379500159.00,20140911T000000,400000.00,3.00,2.25,1190.00,1149.00,2.00,0.00,0.00,3.00,8.00,1050.00,140.00,2008.00,0.00,98116.00,47.58,-122.39,1210.00,1316.00
826079094.00,20150324T000000,330000.00,3.00,2.00,1400.00,218252.00,1.00,0.00,0.00,3.00,7.00,1400.00,0.00,1997.00,0.00,98019.00,47.76,-121.93,2230.00,218222.00
8856940060.00,20150227T000000,374950.00,4.00,2.75,2730.00,4683.00,2.00,0.00,0.00,3.00,7.00,2730.00,0.00,2005.00,0.00,98038.00,47.36,-122.04,2230.00,4924.00
2972300060.00,20141217T000000,405300.00,3.00,2.75,2390.00,7939.00,1.00,0.00,0.00,5.00,7.00,1610.00,780.00,1983.00,0.00,98056.00,47.50,-122.17,1920.00,7939.00
3575200070.00,20141104T000000,560000.00,3.00,2.25,2060.00,31400.00,2.00,0.00,0.00,3.00,8.00,2060.00,0.00,1984.00,0.00,98074.00,47.62,-122.06,2160.00,34500.00
8146100270.00,20150324T000000,824000.00,4.00,2.25,2490.00,9864.00,1.00,0.00,0.00,4.00,8.00,1290.00,1200.00,1961.00,0.00,98004.00,47.61,-122.20,2360.00,9864.00
8648200030.00,20140716T000000,260000.00,3.00,1.75,1100.00,10968.00,1.00,0.00,0.00,5.00,7.00,1100.00,0.00,1984.00,0.00,98042.00,47.36,-122.08,1400.00,7799.00
208500160.00,20150107T000000,760000.00,4.00,2.50,2430.00,6099.00,1.00,0.00,0.00,5.00,8.00,1470.00,960.00,1965.00,0.00,98115.00,47.68,-122.29,2180.00,6099.00
1196003428.00,20140624T000000,405000.00,3.00,2.50,3170.00,12750.00,2.00,0.00,0.00,3.00,10.00,2360.00,810.00,1995.00,0.00,98023.00,47.34,-122.34,2970.00,13125.00
5104450990.00,20140619T000000,429900.00,4.00,2.50,2640.00,8625.00,2.00,0.00,0.00,3.00,8.00,2640.00,0.00,1987.00,0.00,98058.00,47.46,-122.15,2240.00,8700.00
3343901234.00,20141113T000000,341500.00,3.00,1.50,1130.00,7223.00,1.00,0.00,0.00,4.00,7.00,1130.00,0.00,1961.00,0.00,98056.00,47.51,-122.19,1320.00,7356.00
226039214.00,20140612T000000,465250.00,5.00,2.00,1940.00,7642.00,1.50,0.00,0.00,3.00,7.00,1940.00,0.00,1957.00,0.00,98177.00,47.78,-122.38,1940.00,8724.00
1623300160.00,20140506T000000,450000.00,2.00,2.00,1100.00,3000.00,1.50,0.00,0.00,3.00,7.00,1100.00,0.00,1912.00,2005.00,98117.00,47.68,-122.36,1390.00,4000.00
2205500575.00,20150209T000000,390000.00,3.00,1.00,1200.00,10800.00,1.00,0.00,0.00,4.00,7.00,1200.00,0.00,1955.00,0.00,98006.00,47.58,-122.14,1370.00,9950.00
4040800810.00,20140502T000000,420000.00,3.00,2.25,2000.00,8030.00,1.00,0.00,0.00,4.00,8.00,1000.00,1000.00,1963.00,0.00,98008.00,47.62,-122.11,2070.00,8250.00
2612000390.00,20140615T000000,269950.00,3.00,2.50,1890.00,4838.00,2.00,0.00,0.00,3.00,8.00,1730.00,160.00,2002.00,0.00,98168.00,47.48,-122.28,1910.00,7409.00
3814400125.00,20141016T000000,493000.00,4.00,2.00,1910.00,2874.00,1.00,0.00,0.00,3.00,7.00,1060.00,850.00,1910.00,0.00,98122.00,47.61,-122.30,1520.00,2874.00
7300400060.00,20140515T000000,370000.00,4.00,2.50,2710.00,5880.00,2.00,0.00,0.00,3.00,9.00,2710.00,0.00,1998.00,0.00,98092.00,47.33,-122.17,2520.00,6000.00
1954700695.00,20140612T000000,2250000.00,5.00,4.25,4860.00,9453.00,1.50,0.00,1.00,5.00,10.00,3100.00,1760.00,1905.00,0.00,98112.00,47.62,-122.29,3150.00,8557.00
7230200340.00,20150225T000000,305000.00,3.00,1.00,1250.00,23680.00,1.00,0.00,0.00,5.00,7.00,1250.00,0.00,1967.00,0.00,98059.00,47.48,-122.11,1450.00,23680.00
3191000240.00,20140612T000000,400000.00,3.00,1.75,1590.00,8219.00,1.50,0.00,0.00,5.00,6.00,970.00,620.00,1938.00,0.00,98034.00,47.71,-122.22,2030.00,7504.00
1139000069.00,20141118T000000,320000.00,3.00,1.50,1240.00,1221.00,2.00,0.00,0.00,3.00,8.00,1050.00,190.00,2009.00,0.00,98133.00,47.71,-122.36,1180.00,887.00
5693500270.00,20150121T000000,715000.00,4.00,1.00,2000.00,4800.00,2.00,0.00,0.00,4.00,7.00,2000.00,0.00,1911.00,0.00,98103.00,47.66,-122.35,1260.00,1452.00
686500030.00,20141202T000000,650000.00,6.00,2.75,3610.00,10003.00,1.50,0.00,0.00,4.00,8.00,3610.00,0.00,1966.00,0.00,98008.00,47.63,-122.13,2560.00,10004.00
8731901940.00,20150304T000000,218000.00,5.00,1.75,1930.00,8040.00,1.00,0.00,0.00,4.00,8.00,1930.00,0.00,1966.00,0.00,98023.00,47.31,-122.38,2370.00,8000.00
2688100071.00,20150415T000000,500000.00,2.00,1.00,1280.00,5400.00,1.00,0.00,0.00,3.00,7.00,1280.00,0.00,1964.00,0.00,98117.00,47.69,-122.37,1540.00,5670.00
2423069155.00,20141120T000000,460000.00,4.00,2.00,2090.00,40419.00,1.00,0.00,0.00,4.00,7.00,2090.00,0.00,1984.00,0.00,98027.00,47.47,-121.99,2380.00,63162.00
2329500260.00,20140709T000000,232500.00,3.00,1.50,1940.00,9887.00,1.00,0.00,0.00,4.00,7.00,1140.00,800.00,1969.00,0.00,98003.00,47.33,-122.33,1410.00,9936.00
2608300030.00,20140516T000000,408200.00,3.00,2.50,1800.00,5761.00,2.00,0.00,0.00,4.00,7.00,1800.00,0.00,1990.00,0.00,98106.00,47.53,-122.36,1800.00,5952.00
1494300060.00,20140611T000000,522000.00,3.00,1.75,1730.00,8400.00,1.00,0.00,0.00,4.00,7.00,1400.00,330.00,1980.00,0.00,98052.00,47.68,-122.12,1830.00,8636.00
7504101230.00,20140623T000000,675000.00,4.00,2.50,2810.00,11120.00,2.00,0.00,0.00,3.00,9.00,2810.00,0.00,1982.00,0.00,98074.00,47.63,-122.04,3100.00,12672.00
8081020370.00,20140709T000000,1355000.00,4.00,3.50,3550.00,11000.00,1.00,0.00,2.00,3.00,11.00,2260.00,1290.00,1999.00,0.00,98006.00,47.55,-122.13,4100.00,10012.00
1446800511.00,20141009T000000,249950.00,4.00,1.00,1330.00,7980.00,1.50,0.00,0.00,3.00,6.00,1330.00,0.00,1952.00,0.00,98168.00,47.49,-122.33,1570.00,8588.00
1623049062.00,20150304T000000,210000.00,2.00,1.00,750.00,34133.00,1.00,0.00,0.00,3.00,6.00,750.00,0.00,1950.00,0.00,98168.00,47.48,-122.29,1460.00,25792.00
6145601000.00,20140711T000000,429950.00,4.00,1.00,1760.00,7216.00,1.00,0.00,0.00,3.00,7.00,1090.00,670.00,1947.00,0.00,98133.00,47.70,-122.36,1180.00,3844.00
205000520.00,20141006T000000,737500.00,4.00,2.50,3200.00,36276.00,2.00,0.00,0.00,3.00,9.00,3200.00,0.00,1993.00,0.00,98053.00,47.63,-121.99,2930.00,33171.00
3885805935.00,20140926T000000,710000.00,4.00,2.00,1740.00,9000.00,1.00,0.00,0.00,5.00,8.00,1740.00,0.00,1958.00,0.00,98033.00,47.68,-122.20,1850.00,7700.00
7852020640.00,20141020T000000,470000.00,3.00,2.50,2100.00,4700.00,2.00,0.00,0.00,3.00,8.00,2100.00,0.00,1999.00,0.00,98065.00,47.53,-121.87,2100.00,4700.00
6838800140.00,20150224T000000,1100000.00,4.00,3.50,4270.00,40097.00,1.00,0.00,0.00,4.00,12.00,4270.00,0.00,1993.00,0.00,98077.00,47.74,-122.08,3510.00,36149.00
4083305445.00,20140815T000000,650000.00,3.00,2.00,1340.00,2720.00,1.50,0.00,0.00,3.00,7.00,1340.00,0.00,1913.00,0.00,98103.00,47.65,-122.34,2030.00,4590.00
7855801610.00,20140519T000000,1216000.00,4.00,2.50,3190.00,8684.00,1.00,0.00,3.00,5.00,9.00,1680.00,1510.00,1967.00,0.00,98006.00,47.56,-122.16,3160.00,8684.00
7940700260.00,20150115T000000,422120.00,3.00,2.50,1630.00,4534.00,2.00,0.00,0.00,3.00,8.00,1630.00,0.00,1987.00,0.00,98034.00,47.71,-122.21,1380.00,4779.00
8854100350.00,20150107T000000,625000.00,5.00,2.50,2990.00,15085.00,2.00,0.00,0.00,3.00,9.00,2990.00,0.00,2007.00,0.00,98011.00,47.75,-122.22,3150.00,13076.00
4365200860.00,20140606T000000,385200.00,4.00,1.00,1550.00,7740.00,1.50,0.00,0.00,3.00,6.00,1550.00,0.00,1954.00,0.00,98126.00,47.52,-122.38,1220.00,7740.00
3904980030.00,20150414T000000,500000.00,3.00,2.25,1690.00,4964.00,2.00,0.00,0.00,3.00,8.00,1690.00,0.00,1989.00,0.00,98029.00,47.58,-122.01,1800.00,5036.00
7843500070.00,20141118T000000,308000.00,4.00,2.25,1960.00,12243.00,2.00,0.00,0.00,3.00,8.00,1960.00,0.00,1989.00,0.00,98042.00,47.34,-122.06,1910.00,12230.00
6067900060.00,20140605T000000,565000.00,3.00,2.75,2390.00,9966.00,1.00,0.00,0.00,5.00,8.00,1360.00,1030.00,1977.00,0.00,98006.00,47.54,-122.19,2140.00,10713.00
7202340960.00,20140908T000000,581000.00,3.00,2.50,2600.00,4438.00,2.00,0.00,0.00,3.00,7.00,2600.00,0.00,2004.00,0.00,98053.00,47.68,-122.03,2600.00,4904.00
1786640070.00,20140806T000000,361000.00,3.00,2.00,1950.00,8698.00,1.00,0.00,0.00,3.00,8.00,1950.00,0.00,1999.00,0.00,98042.00,47.39,-122.15,2330.00,7212.00
259600260.00,20150122T000000,345000.00,3.00,1.00,1250.00,7210.00,1.00,0.00,0.00,4.00,7.00,1250.00,0.00,1964.00,0.00,98008.00,47.63,-122.12,1530.00,8800.00
7234600903.00,20141016T000000,419000.00,2.00,2.25,1180.00,1253.00,2.00,0.00,0.00,3.00,8.00,840.00,340.00,2008.00,0.00,98122.00,47.61,-122.31,1310.00,1963.00
4307350200.00,20150512T000000,347000.00,3.00,2.50,1680.00,4308.00,2.00,0.00,0.00,3.00,7.00,1680.00,0.00,2004.00,0.00,98056.00,47.48,-122.18,2160.00,4182.00
3276930400.00,20141022T000000,625000.00,4.00,2.25,2220.00,36085.00,2.00,0.00,0.00,3.00,9.00,2220.00,0.00,1989.00,0.00,98075.00,47.58,-121.99,3000.00,36906.00
4045100075.00,20150325T000000,2400000.00,4.00,4.25,4890.00,15188.00,2.00,0.00,2.00,3.00,11.00,3090.00,1800.00,1999.00,0.00,98040.00,47.56,-122.23,3470.00,16201.00
1421069208.00,20141223T000000,379000.00,3.00,3.25,2660.00,17852.00,2.50,0.00,0.00,3.00,8.00,2660.00,0.00,2014.00,0.00,98010.00,47.31,-122.01,1320.00,11876.00
4057300200.00,20141222T000000,310000.00,3.00,1.50,1150.00,3323.00,2.00,0.00,0.00,3.00,7.00,1150.00,0.00,1988.00,0.00,98029.00,47.57,-122.02,1150.00,2980.00
1922059135.00,20150513T000000,250000.00,2.00,2.00,1130.00,5500.00,1.00,0.00,0.00,4.00,6.00,1130.00,0.00,1941.00,0.00,98030.00,47.38,-122.23,1320.00,6600.00
5014600240.00,20140814T000000,682000.00,5.00,2.75,2760.00,5000.00,2.00,0.00,0.00,3.00,9.00,2760.00,0.00,2005.00,0.00,98059.00,47.54,-122.19,2870.00,5030.00
1565900070.00,20140721T000000,246500.00,3.00,2.00,1430.00,8919.00,1.00,0.00,0.00,3.00,7.00,1430.00,0.00,1992.00,0.00,98022.00,47.21,-121.98,1580.00,8919.00
3121059033.00,20141029T000000,325000.00,3.00,1.00,1490.00,57381.00,1.50,0.00,0.00,4.00,5.00,1490.00,0.00,1932.00,0.00,98092.00,47.26,-122.23,1580.00,101529.00
6799300270.00,20140806T000000,310950.00,4.00,2.50,2030.00,4997.00,2.00,0.00,0.00,3.00,8.00,2030.00,0.00,2004.00,0.00,98031.00,47.39,-122.18,2095.00,5500.00
2021200370.00,20140901T000000,1100000.00,3.00,2.00,3010.00,5000.00,2.00,0.00,2.00,5.00,9.00,1890.00,1120.00,1931.00,0.00,98199.00,47.63,-122.40,2688.00,5000.00
726049190.00,20141002T000000,287500.00,3.00,1.00,1810.00,7200.00,1.00,0.00,0.00,4.00,7.00,1130.00,680.00,1954.00,0.00,98133.00,47.75,-122.35,1810.00,8100.00
726049190.00,20150218T000000,431000.00,3.00,1.00,1810.00,7200.00,1.00,0.00,0.00,4.00,7.00,1130.00,680.00,1954.00,0.00,98133.00,47.75,-122.35,1810.00,8100.00
4006000251.00,20140822T000000,226000.00,3.00,1.00,970.00,5000.00,1.00,0.00,0.00,3.00,6.00,970.00,0.00,1968.00,0.00,98118.00,47.53,-122.28,1290.00,5875.00
3362400640.00,20150512T000000,825000.00,3.00,1.75,2010.00,3090.00,1.50,0.00,0.00,5.00,7.00,1510.00,500.00,1926.00,0.00,98103.00,47.68,-122.35,1600.00,3150.00
1610000016.00,20140911T000000,175000.00,4.00,1.00,1300.00,6030.00,1.50,0.00,0.00,3.00,6.00,1300.00,0.00,1947.00,0.00,98168.00,47.48,-122.29,1240.00,6900.00
7376300060.00,20140515T000000,465750.00,3.00,1.50,1260.00,10350.00,1.00,0.00,0.00,3.00,7.00,1260.00,0.00,1959.00,0.00,98008.00,47.64,-122.12,1800.00,10350.00
7300200550.00,20150319T000000,659000.00,4.00,2.25,2610.00,24931.00,2.00,0.00,0.00,3.00,8.00,2610.00,0.00,1983.00,0.00,98075.00,47.58,-122.05,2550.00,18306.00
2061100570.00,20150210T000000,595000.00,3.00,1.75,1910.00,5753.00,1.00,0.00,3.00,3.00,8.00,1110.00,800.00,1941.00,0.00,98115.00,47.69,-122.33,1630.00,5580.00
8856890200.00,20140626T000000,350000.00,3.00,2.25,1780.00,16290.00,2.00,0.00,0.00,4.00,8.00,1780.00,0.00,1987.00,0.00,98058.00,47.46,-122.13,1780.00,8810.00
8731951670.00,20140606T000000,270000.00,4.00,2.25,1900.00,8600.00,1.00,0.00,0.00,4.00,8.00,1900.00,0.00,1975.00,0.00,98023.00,47.31,-122.38,2120.00,8000.00
4037200075.00,20140911T000000,662500.00,6.00,2.25,2450.00,25600.00,1.00,0.00,2.00,3.00,7.00,1340.00,1110.00,1957.00,0.00,98008.00,47.61,-122.12,1850.00,10230.00
5066400483.00,20141120T000000,249900.00,3.00,1.75,1380.00,14000.00,1.00,0.00,0.00,4.00,5.00,1380.00,0.00,1939.00,1957.00,98001.00,47.29,-122.28,1490.00,18503.00
4167300310.00,20150317T000000,324500.00,3.00,1.75,1920.00,11340.00,1.00,0.00,0.00,4.00,7.00,1230.00,690.00,1977.00,0.00,98023.00,47.33,-122.36,1980.00,9638.00
8682262400.00,20140718T000000,430000.00,2.00,1.75,1350.00,4003.00,1.00,0.00,0.00,3.00,8.00,1350.00,0.00,2004.00,0.00,98053.00,47.72,-122.03,1350.00,4479.00
8682262400.00,20150513T000000,419950.00,2.00,1.75,1350.00,4003.00,1.00,0.00,0.00,3.00,8.00,1350.00,0.00,2004.00,0.00,98053.00,47.72,-122.03,1350.00,4479.00
6777800160.00,20140728T000000,285000.00,4.00,1.75,2510.00,7440.00,1.00,0.00,2.00,4.00,8.00,1290.00,1220.00,1962.00,0.00,98032.00,47.37,-122.28,1790.00,8000.00
1402950550.00,20150107T000000,332000.00,4.00,2.50,2470.00,7780.00,2.00,0.00,0.00,3.00,8.00,2470.00,0.00,2002.00,0.00,98092.00,47.33,-122.19,2100.00,5972.00
2843200070.00,20141215T000000,282000.00,4.00,1.75,1660.00,10725.00,1.00,0.00,0.00,3.00,7.00,960.00,700.00,1956.00,0.00,98168.00,47.50,-122.30,1340.00,9023.00
6450303785.00,20141118T000000,320000.00,3.00,1.00,1340.00,5175.00,1.00,0.00,0.00,3.00,7.00,940.00,400.00,1987.00,0.00,98133.00,47.73,-122.34,1020.00,5500.00
9429500045.00,20140509T000000,428750.00,3.00,1.00,1620.00,30736.00,1.50,0.00,0.00,4.00,7.00,1620.00,0.00,1911.00,1977.00,98006.00,47.57,-122.12,2440.00,28826.00
1443300140.00,20150114T000000,330000.00,3.00,2.25,2300.00,35287.00,2.00,0.00,0.00,3.00,8.00,2300.00,0.00,1977.00,0.00,98022.00,47.25,-121.94,1760.00,47916.00
108000127.00,20141209T000000,456500.00,4.00,3.50,2000.00,2309.00,3.00,0.00,0.00,3.00,8.00,2000.00,0.00,2008.00,0.00,98177.00,47.70,-122.36,1440.00,1548.00
1081300200.00,20140509T000000,352000.00,3.00,2.25,1640.00,11050.00,1.00,0.00,0.00,4.00,8.00,1640.00,0.00,1972.00,0.00,98059.00,47.47,-122.12,1870.00,11050.00
8818900060.00,20141125T000000,664000.00,4.00,2.00,1530.00,4080.00,1.50,0.00,0.00,4.00,7.00,1530.00,0.00,1912.00,0.00,98105.00,47.66,-122.33,1860.00,4080.00
3395050060.00,20140722T000000,628000.00,3.00,1.75,4000.00,11894.00,1.00,0.00,0.00,3.00,9.00,2190.00,1810.00,1987.00,0.00,98011.00,47.77,-122.20,2530.00,8650.00
7197350070.00,20150304T000000,512000.00,3.00,1.75,1610.00,12555.00,1.00,0.00,0.00,3.00,7.00,1080.00,530.00,1977.00,0.00,98052.00,47.66,-122.14,1780.00,10374.00
9510900270.00,20141211T000000,254000.00,3.00,2.00,2070.00,9000.00,1.00,0.00,0.00,4.00,7.00,1450.00,620.00,1969.00,0.00,98023.00,47.31,-122.38,1630.00,7885.00
3905081070.00,20140521T000000,535800.00,4.00,2.50,1900.00,5790.00,2.00,0.00,0.00,3.00,8.00,1900.00,0.00,1994.00,0.00,98029.00,47.57,-122.00,2030.00,5790.00
2322069114.00,20141010T000000,287653.00,3.00,1.00,1050.00,16050.00,1.00,0.00,0.00,4.00,7.00,1050.00,0.00,1960.00,1981.00,98038.00,47.38,-122.01,1610.00,27600.00
5637500070.00,20140731T000000,438000.00,3.00,2.50,1520.00,1304.00,2.00,0.00,0.00,3.00,8.00,1180.00,340.00,2006.00,0.00,98136.00,47.54,-122.39,1270.00,1718.00
4164100160.00,20140716T000000,450000.00,4.00,1.75,2390.00,23899.00,1.00,0.00,0.00,3.00,7.00,1750.00,640.00,1949.00,0.00,98028.00,47.76,-122.24,1840.00,33900.00
4136890260.00,20140627T000000,327000.00,5.00,2.75,2400.00,8050.00,2.00,0.00,0.00,3.00,8.00,2400.00,0.00,1998.00,0.00,98092.00,47.26,-122.21,2400.00,8050.00
3056800160.00,20140812T000000,370500.00,4.00,2.50,1790.00,6120.00,2.00,0.00,0.00,3.00,7.00,1790.00,0.00,2005.00,0.00,98059.00,47.48,-122.13,1950.00,5660.00
3654800200.00,20141022T000000,265000.00,3.00,2.50,1720.00,6271.00,2.00,0.00,0.00,3.00,7.00,1720.00,0.00,1993.00,0.00,98038.00,47.39,-122.05,1570.00,6587.00
2296500036.00,20150310T000000,450000.00,4.00,2.75,2980.00,13260.00,1.00,0.00,0.00,4.00,8.00,1800.00,1180.00,1979.00,0.00,98056.00,47.52,-122.20,1920.00,10731.00
623069068.00,20140627T000000,425000.00,3.00,1.00,1520.00,213444.00,1.50,0.00,3.00,5.00,8.00,1520.00,0.00,1988.00,0.00,98027.00,47.51,-122.09,2640.00,213444.00
1865820370.00,20141113T000000,166600.00,3.00,1.75,1150.00,8690.00,1.00,0.00,0.00,4.00,7.00,1150.00,0.00,1977.00,0.00,98042.00,47.37,-122.12,1330.00,7040.00
1723049033.00,20140620T000000,245000.00,1.00,0.75,380.00,15000.00,1.00,0.00,0.00,3.00,5.00,380.00,0.00,1963.00,0.00,98168.00,47.48,-122.32,1170.00,15000.00
2359300030.00,20150508T000000,565000.00,3.00,1.00,910.00,5212.00,1.00,0.00,0.00,3.00,7.00,910.00,0.00,1951.00,0.00,98115.00,47.67,-122.28,1520.00,6300.00
6403310060.00,20140811T000000,539900.00,3.00,1.75,1650.00,10150.00,1.00,0.00,0.00,3.00,8.00,1230.00,420.00,1976.00,0.00,98033.00,47.70,-122.17,1930.00,8958.00
1937300270.00,20150303T000000,910000.00,3.00,3.50,2480.00,3200.00,2.00,0.00,0.00,3.00,10.00,2480.00,0.00,2010.00,0.00,98144.00,47.60,-122.31,1980.00,3200.00
4137050060.00,20141104T000000,280000.00,4.00,2.50,2050.00,7416.00,2.00,0.00,0.00,3.00,8.00,2050.00,0.00,1990.00,0.00,98092.00,47.27,-122.22,2050.00,7920.00
2310000240.00,20150313T000000,275000.00,3.00,2.25,1420.00,8549.00,2.00,0.00,0.00,4.00,7.00,1420.00,0.00,1989.00,0.00,98038.00,47.36,-122.04,1560.00,7471.00
3955900830.00,20150427T000000,467000.00,3.00,2.50,3460.00,6590.00,2.00,0.00,0.00,3.00,7.00,3460.00,0.00,2001.00,0.00,98056.00,47.48,-122.19,2490.00,6312.00
8665050060.00,20140731T000000,457500.00,3.00,2.50,1500.00,4445.00,2.00,0.00,0.00,3.00,8.00,1500.00,0.00,1996.00,0.00,98029.00,47.57,-122.01,1730.00,4408.00
3330500875.00,20141226T000000,381156.00,2.00,1.00,1320.00,3090.00,1.00,0.00,0.00,4.00,7.00,1320.00,0.00,1908.00,0.00,98118.00,47.55,-122.28,1270.00,4120.00
3327020400.00,20150423T000000,289999.00,5.00,2.50,2180.00,8240.00,1.00,0.00,0.00,4.00,8.00,1220.00,960.00,1977.00,0.00,98092.00,47.31,-122.19,2050.00,7590.00
1250700060.00,20150422T000000,642450.00,3.00,1.75,1830.00,4160.00,1.00,0.00,0.00,3.00,7.00,1230.00,600.00,1919.00,0.00,98144.00,47.60,-122.29,1950.00,4160.00
4039300400.00,20140919T000000,469950.00,3.00,2.25,1620.00,8701.00,1.00,0.00,0.00,3.00,7.00,1220.00,400.00,1962.00,0.00,98007.00,47.61,-122.14,1600.00,7910.00
6665800060.00,20150305T000000,795000.00,3.00,2.00,2920.00,13650.00,1.00,0.00,2.00,5.00,8.00,1460.00,1460.00,1975.00,0.00,98033.00,47.67,-122.19,2920.00,10988.00
7504110030.00,20150211T000000,785000.00,4.00,2.50,3300.00,10514.00,2.00,0.00,0.00,3.00,10.00,3300.00,0.00,1984.00,0.00,98074.00,47.63,-122.04,2820.00,11462.00
7805450810.00,20140530T000000,860000.00,3.00,2.25,3060.00,12095.00,2.00,0.00,0.00,3.00,10.00,3060.00,0.00,1983.00,0.00,98006.00,47.56,-122.11,3060.00,11455.00
6306400140.00,20140612T000000,1095000.00,0.00,0.00,3064.00,4764.00,3.50,0.00,2.00,3.00,7.00,3064.00,0.00,1990.00,0.00,98102.00,47.64,-122.32,2360.00,4000.00
8802400416.00,20150213T000000,147500.00,3.00,1.00,1530.00,8498.00,1.00,0.00,0.00,3.00,7.00,1530.00,0.00,1959.00,0.00,98031.00,47.40,-122.20,1380.00,8498.00
6204400270.00,20141125T000000,390000.00,3.00,2.00,1910.00,11576.00,1.00,0.00,0.00,3.00,7.00,1410.00,500.00,1978.00,0.00,98011.00,47.74,-122.20,2040.00,8750.00
9536602080.00,20141219T000000,229000.00,3.00,1.00,1020.00,8100.00,1.00,0.00,0.00,3.00,7.00,1020.00,0.00,1954.00,0.00,98198.00,47.36,-122.31,1020.00,8100.00
3826000070.00,20140515T000000,185000.00,3.00,1.00,1150.00,8100.00,1.00,0.00,0.00,3.00,6.00,1150.00,0.00,1932.00,0.00,98168.00,47.49,-122.31,1120.00,8100.00
5101405335.00,20140826T000000,414900.00,3.00,1.50,1260.00,9570.00,1.00,0.00,0.00,3.00,7.00,870.00,390.00,1941.00,0.00,98115.00,47.70,-122.31,1620.00,7000.00
2349300060.00,20150212T000000,200000.00,4.00,2.00,1920.00,4822.00,1.00,0.00,0.00,2.00,6.00,920.00,1000.00,1914.00,0.00,98136.00,47.55,-122.38,1120.00,4822.00
7749500370.00,20141021T000000,225000.00,4.00,2.25,1800.00,9350.00,1.00,0.00,0.00,3.00,8.00,1800.00,0.00,1969.00,0.00,98092.00,47.30,-122.19,2060.00,8800.00
2436701200.00,20140912T000000,720000.00,3.00,1.75,2040.00,4000.00,2.00,0.00,0.00,5.00,7.00,1360.00,680.00,1924.00,0.00,98105.00,47.67,-122.29,1610.00,4000.00
7871500070.00,20140603T000000,930000.00,4.00,2.50,2200.00,4000.00,2.00,0.00,0.00,5.00,8.00,1430.00,770.00,1908.00,0.00,98119.00,47.64,-122.37,2100.00,4000.00
3323500030.00,20140604T000000,1270000.00,5.00,2.50,3200.00,17204.00,1.00,0.00,0.00,3.00,7.00,2160.00,1040.00,1952.00,0.00,98004.00,47.62,-122.22,4090.00,15732.00
2110200036.00,20141111T000000,700000.00,5.00,3.25,2400.00,3118.00,2.00,0.00,0.00,4.00,7.00,1780.00,620.00,1928.00,0.00,98122.00,47.61,-122.29,2100.00,3941.00
510002519.00,20140715T000000,466000.00,2.00,1.50,1140.00,1058.00,3.00,0.00,0.00,3.00,7.00,1140.00,0.00,2005.00,0.00,98103.00,47.66,-122.33,1170.00,1116.00
1387300070.00,20140825T000000,374000.00,3.00,1.50,1330.00,10640.00,1.00,0.00,0.00,3.00,7.00,1330.00,0.00,1976.00,0.00,98011.00,47.74,-122.19,1460.00,8520.00
9465910070.00,20140716T000000,480000.00,3.00,2.50,1940.00,10035.00,2.00,0.00,0.00,4.00,8.00,1940.00,0.00,1994.00,0.00,98072.00,47.74,-122.17,2810.00,8333.00
2324800070.00,20140610T000000,740000.00,3.00,2.50,3000.00,25341.00,2.00,0.00,0.00,3.00,9.00,3000.00,0.00,1995.00,0.00,98053.00,47.67,-122.01,3000.00,32417.00
1962200435.00,20141110T000000,1010000.00,4.00,1.00,1820.00,5400.00,1.50,0.00,0.00,3.00,8.00,1820.00,0.00,1923.00,2014.00,98102.00,47.65,-122.32,1820.00,5400.00
8562890700.00,20140530T000000,395000.00,4.00,2.50,2910.00,5000.00,2.00,0.00,0.00,3.00,8.00,2910.00,0.00,2002.00,0.00,98042.00,47.38,-122.13,2740.00,5045.00
3298700946.00,20140725T000000,340000.00,2.00,1.00,1090.00,6771.00,1.00,0.00,0.00,3.00,6.00,1090.00,0.00,1954.00,0.00,98106.00,47.52,-122.35,1200.00,4992.00
880000189.00,20140811T000000,209000.00,3.00,2.00,1230.00,1340.00,2.00,0.00,0.00,3.00,7.00,1020.00,210.00,2003.00,0.00,98106.00,47.53,-122.36,1260.00,1312.00
643500030.00,20141114T000000,431650.00,5.00,2.50,1710.00,7700.00,1.50,0.00,0.00,3.00,7.00,1710.00,0.00,1962.00,0.00,98007.00,47.59,-122.15,1530.00,7700.00
8566100200.00,20140508T000000,980000.00,5.00,2.50,3160.00,11470.00,1.00,0.00,0.00,4.00,9.00,1780.00,1380.00,1971.00,0.00,98040.00,47.54,-122.22,3260.00,11470.00
4298100240.00,20140805T000000,660000.00,3.00,2.50,2680.00,28243.00,2.00,0.00,0.00,3.00,9.00,2680.00,0.00,1993.00,0.00,98077.00,47.76,-122.05,2670.00,32130.00
3275780030.00,20150311T000000,730000.00,4.00,2.25,2190.00,9009.00,2.00,0.00,0.00,4.00,8.00,1840.00,350.00,1977.00,0.00,98033.00,47.69,-122.19,2190.00,10251.00
8648220270.00,20150414T000000,291500.00,3.00,1.75,1260.00,9600.00,1.00,0.00,0.00,4.00,7.00,1260.00,0.00,1988.00,0.00,98042.00,47.36,-122.08,1640.00,9946.00
1923000160.00,20140620T000000,905000.00,4.00,3.50,2970.00,14486.00,2.00,0.00,0.00,3.00,9.00,2340.00,630.00,1997.00,0.00,98040.00,47.56,-122.22,3680.00,14486.00
7574910860.00,20140811T000000,800000.00,4.00,2.50,2570.00,50308.00,1.50,0.00,0.00,3.00,10.00,2570.00,0.00,1993.00,0.00,98077.00,47.74,-122.04,3420.00,37891.00
2296500136.00,20140509T000000,839900.00,4.00,3.50,3810.00,13592.00,1.00,0.00,1.00,3.00,9.00,2560.00,1250.00,2013.00,0.00,98056.00,47.51,-122.20,3230.00,9311.00
3278600710.00,20140714T000000,200000.00,1.00,1.50,1010.00,1157.00,2.00,0.00,0.00,3.00,8.00,950.00,60.00,2007.00,0.00,98126.00,47.55,-122.37,1360.00,1688.00
2460700260.00,20150218T000000,300000.00,3.00,2.00,1480.00,6698.00,1.00,0.00,0.00,4.00,7.00,1080.00,400.00,1979.00,0.00,98058.00,47.46,-122.17,1850.00,7348.00
3188100400.00,20140603T000000,530000.00,3.00,1.75,1250.00,6041.00,1.50,0.00,0.00,5.00,7.00,1250.00,0.00,1942.00,0.00,98115.00,47.69,-122.30,1180.00,6042.00
9406520830.00,20150326T000000,314950.00,3.00,2.25,1654.00,8479.00,2.00,0.00,0.00,3.00,7.00,1654.00,0.00,1995.00,0.00,98038.00,47.36,-122.04,1654.00,8479.00
3387900390.00,20141007T000000,255000.00,3.00,1.75,1410.00,9315.00,1.00,0.00,0.00,5.00,7.00,1410.00,0.00,1960.00,0.00,98031.00,47.40,-122.20,1630.00,8250.00
1596600024.00,20141016T000000,550000.00,5.00,2.75,2160.00,5720.00,1.00,0.00,0.00,5.00,7.00,1500.00,660.00,1950.00,0.00,98144.00,47.57,-122.30,2160.00,4996.00
7625701891.00,20140806T000000,435000.00,3.00,1.00,1400.00,4800.00,1.00,0.00,0.00,4.00,6.00,700.00,700.00,1917.00,0.00,98136.00,47.55,-122.39,1470.00,6000.00
3224800075.00,20141124T000000,234000.00,3.00,1.75,1420.00,8738.00,1.00,0.00,0.00,4.00,7.00,1420.00,0.00,1966.00,0.00,98002.00,47.31,-122.21,1660.00,8738.00
7526800200.00,20141010T000000,615000.00,4.00,2.25,2500.00,10062.00,1.00,0.00,0.00,3.00,8.00,1600.00,900.00,1975.00,0.00,98052.00,47.64,-122.10,2500.00,9750.00
3329530200.00,20140910T000000,205000.00,3.00,2.00,1410.00,8384.00,1.00,0.00,0.00,3.00,7.00,1410.00,0.00,1985.00,0.00,98001.00,47.33,-122.26,1410.00,9205.00
2115200125.00,20140919T000000,384000.00,4.00,1.75,2100.00,7135.00,1.00,0.00,0.00,4.00,7.00,1050.00,1050.00,1955.00,0.00,98106.00,47.54,-122.35,1730.00,4000.00
6623400135.00,20140522T000000,324000.00,3.00,2.50,1750.00,7208.00,2.00,0.00,0.00,3.00,8.00,1750.00,0.00,1994.00,0.00,98055.00,47.43,-122.19,2050.00,7524.00
103000116.00,20140722T000000,645000.00,3.00,1.75,2070.00,5500.00,1.00,0.00,0.00,4.00,7.00,1130.00,940.00,1946.00,0.00,98115.00,47.67,-122.30,1800.00,4400.00
2768301525.00,20141023T000000,570000.00,3.00,3.25,1570.00,1777.00,2.00,0.00,0.00,3.00,8.00,1260.00,310.00,2007.00,0.00,98107.00,47.67,-122.37,1000.00,1777.00
739980260.00,20141210T000000,324000.00,3.00,2.50,1920.00,5322.00,2.00,0.00,0.00,3.00,8.00,1920.00,0.00,1999.00,0.00,98031.00,47.41,-122.20,1920.00,5000.00
4302200695.00,20140828T000000,270000.00,2.00,1.00,1000.00,10320.00,1.00,0.00,0.00,3.00,6.00,1000.00,0.00,1943.00,0.00,98106.00,47.53,-122.36,1100.00,5160.00
1431700370.00,20140519T000000,290000.00,5.00,1.50,2120.00,7700.00,1.50,0.00,0.00,5.00,7.00,2120.00,0.00,1962.00,0.00,98058.00,47.46,-122.17,1730.00,7700.00
7524000030.00,20140630T000000,250000.00,3.00,2.00,1440.00,9220.00,1.00,0.00,0.00,3.00,7.00,1440.00,0.00,1965.00,0.00,98198.00,47.37,-122.32,1390.00,7830.00
4046500320.00,20150120T000000,342000.00,3.00,1.75,1660.00,16275.00,2.00,0.00,0.00,3.00,7.00,1660.00,0.00,1990.00,0.00,98014.00,47.69,-121.92,1520.00,16275.00
4325000125.00,20150318T000000,255000.00,3.00,1.50,1340.00,8450.00,1.00,0.00,0.00,4.00,7.00,1340.00,0.00,1958.00,0.00,98188.00,47.44,-122.28,1340.00,8920.00
3456000160.00,20140623T000000,800000.00,3.00,2.25,2380.00,11824.00,1.00,0.00,0.00,4.00,9.00,1450.00,930.00,1972.00,0.00,98040.00,47.54,-122.22,2750.00,11491.00
9297301580.00,20140516T000000,451000.00,3.00,1.75,1560.00,4049.00,1.50,0.00,2.00,3.00,7.00,1000.00,560.00,1926.00,0.00,98126.00,47.57,-122.38,1430.00,3738.00
2465400036.00,20141203T000000,990000.00,4.00,2.50,2780.00,10480.00,1.00,0.00,3.00,3.00,7.00,1390.00,1390.00,1967.00,0.00,98033.00,47.66,-122.20,2860.00,10506.00
5412200270.00,20140520T000000,288400.00,4.00,2.50,1860.00,6687.00,1.00,0.00,0.00,4.00,7.00,1220.00,640.00,1983.00,0.00,98031.00,47.40,-122.19,1860.00,6117.00
1109000390.00,20150310T000000,420000.00,3.00,1.50,2390.00,4600.00,2.00,0.00,0.00,3.00,8.00,1750.00,640.00,1920.00,1995.00,98118.00,47.54,-122.27,1690.00,5220.00
8730000270.00,20150514T000000,359000.00,2.00,2.75,1370.00,1140.00,2.00,0.00,0.00,3.00,8.00,1080.00,290.00,2009.00,0.00,98133.00,47.71,-122.34,1370.00,1090.00
7937600830.00,20140808T000000,390000.00,4.00,3.00,2570.00,262018.00,1.00,0.00,0.00,3.00,7.00,1420.00,1150.00,1988.00,0.00,98058.00,47.44,-122.09,2260.00,19811.00
3395070640.00,20140902T000000,300000.00,3.00,2.50,1320.00,2614.00,2.00,0.00,0.00,3.00,7.00,1320.00,0.00,2005.00,0.00,98118.00,47.54,-122.28,1320.00,2533.00
8663280160.00,20150305T000000,545000.00,5.00,2.50,2520.00,7863.00,1.00,0.00,0.00,3.00,7.00,1500.00,1020.00,1981.00,0.00,98034.00,47.71,-122.20,2030.00,8580.00
6151800624.00,20150408T000000,288349.00,3.00,1.00,1250.00,18616.00,1.00,0.00,0.00,4.00,6.00,1250.00,0.00,1972.00,0.00,98010.00,47.34,-122.05,1920.00,15654.00
8594400370.00,20150205T000000,299900.00,3.00,2.25,1560.00,35026.00,1.00,0.00,0.00,3.00,7.00,1290.00,270.00,1985.00,0.00,98092.00,47.30,-122.07,1660.00,35160.00
2301400640.00,20140717T000000,891000.00,4.00,2.00,2330.00,5000.00,1.50,0.00,0.00,5.00,7.00,1720.00,610.00,1925.00,0.00,98117.00,47.68,-122.36,2090.00,5000.00
4441300240.00,20150331T000000,1200000.00,3.00,2.00,3660.00,22410.00,1.00,0.00,3.00,4.00,9.00,1830.00,1830.00,1947.00,0.00,98117.00,47.70,-122.40,2680.00,8250.00
7714000070.00,20150205T000000,378000.00,4.00,2.50,2790.00,4650.00,2.00,0.00,0.00,3.00,8.00,2790.00,0.00,2004.00,0.00,98038.00,47.36,-122.03,2820.00,4650.00
3432500486.00,20140623T000000,299995.00,2.00,1.00,1060.00,7200.00,1.00,0.00,0.00,4.00,6.00,1060.00,0.00,1951.00,0.00,98155.00,47.75,-122.32,1850.00,8291.00
5466420030.00,20141007T000000,253000.00,3.00,2.50,2020.00,6564.00,1.00,0.00,0.00,3.00,7.00,1310.00,710.00,1994.00,0.00,98042.00,47.35,-122.16,1710.00,5151.00
1324079046.00,20150120T000000,350000.00,3.00,2.25,1580.00,47916.00,1.00,0.00,0.00,3.00,7.00,1580.00,0.00,1979.00,0.00,98024.00,47.56,-121.85,1980.00,75358.00
2768301715.00,20150311T000000,565000.00,4.00,3.00,2020.00,4300.00,1.50,0.00,0.00,3.00,6.00,2020.00,0.00,1900.00,0.00,98107.00,47.67,-122.37,1290.00,3440.00
3332000135.00,20140612T000000,315000.00,2.00,1.00,970.00,5665.00,1.00,0.00,0.00,4.00,6.00,970.00,0.00,1908.00,0.00,98118.00,47.55,-122.27,1490.00,4429.00
65000400.00,20141022T000000,570000.00,4.00,3.00,1490.00,6766.00,1.50,0.00,1.00,5.00,7.00,1490.00,0.00,1915.00,0.00,98136.00,47.54,-122.38,1990.00,6526.00
8820901670.00,20140811T000000,971000.00,5.00,3.50,4390.00,10140.00,2.00,0.00,0.00,3.00,9.00,3350.00,1040.00,2005.00,0.00,98125.00,47.72,-122.28,2010.00,8400.00
8712100575.00,20140828T000000,915000.00,5.00,2.50,2750.00,5589.00,1.50,0.00,0.00,5.00,9.00,1840.00,910.00,1910.00,0.00,98112.00,47.64,-122.30,1460.00,4250.00
6116500341.00,20150112T000000,419000.00,4.00,1.50,2150.00,23568.00,1.00,0.00,0.00,4.00,7.00,2150.00,0.00,1950.00,0.00,98166.00,47.45,-122.36,2150.00,10125.00
4167300030.00,20150209T000000,260000.00,4.00,1.75,1810.00,7480.00,1.00,0.00,0.00,3.00,7.00,1230.00,580.00,1977.00,0.00,98023.00,47.33,-122.36,1870.00,9594.00
2925059135.00,20150408T000000,1321500.00,3.00,3.00,2230.00,12968.00,2.00,0.00,0.00,3.00,9.00,2230.00,0.00,1990.00,0.00,98004.00,47.63,-122.20,2260.00,10160.00
7708300140.00,20150306T000000,369950.00,3.00,1.00,2430.00,10720.00,1.00,0.00,0.00,3.00,7.00,2430.00,0.00,1977.00,0.00,98045.00,47.49,-121.79,1660.00,11560.00
4139430340.00,20141015T000000,1029900.00,3.00,2.50,3680.00,13384.00,2.00,0.00,0.00,3.00,10.00,3680.00,0.00,1994.00,0.00,98006.00,47.55,-122.12,3600.00,11306.00
3812400070.00,20150506T000000,435000.00,5.00,1.00,1410.00,6750.00,1.50,0.00,0.00,3.00,6.00,1410.00,0.00,1929.00,0.00,98118.00,47.55,-122.28,1360.00,6750.00
9455200445.00,20150325T000000,601000.00,3.00,1.75,1330.00,6743.00,1.00,0.00,0.00,3.00,8.00,1330.00,0.00,1958.00,2002.00,98125.00,47.70,-122.29,2600.00,7350.00
6203000160.00,20140716T000000,460500.00,3.00,1.00,1490.00,10650.00,1.00,0.00,0.00,3.00,7.00,1150.00,340.00,1963.00,0.00,98033.00,47.66,-122.18,1730.00,9800.00
7517500611.00,20140521T000000,720000.00,3.00,2.50,2020.00,1159.00,3.00,0.00,3.00,3.00,8.00,2020.00,0.00,2000.00,0.00,98103.00,47.66,-122.36,1920.00,3600.00
8691300860.00,20150421T000000,851000.00,4.00,2.50,3130.00,13202.00,2.00,0.00,0.00,3.00,10.00,3130.00,0.00,1996.00,0.00,98075.00,47.59,-121.98,2840.00,10470.00
5489200435.00,20140904T000000,550000.00,4.00,3.00,2670.00,5000.00,2.00,0.00,2.00,3.00,7.00,2670.00,0.00,1916.00,1978.00,98126.00,47.58,-122.38,2300.00,5000.00
510002065.00,20150323T000000,700000.00,4.00,1.00,1980.00,4560.00,1.50,0.00,0.00,3.00,7.00,1980.00,0.00,1920.00,0.00,98103.00,47.66,-122.33,1810.00,3245.00
252000400.00,20140908T000000,323000.00,3.00,1.75,2100.00,14850.00,1.00,0.00,0.00,4.00,7.00,2100.00,0.00,1963.00,0.00,98042.00,47.36,-122.06,1930.00,17238.00
7279300070.00,20140922T000000,345500.00,3.00,1.00,1350.00,8581.00,1.00,0.00,0.00,5.00,6.00,1350.00,0.00,1944.00,0.00,98177.00,47.76,-122.36,2080.00,8451.00
8113101670.00,20141203T000000,378000.00,4.00,1.50,2140.00,7920.00,1.00,0.00,0.00,3.00,7.00,1190.00,950.00,1959.00,0.00,98118.00,47.55,-122.27,2140.00,7238.00
7578200310.00,20141112T000000,650000.00,4.00,2.00,2208.00,5000.00,3.00,0.00,0.00,5.00,8.00,2208.00,0.00,1917.00,0.00,98116.00,47.57,-122.38,1760.00,5000.00
7715800570.00,20150413T000000,385000.00,3.00,2.00,1010.00,7380.00,1.00,0.00,0.00,3.00,7.00,1010.00,0.00,1982.00,0.00,98074.00,47.63,-122.06,1650.00,9030.00
6852700478.00,20140916T000000,425000.00,2.00,1.00,970.00,2970.00,1.00,0.00,0.00,3.00,7.00,970.00,0.00,1910.00,0.00,98102.00,47.62,-122.32,1670.00,3000.00
1917300260.00,20141202T000000,210000.00,4.00,2.00,1520.00,6174.00,1.50,0.00,0.00,5.00,6.00,1520.00,0.00,1920.00,0.00,98022.00,47.21,-121.99,1390.00,5407.00
4298100070.00,20140528T000000,630000.00,4.00,2.50,2740.00,43101.00,2.00,0.00,0.00,3.00,9.00,2740.00,0.00,1993.00,0.00,98077.00,47.76,-122.05,2740.00,33447.00
1842000140.00,20140730T000000,335000.00,3.00,1.75,1570.00,7500.00,1.00,0.00,1.00,3.00,7.00,1300.00,270.00,1953.00,0.00,98146.00,47.50,-122.37,1590.00,7660.00
5462100240.00,20140625T000000,196500.00,3.00,1.00,1320.00,9000.00,1.00,0.00,0.00,3.00,7.00,1320.00,0.00,1966.00,0.00,98001.00,47.35,-122.27,1320.00,9800.00
8651520510.00,20140515T000000,582800.00,4.00,2.75,2550.00,7636.00,1.00,0.00,0.00,3.00,8.00,1440.00,1110.00,1986.00,0.00,98074.00,47.65,-122.06,2290.00,8223.00
3578110200.00,20140623T000000,440000.00,3.00,1.75,1560.00,7207.00,1.00,0.00,0.00,3.00,7.00,1250.00,310.00,1983.00,0.00,98034.00,47.73,-122.22,1540.00,7485.00
7555210340.00,20140825T000000,752500.00,4.00,2.25,2360.00,8616.00,2.00,0.00,0.00,4.00,8.00,2360.00,0.00,1974.00,0.00,98033.00,47.65,-122.20,2360.00,9337.00
2313900510.00,20141028T000000,532500.00,3.00,1.75,1330.00,5000.00,2.00,0.00,0.00,4.00,7.00,1210.00,120.00,1909.00,0.00,98116.00,47.57,-122.38,1500.00,4000.00
2009001600.00,20150506T000000,265000.00,3.00,1.00,1070.00,9000.00,1.00,0.00,0.00,4.00,7.00,1070.00,0.00,1950.00,0.00,98198.00,47.41,-122.33,1840.00,12000.00
1455100116.00,20150202T000000,397500.00,3.00,1.25,1510.00,13737.00,1.00,0.00,3.00,4.00,6.00,810.00,700.00,1961.00,0.00,98125.00,47.73,-122.28,2560.00,10202.00
3629790160.00,20140724T000000,524250.00,3.00,2.50,1710.00,3469.00,2.00,0.00,0.00,3.00,8.00,1710.00,0.00,1999.00,0.00,98029.00,47.55,-122.01,2120.00,3560.00
1778350070.00,20140509T000000,765000.00,4.00,2.75,2790.00,10819.00,2.00,0.00,0.00,3.00,10.00,2790.00,0.00,1996.00,0.00,98027.00,47.55,-122.08,3080.00,12603.00
1703050200.00,20140806T000000,648000.00,4.00,2.50,2620.00,5450.00,2.00,0.00,0.00,3.00,9.00,2620.00,0.00,2001.00,0.00,98074.00,47.63,-122.02,2590.00,5371.00
5469700570.00,20140812T000000,469500.00,5.00,2.50,2970.00,24759.00,1.00,0.00,0.00,4.00,8.00,1670.00,1300.00,1969.00,0.00,98031.00,47.39,-122.17,2100.00,21803.00
100600860.00,20150324T000000,237500.00,3.00,1.75,1050.00,7854.00,1.00,0.00,0.00,4.00,7.00,1050.00,0.00,1975.00,0.00,98023.00,47.30,-122.37,1360.00,7668.00
421049116.00,20150121T000000,216000.00,3.00,1.00,1280.00,8712.00,1.00,0.00,0.00,4.00,7.00,1280.00,0.00,1956.00,0.00,98003.00,47.33,-122.30,1420.00,8800.00
3205200640.00,20150330T000000,427200.00,3.00,1.00,1030.00,8400.00,1.00,0.00,0.00,4.00,7.00,1030.00,0.00,1963.00,0.00,98056.00,47.54,-122.17,1270.00,8400.00
8899200570.00,20150311T000000,280000.00,3.00,2.25,1900.00,7800.00,1.00,0.00,0.00,4.00,8.00,1390.00,510.00,1977.00,0.00,98055.00,47.45,-122.21,1730.00,7800.00
1777500160.00,20150425T000000,718000.00,5.00,3.00,3070.00,9804.00,1.00,0.00,0.00,4.00,9.00,1740.00,1330.00,1968.00,0.00,98006.00,47.57,-122.13,2550.00,9689.00
7853340860.00,20150310T000000,420000.00,2.00,2.75,1760.00,4139.00,2.00,0.00,0.00,3.00,8.00,1760.00,0.00,2010.00,0.00,98065.00,47.52,-121.88,1870.00,3076.00
1862400132.00,20140916T000000,379000.00,2.00,1.00,930.00,5400.00,1.00,0.00,0.00,3.00,7.00,930.00,0.00,1952.00,0.00,98117.00,47.70,-122.37,1050.00,5400.00
6380500135.00,20140527T000000,326100.00,2.00,1.00,880.00,7683.00,1.00,0.00,0.00,3.00,6.00,880.00,0.00,1942.00,0.00,98177.00,47.71,-122.36,1370.00,7695.00
9528104108.00,20140529T000000,535000.00,3.00,2.50,1360.00,1016.00,3.00,0.00,0.00,3.00,7.00,1310.00,50.00,2003.00,0.00,98115.00,47.68,-122.32,1365.00,1156.00
2571910160.00,20141001T000000,283000.00,4.00,2.75,2130.00,8560.00,1.00,0.00,0.00,3.00,7.00,1560.00,570.00,1992.00,0.00,98022.00,47.19,-122.01,2130.00,8560.00
316000160.00,20140821T000000,260000.00,3.00,1.00,1480.00,7469.00,1.50,0.00,0.00,3.00,6.00,1120.00,360.00,1940.00,0.00,98168.00,47.50,-122.30,1460.00,7379.00
2695600505.00,20150413T000000,399000.00,4.00,1.00,1500.00,6388.00,1.50,0.00,0.00,4.00,7.00,1500.00,0.00,1951.00,0.00,98126.00,47.53,-122.38,980.00,5366.00
3904910320.00,20150225T000000,484950.00,3.00,2.25,1670.00,5004.00,2.00,0.00,0.00,3.00,8.00,1670.00,0.00,1987.00,0.00,98029.00,47.57,-122.02,1850.00,5276.00
4100000140.00,20141013T000000,640000.00,4.00,1.75,2060.00,9828.00,1.00,0.00,0.00,4.00,8.00,2060.00,0.00,1960.00,0.00,98005.00,47.59,-122.17,2260.00,9996.00
3226049270.00,20150304T000000,585000.00,4.00,2.50,2160.00,8158.00,1.00,0.00,0.00,4.00,8.00,1660.00,500.00,1952.00,0.00,98115.00,47.69,-122.33,1520.00,7208.00
1455600030.00,20150108T000000,645000.00,4.00,2.00,2780.00,11583.00,1.00,0.00,3.00,3.00,8.00,1190.00,1590.00,1955.00,0.00,98125.00,47.73,-122.28,2580.00,10241.00
5559600140.00,20150505T000000,253000.00,3.00,2.00,1490.00,7651.00,1.00,0.00,0.00,3.00,7.00,1490.00,0.00,1988.00,0.00,98003.00,47.32,-122.33,1590.00,7795.00
5147600105.00,20140721T000000,178500.00,2.00,1.00,740.00,6460.00,1.00,0.00,0.00,3.00,6.00,740.00,0.00,1953.00,0.00,98146.00,47.51,-122.34,1170.00,6975.00
7437100570.00,20140821T000000,291000.00,4.00,2.50,1860.00,6325.00,2.00,0.00,0.00,4.00,7.00,1860.00,0.00,1991.00,0.00,98038.00,47.35,-122.03,1860.00,6449.00
8856004730.00,20140917T000000,199950.00,2.00,2.75,1590.00,20917.00,1.50,0.00,0.00,3.00,5.00,1590.00,0.00,1920.00,0.00,98001.00,47.28,-122.25,1310.00,6000.00
3856902996.00,20140804T000000,553500.00,2.00,1.00,850.00,2340.00,1.00,0.00,0.00,3.00,7.00,850.00,0.00,1922.00,0.00,98105.00,47.67,-122.33,1300.00,3000.00
1442800370.00,20150415T000000,189950.00,2.00,1.00,1030.00,4188.00,1.00,0.00,0.00,3.00,8.00,1030.00,0.00,1981.00,0.00,98038.00,47.37,-122.06,1450.00,3376.00
8001400340.00,20140924T000000,289000.00,3.00,2.00,1850.00,9550.00,1.00,0.00,0.00,3.00,8.00,1850.00,0.00,1988.00,0.00,98001.00,47.32,-122.27,2250.00,9550.00
3131200640.00,20150427T000000,700000.00,4.00,2.00,1830.00,4590.00,2.00,0.00,0.00,3.00,8.00,1830.00,0.00,1908.00,0.00,98105.00,47.66,-122.33,1650.00,4590.00
984000710.00,20141022T000000,270000.00,3.00,2.00,1560.00,8853.00,1.00,0.00,0.00,3.00,7.00,1560.00,0.00,1967.00,0.00,98058.00,47.43,-122.17,1610.00,8750.00
4167300350.00,20140508T000000,258000.00,4.00,1.75,1730.00,8320.00,1.00,0.00,0.00,3.00,7.00,1230.00,500.00,1977.00,0.00,98023.00,47.33,-122.36,1840.00,9800.00
2826049282.00,20140614T000000,530000.00,3.00,2.50,1930.00,7214.00,2.00,0.00,0.00,3.00,8.00,1930.00,0.00,2005.00,0.00,98125.00,47.72,-122.31,1930.00,7266.00
8946750030.00,20141218T000000,245000.00,3.00,2.25,1422.00,3677.00,2.00,0.00,0.00,3.00,7.00,1422.00,0.00,2012.00,0.00,98092.00,47.32,-122.18,1677.00,3677.00
461004720.00,20150422T000000,563000.00,3.00,2.00,1380.00,5000.00,1.50,0.00,0.00,4.00,7.00,1380.00,0.00,1917.00,0.00,98117.00,47.68,-122.37,1350.00,5000.00
7852090810.00,20141119T000000,515000.00,3.00,2.50,2430.00,4203.00,2.00,0.00,0.00,3.00,8.00,2430.00,0.00,2001.00,0.00,98065.00,47.53,-121.88,2500.00,4798.00
9264960340.00,20140617T000000,325000.00,4.00,2.50,2610.00,7091.00,2.00,0.00,0.00,3.00,9.00,2610.00,0.00,1987.00,0.00,98023.00,47.30,-122.35,2610.00,7773.00
1624079104.00,20150402T000000,540000.00,3.00,2.25,2000.00,217800.00,2.00,0.00,0.00,3.00,8.00,2000.00,0.00,1996.00,0.00,98024.00,47.56,-121.91,2220.00,217800.00
4310700570.00,20141210T000000,280300.00,2.00,1.00,920.00,5000.00,1.00,0.00,0.00,4.00,6.00,490.00,430.00,1949.00,0.00,98103.00,47.70,-122.34,1500.00,5000.00
1254200075.00,20140509T000000,460000.00,4.00,1.75,1750.00,5500.00,1.50,0.00,0.00,5.00,7.00,1050.00,700.00,1926.00,0.00,98117.00,47.68,-122.39,1640.00,5500.00
7214820030.00,20141212T000000,475000.00,3.00,1.75,2020.00,8970.00,1.00,0.00,0.00,4.00,7.00,1180.00,840.00,1981.00,0.00,98072.00,47.76,-122.15,2140.00,8008.00
865100055.00,20140612T000000,900000.00,4.00,2.25,2460.00,44431.00,1.00,0.00,0.00,4.00,9.00,2460.00,0.00,1957.00,0.00,98007.00,47.60,-122.15,2830.00,44431.00
686201000.00,20141230T000000,538200.00,4.00,3.00,1780.00,7260.00,1.00,0.00,0.00,4.00,8.00,1780.00,0.00,1964.00,0.00,98008.00,47.63,-122.11,1810.00,7920.00
342000570.00,20140909T000000,429000.00,2.00,1.00,1080.00,3600.00,1.00,0.00,0.00,3.00,7.00,1080.00,0.00,1922.00,0.00,98122.00,47.61,-122.29,2230.00,4500.00
5476200160.00,20140725T000000,164808.00,3.00,1.00,1250.00,5411.00,1.00,0.00,0.00,3.00,7.00,1250.00,0.00,1980.00,0.00,98178.00,47.51,-122.27,1490.00,6320.00
7199320570.00,20150126T000000,520000.00,4.00,2.25,1870.00,7700.00,2.00,0.00,0.00,3.00,7.00,1870.00,0.00,1977.00,0.00,98052.00,47.69,-122.13,1970.00,7700.00
6414100560.00,20140618T000000,475000.00,3.00,1.75,1700.00,8432.00,1.00,0.00,0.00,3.00,8.00,1230.00,470.00,1977.00,0.00,98125.00,47.72,-122.32,1800.00,7842.00
1623049214.00,20140926T000000,283000.00,4.00,1.50,1480.00,47045.00,1.00,0.00,0.00,5.00,6.00,1480.00,0.00,1942.00,0.00,98168.00,47.48,-122.30,1530.00,11000.00
2379300340.00,20150331T000000,321500.00,4.00,2.50,1930.00,6228.00,2.00,0.00,0.00,3.00,8.00,1930.00,0.00,2000.00,0.00,98030.00,47.36,-122.19,1930.00,6168.00
7701990560.00,20140729T000000,840000.00,4.00,2.75,3130.00,21810.00,2.00,0.00,0.00,4.00,10.00,3130.00,0.00,1993.00,0.00,98077.00,47.71,-122.07,3330.00,21810.00
2025700860.00,20150414T000000,287000.00,3.00,2.25,1370.00,6000.00,2.00,0.00,0.00,4.00,7.00,1370.00,0.00,1992.00,0.00,98038.00,47.35,-122.03,1370.00,6200.00
8562500200.00,20140605T000000,375000.00,3.00,1.75,960.00,8106.00,1.00,0.00,0.00,3.00,7.00,960.00,0.00,1962.00,0.00,98052.00,47.67,-122.16,1650.00,8035.00
8143100350.00,20140825T000000,349500.00,3.00,1.75,1260.00,7128.00,1.00,0.00,0.00,4.00,7.00,1260.00,0.00,1969.00,0.00,98034.00,47.73,-122.21,1330.00,7326.00
37000335.00,20140814T000000,446450.00,3.00,1.50,1480.00,7749.00,1.00,0.00,0.00,5.00,7.00,1480.00,0.00,1960.00,0.00,98126.00,47.51,-122.38,1140.00,5320.00
1862900350.00,20140610T000000,315000.00,4.00,2.50,1930.00,9643.00,2.00,0.00,0.00,4.00,7.00,1930.00,0.00,1992.00,0.00,98031.00,47.41,-122.18,1930.00,7525.00
1498302774.00,20140520T000000,271310.00,2.00,1.00,870.00,5340.00,1.50,0.00,0.00,2.00,6.00,870.00,0.00,1906.00,0.00,98144.00,47.58,-122.30,1190.00,4440.00
2224700136.00,20150122T000000,315000.00,4.00,1.00,1300.00,8400.00,1.50,0.00,0.00,4.00,7.00,1300.00,0.00,1953.00,0.00,98133.00,47.76,-122.33,1330.00,8400.00
7697920160.00,20140515T000000,245000.00,3.00,1.75,1490.00,6930.00,1.00,0.00,0.00,4.00,7.00,1490.00,0.00,1990.00,0.00,98030.00,47.37,-122.18,1880.00,6861.00
1370804430.00,20150305T000000,543115.00,2.00,1.00,1380.00,5484.00,1.00,0.00,0.00,3.00,8.00,1030.00,350.00,1947.00,0.00,98199.00,47.64,-122.40,1380.00,5347.00
2267000160.00,20141020T000000,900000.00,4.00,2.00,1190.00,8190.00,1.50,0.00,0.00,3.00,7.00,1190.00,0.00,1945.00,0.00,98117.00,47.69,-122.40,1190.00,1567.00
5700004028.00,20150417T000000,2450000.00,4.00,4.25,4250.00,6552.00,2.00,0.00,3.00,4.00,10.00,2870.00,1380.00,2008.00,0.00,98144.00,47.57,-122.28,3640.00,8841.00
8682231170.00,20150429T000000,554000.00,2.00,2.00,1920.00,6045.00,1.00,0.00,0.00,3.00,8.00,1920.00,0.00,2003.00,0.00,98053.00,47.71,-122.03,1670.00,5200.00
3353400860.00,20140717T000000,249900.00,3.00,1.75,2080.00,12522.00,1.00,0.00,0.00,5.00,6.00,2080.00,0.00,1950.00,0.00,98001.00,47.27,-122.25,1690.00,11200.00
2424059035.00,20140820T000000,768000.00,3.00,2.50,3220.00,54160.00,2.00,0.00,2.00,4.00,9.00,2690.00,530.00,1981.00,0.00,98006.00,47.55,-122.11,3460.00,44374.00
2021201000.00,20140523T000000,980000.00,4.00,3.00,3680.00,5854.00,1.00,0.00,3.00,3.00,10.00,2060.00,1620.00,1967.00,0.00,98199.00,47.63,-122.40,3140.00,5000.00
3919000030.00,20150420T000000,395000.00,5.00,2.50,2070.00,9600.00,1.00,0.00,0.00,3.00,7.00,1270.00,800.00,1962.00,0.00,98146.00,47.50,-122.36,1950.00,7800.00
789000550.00,20150413T000000,415000.00,3.00,1.75,1480.00,2200.00,2.00,0.00,0.00,3.00,7.00,1480.00,0.00,1995.00,0.00,98103.00,47.70,-122.35,1360.00,2190.00
5104511040.00,20150220T000000,380000.00,4.00,2.50,2000.00,6921.00,2.00,0.00,0.00,3.00,8.00,2000.00,0.00,2003.00,0.00,98038.00,47.36,-122.01,2430.00,6339.00
7215722010.00,20150226T000000,566000.00,3.00,2.50,1560.00,5259.00,2.00,0.00,0.00,3.00,8.00,1560.00,0.00,1999.00,0.00,98075.00,47.60,-122.02,2170.00,5461.00
16000435.00,20150316T000000,218500.00,2.00,1.00,1600.00,8961.00,1.00,0.00,0.00,4.00,7.00,1390.00,210.00,1949.00,0.00,98002.00,47.31,-122.21,1502.00,6798.00
7197300105.00,20140502T000000,550000.00,4.00,2.50,1940.00,10500.00,1.00,0.00,0.00,4.00,7.00,1140.00,800.00,1976.00,0.00,98052.00,47.68,-122.11,2200.00,10500.00
2877101031.00,20140702T000000,512031.00,3.00,1.75,1540.00,3000.00,1.00,0.00,2.00,3.00,7.00,770.00,770.00,1920.00,0.00,98117.00,47.68,-122.36,1420.00,4200.00
2892600016.00,20150317T000000,197500.00,2.00,1.00,820.00,8860.00,1.00,0.00,0.00,3.00,6.00,820.00,0.00,1950.00,0.00,98055.00,47.45,-122.19,1660.00,15375.00
2423020270.00,20140715T000000,470000.00,3.00,2.25,1780.00,8784.00,1.00,0.00,0.00,3.00,7.00,1230.00,550.00,1977.00,0.00,98033.00,47.70,-122.17,1780.00,7704.00
1825079070.00,20150313T000000,590000.00,3.00,1.75,1560.00,242629.00,1.00,0.00,0.00,3.00,7.00,1560.00,0.00,1981.00,0.00,98053.00,47.65,-121.96,2320.00,220654.00
5255710160.00,20150318T000000,465000.00,4.00,2.25,2210.00,8862.00,1.00,0.00,0.00,4.00,8.00,1270.00,940.00,1977.00,0.00,98011.00,47.77,-122.20,2030.00,8862.00
723069135.00,20140915T000000,499000.00,2.00,1.75,2040.00,114562.00,1.00,0.00,0.00,4.00,7.00,2040.00,0.00,1968.00,0.00,98027.00,47.50,-122.09,1850.00,94960.00
2024059094.00,20140825T000000,515000.00,3.00,2.25,1920.00,11500.00,1.00,0.00,0.00,3.00,8.00,1920.00,0.00,1972.00,2000.00,98006.00,47.55,-122.19,2260.00,8866.00
7613700860.00,20141106T000000,716500.00,3.00,1.75,1930.00,5000.00,1.00,0.00,0.00,3.00,9.00,1230.00,700.00,1936.00,0.00,98105.00,47.66,-122.28,2300.00,6000.00
2771101200.00,20140517T000000,410000.00,3.00,2.00,1700.00,4250.00,1.00,0.00,0.00,3.00,6.00,890.00,810.00,1944.00,0.00,98199.00,47.65,-122.39,1440.00,4250.00
7625704510.00,20141022T000000,850000.00,4.00,3.25,3450.00,6500.00,2.00,0.00,0.00,3.00,8.00,2450.00,1000.00,1994.00,0.00,98136.00,47.54,-122.39,1750.00,6500.00
1762600260.00,20140522T000000,1050000.00,4.00,3.25,3440.00,35021.00,2.00,0.00,0.00,3.00,10.00,3440.00,0.00,1983.00,0.00,98033.00,47.65,-122.18,3440.00,35021.00
2553300030.00,20140609T000000,648000.00,4.00,2.50,2380.00,13435.00,2.00,0.00,0.00,3.00,10.00,2380.00,0.00,1992.00,0.00,98075.00,47.58,-122.03,2730.00,9677.00
5309101200.00,20140605T000000,620000.00,4.00,2.25,2400.00,5350.00,1.50,0.00,0.00,4.00,7.00,1460.00,940.00,1929.00,0.00,98117.00,47.68,-122.37,1250.00,4880.00
5416300240.00,20150202T000000,935000.00,4.00,4.50,5670.00,84267.00,2.00,0.00,2.00,3.00,11.00,5670.00,0.00,2008.00,0.00,98010.00,47.32,-122.04,4100.00,83729.00
3756600240.00,20150319T000000,379000.00,3.00,1.00,1140.00,10320.00,1.00,0.00,0.00,4.00,7.00,1140.00,0.00,1963.00,0.00,98034.00,47.72,-122.20,1140.00,10412.00
8127700445.00,20140716T000000,699000.00,3.00,1.75,1670.00,5375.00,1.00,0.00,0.00,3.00,7.00,1270.00,400.00,1952.00,0.00,98199.00,47.64,-122.40,1460.00,6125.00
9421500070.00,20141230T000000,528000.00,4.00,2.25,1910.00,8005.00,1.00,0.00,0.00,3.00,8.00,1280.00,630.00,1960.00,0.00,98125.00,47.73,-122.30,1860.00,8010.00
9477710160.00,20150426T000000,425000.00,3.00,1.75,1560.00,9452.00,1.00,0.00,0.00,4.00,8.00,1560.00,0.00,1974.00,0.00,98056.00,47.52,-122.18,2200.00,9985.00
1795500240.00,20140623T000000,249500.00,2.00,1.75,1500.00,8645.00,1.00,0.00,0.00,4.00,7.00,1500.00,0.00,1963.00,0.00,98042.00,47.36,-122.12,1220.00,8645.00
7203220260.00,20140716T000000,1035480.00,5.00,3.25,4475.00,6642.00,2.00,0.00,0.00,3.00,9.00,4475.00,0.00,2014.00,0.00,98053.00,47.68,-122.02,3720.00,6633.00
3524039204.00,20140813T000000,790000.00,4.00,2.75,2840.00,11900.00,1.00,0.00,3.00,4.00,9.00,1640.00,1200.00,1961.00,0.00,98136.00,47.53,-122.39,2790.00,10070.00
5706200060.00,20140818T000000,399950.00,3.00,1.00,1020.00,18050.00,1.00,0.00,0.00,3.00,7.00,1020.00,0.00,1969.00,0.00,98027.00,47.53,-122.04,1750.00,11640.00
7283900012.00,20141021T000000,275000.00,3.00,1.50,1410.00,9000.00,1.00,0.00,0.00,3.00,7.00,1410.00,0.00,1953.00,0.00,98133.00,47.76,-122.35,1910.00,7214.00
809001070.00,20150123T000000,550000.00,3.00,1.00,1520.00,2500.00,1.50,0.00,0.00,3.00,8.00,1520.00,0.00,1912.00,0.00,98109.00,47.63,-122.35,1880.00,3600.00
3340401535.00,20141105T000000,140000.00,1.00,1.00,730.00,6890.00,1.00,0.00,0.00,4.00,4.00,730.00,0.00,1926.00,0.00,98055.00,47.47,-122.22,1790.00,7969.00
1607100139.00,20140725T000000,250000.00,3.00,1.00,1190.00,6250.00,1.00,0.00,0.00,3.00,7.00,990.00,200.00,1954.00,0.00,98108.00,47.57,-122.29,1760.00,6434.00
8699800060.00,20140903T000000,318000.00,3.00,2.25,1410.00,8909.00,2.00,0.00,2.00,3.00,7.00,1410.00,0.00,1988.00,0.00,98198.00,47.40,-122.31,2050.00,8909.00
524069037.00,20140710T000000,505000.00,2.00,1.00,1240.00,57000.00,1.00,0.00,0.00,3.00,7.00,1240.00,0.00,1962.00,0.00,98075.00,47.60,-122.06,3050.00,25545.00
6072600200.00,20150417T000000,470500.00,5.00,2.50,2500.00,9248.00,1.00,0.00,0.00,3.00,8.00,1300.00,1200.00,1966.00,0.00,98006.00,47.54,-122.18,2090.00,8568.00
5144000036.00,20140527T000000,360000.00,3.00,1.00,1050.00,9206.00,1.50,0.00,0.00,3.00,7.00,1050.00,0.00,1954.00,0.00,98125.00,47.71,-122.30,1380.00,6384.00
7855300200.00,20150319T000000,1242500.00,4.00,2.75,2680.00,8500.00,1.00,0.00,4.00,4.00,9.00,1480.00,1200.00,1962.00,0.00,98006.00,47.56,-122.16,2940.00,8650.00
2485000202.00,20150410T000000,986000.00,3.00,2.50,2380.00,16080.00,1.00,0.00,2.00,4.00,9.00,1340.00,1040.00,1964.00,0.00,98136.00,47.53,-122.39,2560.00,10070.00
9209900270.00,20150205T000000,515000.00,2.00,1.00,1060.00,4228.00,1.00,0.00,0.00,3.00,7.00,860.00,200.00,1906.00,0.00,98112.00,47.62,-122.29,1060.00,4187.00
6099400030.00,20150114T000000,320000.00,3.00,1.75,2300.00,41900.00,1.00,0.00,0.00,4.00,8.00,1310.00,990.00,1939.00,0.00,98168.00,47.48,-122.29,1160.00,8547.00
9368700223.00,20150202T000000,310000.00,4.00,3.00,2010.00,7426.00,1.00,0.00,0.00,5.00,7.00,1090.00,920.00,1951.00,0.00,98178.00,47.50,-122.27,1470.00,7426.00
1782000160.00,20140530T000000,356700.00,2.00,1.00,1090.00,5000.00,1.00,0.00,0.00,4.00,7.00,730.00,360.00,1942.00,0.00,98126.00,47.53,-122.38,990.00,5250.00
269001360.00,20150422T000000,775000.00,4.00,1.75,2320.00,5595.00,1.00,0.00,0.00,3.00,7.00,1510.00,810.00,1956.00,0.00,98199.00,47.64,-122.39,1840.00,5596.00
390100060.00,20150421T000000,325000.00,3.00,1.00,1040.00,7541.00,1.00,0.00,0.00,3.00,6.00,1040.00,0.00,1951.00,0.00,98133.00,47.76,-122.34,1140.00,6100.00
7888400560.00,20141002T000000,208000.00,4.00,2.75,1810.00,8677.00,1.50,0.00,0.00,3.00,7.00,1810.00,0.00,1962.00,0.00,98198.00,47.37,-122.31,1740.00,8677.00
7567600045.00,20140827T000000,825000.00,2.00,1.00,1150.00,12775.00,1.00,1.00,4.00,4.00,6.00,1150.00,0.00,1908.00,0.00,98178.00,47.50,-122.22,2440.00,11852.00
7764200030.00,20140716T000000,515000.00,3.00,2.50,2360.00,11254.00,1.00,0.00,2.00,3.00,9.00,2360.00,0.00,1990.00,0.00,98003.00,47.34,-122.33,2390.00,11254.00
9828202545.00,20150127T000000,490000.00,3.00,1.50,1970.00,3400.00,1.50,0.00,0.00,4.00,8.00,1420.00,550.00,1929.00,0.00,98122.00,47.62,-122.29,1940.00,4000.00
6114600030.00,20140520T000000,675000.00,4.00,3.00,2690.00,28300.00,1.00,0.00,0.00,3.00,8.00,2690.00,0.00,1954.00,1999.00,98166.00,47.45,-122.34,2820.00,27100.00
9834200885.00,20140717T000000,360000.00,4.00,2.50,2080.00,4080.00,1.00,0.00,0.00,5.00,7.00,1040.00,1040.00,1962.00,0.00,98144.00,47.57,-122.29,1340.00,4080.00
9834200885.00,20150420T000000,550000.00,4.00,2.50,2080.00,4080.00,1.00,0.00,0.00,5.00,7.00,1040.00,1040.00,1962.00,0.00,98144.00,47.57,-122.29,1340.00,4080.00
3509600070.00,20140725T000000,225000.00,3.00,1.50,1370.00,9000.00,1.00,0.00,0.00,3.00,7.00,1370.00,0.00,1962.00,0.00,98168.00,47.50,-122.33,1400.00,9075.00
2473002080.00,20150317T000000,500000.00,3.00,2.75,3410.00,9360.00,1.50,0.00,0.00,4.00,8.00,3410.00,0.00,1967.00,0.00,98058.00,47.45,-122.15,2260.00,10128.00
1081300370.00,20150427T000000,385000.00,4.00,2.00,1850.00,11700.00,1.00,0.00,0.00,4.00,8.00,1850.00,0.00,1969.00,0.00,98059.00,47.47,-122.12,2110.00,11700.00
11501160.00,20140617T000000,837700.00,5.00,2.75,3010.00,12611.00,2.00,0.00,0.00,3.00,10.00,3010.00,0.00,1994.00,0.00,98052.00,47.70,-122.10,2890.00,9456.00
7202330370.00,20150210T000000,448000.00,3.00,2.25,1530.00,3056.00,2.00,0.00,0.00,3.00,7.00,1530.00,0.00,2003.00,0.00,98053.00,47.68,-122.04,1560.00,3064.00
7000100631.00,20150507T000000,730000.00,5.00,1.75,2690.00,21357.00,1.00,0.00,0.00,4.00,7.00,1420.00,1270.00,1952.00,0.00,98004.00,47.58,-122.19,2600.00,17539.00
2484200171.00,20140714T000000,575000.00,4.00,1.50,2810.00,7140.00,1.00,0.00,2.00,3.00,8.00,1490.00,1320.00,1954.00,0.00,98136.00,47.53,-122.38,2240.00,6825.00
9477201040.00,20141118T000000,430000.00,3.00,1.75,1810.00,7300.00,1.00,0.00,0.00,4.00,7.00,1240.00,570.00,1976.00,0.00,98034.00,47.73,-122.19,1460.00,7560.00
7202290160.00,20150114T000000,435000.00,3.00,2.50,1560.00,3987.00,2.00,0.00,0.00,3.00,7.00,1560.00,0.00,2002.00,0.00,98053.00,47.69,-122.04,1600.00,3152.00
4366700140.00,20141219T000000,241000.00,3.00,1.00,1010.00,9611.00,1.00,0.00,0.00,4.00,6.00,1010.00,0.00,1973.00,0.00,98092.00,47.30,-122.07,1200.00,9611.00
5457300478.00,20150513T000000,453500.00,2.00,1.75,1000.00,1760.00,1.00,0.00,0.00,4.00,6.00,600.00,400.00,1924.00,0.00,98109.00,47.63,-122.36,2120.00,2802.00
9158100116.00,20150406T000000,285000.00,2.00,1.50,990.00,1380.00,3.00,0.00,0.00,3.00,7.00,990.00,0.00,2001.00,0.00,98133.00,47.72,-122.36,1050.00,1380.00
7227500830.00,20140528T000000,151000.00,2.00,1.00,720.00,4222.00,1.00,0.00,0.00,4.00,5.00,720.00,0.00,1942.00,0.00,98056.00,47.50,-122.19,860.00,4785.00
7237500390.00,20141110T000000,1570000.00,5.00,4.50,6070.00,14731.00,2.00,0.00,0.00,3.00,11.00,6070.00,0.00,2004.00,0.00,98059.00,47.53,-122.13,4750.00,13404.00
2197600451.00,20141105T000000,631000.00,5.00,2.00,2270.00,2400.00,2.00,0.00,0.00,3.00,7.00,2270.00,0.00,1905.00,0.00,98122.00,47.61,-122.32,1320.00,2400.00
3278604400.00,20140602T000000,285000.00,2.00,2.50,1380.00,1073.00,2.00,0.00,0.00,3.00,7.00,1140.00,240.00,2011.00,0.00,98126.00,47.55,-122.37,1580.00,2036.00
1788700160.00,20150220T000000,195000.00,3.00,1.00,1260.00,8378.00,1.00,0.00,0.00,4.00,6.00,840.00,420.00,1959.00,1977.00,98023.00,47.33,-122.35,1140.00,8496.00
3276930270.00,20150425T000000,817500.00,4.00,2.50,2910.00,35679.00,2.00,0.00,0.00,4.00,9.00,2910.00,0.00,1987.00,0.00,98075.00,47.59,-121.99,2720.00,36728.00
7374600060.00,20150109T000000,550000.00,3.00,2.00,1810.00,12825.00,1.00,0.00,0.00,4.00,7.00,1810.00,0.00,1960.00,0.00,98007.00,47.60,-122.14,1490.00,10800.00
2505500030.00,20140703T000000,1127000.00,4.00,2.50,3160.00,8281.00,2.00,0.00,0.00,4.00,9.00,3160.00,0.00,1995.00,0.00,98033.00,47.67,-122.20,3000.00,8281.00
2770604942.00,20141230T000000,609850.00,2.00,2.75,1910.00,1369.00,3.00,0.00,0.00,3.00,9.00,1910.00,0.00,2002.00,0.00,98119.00,47.65,-122.37,1910.00,1879.00
7831800505.00,20150106T000000,200000.00,3.00,1.00,1230.00,4380.00,1.00,0.00,0.00,3.00,6.00,1230.00,0.00,1947.00,0.00,98106.00,47.54,-122.36,1525.00,6026.00
5416510060.00,20150306T000000,367000.00,4.00,2.50,2960.00,6219.00,2.00,0.00,0.00,3.00,9.00,2960.00,0.00,2006.00,0.00,98038.00,47.36,-122.04,2960.00,5361.00
4137010260.00,20140825T000000,285167.00,3.00,2.25,2200.00,8375.00,2.00,0.00,0.00,3.00,8.00,2200.00,0.00,1988.00,0.00,98092.00,47.26,-122.22,2200.00,10002.00
7683800200.00,20150402T000000,275000.00,2.00,1.50,1270.00,32175.00,1.00,0.00,0.00,4.00,7.00,1270.00,0.00,1947.00,0.00,98003.00,47.33,-122.30,1270.00,10200.00
1509500160.00,20150324T000000,350900.00,4.00,2.50,2540.00,12843.00,2.00,0.00,0.00,3.00,9.00,2540.00,0.00,1992.00,0.00,98030.00,47.39,-122.17,2410.00,9383.00
3904940200.00,20140620T000000,660000.00,4.00,3.25,3030.00,9273.00,2.00,0.00,0.00,5.00,8.00,3030.00,0.00,1988.00,0.00,98029.00,47.57,-122.01,2360.00,7632.00
4037200295.00,20140819T000000,525000.00,3.00,1.75,1520.00,8835.00,1.00,0.00,0.00,4.00,7.00,1520.00,0.00,1957.00,0.00,98008.00,47.61,-122.12,1760.00,8580.00
7258200055.00,20150206T000000,262000.00,4.00,2.50,1560.00,7800.00,2.00,0.00,0.00,3.00,7.00,1560.00,0.00,1997.00,0.00,98168.00,47.51,-122.32,1160.00,7800.00
9178600560.00,20140623T000000,690000.00,2.00,1.00,970.00,4560.00,1.00,0.00,0.00,4.00,7.00,970.00,0.00,1907.00,0.00,98103.00,47.66,-122.33,1500.00,4560.00
255520260.00,20150324T000000,624000.00,5.00,3.75,3570.00,14648.00,2.00,0.00,0.00,3.00,9.00,3570.00,0.00,2005.00,0.00,98019.00,47.74,-121.97,3160.00,7882.00
751000060.00,20140506T000000,353000.00,3.00,1.00,1350.00,7740.00,1.00,0.00,0.00,4.00,6.00,860.00,490.00,1947.00,0.00,98125.00,47.71,-122.29,1130.00,7740.00
3343900326.00,20150311T000000,552500.00,4.00,3.50,3710.00,10400.00,2.00,0.00,0.00,3.00,8.00,2290.00,1420.00,2002.00,0.00,98056.00,47.50,-122.19,1720.00,4276.00
7137900320.00,20140509T000000,224500.00,4.00,1.00,1430.00,8355.00,1.50,0.00,0.00,4.00,7.00,1430.00,0.00,1983.00,0.00,98092.00,47.32,-122.17,1550.00,7938.00
2641800060.00,20150427T000000,239000.00,3.00,1.00,940.00,8571.00,1.00,0.00,0.00,3.00,6.00,940.00,0.00,1950.00,0.00,98146.00,47.50,-122.34,1100.00,8573.00
293760310.00,20140711T000000,975000.00,5.00,4.50,4300.00,12250.00,2.00,0.00,0.00,3.00,10.00,4300.00,0.00,2004.00,0.00,98029.00,47.56,-122.03,3950.00,12250.00
7237501180.00,20140625T000000,1200000.00,4.00,1.75,3990.00,13470.00,2.00,0.00,0.00,3.00,11.00,3990.00,0.00,2006.00,0.00,98059.00,47.53,-122.13,5790.00,13709.00
5332200550.00,20150325T000000,505000.00,3.00,1.00,1380.00,4000.00,1.50,0.00,0.00,3.00,7.00,1380.00,0.00,1910.00,0.00,98112.00,47.63,-122.30,1690.00,4000.00
3450300240.00,20140515T000000,302000.00,4.00,1.75,2020.00,7865.00,1.00,0.00,0.00,4.00,7.00,1010.00,1010.00,1963.00,0.00,98059.00,47.50,-122.16,1650.00,7865.00
9352900695.00,20140922T000000,170000.00,3.00,1.00,1480.00,5670.00,1.00,0.00,0.00,3.00,6.00,780.00,700.00,1944.00,0.00,98106.00,47.52,-122.36,760.00,5040.00
3324069070.00,20140707T000000,195000.00,2.00,1.00,1190.00,27007.00,1.00,0.00,0.00,4.00,5.00,1190.00,0.00,1910.00,0.00,98027.00,47.52,-122.04,1730.00,12632.00
8062900070.00,20140909T000000,272000.00,5.00,1.50,2550.00,6300.00,1.00,0.00,0.00,4.00,7.00,1560.00,990.00,1959.00,0.00,98056.00,47.50,-122.17,1380.00,6300.00
8062900070.00,20150213T000000,369000.00,5.00,1.50,2550.00,6300.00,1.00,0.00,0.00,4.00,7.00,1560.00,990.00,1959.00,0.00,98056.00,47.50,-122.17,1380.00,6300.00
4427100030.00,20150114T000000,332500.00,3.00,1.50,1500.00,6332.00,1.00,0.00,0.00,3.00,7.00,1500.00,0.00,1953.00,0.00,98125.00,47.73,-122.31,1500.00,6337.00
4039100400.00,20150506T000000,515000.00,3.00,2.50,3000.00,8250.00,1.00,0.00,0.00,4.00,8.00,1760.00,1240.00,1963.00,0.00,98008.00,47.62,-122.11,2040.00,8250.00
2171400126.00,20140605T000000,269000.00,3.00,1.00,1690.00,4250.00,1.00,0.00,0.00,3.00,7.00,1020.00,670.00,1967.00,0.00,98178.00,47.49,-122.26,1820.00,8865.00
7135520810.00,20140730T000000,1278000.00,4.00,4.00,4390.00,17832.00,1.00,0.00,0.00,4.00,11.00,2430.00,1960.00,1994.00,0.00,98059.00,47.53,-122.14,3090.00,12369.00
2475201180.00,20150206T000000,303000.00,3.00,2.50,1560.00,4100.00,2.00,0.00,0.00,3.00,7.00,1560.00,0.00,1985.00,0.00,98055.00,47.47,-122.19,1660.00,4400.00
4024100951.00,20150105T000000,420000.00,7.00,3.00,2940.00,8624.00,1.00,0.00,0.00,3.00,8.00,1690.00,1250.00,1977.00,0.00,98155.00,47.76,-122.31,1850.00,8031.00
6021502830.00,20141110T000000,400000.00,3.00,1.00,1130.00,4100.00,1.00,0.00,0.00,3.00,7.00,990.00,140.00,1941.00,0.00,98117.00,47.69,-122.39,1800.00,4100.00
7710100083.00,20150204T000000,225000.00,3.00,1.00,1020.00,8437.00,1.00,0.00,0.00,5.00,6.00,1020.00,0.00,1987.00,0.00,98022.00,47.21,-122.00,1420.00,8500.00
2781270550.00,20140916T000000,219000.00,2.00,2.00,1310.00,2550.00,2.00,0.00,0.00,3.00,6.00,1310.00,0.00,2004.00,0.00,98038.00,47.35,-122.02,1310.00,2550.00
200510060.00,20141231T000000,605000.00,3.00,2.50,2570.00,9487.00,2.00,0.00,3.00,3.00,9.00,2570.00,0.00,1989.00,0.00,98011.00,47.74,-122.22,2490.00,9898.00
9554200105.00,20141014T000000,625000.00,4.00,2.00,2020.00,6867.00,1.00,0.00,0.00,5.00,8.00,1010.00,1010.00,1942.00,0.00,98115.00,47.70,-122.29,1250.00,6842.00
3320000810.00,20150224T000000,380000.00,5.00,2.00,1680.00,3240.00,1.00,0.00,0.00,3.00,5.00,840.00,840.00,1906.00,0.00,98144.00,47.60,-122.31,1380.00,1260.00
643500060.00,20150424T000000,620000.00,4.00,2.00,1770.00,7700.00,1.50,0.00,0.00,4.00,7.00,1770.00,0.00,1962.00,0.00,98007.00,47.59,-122.15,1710.00,7700.00
2537500140.00,20140627T000000,687500.00,4.00,2.75,3190.00,10970.00,2.00,0.00,0.00,3.00,10.00,3190.00,0.00,1994.00,0.00,98075.00,47.59,-122.03,2850.00,8416.00
5112800421.00,20140723T000000,225500.00,4.00,2.00,1440.00,7950.00,1.00,0.00,0.00,5.00,6.00,1440.00,0.00,1962.00,0.00,98058.00,47.45,-122.08,1530.00,20037.00
3352402236.00,20141215T000000,252500.00,3.00,2.00,1150.00,6000.00,1.00,0.00,0.00,5.00,7.00,1150.00,0.00,1956.00,0.00,98178.00,47.50,-122.26,1980.00,6360.00
3905100520.00,20141029T000000,510000.00,3.00,2.50,1860.00,3658.00,2.00,0.00,0.00,3.00,8.00,1860.00,0.00,1994.00,0.00,98029.00,47.57,-122.00,1840.00,3739.00
6332940070.00,20140507T000000,510000.00,4.00,2.50,2430.00,5203.00,2.00,0.00,0.00,3.00,8.00,2430.00,0.00,2003.00,0.00,98155.00,47.74,-122.32,2260.00,7474.00
809002435.00,20140808T000000,725000.00,3.00,2.50,1940.00,4000.00,1.50,0.00,0.00,5.00,7.00,1940.00,0.00,1906.00,0.00,98109.00,47.64,-122.35,1440.00,4000.00
3421079032.00,20150217T000000,75000.00,1.00,0.00,670.00,43377.00,1.00,0.00,0.00,3.00,3.00,670.00,0.00,1966.00,0.00,98022.00,47.26,-121.91,1160.00,42882.00
3797000295.00,20150312T000000,492000.00,2.00,1.00,880.00,2970.00,1.00,0.00,0.00,3.00,7.00,880.00,0.00,1927.00,0.00,98103.00,47.69,-122.35,1370.00,3060.00
1775801260.00,20150311T000000,425000.00,4.00,2.50,1930.00,14196.00,1.00,0.00,0.00,4.00,7.00,1330.00,600.00,1977.00,0.00,98072.00,47.74,-122.10,1470.00,12852.00
4055701200.00,20150421T000000,1955000.00,4.00,2.75,3120.00,7898.00,1.00,1.00,4.00,4.00,8.00,1560.00,1560.00,1963.00,0.00,98034.00,47.72,-122.26,2630.00,13868.00
7137960030.00,20150309T000000,298900.00,3.00,2.50,1830.00,6162.00,2.00,0.00,0.00,3.00,8.00,1830.00,0.00,1994.00,0.00,98092.00,47.33,-122.17,1860.00,7017.00
7880010060.00,20150406T000000,699000.00,4.00,2.50,3230.00,40319.00,2.00,0.00,0.00,4.00,10.00,3230.00,0.00,1987.00,0.00,98027.00,47.49,-122.07,2990.00,40234.00
3797001920.00,20140702T000000,310000.00,2.00,1.00,700.00,3000.00,1.00,0.00,0.00,4.00,6.00,700.00,0.00,1918.00,0.00,98103.00,47.68,-122.35,1560.00,4500.00
3901100055.00,20141222T000000,350000.00,3.00,1.75,1010.00,8580.00,1.00,0.00,0.00,3.00,7.00,1010.00,0.00,1961.00,0.00,98033.00,47.67,-122.17,1500.00,8580.00
8069000075.00,20141229T000000,790000.00,4.00,1.75,2460.00,10061.00,1.00,1.00,4.00,3.00,7.00,1410.00,1050.00,1961.00,0.00,98178.00,47.51,-122.24,2300.00,10061.00
1541700240.00,20140729T000000,305000.00,4.00,2.50,2230.00,5000.00,2.00,0.00,0.00,3.00,8.00,2230.00,0.00,2003.00,0.00,98031.00,47.39,-122.18,2230.00,6137.00
6064800710.00,20141002T000000,315000.00,3.00,2.50,1570.00,2865.00,2.00,0.00,0.00,3.00,7.00,1570.00,0.00,2003.00,0.00,98118.00,47.54,-122.29,1610.00,2582.00
1865810060.00,20140812T000000,267500.00,5.00,3.50,2390.00,6600.00,2.00,0.00,0.00,5.00,7.00,2390.00,0.00,1977.00,0.00,98042.00,47.37,-122.12,1140.00,6600.00
7533800295.00,20140819T000000,1750000.00,4.00,3.25,3460.00,7749.00,2.00,0.00,1.00,3.00,10.00,3020.00,440.00,1950.00,1998.00,98115.00,47.68,-122.27,3030.00,8680.00
5415300060.00,20140813T000000,435000.00,6.00,3.50,2400.00,8620.00,2.00,0.00,0.00,3.00,8.00,1640.00,760.00,1987.00,0.00,98034.00,47.72,-122.16,1940.00,7350.00
3876100320.00,20140905T000000,482500.00,6.00,4.50,2940.00,7500.00,1.50,0.00,0.00,4.00,8.00,2940.00,0.00,1966.00,0.00,98034.00,47.72,-122.18,2010.00,7500.00
1247600105.00,20141020T000000,5110800.00,5.00,5.25,8010.00,45517.00,2.00,1.00,4.00,3.00,12.00,5990.00,2020.00,1999.00,0.00,98033.00,47.68,-122.21,3430.00,26788.00
3705900238.00,20140828T000000,439995.00,3.00,1.75,1570.00,8400.00,1.00,0.00,0.00,4.00,7.00,1570.00,0.00,1959.00,0.00,98133.00,47.76,-122.34,1860.00,8639.00
3876200070.00,20150508T000000,460000.00,3.00,3.00,1520.00,7500.00,1.00,0.00,0.00,3.00,7.00,1180.00,340.00,1967.00,0.00,98034.00,47.73,-122.18,2080.00,8000.00
4388000140.00,20140729T000000,194000.00,3.00,1.00,1070.00,6440.00,1.00,0.00,0.00,4.00,7.00,1070.00,0.00,1971.00,0.00,98023.00,47.32,-122.37,1190.00,6532.00
3523029041.00,20141009T000000,290000.00,2.00,0.75,440.00,8313.00,1.00,1.00,3.00,4.00,5.00,440.00,0.00,1943.00,0.00,98070.00,47.43,-122.51,880.00,26289.00
3110800260.00,20140715T000000,274700.00,4.00,2.00,2440.00,9600.00,1.00,0.00,0.00,5.00,7.00,1220.00,1220.00,1963.00,0.00,98031.00,47.41,-122.18,1370.00,9600.00
3131201290.00,20150317T000000,900000.00,4.00,2.50,2660.00,3672.00,2.00,0.00,0.00,5.00,8.00,1800.00,860.00,1910.00,0.00,98105.00,47.66,-122.32,1510.00,3825.00
1117200390.00,20140507T000000,1150000.00,4.00,4.00,4460.00,103382.00,2.00,0.00,0.00,3.00,11.00,4460.00,0.00,2001.00,0.00,98053.00,47.63,-122.00,3470.00,88519.00
8956000350.00,20140903T000000,605000.00,3.00,2.50,2010.00,3667.00,2.00,0.00,0.00,3.00,9.00,2010.00,0.00,2008.00,0.00,98027.00,47.55,-122.02,2350.00,3600.00
7853210140.00,20150309T000000,359000.00,3.00,2.50,1450.00,3850.00,2.00,0.00,0.00,3.00,7.00,1450.00,0.00,2004.00,0.00,98065.00,47.53,-121.85,1970.00,3748.00
3250500140.00,20141008T000000,850000.00,3.00,1.75,1400.00,9900.00,1.00,0.00,0.00,3.00,7.00,1400.00,0.00,1951.00,0.00,98004.00,47.63,-122.21,1810.00,10796.00
2767601375.00,20140821T000000,505000.00,3.00,2.00,1500.00,2500.00,2.00,0.00,0.00,3.00,8.00,1500.00,0.00,2002.00,0.00,98107.00,47.67,-122.39,1550.00,5000.00
9465910320.00,20140709T000000,565000.00,3.00,2.50,2500.00,7394.00,2.00,0.00,0.00,3.00,9.00,2500.00,0.00,1990.00,0.00,98072.00,47.74,-122.17,2790.00,7642.00
3334000055.00,20150429T000000,585000.00,2.00,1.75,1280.00,7110.00,1.00,0.00,0.00,4.00,7.00,1000.00,280.00,1955.00,0.00,98118.00,47.56,-122.27,1550.00,6835.00
7893800335.00,20150430T000000,328000.00,4.00,3.25,3380.00,7500.00,2.00,0.00,3.00,3.00,7.00,2420.00,960.00,1990.00,0.00,98198.00,47.41,-122.33,1920.00,7500.00
3586500700.00,20140709T000000,749950.00,4.00,2.75,2910.00,18700.00,1.00,0.00,0.00,3.00,9.00,2210.00,700.00,1957.00,1995.00,98177.00,47.76,-122.37,2420.00,26140.00
3630180400.00,20140626T000000,826000.00,4.00,2.50,3060.00,7140.00,2.00,0.00,0.00,3.00,9.00,3060.00,0.00,2006.00,0.00,98027.00,47.54,-122.00,3240.00,6218.00
3210950510.00,20140904T000000,535000.00,3.00,1.00,1330.00,40259.00,1.00,0.00,0.00,4.00,7.00,1330.00,0.00,1977.00,0.00,98024.00,47.55,-121.89,1710.00,34787.00
1224069074.00,20140806T000000,925000.00,4.00,2.50,3300.00,101930.00,2.00,0.00,0.00,4.00,10.00,3300.00,0.00,1991.00,0.00,98029.00,47.58,-121.98,2880.00,213879.00
7625700935.00,20140605T000000,875000.00,3.00,3.50,3250.00,6000.00,2.00,0.00,0.00,3.00,10.00,2500.00,750.00,2001.00,0.00,98136.00,47.55,-122.39,1650.00,6000.00
7856610200.00,20140523T000000,902000.00,4.00,2.25,2530.00,9200.00,1.00,0.00,0.00,5.00,9.00,1570.00,960.00,1976.00,0.00,98006.00,47.56,-122.15,3030.00,9400.00
7287100135.00,20141001T000000,423000.00,3.00,1.00,1830.00,13900.00,1.00,0.00,0.00,3.00,7.00,1830.00,0.00,1951.00,0.00,98133.00,47.77,-122.35,1840.00,10667.00
1023059324.00,20140623T000000,235000.00,3.00,1.00,1170.00,11100.00,1.00,0.00,0.00,4.00,6.00,1170.00,0.00,1968.00,0.00,98059.00,47.50,-122.16,2080.00,8481.00
6398000171.00,20140710T000000,545000.00,2.00,2.00,2930.00,14057.00,1.00,0.00,2.00,4.00,8.00,1680.00,1250.00,1980.00,0.00,98070.00,47.40,-122.46,2234.00,61011.00
6149700350.00,20141016T000000,343000.00,2.00,1.00,1230.00,7560.00,1.00,0.00,0.00,3.00,7.00,1230.00,0.00,1961.00,0.00,98133.00,47.73,-122.34,1270.00,7560.00
9558020890.00,20150324T000000,334950.00,3.00,2.50,1620.00,2930.00,2.00,0.00,0.00,3.00,8.00,1620.00,0.00,2002.00,0.00,98058.00,47.45,-122.12,1900.00,2943.00
2624049185.00,20140909T000000,405000.00,3.00,1.75,1760.00,5355.00,1.00,0.00,0.00,3.00,7.00,1160.00,600.00,1956.00,0.00,98118.00,47.54,-122.27,1790.00,6225.00
236400260.00,20141215T000000,220000.00,4.00,1.00,1440.00,8250.00,1.00,0.00,0.00,3.00,7.00,1440.00,0.00,1959.00,0.00,98188.00,47.43,-122.29,1440.00,8466.00
3826000560.00,20141002T000000,173000.00,2.00,1.00,1740.00,8100.00,1.00,0.00,0.00,3.00,6.00,1050.00,690.00,1947.00,0.00,98168.00,47.49,-122.30,960.00,8100.00
7011201245.00,20141107T000000,655000.00,3.00,1.00,1270.00,3600.00,1.50,0.00,0.00,3.00,7.00,1270.00,0.00,1906.00,0.00,98119.00,47.64,-122.37,1710.00,3600.00
9222400510.00,20150107T000000,406000.00,2.00,1.00,880.00,3000.00,1.00,0.00,0.00,3.00,6.00,880.00,0.00,1924.00,0.00,98115.00,47.67,-122.32,890.00,3000.00
9455200570.00,20141217T000000,632000.00,6.00,2.50,2560.00,8320.00,1.00,0.00,0.00,3.00,7.00,1370.00,1190.00,1961.00,0.00,98125.00,47.70,-122.29,2360.00,7800.00
2112700030.00,20141126T000000,357000.00,5.00,2.75,1540.00,4000.00,1.00,0.00,0.00,3.00,7.00,1140.00,400.00,1990.00,0.00,98106.00,47.53,-122.35,1630.00,4000.00
8658300260.00,20141209T000000,361000.00,3.00,1.75,1150.00,17585.00,1.00,0.00,0.00,3.00,7.00,1150.00,0.00,1964.00,0.00,98014.00,47.65,-121.91,1200.00,7500.00
3996900160.00,20140708T000000,277000.00,2.00,1.00,770.00,8149.00,1.00,0.00,0.00,3.00,6.00,770.00,0.00,1948.00,0.00,98155.00,47.75,-122.30,1160.00,8149.00
5561400340.00,20140605T000000,630000.00,4.00,3.75,4610.00,40202.00,1.00,0.00,0.00,4.00,10.00,2500.00,2110.00,1980.00,0.00,98027.00,47.46,-122.00,3050.00,41056.00
11900140.00,20140509T000000,254000.00,3.00,2.50,1850.00,4597.00,2.00,0.00,0.00,3.00,8.00,1850.00,0.00,2003.00,0.00,98042.00,47.38,-122.14,2210.00,5000.00
6071600340.00,20141113T000000,472800.00,3.00,2.25,1840.00,8400.00,1.00,0.00,0.00,3.00,8.00,1290.00,550.00,1961.00,0.00,98006.00,47.55,-122.17,2110.00,8400.00
1231000510.00,20140922T000000,263000.00,3.00,1.75,1490.00,3800.00,1.00,0.00,0.00,3.00,6.00,700.00,790.00,1913.00,0.00,98118.00,47.56,-122.27,2180.00,4000.00
1231000510.00,20150504T000000,510000.00,3.00,1.75,1490.00,3800.00,1.00,0.00,0.00,3.00,6.00,700.00,790.00,1913.00,0.00,98118.00,47.56,-122.27,2180.00,4000.00
7683800192.00,20141107T000000,179950.00,3.00,1.00,960.00,10125.00,1.00,0.00,0.00,4.00,7.00,960.00,0.00,1952.00,0.00,98003.00,47.33,-122.31,1250.00,9769.00
4123400340.00,20141203T000000,525000.00,4.00,2.25,1580.00,7307.00,1.00,0.00,0.00,3.00,8.00,1160.00,420.00,1973.00,0.00,98027.00,47.57,-122.09,2020.00,7458.00
5458300685.00,20140520T000000,479000.00,3.00,2.50,1260.00,889.00,3.00,0.00,0.00,3.00,8.00,1260.00,0.00,2008.00,0.00,98109.00,47.63,-122.35,1340.00,1324.00
194000505.00,20140904T000000,651000.00,3.00,2.00,1940.00,6440.00,1.00,0.00,2.00,5.00,7.00,970.00,970.00,1940.00,0.00,98116.00,47.57,-122.39,1730.00,4640.00
3885804305.00,20140911T000000,949000.00,4.00,1.75,2490.00,7834.00,1.00,0.00,3.00,4.00,8.00,1240.00,1250.00,1958.00,0.00,98033.00,47.69,-122.21,3210.00,7834.00
3971700560.00,20150421T000000,392400.00,5.00,2.50,2520.00,27951.00,1.50,0.00,0.00,3.00,7.00,1890.00,630.00,1942.00,1970.00,98155.00,47.77,-122.32,1830.00,14373.00
8585400135.00,20141105T000000,585000.00,4.00,1.75,1760.00,5356.00,1.00,0.00,0.00,4.00,7.00,920.00,840.00,1950.00,0.00,98115.00,47.68,-122.29,1680.00,5184.00
8691500990.00,20141212T000000,460000.00,4.00,2.50,4190.00,7504.00,2.00,0.00,0.00,3.00,7.00,4190.00,0.00,2004.00,0.00,98058.00,47.44,-122.11,2480.00,6727.00
2770606685.00,20140813T000000,470000.00,3.00,1.00,1170.00,4400.00,1.00,0.00,0.00,3.00,7.00,870.00,300.00,1951.00,0.00,98199.00,47.66,-122.39,1240.00,4400.00
8856971000.00,20150406T000000,245000.00,3.00,2.50,1600.00,4271.00,2.00,0.00,0.00,3.00,7.00,1600.00,0.00,2003.00,0.00,98038.00,47.39,-122.04,1520.00,3225.00
1026049082.00,20141125T000000,500000.00,4.00,2.00,2760.00,27631.00,2.00,0.00,0.00,4.00,8.00,1800.00,960.00,1978.00,0.00,98155.00,47.75,-122.29,2490.00,13158.00
2095800400.00,20141113T000000,455000.00,3.00,2.50,2090.00,8653.00,2.00,0.00,0.00,3.00,8.00,2090.00,0.00,1989.00,0.00,98011.00,47.75,-122.18,2090.00,6396.00
7852030240.00,20150408T000000,485500.00,4.00,2.50,2320.00,3974.00,2.00,0.00,0.00,3.00,7.00,2320.00,0.00,1999.00,0.00,98065.00,47.53,-121.88,2620.00,4539.00
6321000045.00,20141222T000000,1875000.00,5.00,3.25,4110.00,7920.00,2.00,0.00,3.00,3.00,9.00,3150.00,960.00,1921.00,0.00,98122.00,47.62,-122.28,3890.00,7800.00
3751600030.00,20140717T000000,100000.00,2.00,1.00,770.00,17334.00,1.00,0.00,0.00,3.00,7.00,770.00,0.00,1978.00,0.00,98001.00,47.30,-122.27,1480.00,17334.00
4046500510.00,20140905T000000,307000.00,3.00,1.75,1410.00,16105.00,1.00,0.00,0.00,3.00,7.00,1410.00,0.00,1982.00,0.00,98014.00,47.69,-121.91,1550.00,18615.00
8029520240.00,20141010T000000,475000.00,4.00,3.50,3660.00,14401.00,2.00,0.00,0.00,3.00,10.00,2660.00,1000.00,1994.00,0.00,98023.00,47.31,-122.40,2780.00,10653.00
7016310030.00,20150219T000000,330000.00,4.00,2.50,2180.00,7210.00,1.00,0.00,0.00,3.00,7.00,1190.00,990.00,1972.00,0.00,98011.00,47.74,-122.18,2070.00,7210.00
1238500451.00,20150209T000000,130000.00,3.00,1.00,1110.00,7520.00,1.00,0.00,0.00,4.00,7.00,1110.00,0.00,1960.00,0.00,98033.00,47.68,-122.18,1440.00,8400.00
4401150070.00,20140623T000000,320000.00,3.00,2.50,2280.00,7417.00,2.00,0.00,0.00,3.00,8.00,2280.00,0.00,1998.00,0.00,98001.00,47.36,-122.28,2370.00,6443.00
3331000070.00,20140606T000000,735000.00,4.00,2.50,2820.00,6180.00,2.00,0.00,0.00,3.00,9.00,2050.00,770.00,2013.00,0.00,98118.00,47.55,-122.28,1390.00,4635.00
2636900126.00,20150312T000000,365000.00,4.00,2.50,1570.00,9600.00,1.00,0.00,0.00,3.00,7.00,800.00,770.00,1972.00,0.00,98155.00,47.78,-122.30,1340.00,9110.00
1842900030.00,20150416T000000,234000.00,3.00,1.50,1200.00,11935.00,1.00,0.00,0.00,4.00,7.00,1200.00,0.00,1968.00,0.00,98042.00,47.34,-122.08,1350.00,11935.00
1761300310.00,20140827T000000,211000.00,4.00,2.00,1710.00,8288.00,1.50,0.00,0.00,3.00,7.00,1710.00,0.00,1970.00,0.00,98031.00,47.39,-122.17,1710.00,7200.00
5249800729.00,20150330T000000,680000.00,6.00,3.50,3000.00,6320.00,2.00,0.00,2.00,3.00,8.00,2400.00,600.00,1969.00,0.00,98118.00,47.56,-122.28,1720.00,6360.00
5104511600.00,20141112T000000,457000.00,4.00,3.00,2800.00,7845.00,2.00,0.00,0.00,3.00,8.00,2800.00,0.00,2002.00,0.00,98038.00,47.35,-122.01,2800.00,6977.00
8663370060.00,20141009T000000,349000.00,3.00,2.25,1640.00,7261.00,2.00,0.00,0.00,3.00,7.00,1640.00,0.00,1989.00,0.00,98034.00,47.72,-122.18,1640.00,6789.00
613400030.00,20141024T000000,360000.00,3.00,2.75,2030.00,6840.00,1.00,0.00,0.00,3.00,7.00,1210.00,820.00,1979.00,0.00,98108.00,47.54,-122.30,1910.00,6365.00
6004510240.00,20150414T000000,350000.00,4.00,2.50,2530.00,10155.00,2.00,0.00,0.00,3.00,8.00,2530.00,0.00,1998.00,0.00,98042.00,47.35,-122.15,2330.00,7205.00
1450100070.00,20150430T000000,208000.00,3.00,1.00,990.00,7420.00,1.00,0.00,0.00,5.00,6.00,990.00,0.00,1960.00,0.00,98002.00,47.29,-122.22,1010.00,7420.00
6117501820.00,20140618T000000,250275.00,2.00,1.00,790.00,11234.00,1.00,0.00,0.00,4.00,6.00,790.00,0.00,1942.00,0.00,98166.00,47.44,-122.35,1930.00,11871.00
6117501820.00,20150428T000000,435000.00,2.00,1.00,790.00,11234.00,1.00,0.00,0.00,4.00,6.00,790.00,0.00,1942.00,0.00,98166.00,47.44,-122.35,1930.00,11871.00
5420300240.00,20141205T000000,270000.00,3.00,1.75,1800.00,7763.00,1.00,0.00,0.00,3.00,6.00,1470.00,330.00,1984.00,0.00,98030.00,47.38,-122.18,1440.00,7483.00
4140900140.00,20140527T000000,438000.00,3.00,1.75,1650.00,12940.00,1.00,0.00,0.00,4.00,7.00,1650.00,0.00,1961.00,0.00,98028.00,47.76,-122.27,2830.00,12600.00
1630700135.00,20141119T000000,659000.00,4.00,2.00,1980.00,23625.00,2.00,0.00,0.00,3.00,8.00,1980.00,0.00,1938.00,1984.00,98072.00,47.76,-122.09,2300.00,24640.00
5166700055.00,20150504T000000,645000.00,4.00,2.75,2340.00,6350.00,1.00,0.00,0.00,4.00,7.00,1310.00,1030.00,1974.00,0.00,98126.00,47.56,-122.38,2020.00,6350.00
3224600310.00,20141030T000000,685100.00,4.00,2.50,2790.00,5423.00,2.00,0.00,0.00,3.00,9.00,2790.00,0.00,1999.00,0.00,98074.00,47.61,-122.02,2450.00,6453.00
7227802030.00,20140623T000000,350000.00,7.00,3.00,2800.00,9569.00,1.00,0.00,2.00,3.00,7.00,1400.00,1400.00,1963.00,0.00,98056.00,47.51,-122.18,2150.00,7333.00
226059078.00,20150227T000000,375000.00,2.00,1.00,1840.00,81892.00,1.00,0.00,0.00,3.00,6.00,1840.00,0.00,1955.00,0.00,98072.00,47.77,-122.12,2550.00,40089.00
1796100140.00,20140715T000000,170000.00,3.00,1.50,1350.00,81549.00,1.00,0.00,0.00,2.00,7.00,1350.00,0.00,1966.00,0.00,98092.00,47.31,-122.09,2220.00,93825.00
5309100140.00,20140624T000000,880000.00,4.00,2.50,3030.00,3841.00,3.00,0.00,0.00,3.00,9.00,3030.00,0.00,2005.00,0.00,98117.00,47.68,-122.37,1080.00,4922.00
8658300510.00,20150419T000000,410500.00,4.00,2.50,1980.00,5000.00,2.00,0.00,0.00,3.00,8.00,1980.00,0.00,2008.00,0.00,98014.00,47.65,-121.91,1400.00,8500.00
8691300060.00,20141023T000000,780000.00,4.00,2.50,3690.00,13609.00,2.00,0.00,2.00,3.00,10.00,3690.00,0.00,1996.00,0.00,98075.00,47.59,-121.97,3600.00,13609.00
9103000393.00,20140910T000000,1225000.00,5.00,4.50,3732.00,4426.00,2.50,0.00,0.00,3.00,10.00,2932.00,800.00,2001.00,0.00,98112.00,47.62,-122.29,2950.00,4000.00
8682281170.00,20141113T000000,449000.00,2.00,1.75,1510.00,6852.00,1.00,0.00,0.00,3.00,8.00,1510.00,0.00,2005.00,0.00,98053.00,47.71,-122.01,1510.00,5912.00
472000055.00,20140514T000000,546000.00,3.00,1.75,2000.00,5000.00,1.00,0.00,0.00,4.00,7.00,1110.00,890.00,1921.00,0.00,98117.00,47.69,-122.40,1750.00,5000.00
2473400570.00,20140516T000000,317000.00,3.00,2.00,1760.00,11410.00,1.00,0.00,0.00,5.00,7.00,1060.00,700.00,1977.00,0.00,98058.00,47.45,-122.16,1680.00,9165.00
3449500135.00,20140625T000000,276900.00,3.00,1.00,1270.00,7566.00,1.00,0.00,0.00,4.00,7.00,1270.00,0.00,1958.00,0.00,98056.00,47.51,-122.18,1780.00,7520.00
1926049355.00,20141028T000000,399000.00,5.00,2.00,2620.00,7030.00,1.00,0.00,0.00,3.00,8.00,1420.00,1200.00,1965.00,0.00,98133.00,47.73,-122.35,1360.00,7964.00
8650000070.00,20140808T000000,495000.00,5.00,2.75,2630.00,10165.00,1.00,0.00,0.00,4.00,8.00,1690.00,940.00,1976.00,0.00,98027.00,47.52,-122.05,2440.00,10165.00
8732131200.00,20140808T000000,258000.00,3.00,1.75,2270.00,9000.00,1.00,0.00,0.00,4.00,8.00,1330.00,940.00,1978.00,0.00,98023.00,47.31,-122.38,2090.00,8400.00
1624079051.00,20140710T000000,600000.00,2.00,2.50,2410.00,102366.00,1.00,0.00,0.00,4.00,7.00,1940.00,470.00,1912.00,1989.00,98024.00,47.56,-121.92,2460.00,310582.00
993001629.00,20141117T000000,265000.00,3.00,2.75,1120.00,881.00,3.00,0.00,0.00,3.00,8.00,1120.00,0.00,1999.00,0.00,98103.00,47.69,-122.34,1120.00,1087.00
3832711040.00,20150424T000000,321000.00,5.00,2.75,3030.00,7000.00,1.00,0.00,0.00,4.00,7.00,1540.00,1490.00,1978.00,0.00,98032.00,47.37,-122.28,1790.00,7330.00
5244801230.00,20140829T000000,682000.00,5.00,2.25,2120.00,4000.00,1.50,0.00,0.00,4.00,7.00,1720.00,400.00,1910.00,0.00,98109.00,47.64,-122.35,1960.00,4000.00
2798600240.00,20141114T000000,295700.00,4.00,2.50,1720.00,5805.00,2.00,0.00,0.00,3.00,8.00,1720.00,0.00,2000.00,0.00,98092.00,47.33,-122.21,2360.00,7700.00
5701800030.00,20140506T000000,609000.00,4.00,2.50,2150.00,37981.00,2.00,0.00,0.00,3.00,9.00,2150.00,0.00,1985.00,0.00,98052.00,47.72,-122.10,2450.00,37981.00
7636800041.00,20140625T000000,995000.00,3.00,4.50,4380.00,47044.00,2.00,1.00,3.00,3.00,9.00,3720.00,660.00,1968.00,1990.00,98166.00,47.47,-122.37,2460.00,18512.00
3904901200.00,20140818T000000,530000.00,3.00,2.25,2010.00,11817.00,2.00,0.00,0.00,4.00,8.00,2010.00,0.00,1986.00,0.00,98029.00,47.57,-122.02,2190.00,10168.00
4109600055.00,20141229T000000,614000.00,5.00,2.50,3150.00,5150.00,2.00,0.00,0.00,5.00,8.00,1870.00,1280.00,1907.00,2004.00,98118.00,47.55,-122.27,1550.00,5150.00
3339400349.00,20141124T000000,390000.00,3.00,2.50,2500.00,21780.00,1.00,0.00,0.00,3.00,8.00,1770.00,730.00,1986.00,0.00,98092.00,47.33,-122.20,2670.00,23400.00
7202340370.00,20141110T000000,467000.00,3.00,2.50,1690.00,6642.00,2.00,0.00,0.00,3.00,7.00,1690.00,0.00,2004.00,0.00,98053.00,47.68,-122.03,2120.00,5080.00
9477500060.00,20140813T000000,484000.00,6.00,2.50,3300.00,13501.00,1.00,0.00,0.00,3.00,8.00,2060.00,1240.00,1980.00,0.00,98059.00,47.51,-122.16,2060.00,8745.00
4310701600.00,20141113T000000,340000.00,3.00,2.50,1240.00,1115.00,3.00,0.00,0.00,3.00,8.00,1240.00,0.00,2003.00,0.00,98103.00,47.70,-122.34,1410.00,1355.00
2215450060.00,20141223T000000,302495.00,3.00,2.50,2200.00,7201.00,2.00,0.00,0.00,3.00,8.00,2200.00,0.00,1994.00,0.00,98030.00,47.38,-122.21,2250.00,7240.00
2919702075.00,20140925T000000,532500.00,3.00,1.75,1620.00,3360.00,1.00,0.00,0.00,5.00,7.00,980.00,640.00,1927.00,0.00,98117.00,47.69,-122.36,1400.00,3840.00
8079030350.00,20140910T000000,441500.00,3.00,2.50,2420.00,9592.00,2.00,0.00,0.00,3.00,8.00,1780.00,640.00,1993.00,0.00,98059.00,47.51,-122.15,2420.00,9145.00
7893804340.00,20140724T000000,470000.00,4.00,2.50,2680.00,8062.00,1.00,0.00,3.00,4.00,7.00,1530.00,1150.00,1967.00,0.00,98198.00,47.41,-122.33,1920.00,8600.00
4389200765.00,20140625T000000,2300000.00,4.00,3.25,4250.00,8570.00,2.00,0.00,0.00,3.00,9.00,4250.00,0.00,2004.00,0.00,98004.00,47.62,-122.21,2830.00,12821.00
1822069116.00,20141217T000000,590000.00,3.00,2.50,2400.00,99752.00,1.00,0.00,0.00,3.00,9.00,2400.00,0.00,1996.00,0.00,98058.00,47.39,-122.08,2800.00,98010.00
7276100282.00,20140729T000000,320000.00,3.00,1.75,2300.00,12000.00,1.00,0.00,0.00,3.00,8.00,1770.00,530.00,1942.00,0.00,98133.00,47.76,-122.34,2030.00,6000.00
567000392.00,20141103T000000,363000.00,2.00,2.00,920.00,1201.00,2.00,0.00,0.00,3.00,8.00,800.00,120.00,2009.00,0.00,98144.00,47.59,-122.30,1150.00,1161.00
5729200030.00,20140707T000000,747500.00,4.00,2.25,2350.00,18600.00,2.00,0.00,0.00,4.00,9.00,2350.00,0.00,1977.00,0.00,98028.00,47.75,-122.26,2880.00,14400.00
8682220390.00,20140723T000000,750000.00,2.00,2.50,2630.00,7957.00,2.00,0.00,0.00,3.00,8.00,2630.00,0.00,2003.00,0.00,98053.00,47.71,-122.02,2305.00,7220.00
9828700200.00,20140505T000000,831000.00,4.00,3.00,2170.00,4000.00,2.00,0.00,0.00,4.00,9.00,1610.00,560.00,1982.00,2011.00,98112.00,47.62,-122.29,1670.00,4000.00
7852180560.00,20150424T000000,403000.00,3.00,2.50,1700.00,4125.00,2.00,0.00,0.00,3.00,7.00,1700.00,0.00,2004.00,0.00,98065.00,47.53,-121.85,1970.00,4105.00
3655400060.00,20140808T000000,445000.00,3.00,2.50,2470.00,4565.00,2.00,0.00,0.00,3.00,7.00,2470.00,0.00,2005.00,0.00,98056.00,47.51,-122.19,2470.00,5064.00
7955030060.00,20150326T000000,345000.00,3.00,1.00,1250.00,17380.00,1.00,0.00,0.00,4.00,7.00,1250.00,0.00,1970.00,0.00,98072.00,47.75,-122.11,1410.00,18200.00
8964800445.00,20150209T000000,2260000.00,3.00,3.50,3110.00,14872.00,1.00,0.00,0.00,3.00,10.00,3110.00,0.00,2003.00,0.00,98004.00,47.62,-122.21,3110.00,12433.00
6204410200.00,20140616T000000,371025.00,3.00,2.00,1530.00,8925.00,1.00,0.00,0.00,3.00,7.00,1530.00,0.00,1977.00,0.00,98011.00,47.74,-122.20,2040.00,8856.00
7625702400.00,20140730T000000,355000.00,2.00,1.00,960.00,6250.00,1.00,0.00,0.00,3.00,6.00,960.00,0.00,1916.00,0.00,98136.00,47.55,-122.39,1350.00,6250.00
5113200310.00,20140909T000000,270000.00,3.00,1.00,1240.00,14110.00,1.00,0.00,0.00,4.00,7.00,1240.00,0.00,1972.00,0.00,98058.00,47.46,-122.09,2060.00,19350.00
7893802800.00,20140605T000000,425000.00,4.00,2.75,2440.00,15349.00,2.00,0.00,1.00,4.00,7.00,2440.00,0.00,1957.00,0.00,98198.00,47.41,-122.33,2280.00,9250.00
2473003210.00,20150313T000000,364808.00,3.00,1.75,2320.00,7875.00,1.00,0.00,0.00,3.00,8.00,1620.00,700.00,1967.00,0.00,98058.00,47.45,-122.15,1990.00,9720.00
1402600570.00,20150113T000000,320000.00,3.00,2.25,1580.00,6561.00,1.00,0.00,0.00,3.00,8.00,1200.00,380.00,1981.00,0.00,98058.00,47.44,-122.14,1710.00,7241.00
8944460030.00,20141014T000000,325000.00,4.00,2.50,2963.00,5797.00,2.00,0.00,0.00,3.00,9.00,2963.00,0.00,2006.00,0.00,98030.00,47.38,-122.19,2665.00,6119.00
2473480560.00,20140904T000000,350000.00,3.00,2.25,2470.00,10290.00,2.00,0.00,0.00,3.00,8.00,2230.00,240.00,1984.00,0.00,98058.00,47.45,-122.12,1970.00,10150.00
3365900465.00,20150219T000000,170000.00,3.00,1.50,1370.00,10176.00,1.00,0.00,0.00,3.00,6.00,1370.00,0.00,1947.00,0.00,98168.00,47.47,-122.26,1650.00,10176.00
5341600030.00,20140509T000000,255000.00,2.00,1.00,960.00,28717.00,1.00,0.00,0.00,4.00,6.00,960.00,0.00,1984.00,0.00,98070.00,47.34,-122.50,1860.00,28717.00
6073500160.00,20141210T000000,550000.00,3.00,1.00,1130.00,7500.00,1.00,0.00,0.00,3.00,7.00,880.00,250.00,1947.00,0.00,98117.00,47.70,-122.39,2190.00,5250.00
2025760160.00,20140703T000000,835000.00,4.00,4.25,4930.00,25714.00,2.00,0.00,0.00,3.00,12.00,4930.00,0.00,2005.00,0.00,98092.00,47.31,-122.15,3620.00,23035.00
9393700140.00,20150310T000000,420000.00,3.00,1.00,1150.00,5120.00,1.00,0.00,0.00,4.00,6.00,800.00,350.00,1946.00,0.00,98116.00,47.56,-122.39,1220.00,5120.00
5458800125.00,20140514T000000,925000.00,4.00,2.50,2190.00,7350.00,2.50,0.00,0.00,5.00,8.00,2190.00,0.00,1958.00,0.00,98040.00,47.58,-122.24,1880.00,7350.00
2492200435.00,20140606T000000,389250.00,2.00,1.50,1490.00,4080.00,1.00,0.00,0.00,3.00,7.00,930.00,560.00,1956.00,0.00,98126.00,47.53,-122.38,1320.00,4080.00
3759500046.00,20150501T000000,748000.00,3.00,2.50,2600.00,10183.00,1.00,0.00,0.00,3.00,8.00,1300.00,1300.00,2004.00,0.00,98033.00,47.70,-122.20,1860.00,10401.00
8648220260.00,20150324T000000,284000.00,3.00,1.75,1530.00,9600.00,1.00,0.00,0.00,3.00,7.00,1200.00,330.00,1988.00,0.00,98042.00,47.36,-122.08,1680.00,9680.00
6392001670.00,20140611T000000,588000.00,4.00,2.00,1680.00,5000.00,1.00,0.00,0.00,3.00,7.00,980.00,700.00,1950.00,0.00,98115.00,47.69,-122.29,1680.00,6000.00
2026049155.00,20150320T000000,372500.00,3.00,1.75,1680.00,8648.00,1.00,0.00,0.00,4.00,7.00,1680.00,0.00,1963.00,0.00,98133.00,47.73,-122.33,1290.00,8147.00
2329800240.00,20150218T000000,285000.00,4.00,3.00,1900.00,7194.00,2.00,0.00,0.00,4.00,7.00,1900.00,0.00,1988.00,0.00,98042.00,47.38,-122.12,1690.00,7194.00
3380900125.00,20140527T000000,360000.00,3.00,1.00,1570.00,9467.00,1.00,0.00,0.00,3.00,7.00,1570.00,0.00,1954.00,0.00,98177.00,47.77,-122.36,1570.00,9100.00
1324079041.00,20141118T000000,275000.00,3.00,1.00,1370.00,17859.00,1.00,0.00,0.00,4.00,7.00,1150.00,220.00,1930.00,0.00,98024.00,47.56,-121.86,1460.00,47044.00
8682230550.00,20140916T000000,428000.00,2.00,2.00,1350.00,4225.00,1.00,0.00,0.00,3.00,8.00,1350.00,0.00,2003.00,0.00,98053.00,47.71,-122.03,1660.00,4225.00
853400240.00,20150325T000000,847000.00,6.00,2.50,3010.00,17864.00,2.00,0.00,0.00,3.00,8.00,3010.00,0.00,1969.00,0.00,98177.00,47.72,-122.37,2560.00,11532.00
2130702075.00,20140926T000000,316000.00,3.00,1.00,1010.00,7838.00,1.00,0.00,0.00,4.00,6.00,1010.00,0.00,1977.00,0.00,98019.00,47.74,-121.98,1380.00,8128.00
3260810260.00,20150505T000000,375000.00,3.00,2.50,2050.00,7205.00,2.00,0.00,0.00,3.00,8.00,2050.00,0.00,2000.00,0.00,98003.00,47.35,-122.30,2050.00,7264.00
2878600200.00,20140508T000000,533000.00,3.00,1.00,1670.00,4080.00,1.00,0.00,0.00,3.00,7.00,1170.00,500.00,1967.00,0.00,98115.00,47.69,-122.32,1560.00,4080.00
7298040310.00,20140523T000000,556000.00,5.00,2.50,3840.00,16905.00,2.00,0.00,0.00,3.00,11.00,3840.00,0.00,1991.00,0.00,98023.00,47.30,-122.34,3270.00,12133.00
766000240.00,20140915T000000,225000.00,4.00,2.00,2220.00,14120.00,1.00,0.00,0.00,3.00,7.00,1200.00,1020.00,1966.00,0.00,98042.00,47.36,-122.12,1300.00,9709.00
3459700340.00,20141030T000000,537250.00,4.00,2.50,2590.00,9530.00,1.00,0.00,0.00,4.00,8.00,1640.00,950.00,1978.00,0.00,98155.00,47.78,-122.29,2710.00,10970.00
2473251180.00,20141217T000000,255000.00,3.00,1.00,1180.00,13650.00,1.00,0.00,0.00,4.00,7.00,1180.00,0.00,1967.00,0.00,98058.00,47.46,-122.15,1460.00,11730.00
2407900200.00,20150409T000000,530000.00,4.00,2.50,2950.00,4836.00,2.00,0.00,0.00,3.00,7.00,2950.00,0.00,2006.00,0.00,98059.00,47.48,-122.13,2120.00,4750.00
7558700030.00,20150413T000000,5300000.00,6.00,6.00,7390.00,24829.00,2.00,1.00,4.00,4.00,12.00,5000.00,2390.00,1991.00,0.00,98040.00,47.56,-122.21,4320.00,24619.00
203600140.00,20150324T000000,595000.00,3.00,2.75,2150.00,31238.00,2.00,0.00,0.00,3.00,9.00,2150.00,0.00,1996.00,0.00,98014.00,47.66,-121.96,2650.00,38307.00
4037800140.00,20140814T000000,548000.00,4.00,2.00,2100.00,8880.00,1.00,0.00,0.00,4.00,7.00,2100.00,0.00,1958.00,0.00,98008.00,47.61,-122.12,1280.00,9102.00
1683600240.00,20150320T000000,234975.00,3.00,1.75,1650.00,8073.00,1.00,0.00,0.00,3.00,7.00,1100.00,550.00,1980.00,0.00,98092.00,47.32,-122.18,1280.00,8073.00
1962200036.00,20140819T000000,600000.00,3.00,1.75,1620.00,1325.00,2.50,0.00,0.00,3.00,9.00,1430.00,190.00,2005.00,0.00,98102.00,47.65,-122.32,1750.00,1572.00
1775800510.00,20150324T000000,432000.00,4.00,1.00,1750.00,12528.00,1.00,0.00,0.00,4.00,7.00,1750.00,0.00,1967.00,0.00,98072.00,47.74,-122.10,1550.00,14120.00
1822350070.00,20150202T000000,455000.00,3.00,1.50,1380.00,6657.00,2.00,0.00,0.00,3.00,7.00,1380.00,0.00,1986.00,0.00,98034.00,47.71,-122.22,1420.00,8187.00
7772400160.00,20141024T000000,279950.00,3.00,1.75,1510.00,11234.00,1.00,0.00,0.00,3.00,7.00,1210.00,300.00,1965.00,0.00,98155.00,47.76,-122.33,2080.00,9076.00
273900030.00,20141020T000000,267500.00,3.00,1.50,1600.00,9072.00,1.00,0.00,0.00,4.00,7.00,1600.00,0.00,1963.00,0.00,98030.00,47.37,-122.22,1710.00,8000.00
3323069084.00,20140909T000000,620000.00,4.00,2.50,1840.00,220308.00,2.00,0.00,0.00,3.00,8.00,1840.00,0.00,2000.00,0.00,98038.00,47.43,-122.05,1890.00,65340.00
4337000160.00,20150127T000000,110000.00,2.00,1.00,830.00,7590.00,1.00,0.00,0.00,2.00,6.00,830.00,0.00,1943.00,0.00,98166.00,47.48,-122.34,980.00,7590.00
9126100550.00,20140513T000000,625000.00,3.00,3.50,1810.00,1846.00,2.00,0.00,0.00,4.00,8.00,1440.00,370.00,2009.00,0.00,98122.00,47.61,-122.31,1480.00,3600.00
5101405274.00,20140529T000000,389000.00,2.00,1.00,910.00,7000.00,1.00,0.00,0.00,3.00,7.00,910.00,0.00,1952.00,0.00,98115.00,47.70,-122.31,1260.00,7528.00
4232400860.00,20140630T000000,1200000.00,4.00,2.00,2120.00,3360.00,2.00,0.00,0.00,3.00,9.00,2120.00,0.00,1905.00,0.00,98112.00,47.62,-122.31,2090.00,3600.00
2723069082.00,20150424T000000,788500.00,4.00,2.25,2510.00,133729.00,2.00,0.00,0.00,4.00,8.00,2510.00,0.00,1977.00,0.00,98027.00,47.46,-122.02,2510.00,69696.00
7436500270.00,20140725T000000,567000.00,5.00,2.25,2100.00,6936.00,1.00,0.00,0.00,3.00,8.00,1600.00,500.00,1974.00,0.00,98033.00,47.67,-122.17,2100.00,8661.00
5153200030.00,20150113T000000,515000.00,2.00,2.25,2690.00,15000.00,1.00,0.00,2.00,3.00,8.00,1870.00,820.00,1987.00,0.00,98023.00,47.34,-122.35,2690.00,15000.00
4022900125.00,20140902T000000,605000.00,4.00,2.50,2430.00,11870.00,1.00,0.00,0.00,5.00,8.00,1590.00,840.00,1968.00,0.00,98155.00,47.78,-122.29,2430.00,9600.00
7841300505.00,20141027T000000,430000.00,4.00,3.75,2452.00,4800.00,2.00,0.00,0.00,3.00,7.00,2452.00,0.00,1936.00,1994.00,98055.00,47.47,-122.21,1180.00,4800.00
573000685.00,20140717T000000,805000.00,2.00,1.75,1550.00,6000.00,1.00,0.00,1.00,3.00,7.00,1550.00,0.00,1920.00,0.00,98199.00,47.67,-122.41,2360.00,6000.00
8961990160.00,20150413T000000,567500.00,3.00,2.50,2080.00,4556.00,2.00,0.00,0.00,3.00,8.00,2080.00,0.00,1999.00,0.00,98074.00,47.60,-122.01,1530.00,5606.00
1250202255.00,20140605T000000,647500.00,3.00,1.75,1290.00,3870.00,1.00,0.00,0.00,5.00,7.00,1290.00,0.00,1916.00,0.00,98144.00,47.59,-122.29,2020.00,5850.00
7234600796.00,20141126T000000,495000.00,2.00,1.75,1850.00,2530.00,2.50,0.00,0.00,4.00,7.00,1850.00,0.00,1903.00,0.00,98122.00,47.61,-122.31,1500.00,1795.00
3630180340.00,20141104T000000,825000.00,4.00,2.50,3370.00,5000.00,2.00,0.00,0.00,3.00,9.00,3370.00,0.00,2006.00,0.00,98027.00,47.54,-122.00,3370.00,5237.00
5104450070.00,20150309T000000,435000.00,4.00,2.25,2730.00,7506.00,2.00,0.00,0.00,4.00,8.00,2730.00,0.00,1987.00,0.00,98058.00,47.46,-122.15,2390.00,8015.00
9477100060.00,20140909T000000,445950.00,3.00,1.75,1300.00,7800.00,1.00,0.00,0.00,5.00,7.00,1300.00,0.00,1968.00,0.00,98034.00,47.73,-122.20,1520.00,7344.00
4139440830.00,20140603T000000,960000.00,5.00,2.75,3040.00,10257.00,2.00,0.00,0.00,3.00,10.00,3040.00,0.00,1993.00,0.00,98006.00,47.55,-122.12,2860.00,9327.00
6772200055.00,20140917T000000,780000.00,4.00,3.00,2440.00,3600.00,1.50,0.00,0.00,5.00,8.00,1480.00,960.00,1929.00,0.00,98103.00,47.69,-122.33,1770.00,4000.00
8731982190.00,20140618T000000,274500.00,3.00,2.25,1720.00,9000.00,1.00,0.00,0.00,4.00,8.00,1320.00,400.00,1969.00,0.00,98023.00,47.32,-122.38,1930.00,8000.00
6300000335.00,20150429T000000,729953.00,5.00,3.00,3230.00,5167.00,1.50,0.00,0.00,4.00,8.00,2000.00,1230.00,1909.00,0.00,98133.00,47.71,-122.34,1509.00,1626.00
9301300751.00,20140728T000000,464950.00,3.00,1.50,1200.00,890.00,2.00,0.00,0.00,3.00,8.00,1030.00,170.00,2008.00,0.00,98109.00,47.64,-122.34,1230.00,2120.00
9542100135.00,20141112T000000,620000.00,4.00,1.75,2350.00,18800.00,1.00,0.00,2.00,3.00,8.00,2350.00,0.00,1959.00,0.00,98005.00,47.59,-122.18,3050.00,14640.00
8691410700.00,20150116T000000,735000.00,4.00,3.50,3100.00,5600.00,2.00,0.00,0.00,3.00,9.00,3100.00,0.00,2005.00,0.00,98075.00,47.60,-121.98,3080.00,5600.00
217500135.00,20150421T000000,450000.00,4.00,2.25,2040.00,9565.00,1.00,0.00,0.00,3.00,8.00,1400.00,640.00,1959.00,0.00,98133.00,47.74,-122.34,1890.00,8580.00
3731800055.00,20140605T000000,450000.00,4.00,1.00,2000.00,4676.00,1.50,0.00,0.00,3.00,7.00,1250.00,750.00,1916.00,1986.00,98118.00,47.55,-122.27,1140.00,4676.00
7234600786.00,20140511T000000,842500.00,4.00,2.50,2160.00,5298.00,2.50,0.00,0.00,4.00,9.00,2160.00,0.00,1902.00,0.00,98122.00,47.61,-122.31,1720.00,2283.00
2423059104.00,20141008T000000,360000.00,3.00,2.00,1970.00,79714.00,1.00,0.00,0.00,3.00,7.00,1070.00,900.00,1979.00,0.00,98058.00,47.47,-122.11,1890.00,36626.00
1823039205.00,20140624T000000,585000.00,3.00,2.50,2270.00,100545.00,2.00,0.00,0.00,3.00,8.00,2270.00,0.00,1998.00,0.00,98070.00,47.48,-122.47,1277.00,100545.00
2423020260.00,20140814T000000,461000.00,3.00,2.25,1850.00,7923.00,1.00,0.00,0.00,4.00,7.00,1150.00,700.00,1977.00,0.00,98033.00,47.70,-122.17,1780.00,7420.00
2695600070.00,20140818T000000,345000.00,2.00,1.00,1350.00,4494.00,1.00,0.00,0.00,3.00,7.00,920.00,430.00,1949.00,0.00,98126.00,47.53,-122.38,1470.00,5225.00
6844703240.00,20140702T000000,1075000.00,3.00,2.50,3280.00,10302.00,1.00,0.00,0.00,3.00,10.00,1680.00,1600.00,1970.00,0.00,98115.00,47.69,-122.29,1550.00,6300.00
3904940070.00,20150227T000000,643000.00,4.00,2.50,2270.00,8391.00,2.00,0.00,0.00,3.00,8.00,2270.00,0.00,1988.00,0.00,98029.00,47.57,-122.01,2420.00,8391.00
1939130070.00,20140929T000000,690000.00,4.00,2.50,2820.00,8307.00,2.00,0.00,0.00,3.00,9.00,2820.00,0.00,1990.00,0.00,98074.00,47.63,-122.03,2820.00,8307.00
5589300370.00,20150401T000000,282000.00,4.00,1.00,1200.00,11111.00,1.50,0.00,0.00,3.00,7.00,1200.00,0.00,1949.00,0.00,98155.00,47.75,-122.31,1350.00,9113.00
3526039116.00,20141118T000000,549000.00,3.00,1.75,2000.00,6130.00,1.00,0.00,0.00,4.00,8.00,1120.00,880.00,1951.00,0.00,98117.00,47.69,-122.39,2140.00,7150.00
6821600390.00,20150108T000000,815000.00,3.00,2.00,2310.00,6000.00,2.00,0.00,1.00,4.00,9.00,1560.00,750.00,1926.00,0.00,98199.00,47.65,-122.40,2000.00,6000.00
1925069082.00,20150511T000000,2200000.00,5.00,4.25,4640.00,22703.00,2.00,1.00,4.00,5.00,8.00,2860.00,1780.00,1952.00,0.00,98052.00,47.64,-122.10,3140.00,14200.00
8100400160.00,20150413T000000,700000.00,3.00,2.25,2330.00,11424.00,2.00,0.00,0.00,4.00,8.00,2330.00,0.00,1984.00,0.00,98052.00,47.64,-122.11,2050.00,11448.00
5556300102.00,20140714T000000,933399.00,3.00,2.50,3940.00,10360.00,2.00,0.00,0.00,3.00,9.00,3110.00,830.00,1992.00,0.00,98052.00,47.65,-122.12,2720.00,11941.00
7222000393.00,20140703T000000,290000.00,3.00,1.00,1440.00,11250.00,1.00,0.00,0.00,3.00,7.00,1440.00,0.00,1967.00,0.00,98055.00,47.46,-122.21,2200.00,11250.00
9407001860.00,20140524T000000,372000.00,4.00,1.75,1960.00,9300.00,1.00,0.00,0.00,5.00,7.00,1340.00,620.00,1979.00,0.00,98045.00,47.45,-121.77,1500.00,9752.00
9468200140.00,20140819T000000,450000.00,2.00,1.75,1250.00,2890.00,1.00,0.00,0.00,4.00,7.00,790.00,460.00,1920.00,0.00,98103.00,47.68,-122.35,1500.00,3225.00
3295950240.00,20140905T000000,303700.00,3.00,2.50,1981.00,5700.00,2.00,0.00,0.00,3.00,8.00,1981.00,0.00,2010.00,0.00,98030.00,47.37,-122.18,1981.00,5894.00
3905000340.00,20140724T000000,672000.00,4.00,2.50,2440.00,10049.00,2.00,0.00,0.00,4.00,9.00,2440.00,0.00,1989.00,0.00,98029.00,47.57,-121.99,2820.00,8484.00
3374300070.00,20140623T000000,334000.00,4.00,1.50,1150.00,9360.00,1.50,0.00,0.00,3.00,6.00,1150.00,0.00,1970.00,0.00,98034.00,47.72,-122.17,1480.00,8155.00
7812800310.00,20140625T000000,260000.00,2.00,1.00,1120.00,5650.00,1.00,0.00,0.00,3.00,6.00,1120.00,0.00,1944.00,0.00,98178.00,47.50,-122.24,1270.00,6875.00
7015200685.00,20140731T000000,749950.00,3.00,1.75,1800.00,5700.00,1.00,0.00,0.00,4.00,8.00,1000.00,800.00,1941.00,0.00,98119.00,47.65,-122.37,1680.00,5350.00
3521069051.00,20141223T000000,330000.00,4.00,2.25,2380.00,122038.00,2.00,0.00,0.00,4.00,8.00,2380.00,0.00,1984.00,0.00,98022.00,47.26,-122.02,2030.00,48000.00
8032700140.00,20141028T000000,830000.00,5.00,3.00,2920.00,2808.00,2.00,0.00,0.00,3.00,8.00,2140.00,780.00,1960.00,1992.00,98103.00,47.65,-122.34,1620.00,1544.00
6117500320.00,20140708T000000,1131000.00,3.00,2.25,2790.00,13791.00,1.00,0.00,3.00,3.00,8.00,2790.00,0.00,2006.00,0.00,98166.00,47.44,-122.35,2720.00,12600.00
7305300045.00,20140707T000000,320000.00,3.00,1.00,1560.00,7552.00,1.00,0.00,0.00,4.00,6.00,910.00,650.00,1948.00,0.00,98155.00,47.76,-122.33,1200.00,8152.00
922069139.00,20150414T000000,260000.00,2.00,1.00,1550.00,15250.00,1.50,0.00,0.00,5.00,7.00,1550.00,0.00,1920.00,0.00,98038.00,47.41,-122.05,1520.00,34929.00
84000335.00,20140626T000000,225000.00,3.00,2.00,1700.00,11475.00,1.00,0.00,0.00,5.00,6.00,970.00,730.00,1945.00,0.00,98146.00,47.49,-122.34,1560.00,11475.00
9232400055.00,20140917T000000,279200.00,1.00,1.00,640.00,6350.00,1.00,0.00,0.00,3.00,5.00,640.00,0.00,1939.00,0.00,98117.00,47.70,-122.36,1270.00,6350.00
1453600202.00,20140520T000000,520000.00,4.00,3.50,2680.00,10000.00,2.00,0.00,0.00,3.00,8.00,2040.00,640.00,1942.00,2014.00,98125.00,47.73,-122.30,1530.00,8000.00
3904910520.00,20140625T000000,505000.00,3.00,2.50,1860.00,8060.00,2.00,0.00,0.00,4.00,8.00,1860.00,0.00,1987.00,0.00,98029.00,47.57,-122.02,1850.00,4661.00
5469300270.00,20140506T000000,234000.00,3.00,1.75,1490.00,8366.00,1.00,0.00,0.00,4.00,7.00,1010.00,480.00,1975.00,0.00,98042.00,47.38,-122.14,1490.00,7469.00
8681660060.00,20140929T000000,503000.00,4.00,2.50,2470.00,5044.00,2.00,0.00,0.00,3.00,9.00,2470.00,0.00,2005.00,0.00,98155.00,47.77,-122.27,2790.00,5583.00
3902300350.00,20140806T000000,606000.00,4.00,2.25,2390.00,8858.00,1.00,0.00,0.00,4.00,8.00,1740.00,650.00,1979.00,0.00,98033.00,47.69,-122.18,2240.00,8858.00
6392003490.00,20140723T000000,433500.00,3.00,1.00,1230.00,6000.00,1.00,0.00,0.00,4.00,7.00,780.00,450.00,1937.00,0.00,98115.00,47.68,-122.28,1570.00,5000.00
3342700465.00,20150123T000000,250000.00,3.00,1.50,2840.00,10182.00,1.00,0.00,0.00,3.00,8.00,1510.00,1330.00,1951.00,0.00,98056.00,47.52,-122.20,2210.00,9669.00
2592210160.00,20140805T000000,719000.00,3.00,2.50,2120.00,9307.00,2.00,0.00,0.00,4.00,9.00,2120.00,0.00,1984.00,0.00,98006.00,47.55,-122.14,2290.00,11524.00
616000160.00,20141210T000000,381000.00,3.00,2.00,1770.00,14400.00,1.00,0.00,0.00,4.00,8.00,1770.00,0.00,1959.00,0.00,98166.00,47.42,-122.34,1900.00,14400.00
1687000270.00,20140528T000000,267000.00,3.00,2.50,2495.00,4400.00,2.00,0.00,0.00,3.00,8.00,2495.00,0.00,2007.00,0.00,98001.00,47.29,-122.28,2434.00,4400.00
4102000075.00,20140522T000000,275000.00,1.00,0.75,1170.00,14149.00,1.00,0.00,0.00,5.00,7.00,880.00,290.00,1962.00,0.00,98022.00,47.27,-121.91,1130.00,24513.00
8078460550.00,20140513T000000,651000.00,4.00,2.50,2740.00,7140.00,2.00,0.00,0.00,3.00,8.00,2740.00,0.00,1993.00,0.00,98074.00,47.63,-122.02,2260.00,7035.00
2710600070.00,20150204T000000,439000.00,2.00,1.00,1050.00,5671.00,1.00,0.00,0.00,3.00,7.00,850.00,200.00,1949.00,0.00,98115.00,47.68,-122.29,1850.00,5243.00
37000435.00,20150214T000000,325000.00,2.00,1.00,1130.00,5070.00,1.00,0.00,0.00,4.00,7.00,1130.00,0.00,1955.00,0.00,98146.00,47.51,-122.38,860.00,6300.00
5100401414.00,20140502T000000,490000.00,2.00,1.00,880.00,6380.00,1.00,0.00,0.00,3.00,7.00,880.00,0.00,1938.00,1994.00,98115.00,47.69,-122.32,1340.00,6380.00
5631500254.00,20141007T000000,519900.00,4.00,2.50,2403.00,6172.00,2.00,0.00,0.00,3.00,9.00,2403.00,0.00,1999.00,0.00,98028.00,47.74,-122.23,2380.00,6075.00
8567300140.00,20140723T000000,545000.00,4.00,2.75,3410.00,35040.00,2.00,0.00,0.00,3.00,9.00,3410.00,0.00,1984.00,0.00,98038.00,47.41,-122.03,2580.00,37263.00
98000060.00,20140714T000000,1062500.00,4.00,4.00,5320.00,20041.00,2.00,0.00,0.00,3.00,11.00,5320.00,0.00,2003.00,0.00,98075.00,47.59,-121.97,4640.00,17268.00
2205500400.00,20140514T000000,542000.00,4.00,1.75,1900.00,8250.00,1.00,0.00,0.00,4.00,7.00,950.00,950.00,1955.00,0.00,98006.00,47.58,-122.15,1480.00,8360.00
1726069084.00,20141208T000000,465000.00,4.00,1.75,1810.00,21650.00,2.00,0.00,0.00,4.00,7.00,1810.00,0.00,1961.00,0.00,98077.00,47.74,-122.08,2700.00,29680.00
8682291840.00,20150331T000000,408000.00,2.00,2.00,1200.00,3900.00,1.00,0.00,0.00,3.00,8.00,1200.00,0.00,2006.00,0.00,98053.00,47.72,-122.02,1440.00,5580.00
5003600240.00,20141204T000000,292000.00,4.00,2.50,2060.00,5950.00,2.00,0.00,0.00,3.00,8.00,2060.00,0.00,2000.00,0.00,98030.00,47.36,-122.19,2242.00,6406.00
5636000400.00,20140507T000000,253000.00,3.00,1.75,1250.00,10122.00,1.00,0.00,0.00,3.00,7.00,1250.00,0.00,1994.00,0.00,98010.00,47.33,-122.00,1980.00,10175.00
3298700125.00,20140905T000000,280000.00,2.00,1.00,910.00,4662.00,1.00,0.00,0.00,5.00,6.00,910.00,0.00,1942.00,0.00,98106.00,47.52,-122.35,890.00,6050.00
7880000060.00,20140604T000000,658588.00,3.00,2.25,2560.00,41346.00,2.00,0.00,0.00,3.00,10.00,2560.00,0.00,1986.00,0.00,98027.00,47.49,-122.07,3040.00,35395.00
7811200310.00,20141216T000000,635000.00,4.00,2.25,1920.00,8910.00,1.00,0.00,0.00,4.00,8.00,1200.00,720.00,1969.00,0.00,98005.00,47.59,-122.16,2250.00,8800.00
5255690160.00,20141009T000000,439000.00,4.00,2.25,2240.00,8300.00,2.00,0.00,0.00,3.00,8.00,2240.00,0.00,1978.00,0.00,98011.00,47.77,-122.20,2340.00,8500.00
869700320.00,20140806T000000,300000.00,3.00,2.50,1260.00,3855.00,2.00,0.00,0.00,3.00,8.00,1260.00,0.00,1999.00,0.00,98059.00,47.49,-122.15,1310.00,3344.00
6052401631.00,20150205T000000,345000.00,3.00,1.50,1360.00,13496.00,1.00,0.00,0.00,4.00,8.00,1360.00,0.00,1960.00,0.00,98198.00,47.40,-122.31,1900.00,10538.00
5089700260.00,20140812T000000,283500.00,4.00,2.25,2100.00,8050.00,2.00,0.00,0.00,3.00,8.00,2100.00,0.00,1978.00,0.00,98055.00,47.44,-122.19,2190.00,7700.00
9473200105.00,20140924T000000,425000.00,2.00,1.00,2110.00,4920.00,1.50,0.00,0.00,3.00,7.00,1460.00,650.00,1911.00,0.00,98103.00,47.69,-122.34,1390.00,4732.00
6678900140.00,20150319T000000,685000.00,3.00,1.75,2210.00,8955.00,1.00,0.00,1.00,3.00,8.00,1560.00,650.00,1974.00,0.00,98033.00,47.66,-122.19,2210.00,8976.00
9552700550.00,20150421T000000,750000.00,3.00,2.50,2360.00,12987.00,2.00,0.00,0.00,3.00,8.00,2360.00,0.00,1983.00,0.00,98006.00,47.55,-122.15,2480.00,11665.00
2171400218.00,20150416T000000,245000.00,4.00,1.50,1280.00,8000.00,1.00,0.00,0.00,3.00,6.00,1280.00,0.00,1960.00,0.00,98178.00,47.49,-122.26,1420.00,8211.00
9122001231.00,20150403T000000,585444.00,6.00,3.75,2740.00,6924.00,1.00,0.00,2.00,3.00,7.00,1640.00,1100.00,1962.00,0.00,98144.00,47.58,-122.30,1940.00,6000.00
6639900012.00,20140917T000000,706000.00,4.00,2.50,2740.00,7571.00,2.00,0.00,0.00,3.00,9.00,2740.00,0.00,2009.00,0.00,98033.00,47.70,-122.18,2880.00,7203.00
8151601090.00,20140801T000000,445000.00,4.00,2.00,2630.00,9099.00,1.50,0.00,0.00,3.00,7.00,1830.00,800.00,1944.00,2009.00,98146.00,47.51,-122.36,1430.00,6825.00
6664900260.00,20150219T000000,241000.00,3.00,2.00,1650.00,6000.00,1.00,0.00,0.00,3.00,7.00,1650.00,0.00,1990.00,0.00,98023.00,47.29,-122.35,1870.00,6000.00
7663700030.00,20150503T000000,1175000.00,2.00,2.50,1770.00,7155.00,2.00,1.00,4.00,3.00,8.00,1770.00,0.00,1957.00,2004.00,98155.00,47.73,-122.29,2410.00,10476.00
952000055.00,20150206T000000,530000.00,3.00,1.00,1500.00,5750.00,1.50,0.00,0.00,4.00,7.00,1050.00,450.00,1927.00,0.00,98126.00,47.57,-122.38,1500.00,5060.00
4292300024.00,20150302T000000,350000.00,3.00,1.50,1430.00,12199.00,1.00,0.00,0.00,3.00,7.00,1130.00,300.00,1948.00,0.00,98133.00,47.74,-122.33,1490.00,8196.00
8073000550.00,20150415T000000,1700000.00,4.00,3.75,3190.00,17186.00,2.00,1.00,4.00,3.00,10.00,3190.00,0.00,1999.00,0.00,98178.00,47.51,-122.25,2290.00,13496.00
9238450160.00,20150428T000000,389000.00,3.00,1.00,1280.00,9630.00,1.00,0.00,0.00,3.00,7.00,1280.00,0.00,1968.00,0.00,98072.00,47.77,-122.16,1300.00,9453.00
6127600036.00,20141105T000000,799000.00,4.00,2.75,2390.00,6820.00,2.00,0.00,0.00,4.00,7.00,2140.00,250.00,1945.00,0.00,98115.00,47.68,-122.27,1980.00,6820.00
1370801331.00,20140804T000000,1400000.00,4.00,2.50,4040.00,9630.00,1.00,0.00,3.00,4.00,9.00,2020.00,2020.00,1951.00,0.00,98199.00,47.64,-122.41,3160.00,8025.00
3500100226.00,20141229T000000,340895.00,2.00,1.00,920.00,8612.00,1.00,0.00,0.00,5.00,7.00,920.00,0.00,1947.00,0.00,98155.00,47.73,-122.30,1500.00,7956.00
319500570.00,20140505T000000,780000.00,4.00,2.50,2730.00,10281.00,2.00,0.00,2.00,3.00,9.00,2730.00,0.00,1996.00,0.00,98074.00,47.62,-122.03,2750.00,7220.00
3751604974.00,20141204T000000,350000.00,2.00,1.50,1320.00,73600.00,1.00,0.00,0.00,3.00,7.00,1320.00,0.00,1993.00,0.00,98001.00,47.28,-122.27,1320.00,33600.00
7852030320.00,20150217T000000,470000.00,3.00,2.50,2620.00,4874.00,2.00,0.00,0.00,3.00,7.00,2620.00,0.00,1999.00,0.00,98065.00,47.53,-121.88,2360.00,4231.00
2481630070.00,20150128T000000,914600.00,4.00,3.00,3180.00,80837.00,2.00,0.00,0.00,3.00,11.00,3180.00,0.00,1985.00,0.00,98072.00,47.73,-122.13,3180.00,38715.00
4299000030.00,20140923T000000,354000.00,4.00,2.50,2900.00,4762.00,2.00,0.00,0.00,3.00,8.00,2900.00,0.00,2005.00,0.00,98042.00,47.37,-122.13,2900.00,5173.00
3886902590.00,20150226T000000,470000.00,5.00,2.00,1900.00,6000.00,1.50,0.00,0.00,4.00,6.00,1900.00,0.00,1920.00,0.00,98033.00,47.68,-122.19,2110.00,8400.00
9178601000.00,20140730T000000,715000.00,3.00,2.00,1760.00,5400.00,1.00,0.00,0.00,5.00,7.00,1160.00,600.00,1927.00,0.00,98103.00,47.66,-122.33,1640.00,5400.00
2861100030.00,20141007T000000,265000.00,2.00,1.00,760.00,4000.00,1.00,0.00,0.00,4.00,6.00,760.00,0.00,1950.00,0.00,98108.00,47.55,-122.30,1640.00,4500.00
9471200370.00,20150330T000000,2537000.00,4.00,3.00,3710.00,20000.00,2.00,0.00,2.00,5.00,10.00,2760.00,950.00,1936.00,0.00,98105.00,47.67,-122.26,3970.00,20000.00
625049286.00,20140815T000000,640000.00,3.00,1.00,1530.00,4944.00,1.00,0.00,0.00,3.00,7.00,1530.00,0.00,1950.00,0.00,98103.00,47.69,-122.34,1500.00,4944.00
133000135.00,20141120T000000,290000.00,4.00,1.75,1990.00,18900.00,2.00,0.00,0.00,4.00,7.00,1870.00,120.00,1929.00,0.00,98168.00,47.51,-122.31,1710.00,12400.00
7214700830.00,20140513T000000,480000.00,5.00,4.75,3830.00,35000.00,1.00,0.00,0.00,3.00,8.00,2130.00,1700.00,1976.00,0.00,98077.00,47.76,-122.08,2750.00,36150.00
4473400045.00,20140826T000000,535000.00,3.00,2.00,2040.00,5600.00,1.00,0.00,1.00,5.00,7.00,1120.00,920.00,1954.00,0.00,98144.00,47.60,-122.29,2120.00,4958.00
9413600350.00,20140829T000000,907000.00,3.00,1.75,2170.00,12220.00,1.00,0.00,0.00,5.00,8.00,2170.00,0.00,1965.00,0.00,98033.00,47.65,-122.20,1980.00,9000.00
1138010520.00,20140601T000000,459000.00,3.00,1.75,1620.00,7330.00,1.00,0.00,0.00,4.00,7.00,1090.00,530.00,1974.00,0.00,98034.00,47.71,-122.21,1380.00,7191.00
7431500341.00,20150424T000000,1355000.00,3.00,2.50,3600.00,21399.00,1.00,0.00,3.00,3.00,9.00,2310.00,1290.00,1950.00,2007.00,98008.00,47.62,-122.10,2830.00,17559.00
8830400135.00,20150305T000000,264950.00,3.00,1.50,1470.00,11599.00,1.00,0.00,0.00,3.00,7.00,1070.00,400.00,1967.00,0.00,98030.00,47.36,-122.19,1580.00,9760.00
5694000710.00,20141107T000000,352950.00,3.00,1.00,1760.00,3000.00,1.50,0.00,0.00,1.00,6.00,1760.00,0.00,1900.00,0.00,98103.00,47.66,-122.35,1320.00,1266.00
1951820070.00,20140822T000000,491500.00,3.00,2.25,2230.00,13100.00,1.00,0.00,0.00,4.00,8.00,1510.00,720.00,1974.00,0.00,98006.00,47.54,-122.17,2010.00,10650.00
6137500320.00,20140625T000000,1229000.00,4.00,3.50,3770.00,37034.00,2.00,0.00,0.00,3.00,10.00,2830.00,940.00,1989.00,0.00,98007.00,47.65,-122.15,3200.00,36342.00
6703100070.00,20150406T000000,369500.00,3.00,1.00,1200.00,9194.00,1.00,0.00,0.00,4.00,7.00,1200.00,0.00,1952.00,0.00,98155.00,47.74,-122.32,1330.00,8650.00
339350070.00,20150318T000000,566000.00,3.00,2.50,2090.00,6294.00,2.00,0.00,0.00,3.00,9.00,2090.00,0.00,2004.00,0.00,98052.00,47.69,-122.10,2520.00,5735.00
7399300860.00,20140825T000000,290000.00,3.00,2.25,1500.00,7308.00,1.00,0.00,0.00,4.00,7.00,1210.00,290.00,1968.00,0.00,98055.00,47.46,-122.19,1480.00,7400.00
8907500070.00,20150413T000000,5350000.00,5.00,5.00,8000.00,23985.00,2.00,0.00,4.00,3.00,12.00,6720.00,1280.00,2009.00,0.00,98004.00,47.62,-122.22,4600.00,21750.00
8651430560.00,20140522T000000,180000.00,3.00,1.00,870.00,5330.00,1.00,0.00,0.00,3.00,6.00,870.00,0.00,1969.00,2014.00,98042.00,47.37,-122.08,840.00,5200.00
2228900270.00,20140812T000000,215000.00,2.00,1.00,1010.00,6000.00,1.00,0.00,0.00,4.00,6.00,1010.00,0.00,1944.00,0.00,98133.00,47.77,-122.35,1610.00,7313.00
2228900270.00,20150212T000000,302000.00,2.00,1.00,1010.00,6000.00,1.00,0.00,0.00,4.00,6.00,1010.00,0.00,1944.00,0.00,98133.00,47.77,-122.35,1610.00,7313.00
6880200030.00,20150410T000000,352500.00,3.00,1.75,1860.00,7881.00,1.00,0.00,0.00,3.00,7.00,1160.00,700.00,1986.00,0.00,98198.00,47.39,-122.32,1490.00,7527.00
7227501170.00,20140626T000000,235867.00,4.00,2.00,1330.00,5926.00,1.00,0.00,0.00,4.00,5.00,1330.00,0.00,1942.00,0.00,98056.00,47.50,-122.19,1150.00,5485.00
7504460200.00,20140717T000000,500000.00,3.00,2.25,1760.00,11946.00,2.00,0.00,0.00,3.00,8.00,1760.00,0.00,1978.00,0.00,98074.00,47.62,-122.05,2080.00,12068.00
1559900200.00,20150326T000000,382000.00,3.00,2.25,1800.00,4500.00,2.00,0.00,0.00,3.00,7.00,1800.00,0.00,1995.00,0.00,98019.00,47.75,-121.98,1760.00,6589.00
546000400.00,20150422T000000,515000.00,5.00,2.50,1690.00,2402.00,1.50,0.00,0.00,3.00,7.00,990.00,700.00,1930.00,0.00,98117.00,47.69,-122.38,1200.00,4005.00
1596600060.00,20150501T000000,250000.00,1.00,1.00,660.00,2600.00,1.00,0.00,0.00,3.00,6.00,660.00,0.00,1919.00,0.00,98144.00,47.57,-122.30,1560.00,5445.00
6021501920.00,20140627T000000,672500.00,3.00,2.25,2400.00,5300.00,1.50,0.00,0.00,4.00,7.00,1250.00,1150.00,1939.00,0.00,98117.00,47.69,-122.38,1540.00,4800.00
3275860270.00,20141022T000000,755000.00,3.00,2.25,3020.00,13031.00,2.00,0.00,0.00,3.00,9.00,3020.00,0.00,1989.00,0.00,98052.00,47.69,-122.10,2480.00,10204.00
5457300703.00,20150320T000000,707500.00,3.00,1.00,1500.00,2555.00,2.00,0.00,2.00,3.00,7.00,1500.00,0.00,1910.00,0.00,98109.00,47.63,-122.35,1820.00,2555.00
2919700885.00,20140826T000000,459000.00,4.00,2.00,1560.00,3840.00,1.00,0.00,0.00,4.00,6.00,960.00,600.00,1924.00,0.00,98117.00,47.69,-122.37,1560.00,4800.00
1951500030.00,20150204T000000,140000.00,3.00,1.00,1090.00,10620.00,1.50,0.00,0.00,3.00,7.00,1090.00,0.00,1959.00,0.00,98032.00,47.37,-122.29,1380.00,10620.00
9550200310.00,20140811T000000,495000.00,2.00,1.00,970.00,4284.00,1.00,0.00,0.00,3.00,7.00,970.00,0.00,1905.00,0.00,98103.00,47.67,-122.33,2050.00,4284.00
3630120700.00,20140513T000000,757000.00,3.00,3.25,3190.00,5283.00,2.00,0.00,0.00,3.00,9.00,3190.00,0.00,2007.00,0.00,98029.00,47.55,-122.00,2950.00,5198.00
3630120700.00,20150107T000000,765000.00,3.00,3.25,3190.00,5283.00,2.00,0.00,0.00,3.00,9.00,3190.00,0.00,2007.00,0.00,98029.00,47.55,-122.00,2950.00,5198.00
6370000070.00,20140919T000000,359000.00,4.00,1.50,1890.00,6052.00,1.00,0.00,0.00,4.00,7.00,1890.00,0.00,1955.00,0.00,98125.00,47.71,-122.30,1510.00,6072.00
7935000125.00,20140605T000000,440000.00,3.00,1.00,1050.00,7500.00,1.00,0.00,0.00,3.00,6.00,1050.00,0.00,1900.00,0.00,98136.00,47.55,-122.40,1380.00,7500.00
3034200058.00,20140529T000000,400000.00,4.00,1.50,1390.00,7200.00,1.00,0.00,0.00,3.00,7.00,1140.00,250.00,1965.00,0.00,98133.00,47.72,-122.33,1630.00,7702.00
2856102336.00,20150325T000000,652000.00,3.00,2.00,1700.00,4080.00,1.00,0.00,0.00,4.00,7.00,850.00,850.00,1941.00,0.00,98117.00,47.68,-122.39,1480.00,5100.00
2523039239.00,20140530T000000,260000.00,3.00,1.75,1050.00,5850.00,1.00,0.00,0.00,3.00,7.00,1050.00,0.00,1980.00,0.00,98166.00,47.46,-122.36,1220.00,8880.00
5452800310.00,20150420T000000,1328000.00,5.00,3.00,3340.00,10796.00,1.00,0.00,2.00,3.00,9.00,2120.00,1220.00,1964.00,1990.00,98040.00,47.54,-122.23,3290.00,12955.00
2724069070.00,20150220T000000,519500.00,4.00,2.00,1540.00,17859.00,1.00,0.00,0.00,3.00,6.00,1540.00,0.00,1964.00,0.00,98027.00,47.53,-122.03,1390.00,9688.00
6690500320.00,20141027T000000,650000.00,3.00,1.00,1710.00,5992.00,1.50,0.00,0.00,4.00,7.00,1560.00,150.00,1928.00,0.00,98103.00,47.69,-122.35,1240.00,3001.00
2413301070.00,20150324T000000,280000.00,4.00,2.25,2100.00,8075.00,2.00,0.00,0.00,3.00,8.00,2100.00,0.00,1978.00,0.00,98003.00,47.33,-122.33,2100.00,7464.00
1562100030.00,20140910T000000,515000.00,4.00,1.75,1730.00,7980.00,1.00,0.00,0.00,4.00,8.00,1730.00,0.00,1965.00,0.00,98007.00,47.62,-122.14,2080.00,8400.00
7941140070.00,20150318T000000,400000.00,3.00,2.25,1500.00,2692.00,2.00,0.00,0.00,3.00,7.00,1500.00,0.00,1986.00,0.00,98034.00,47.72,-122.20,1470.00,2418.00
1703050520.00,20150414T000000,652100.00,3.00,2.50,2380.00,5017.00,2.00,0.00,0.00,3.00,9.00,2380.00,0.00,2003.00,0.00,98074.00,47.63,-122.02,2670.00,6066.00
2412600030.00,20140623T000000,235000.00,6.00,3.00,2180.00,7956.00,2.00,0.00,0.00,3.00,7.00,2180.00,0.00,1980.00,0.00,98003.00,47.31,-122.31,2214.00,7684.00
5266300140.00,20150408T000000,701000.00,4.00,1.50,1840.00,10080.00,2.00,0.00,0.00,3.00,8.00,1840.00,0.00,1907.00,0.00,98118.00,47.56,-122.28,1830.00,5040.00
11520030.00,20140624T000000,640000.00,4.00,2.50,2341.00,9594.00,2.00,0.00,0.00,3.00,9.00,2341.00,0.00,1997.00,0.00,98052.00,47.70,-122.12,2850.00,9421.00
7202290140.00,20140728T000000,455800.00,3.00,2.50,1690.00,4584.00,2.00,0.00,0.00,3.00,7.00,1690.00,0.00,2002.00,0.00,98053.00,47.69,-122.04,1600.00,3164.00
8161010060.00,20141218T000000,504750.00,3.00,2.50,2490.00,21937.00,2.00,0.00,0.00,3.00,8.00,2490.00,0.00,1993.00,0.00,98014.00,47.64,-121.90,2450.00,21937.00
8562900710.00,20140711T000000,483000.00,3.00,3.00,2440.00,15540.00,2.00,0.00,0.00,3.00,9.00,2440.00,0.00,1992.00,0.00,98074.00,47.61,-122.06,2440.00,15283.00
8888000055.00,20141230T000000,530000.00,3.00,0.75,920.00,20412.00,1.00,1.00,2.00,5.00,6.00,920.00,0.00,1950.00,0.00,98070.00,47.48,-122.49,1162.00,54705.00
3395800295.00,20140711T000000,250000.00,2.00,1.00,1030.00,8786.00,1.00,0.00,0.00,3.00,6.00,1030.00,0.00,1956.00,0.00,98146.00,47.48,-122.34,1480.00,8121.00
5557320030.00,20140924T000000,229950.00,5.00,2.75,2000.00,5885.00,1.00,0.00,0.00,3.00,7.00,1260.00,740.00,1994.00,0.00,98023.00,47.32,-122.35,1960.00,6514.00
2909300640.00,20140723T000000,884744.00,4.00,3.50,4210.00,9414.00,2.00,0.00,0.00,3.00,9.00,4210.00,0.00,2001.00,0.00,98074.00,47.61,-122.02,3950.00,8880.00
5202500030.00,20150401T000000,514000.00,3.00,1.50,1610.00,9964.00,1.00,0.00,0.00,3.00,7.00,1080.00,530.00,1977.00,0.00,98052.00,47.67,-122.14,1610.00,9964.00
5561300640.00,20150506T000000,532000.00,3.00,2.25,1910.00,35015.00,1.00,0.00,0.00,4.00,8.00,1430.00,480.00,1977.00,0.00,98027.00,47.47,-122.01,2340.00,36680.00
3449900030.00,20140911T000000,423000.00,4.00,2.50,2660.00,5539.00,2.00,0.00,0.00,3.00,8.00,2660.00,0.00,2004.00,0.00,98059.00,47.50,-122.16,2380.00,5539.00
952003435.00,20140826T000000,420000.00,2.00,1.00,820.00,4025.00,1.00,0.00,2.00,5.00,6.00,820.00,0.00,1922.00,0.00,98126.00,47.56,-122.38,1410.00,5750.00
6204200340.00,20141110T000000,521000.00,3.00,1.75,1730.00,18250.00,1.00,0.00,0.00,3.00,8.00,1730.00,0.00,1988.00,0.00,98011.00,47.74,-122.20,2180.00,10027.00
1737100830.00,20150205T000000,577000.00,4.00,2.25,2360.00,7490.00,2.00,0.00,0.00,3.00,8.00,2360.00,0.00,1979.00,0.00,98033.00,47.70,-122.17,2360.00,7490.00
2207200520.00,20140929T000000,425000.00,3.00,1.00,970.00,8040.00,1.00,0.00,0.00,3.00,7.00,970.00,0.00,1956.00,0.00,98007.00,47.60,-122.13,1250.00,7000.00
3818400060.00,20141031T000000,495000.00,4.00,2.50,2460.00,4862.00,2.00,0.00,0.00,3.00,8.00,2460.00,0.00,2004.00,0.00,98028.00,47.77,-122.24,2900.00,4895.00
9264960560.00,20141001T000000,340000.00,3.00,2.50,2690.00,8577.00,2.00,0.00,0.00,3.00,9.00,2690.00,0.00,1987.00,0.00,98023.00,47.30,-122.35,2570.00,8066.00
6362900172.00,20140923T000000,499950.00,3.00,3.50,1820.00,1991.00,2.00,0.00,0.00,3.00,8.00,1430.00,390.00,2014.00,0.00,98144.00,47.60,-122.30,1550.00,1460.00
9272200810.00,20150316T000000,1218000.00,4.00,3.00,3470.00,4750.00,2.00,0.00,2.00,3.00,9.00,2370.00,1100.00,2014.00,0.00,98116.00,47.59,-122.39,2420.00,4761.00
3629160060.00,20150227T000000,720000.00,4.00,2.75,3370.00,7634.00,1.00,0.00,2.00,5.00,8.00,2110.00,1260.00,1977.00,0.00,98056.00,47.53,-122.20,2460.00,7634.00
4324200060.00,20150312T000000,249000.00,3.00,1.50,1700.00,8247.00,1.00,0.00,0.00,3.00,7.00,1010.00,690.00,1970.00,0.00,98031.00,47.42,-122.17,1440.00,8400.00
3830620710.00,20140613T000000,206135.00,3.00,1.00,1340.00,11070.00,1.00,0.00,0.00,4.00,7.00,1340.00,0.00,1978.00,0.00,98030.00,47.35,-122.18,1650.00,7630.00
3276900030.00,20141006T000000,300000.00,5.00,2.75,2000.00,9276.00,2.00,0.00,0.00,4.00,7.00,2000.00,0.00,1968.00,0.00,98055.00,47.44,-122.19,1240.00,8270.00
4058800830.00,20150318T000000,612000.00,6.00,3.00,3840.00,14040.00,1.50,0.00,3.00,3.00,8.00,2460.00,1380.00,1949.00,0.00,98178.00,47.51,-122.24,2170.00,6765.00
6202600070.00,20141106T000000,1102030.00,5.00,2.50,3890.00,27311.00,2.00,0.00,2.00,3.00,10.00,3890.00,0.00,1950.00,1990.00,98177.00,47.73,-122.36,3160.00,22641.00
8581200030.00,20150224T000000,230000.00,4.00,2.00,1220.00,9100.00,1.50,0.00,0.00,4.00,7.00,1220.00,0.00,1970.00,0.00,98023.00,47.30,-122.38,1160.00,7700.00
2771601940.00,20150504T000000,850000.00,3.00,1.00,2280.00,4600.00,1.00,0.00,2.00,3.00,8.00,1250.00,1030.00,1936.00,0.00,98119.00,47.64,-122.37,1910.00,4000.00
2214800270.00,20140925T000000,355000.00,4.00,2.50,2770.00,7000.00,1.00,0.00,0.00,4.00,7.00,1940.00,830.00,1979.00,0.00,98001.00,47.34,-122.26,2140.00,7684.00
7312000240.00,20140623T000000,442000.00,4.00,2.50,2520.00,7253.00,2.00,0.00,0.00,3.00,9.00,2520.00,0.00,1990.00,0.00,98059.00,47.51,-122.16,2570.00,8359.00
8562890560.00,20140626T000000,399000.00,4.00,3.00,3060.00,5000.00,2.00,0.00,0.00,3.00,8.00,3060.00,0.00,2001.00,0.00,98042.00,47.38,-122.13,3060.00,5668.00
4136930310.00,20141106T000000,360000.00,4.00,2.50,2390.00,7115.00,2.00,0.00,0.00,3.00,9.00,2390.00,0.00,1999.00,0.00,98092.00,47.26,-122.22,2600.00,7916.00
1328330350.00,20150213T000000,390000.00,3.00,1.75,1320.00,7725.00,1.00,0.00,0.00,3.00,8.00,1320.00,0.00,1978.00,0.00,98058.00,47.44,-122.13,2020.00,7210.00
5255690060.00,20150318T000000,413000.00,5.00,2.50,2900.00,8711.00,1.00,0.00,0.00,3.00,8.00,1650.00,1250.00,1977.00,0.00,98011.00,47.78,-122.20,2340.00,8869.00
402000260.00,20150211T000000,190000.00,2.00,1.00,700.00,9500.00,1.00,0.00,0.00,3.00,6.00,700.00,0.00,1951.00,0.00,98118.00,47.53,-122.28,1020.00,5617.00
7787110060.00,20141013T000000,432900.00,3.00,2.50,2210.00,9226.00,2.00,0.00,0.00,3.00,8.00,2210.00,0.00,1998.00,0.00,98045.00,47.48,-121.78,2430.00,8902.00
8651580310.00,20140528T000000,621138.00,3.00,2.25,2180.00,7741.00,2.00,0.00,0.00,3.00,9.00,2180.00,0.00,1986.00,0.00,98074.00,47.65,-122.07,2300.00,8581.00
3705000060.00,20140604T000000,270000.00,3.00,2.25,2080.00,4252.00,1.50,0.00,0.00,3.00,7.00,1550.00,530.00,2003.00,0.00,98042.00,47.42,-122.16,2080.00,2275.00
7525410060.00,20150109T000000,610000.00,4.00,2.25,2090.00,35040.00,1.00,0.00,0.00,3.00,8.00,1490.00,600.00,1980.00,0.00,98075.00,47.57,-122.03,2910.00,21132.00
3295700060.00,20140602T000000,500000.00,3.00,2.00,1720.00,5525.00,1.00,0.00,2.00,5.00,7.00,960.00,760.00,1941.00,0.00,98108.00,47.56,-122.30,1760.00,5525.00
8121500060.00,20140807T000000,715000.00,4.00,2.25,2460.00,40635.00,1.00,0.00,0.00,5.00,8.00,2460.00,0.00,1968.00,0.00,98053.00,47.66,-122.03,2250.00,40635.00
3728800320.00,20140529T000000,264000.00,3.00,1.50,1470.00,14821.00,1.00,0.00,0.00,4.00,7.00,1470.00,0.00,1958.00,0.00,98042.00,47.37,-122.15,1760.00,15370.00
6003501535.00,20140828T000000,550000.00,3.00,1.75,1650.00,3200.00,1.50,0.00,0.00,3.00,8.00,1650.00,0.00,1901.00,0.00,98102.00,47.62,-122.32,1500.00,2400.00
2621750340.00,20141015T000000,337000.00,3.00,2.00,1690.00,9087.00,1.00,0.00,0.00,3.00,8.00,1690.00,0.00,1997.00,0.00,98042.00,47.37,-122.11,2090.00,8100.00
3445000274.00,20150513T000000,170000.00,3.00,1.00,970.00,8710.00,1.00,0.00,0.00,4.00,6.00,970.00,0.00,1962.00,0.00,98198.00,47.42,-122.30,1280.00,11805.00
3288200030.00,20140829T000000,405000.00,4.00,2.50,2030.00,9095.00,1.00,0.00,0.00,4.00,7.00,1130.00,900.00,1972.00,0.00,98034.00,47.73,-122.19,1940.00,8000.00
4188000640.00,20140911T000000,775000.00,4.00,2.50,2540.00,28563.00,1.00,0.00,0.00,3.00,10.00,2540.00,0.00,1984.00,0.00,98052.00,47.72,-122.11,2790.00,20301.00
2558730070.00,20140825T000000,425000.00,3.00,2.25,1570.00,7475.00,1.00,0.00,0.00,4.00,7.00,1200.00,370.00,1983.00,0.00,98034.00,47.72,-122.17,1700.00,7230.00
7923500060.00,20140922T000000,713000.00,5.00,2.75,2580.00,9242.00,2.00,0.00,2.00,4.00,8.00,1720.00,860.00,1967.00,0.00,98007.00,47.59,-122.13,2240.00,9316.00
8016300030.00,20141103T000000,555000.00,5.00,2.50,2090.00,8712.00,1.00,0.00,0.00,3.00,8.00,1420.00,670.00,1966.00,0.00,98008.00,47.60,-122.13,2490.00,8712.00
3629920830.00,20150506T000000,810000.00,4.00,2.50,3260.00,5608.00,2.00,0.00,0.00,3.00,9.00,3260.00,0.00,2003.00,0.00,98029.00,47.55,-122.00,3010.00,5608.00
4054510270.00,20140827T000000,1250000.00,4.00,3.75,3830.00,41263.00,2.00,0.00,0.00,4.00,11.00,3830.00,0.00,1990.00,0.00,98077.00,47.72,-122.04,5600.00,56568.00
2864600105.00,20140624T000000,819000.00,3.00,3.50,2130.00,6150.00,2.00,0.00,2.00,5.00,8.00,1530.00,600.00,1908.00,0.00,98199.00,47.65,-122.41,2040.00,5381.00
8165500830.00,20150327T000000,409900.00,3.00,2.50,1690.00,1200.00,2.00,0.00,0.00,3.00,8.00,1410.00,280.00,2013.00,0.00,98106.00,47.54,-122.37,1690.00,1760.00
4395600060.00,20140630T000000,935000.00,2.00,2.50,1780.00,2067.00,2.00,0.00,0.00,5.00,9.00,1780.00,0.00,1974.00,0.00,98004.00,47.61,-122.21,2320.00,2067.00
4444800045.00,20150420T000000,657500.00,4.00,1.75,1620.00,7560.00,1.00,0.00,3.00,4.00,7.00,1380.00,240.00,1947.00,0.00,98117.00,47.70,-122.40,2170.00,8650.00
1115300270.00,20150428T000000,900000.00,6.00,3.75,4210.00,6105.00,2.00,0.00,0.00,3.00,9.00,3280.00,930.00,2008.00,0.00,98059.00,47.52,-122.16,3820.00,6368.00
5363200200.00,20150402T000000,932800.00,5.00,3.25,2980.00,7095.00,2.50,0.00,0.00,3.00,9.00,2980.00,0.00,1998.00,2007.00,98115.00,47.69,-122.29,1670.00,7140.00
6067900640.00,20150420T000000,391000.00,3.00,2.00,1490.00,9000.00,1.00,0.00,0.00,4.00,8.00,1490.00,0.00,1977.00,0.00,98006.00,47.55,-122.18,2190.00,9000.00
4279200060.00,20141230T000000,420000.00,4.00,2.50,2110.00,9825.00,2.00,0.00,0.00,3.00,8.00,2110.00,0.00,2000.00,0.00,98059.00,47.50,-122.15,1650.00,9900.00
3425059222.00,20141124T000000,1300000.00,6.00,3.50,6563.00,32670.00,2.00,0.00,0.00,3.00,10.00,5153.00,1410.00,2002.00,0.00,98005.00,47.61,-122.16,2610.00,22651.00
5253300397.00,20150409T000000,415000.00,3.00,1.50,1510.00,16800.00,1.00,0.00,0.00,5.00,8.00,1510.00,0.00,1956.00,0.00,98133.00,47.75,-122.34,1560.00,7276.00
1769600204.00,20150225T000000,350000.00,3.00,1.75,1830.00,9425.00,1.00,0.00,0.00,3.00,8.00,1590.00,240.00,1946.00,0.00,98146.00,47.50,-122.38,1670.00,8430.00
1176001195.00,20140621T000000,375000.00,2.00,1.00,1230.00,1820.00,2.00,0.00,0.00,4.00,7.00,830.00,400.00,1948.00,0.00,98107.00,47.67,-122.40,1660.00,3056.00
1239400570.00,20141117T000000,860000.00,3.00,1.75,2180.00,14135.00,1.00,0.00,2.00,5.00,8.00,1300.00,880.00,1947.00,0.00,98033.00,47.67,-122.19,3540.00,10318.00
6071600270.00,20140603T000000,495000.00,4.00,2.25,2220.00,8872.00,1.00,0.00,0.00,4.00,8.00,1110.00,1110.00,1961.00,0.00,98006.00,47.55,-122.17,2220.00,9106.00
1311100520.00,20150414T000000,250000.00,4.00,2.25,1730.00,8400.00,1.00,0.00,0.00,3.00,7.00,1730.00,0.00,1962.00,0.00,98001.00,47.34,-122.29,1550.00,7920.00
1402200070.00,20141013T000000,365000.00,4.00,2.25,1990.00,21312.00,1.00,0.00,0.00,4.00,8.00,1990.00,0.00,1968.00,0.00,98058.00,47.44,-122.14,2400.00,19210.00
1419700270.00,20140507T000000,503000.00,3.00,2.75,1540.00,6760.00,1.00,0.00,0.00,5.00,7.00,1210.00,330.00,1980.00,0.00,98034.00,47.72,-122.21,1540.00,7416.00
5126900310.00,20150325T000000,150000.00,2.00,1.00,1100.00,7200.00,1.00,0.00,0.00,4.00,6.00,1100.00,0.00,1944.00,0.00,98058.00,47.48,-122.17,1390.00,7200.00
8816400885.00,20141008T000000,450000.00,4.00,1.75,1640.00,1480.00,1.00,0.00,0.00,4.00,7.00,820.00,820.00,1912.00,0.00,98105.00,47.67,-122.31,1420.00,2342.00
5412100550.00,20141208T000000,355000.00,4.00,3.00,2590.00,7213.00,2.00,0.00,0.00,3.00,8.00,2590.00,0.00,2001.00,0.00,98001.00,47.26,-122.29,2550.00,6800.00
7203000465.00,20141018T000000,245000.00,3.00,2.00,1450.00,9333.00,2.00,0.00,0.00,4.00,7.00,1450.00,0.00,1972.00,0.00,98003.00,47.35,-122.32,1910.00,7701.00
1862900160.00,20140703T000000,265900.00,3.00,2.00,1180.00,7793.00,1.00,0.00,0.00,4.00,7.00,1180.00,0.00,1992.00,0.00,98031.00,47.41,-122.18,1720.00,7793.00
984220240.00,20141125T000000,299000.00,4.00,2.50,1820.00,7575.00,1.00,0.00,0.00,3.00,7.00,1220.00,600.00,1975.00,0.00,98058.00,47.43,-122.17,1840.00,7650.00
4458800060.00,20150409T000000,957500.00,4.00,2.25,2360.00,11523.00,2.00,0.00,0.00,4.00,10.00,2360.00,0.00,1968.00,0.00,98040.00,47.53,-122.22,2850.00,11362.00
1138000160.00,20140908T000000,343000.00,3.00,1.00,1120.00,7250.00,1.00,0.00,0.00,4.00,7.00,1120.00,0.00,1972.00,0.00,98034.00,47.71,-122.21,1340.00,7302.00
9406520550.00,20141027T000000,307500.00,3.00,2.25,1646.00,7364.00,2.00,0.00,0.00,3.00,7.00,1646.00,0.00,1994.00,0.00,98038.00,47.36,-122.04,1975.00,9161.00
7852160070.00,20150105T000000,937500.00,5.00,3.75,4210.00,14599.00,2.00,0.00,3.00,3.00,10.00,4210.00,0.00,2004.00,0.00,98065.00,47.54,-121.86,3950.00,13591.00
7214700160.00,20140509T000000,610000.00,3.00,3.00,2480.00,45302.00,1.00,0.00,0.00,4.00,8.00,1620.00,860.00,1976.00,0.00,98077.00,47.76,-122.07,1260.00,14100.00
2483700160.00,20140917T000000,720000.00,3.00,1.50,1590.00,7080.00,1.00,0.00,2.00,3.00,8.00,1310.00,280.00,1952.00,0.00,98136.00,47.52,-122.39,2080.00,7200.00
1972201820.00,20141016T000000,610000.00,4.00,2.00,2130.00,2620.00,1.50,0.00,0.00,5.00,7.00,1650.00,480.00,1919.00,0.00,98103.00,47.65,-122.35,1330.00,2719.00
9477000060.00,20150331T000000,434500.00,3.00,1.75,1650.00,7965.00,1.00,0.00,0.00,4.00,7.00,1650.00,0.00,1967.00,0.00,98034.00,47.73,-122.19,1560.00,7350.00
7932000041.00,20150512T000000,602500.00,2.00,2.50,3090.00,47044.00,1.00,0.00,0.00,4.00,10.00,2250.00,840.00,1979.00,0.00,98058.00,47.43,-122.18,1860.00,62829.00
1231000520.00,20141118T000000,607010.00,4.00,2.50,2180.00,4000.00,2.00,0.00,0.00,3.00,8.00,1700.00,480.00,2002.00,0.00,98118.00,47.56,-122.27,2180.00,4000.00
7522500070.00,20150204T000000,610000.00,3.00,1.00,1800.00,5750.00,1.00,0.00,0.00,3.00,7.00,1040.00,760.00,1947.00,0.00,98117.00,47.69,-122.40,1320.00,5625.00
4215250310.00,20140919T000000,828500.00,4.00,2.50,3720.00,35000.00,2.00,0.00,0.00,3.00,10.00,3720.00,0.00,1983.00,0.00,98072.00,47.76,-122.13,3720.00,35000.00
5560000070.00,20140707T000000,199990.00,3.00,1.00,1100.00,8560.00,1.00,0.00,0.00,3.00,6.00,1100.00,0.00,1961.00,0.00,98023.00,47.33,-122.34,1120.00,8470.00
1545804460.00,20150401T000000,294000.00,3.00,1.75,1530.00,9362.00,1.00,0.00,0.00,3.00,7.00,1530.00,0.00,1987.00,0.00,98038.00,47.36,-122.05,1480.00,8125.00
9510970310.00,20140612T000000,789500.00,4.00,2.50,3010.00,6100.00,2.00,0.00,0.00,3.00,9.00,3010.00,0.00,2005.00,0.00,98052.00,47.66,-122.08,2890.00,5176.00
98030160.00,20150212T000000,797000.00,3.00,3.50,3500.00,9473.00,2.00,0.00,0.00,3.00,10.00,3500.00,0.00,2008.00,0.00,98075.00,47.58,-121.97,3510.00,7833.00
7853300070.00,20140818T000000,539950.00,5.00,3.00,3100.00,5250.00,2.00,0.00,0.00,3.00,7.00,3100.00,0.00,2006.00,0.00,98065.00,47.54,-121.89,2460.00,5250.00
934300140.00,20150323T000000,284950.00,4.00,1.50,2000.00,6778.00,1.00,0.00,0.00,4.00,7.00,1170.00,830.00,1962.00,0.00,98198.00,47.37,-122.31,1940.00,7531.00
1245001820.00,20150429T000000,776500.00,4.00,1.50,2290.00,10372.00,1.00,0.00,0.00,3.00,7.00,1510.00,780.00,1965.00,1987.00,98033.00,47.69,-122.20,1900.00,8109.00
1974200060.00,20150424T000000,525000.00,4.00,2.50,2400.00,10070.00,1.00,0.00,0.00,3.00,7.00,1510.00,890.00,1967.00,0.00,98034.00,47.71,-122.24,2030.00,9964.00
7300410060.00,20150425T000000,303000.00,3.00,2.50,1850.00,4957.00,2.00,0.00,0.00,3.00,8.00,1850.00,0.00,1999.00,0.00,98092.00,47.33,-122.17,2400.00,6367.00
1939110310.00,20150310T000000,722080.00,3.00,3.25,3680.00,7650.00,2.00,0.00,0.00,3.00,9.00,2340.00,1340.00,1988.00,0.00,98074.00,47.63,-122.03,2280.00,8515.00
7888000390.00,20140627T000000,140000.00,3.00,1.00,1060.00,7473.00,1.00,0.00,0.00,3.00,7.00,1060.00,0.00,1959.00,0.00,98198.00,47.37,-122.31,1320.00,7912.00
7888000390.00,20150401T000000,235000.00,3.00,1.00,1060.00,7473.00,1.00,0.00,0.00,3.00,7.00,1060.00,0.00,1959.00,0.00,98198.00,47.37,-122.31,1320.00,7912.00
1529300435.00,20141120T000000,440000.00,3.00,1.00,1610.00,5500.00,1.50,0.00,0.00,3.00,7.00,1610.00,0.00,1903.00,1973.00,98103.00,47.70,-122.35,1200.00,5701.00
2960900045.00,20140718T000000,605000.00,3.00,1.75,2330.00,6000.00,1.50,0.00,0.00,4.00,7.00,1630.00,700.00,1940.00,0.00,98126.00,47.58,-122.38,1600.00,4000.00
3959400135.00,20140602T000000,380000.00,2.00,1.00,1210.00,4800.00,1.00,0.00,0.00,3.00,8.00,1060.00,150.00,1950.00,0.00,98108.00,47.56,-122.32,1380.00,4800.00
7972600765.00,20140625T000000,352000.00,4.00,1.00,1530.00,8890.00,1.00,0.00,0.00,3.00,7.00,980.00,550.00,1925.00,0.00,98106.00,47.53,-122.35,1100.00,5203.00
7214810550.00,20150413T000000,420000.00,4.00,2.25,2270.00,12000.00,1.00,0.00,0.00,4.00,7.00,1360.00,910.00,1979.00,0.00,98072.00,47.76,-122.15,2500.00,10120.00
3271801090.00,20150430T000000,1175000.00,4.00,2.00,2590.00,7220.00,2.00,0.00,2.00,4.00,10.00,2590.00,0.00,1930.00,0.00,98199.00,47.65,-122.41,2530.00,6380.00
8964800370.00,20141022T000000,1375000.00,3.00,1.50,1850.00,10572.00,1.00,0.00,0.00,4.00,8.00,1850.00,0.00,1953.00,0.00,98004.00,47.62,-122.21,3030.00,12752.00
8019200030.00,20140926T000000,300000.00,3.00,1.50,1500.00,14750.00,1.50,0.00,0.00,4.00,6.00,1500.00,0.00,1933.00,0.00,98168.00,47.50,-122.32,1270.00,15100.00
2954400400.00,20141112T000000,1150000.00,4.00,3.25,4740.00,49091.00,2.00,0.00,0.00,3.00,11.00,4740.00,0.00,1990.00,0.00,98053.00,47.66,-122.07,4800.00,42387.00
3013301525.00,20141013T000000,453500.00,2.00,1.50,1710.00,4189.00,1.00,0.00,1.00,5.00,7.00,1160.00,550.00,1951.00,0.00,98136.00,47.53,-122.38,1530.00,5608.00
3303100075.00,20141014T000000,443500.00,3.00,2.00,1920.00,7598.00,1.00,0.00,0.00,4.00,8.00,1920.00,0.00,1972.00,0.00,98177.00,47.77,-122.36,2220.00,7598.00
2004100075.00,20150326T000000,332000.00,2.00,1.00,1150.00,8138.00,1.00,0.00,0.00,3.00,7.00,1150.00,0.00,1954.00,0.00,98155.00,47.74,-122.33,1300.00,8139.00
4221270340.00,20150327T000000,655000.00,3.00,2.50,2320.00,4721.00,2.00,0.00,0.00,3.00,8.00,2320.00,0.00,2004.00,0.00,98075.00,47.59,-122.02,2250.00,4356.00
7177300575.00,20140903T000000,475000.00,4.00,1.00,1420.00,6000.00,1.50,0.00,0.00,3.00,7.00,1420.00,0.00,1950.00,0.00,98115.00,47.68,-122.30,1420.00,6180.00
1471630350.00,20141024T000000,372500.00,3.00,1.75,1550.00,12956.00,1.00,0.00,0.00,3.00,7.00,1210.00,340.00,1988.00,0.00,98045.00,47.47,-121.75,1630.00,15360.00
1250203335.00,20140527T000000,1050000.00,4.00,2.50,2920.00,7200.00,1.00,0.00,3.00,3.00,8.00,1470.00,1450.00,1921.00,2006.00,98144.00,47.59,-122.29,3210.00,6825.00
8815400105.00,20140603T000000,500000.00,3.00,1.75,1620.00,4200.00,1.00,0.00,0.00,5.00,7.00,830.00,790.00,1945.00,0.00,98115.00,47.67,-122.29,1580.00,5000.00
5315100737.00,20140528T000000,900000.00,6.00,2.75,2300.00,24773.00,1.50,0.00,0.00,4.00,9.00,2300.00,0.00,1950.00,1985.00,98040.00,47.58,-122.24,2720.00,11740.00
3333002440.00,20140604T000000,327500.00,3.00,1.00,1070.00,7140.00,1.00,0.00,0.00,3.00,7.00,1070.00,0.00,1989.00,0.00,98118.00,47.54,-122.29,1390.00,2374.00
2130702205.00,20150406T000000,390000.00,3.00,1.75,1790.00,7123.00,1.00,0.00,0.00,3.00,7.00,1790.00,0.00,1913.00,1995.00,98019.00,47.74,-121.98,1660.00,8128.00
2159900060.00,20150113T000000,451101.00,2.00,1.50,1510.00,1962.00,2.00,0.00,0.00,4.00,8.00,1510.00,0.00,1985.00,0.00,98007.00,47.62,-122.15,1510.00,2182.00
194000575.00,20141014T000000,455000.00,4.00,1.00,1340.00,5800.00,1.50,0.00,2.00,3.00,7.00,1340.00,0.00,1914.00,0.00,98116.00,47.57,-122.39,1900.00,5800.00
1531000140.00,20140701T000000,650000.00,4.00,2.50,3350.00,46748.00,2.00,0.00,0.00,3.00,10.00,3350.00,0.00,2004.00,0.00,98010.00,47.34,-122.03,3350.00,39683.00
2125049139.00,20140806T000000,895000.00,3.00,2.50,2500.00,7746.00,2.00,0.00,0.00,4.00,10.00,1910.00,590.00,1993.00,0.00,98112.00,47.64,-122.31,2480.00,5099.00
3623500135.00,20150326T000000,800000.00,4.00,2.25,2350.00,10664.00,1.00,0.00,1.00,2.00,7.00,1510.00,840.00,1952.00,0.00,98040.00,47.57,-122.24,2350.00,10140.00
7805460310.00,20141113T000000,703770.00,4.00,2.25,2550.00,12918.00,2.00,0.00,0.00,3.00,9.00,2550.00,0.00,1987.00,0.00,98006.00,47.56,-122.11,2550.00,11036.00
3021059244.00,20140814T000000,249950.00,3.00,1.75,1320.00,10454.00,1.00,0.00,0.00,4.00,7.00,1320.00,0.00,1968.00,0.00,98002.00,47.28,-122.22,1680.00,10183.00
925049360.00,20150428T000000,512000.00,2.00,2.00,1270.00,3881.00,1.00,0.00,0.00,4.00,6.00,610.00,660.00,1926.00,0.00,98105.00,47.67,-122.30,1370.00,5000.00
3286800260.00,20150506T000000,780000.00,5.00,2.50,3480.00,74052.00,1.00,0.00,0.00,4.00,8.00,1980.00,1500.00,1972.00,0.00,98027.00,47.50,-122.06,2610.00,65775.00
4137010240.00,20140716T000000,336000.00,3.00,2.25,2820.00,11625.00,2.00,0.00,0.00,3.00,8.00,2820.00,0.00,1986.00,0.00,98092.00,47.26,-122.22,2290.00,8488.00
9368700341.00,20140822T000000,285000.00,3.00,2.00,2110.00,6900.00,1.50,0.00,0.00,5.00,6.00,1220.00,890.00,1955.00,0.00,98178.00,47.50,-122.26,1350.00,7683.00
3832310350.00,20141021T000000,229900.00,3.00,1.75,1100.00,7224.00,1.00,0.00,0.00,3.00,7.00,1100.00,0.00,1981.00,0.00,98032.00,47.37,-122.28,1700.00,8447.00
324000350.00,20150415T000000,667500.00,4.00,3.00,1920.00,4000.00,1.50,0.00,0.00,4.00,8.00,1540.00,380.00,1931.00,0.00,98116.00,47.57,-122.39,1660.00,4000.00
9407101840.00,20140620T000000,378000.00,4.00,2.50,1890.00,12236.00,1.00,0.00,0.00,3.00,7.00,1230.00,660.00,1978.00,0.00,98045.00,47.45,-121.78,1390.00,11360.00
1422300140.00,20140905T000000,454000.00,3.00,2.50,2530.00,43733.00,2.00,0.00,0.00,3.00,8.00,1530.00,1000.00,1991.00,0.00,98045.00,47.46,-121.71,1730.00,43548.00
6127011000.00,20140508T000000,537500.00,4.00,2.50,2550.00,4630.00,2.00,0.00,0.00,3.00,7.00,2550.00,0.00,2005.00,0.00,98075.00,47.59,-122.00,2550.00,5151.00
2624049117.00,20140903T000000,425000.00,3.00,1.00,1550.00,4160.00,1.50,0.00,0.00,4.00,6.00,1550.00,0.00,1926.00,0.00,98118.00,47.54,-122.27,1590.00,5000.00
3295750550.00,20141124T000000,290000.00,3.00,2.00,1760.00,6600.00,1.00,0.00,0.00,3.00,7.00,1760.00,0.00,1998.00,0.00,98030.00,47.38,-122.18,2590.00,6600.00
7960100260.00,20140701T000000,349500.00,3.00,2.00,1270.00,3600.00,1.00,0.00,0.00,3.00,7.00,1270.00,0.00,1963.00,0.00,98122.00,47.61,-122.30,1660.00,3600.00
7625700012.00,20141202T000000,370000.00,3.00,2.75,1250.00,1655.00,2.00,0.00,0.00,3.00,7.00,830.00,420.00,2006.00,0.00,98136.00,47.56,-122.38,1520.00,3001.00
5418200295.00,20150309T000000,549500.00,3.00,1.75,1620.00,8438.00,1.00,0.00,0.00,4.00,8.00,1620.00,0.00,1961.00,0.00,98125.00,47.70,-122.28,2040.00,9450.00
7454000295.00,20150130T000000,245000.00,2.00,1.00,710.00,6322.00,1.00,0.00,0.00,3.00,6.00,710.00,0.00,1942.00,0.00,98126.00,47.52,-122.38,740.00,6720.00
8100000060.00,20140729T000000,208000.00,3.00,1.75,1070.00,7200.00,1.00,0.00,0.00,3.00,7.00,1070.00,0.00,1994.00,0.00,98010.00,47.31,-122.02,1480.00,7200.00
1310500550.00,20141220T000000,248000.00,4.00,2.25,2320.00,8760.00,1.00,0.00,0.00,4.00,8.00,1160.00,1160.00,1966.00,0.00,98032.00,47.36,-122.29,1970.00,8690.00
9485950310.00,20141003T000000,610000.00,4.00,3.25,5450.00,37058.00,1.50,0.00,0.00,5.00,9.00,5450.00,0.00,1984.00,0.00,98042.00,47.35,-122.09,2800.00,35716.00
4213910030.00,20150401T000000,550000.00,4.00,2.50,1670.00,5116.00,2.00,0.00,0.00,3.00,8.00,1670.00,0.00,1999.00,0.00,98155.00,47.77,-122.33,1910.00,7210.00
1223089083.00,20141028T000000,750000.00,3.00,2.75,3010.00,206910.00,2.00,0.00,2.00,3.00,10.00,3010.00,0.00,2001.00,0.00,98045.00,47.49,-121.72,1580.00,120675.00
2143700861.00,20141030T000000,192000.00,2.00,1.75,1340.00,7380.00,1.00,0.00,0.00,3.00,6.00,1340.00,0.00,1940.00,0.00,98055.00,47.48,-122.23,1980.00,9600.00
5016003230.00,20150218T000000,169317.00,2.00,1.00,790.00,4000.00,1.00,0.00,2.00,3.00,7.00,790.00,0.00,1908.00,0.00,98112.00,47.62,-122.30,1700.00,4200.00
1338801019.00,20140701T000000,1198000.00,4.00,3.50,3400.00,3850.00,2.50,0.00,0.00,3.00,10.00,2790.00,610.00,2008.00,0.00,98112.00,47.63,-122.30,2030.00,4000.00
3592500565.00,20141029T000000,880000.00,2.00,1.00,1530.00,6350.00,1.50,0.00,0.00,4.00,7.00,1530.00,0.00,1923.00,0.00,98112.00,47.63,-122.30,2640.00,6350.00
6414600070.00,20140617T000000,210000.00,1.00,1.00,930.00,7129.00,1.00,0.00,0.00,3.00,6.00,930.00,0.00,1948.00,0.00,98133.00,47.72,-122.33,1300.00,8075.00
8645500160.00,20150107T000000,180500.00,3.00,1.50,1540.00,9800.00,1.00,0.00,0.00,3.00,7.00,1010.00,530.00,1973.00,0.00,98058.00,47.47,-122.18,1600.00,8250.00
8651520240.00,20140728T000000,540000.00,4.00,2.00,1990.00,29078.00,2.00,0.00,0.00,3.00,9.00,1990.00,0.00,1984.00,0.00,98074.00,47.65,-122.06,2310.00,28353.00
9408300310.00,20140624T000000,520000.00,3.00,1.75,2300.00,35722.00,1.00,0.00,0.00,3.00,9.00,2300.00,0.00,1984.00,0.00,98072.00,47.75,-122.11,2600.00,34798.00
4202400135.00,20140626T000000,177500.00,3.00,1.50,1220.00,6000.00,1.00,0.00,0.00,3.00,7.00,1220.00,0.00,1968.00,0.00,98055.00,47.49,-122.22,1660.00,6000.00
7129300935.00,20141105T000000,415000.00,3.00,1.75,2380.00,5650.00,1.00,0.00,2.00,4.00,8.00,1190.00,1190.00,1956.00,0.00,98118.00,47.51,-122.26,2350.00,6554.00
8143000310.00,20140909T000000,495000.00,4.00,2.50,2020.00,7200.00,1.00,0.00,0.00,5.00,7.00,1010.00,1010.00,1968.00,0.00,98034.00,47.73,-122.20,1620.00,7275.00
6082400152.00,20150304T000000,325000.00,3.00,2.25,1890.00,9646.00,1.00,0.00,0.00,3.00,8.00,1890.00,0.00,1966.00,0.00,98168.00,47.48,-122.30,1580.00,9488.00
6838000520.00,20150220T000000,440000.00,2.00,1.75,1330.00,4903.00,1.00,0.00,0.00,3.00,7.00,1330.00,0.00,1985.00,0.00,98052.00,47.68,-122.16,1470.00,2735.00
4023500118.00,20140723T000000,411000.00,3.00,1.75,1490.00,9844.00,1.00,0.00,0.00,4.00,7.00,1190.00,300.00,1959.00,0.00,98155.00,47.76,-122.30,1840.00,10150.00
8952900204.00,20141029T000000,810000.00,5.00,3.50,3550.00,9600.00,2.00,0.00,0.00,3.00,9.00,2550.00,1000.00,1998.00,0.00,98118.00,47.55,-122.27,2030.00,9600.00
7922800320.00,20141016T000000,561750.00,5.00,1.75,2040.00,8996.00,1.00,0.00,2.00,4.00,7.00,1020.00,1020.00,1962.00,0.00,98008.00,47.59,-122.12,1950.00,8270.00
9542000030.00,20140722T000000,835100.00,4.00,2.50,2380.00,12573.00,1.00,0.00,0.00,4.00,9.00,2380.00,0.00,1963.00,0.00,98005.00,47.60,-122.18,2900.00,10700.00
3787000140.00,20140901T000000,450000.00,3.00,2.25,1780.00,9969.00,1.00,0.00,0.00,3.00,8.00,1450.00,330.00,1985.00,0.00,98034.00,47.73,-122.17,1950.00,7974.00
646910030.00,20141104T000000,238000.00,3.00,2.50,1650.00,2807.00,2.00,0.00,0.00,3.00,7.00,1650.00,0.00,2004.00,0.00,98055.00,47.43,-122.20,1460.00,1875.00
5515600075.00,20141205T000000,299000.00,3.00,1.00,1510.00,142803.00,1.00,0.00,0.00,3.00,7.00,1510.00,0.00,1974.00,0.00,98001.00,47.32,-122.29,1330.00,46609.00
1377300135.00,20141017T000000,570000.00,2.00,1.00,1100.00,6240.00,1.00,0.00,0.00,4.00,7.00,1100.00,0.00,1941.00,0.00,98199.00,47.64,-122.40,1250.00,6240.00
5469501940.00,20140604T000000,340000.00,3.00,1.75,2190.00,12626.00,2.00,0.00,0.00,4.00,8.00,2190.00,0.00,1978.00,0.00,98042.00,47.38,-122.15,3110.00,14592.00
9276200890.00,20150429T000000,450000.00,2.00,1.75,1760.00,2275.00,1.50,0.00,0.00,3.00,6.00,1040.00,720.00,1912.00,0.00,98116.00,47.58,-122.39,1380.00,3750.00
6385910260.00,20140910T000000,272750.00,4.00,1.50,1800.00,8786.00,1.00,0.00,0.00,3.00,7.00,1330.00,470.00,1966.00,0.00,98146.00,47.50,-122.35,1780.00,8664.00
5101402482.00,20140724T000000,520000.00,4.00,2.00,2000.00,6380.00,2.00,0.00,0.00,4.00,6.00,1860.00,140.00,1949.00,0.00,98115.00,47.70,-122.30,1600.00,6380.00
9353300140.00,20140618T000000,284950.00,3.00,1.00,990.00,10723.00,1.00,0.00,0.00,5.00,7.00,990.00,0.00,1960.00,0.00,98059.00,47.49,-122.13,1460.00,10723.00
5379801600.00,20150424T000000,255000.00,2.00,1.50,1480.00,9660.00,1.00,0.00,0.00,3.00,7.00,1480.00,0.00,1949.00,0.00,98188.00,47.46,-122.29,1990.00,9660.00
6082400260.00,20141112T000000,231500.00,2.00,1.00,1200.00,9488.00,1.00,0.00,0.00,5.00,7.00,1200.00,0.00,1941.00,0.00,98168.00,47.48,-122.30,1200.00,9488.00
2025079033.00,20141210T000000,415000.00,1.00,2.00,3000.00,204732.00,2.50,0.00,2.00,3.00,8.00,3000.00,0.00,1979.00,0.00,98014.00,47.63,-121.95,2330.00,213008.00
6181430800.00,20150105T000000,330000.00,4.00,2.50,3504.00,6000.00,2.00,0.00,0.00,3.00,7.00,3504.00,0.00,2006.00,0.00,98001.00,47.30,-122.29,2790.00,5231.00
3649100473.00,20140528T000000,365000.00,3.00,1.50,1300.00,12240.00,1.00,0.00,0.00,3.00,7.00,1300.00,0.00,1963.00,0.00,98028.00,47.74,-122.24,2040.00,9326.00
2011400791.00,20141007T000000,425000.00,4.00,2.00,1330.00,9188.00,1.50,0.00,0.00,3.00,7.00,1330.00,0.00,1928.00,2004.00,98198.00,47.40,-122.32,1770.00,10419.00
7549802030.00,20141104T000000,400000.00,4.00,1.75,1850.00,6480.00,1.00,0.00,0.00,4.00,7.00,1120.00,730.00,1958.00,0.00,98108.00,47.55,-122.31,1610.00,5040.00
1898200030.00,20140922T000000,335000.00,4.00,2.50,2240.00,9701.00,2.00,0.00,0.00,3.00,9.00,2240.00,0.00,1989.00,0.00,98023.00,47.31,-122.39,2240.00,9410.00
567000672.00,20140930T000000,342000.00,3.00,3.00,1260.00,1251.00,2.00,0.00,0.00,3.00,7.00,1040.00,220.00,2003.00,0.00,98144.00,47.59,-122.30,1780.00,7715.00
9126101740.00,20141204T000000,490000.00,8.00,5.00,2800.00,2580.00,2.00,0.00,0.00,3.00,8.00,1880.00,920.00,1997.00,0.00,98122.00,47.61,-122.30,1800.00,2580.00
5127001600.00,20141106T000000,331500.00,4.00,1.75,1820.00,14319.00,1.00,0.00,0.00,4.00,7.00,1820.00,0.00,1969.00,0.00,98059.00,47.48,-122.15,1440.00,10018.00
1925069121.00,20150330T000000,960000.00,3.00,2.50,1730.00,4102.00,3.00,1.00,4.00,3.00,8.00,1730.00,0.00,1996.00,0.00,98074.00,47.65,-122.08,2340.00,16994.00
7511210310.00,20140709T000000,720500.00,4.00,2.50,3350.00,35298.00,2.00,0.00,0.00,4.00,9.00,3350.00,0.00,1985.00,0.00,98053.00,47.65,-122.04,2620.00,35604.00
65000260.00,20140820T000000,830000.00,3.00,2.50,3370.00,6550.00,2.00,0.00,2.00,4.00,8.00,2840.00,530.00,1912.00,2001.00,98126.00,47.54,-122.38,1500.00,6550.00
6372000060.00,20140523T000000,662990.00,3.00,1.75,1240.00,3600.00,1.50,0.00,0.00,5.00,7.00,1240.00,0.00,1926.00,0.00,98116.00,47.58,-122.41,1660.00,3600.00
2005300140.00,20150330T000000,220000.00,4.00,2.00,2340.00,10507.00,1.50,0.00,0.00,4.00,6.00,2340.00,0.00,1959.00,0.00,98030.00,47.36,-122.18,990.00,10507.00
5649600435.00,20150108T000000,349950.00,5.00,2.00,1880.00,4179.00,1.00,0.00,0.00,3.00,7.00,940.00,940.00,1952.00,2000.00,98118.00,47.55,-122.28,1350.00,5150.00
2249500059.00,20150107T000000,550000.00,3.00,2.00,1810.00,2159.00,1.00,0.00,0.00,3.00,7.00,1010.00,800.00,1922.00,0.00,98109.00,47.63,-122.35,1810.00,2159.00
1773100510.00,20140915T000000,396000.00,3.00,1.75,2340.00,5668.00,1.00,0.00,0.00,4.00,6.00,1200.00,1140.00,1941.00,0.00,98106.00,47.56,-122.36,860.00,4800.00
9521100960.00,20150116T000000,635000.00,4.00,1.50,2820.00,4000.00,2.00,0.00,0.00,3.00,7.00,2820.00,0.00,1911.00,0.00,98103.00,47.66,-122.35,1470.00,1627.00
1785500132.00,20141118T000000,293000.00,3.00,1.00,1020.00,7650.00,1.00,0.00,0.00,3.00,7.00,1020.00,0.00,1940.00,0.00,98133.00,47.72,-122.35,1440.00,7650.00
8645530060.00,20140711T000000,339000.00,3.00,2.25,2090.00,10120.00,1.00,0.00,0.00,4.00,7.00,1290.00,800.00,1979.00,0.00,98058.00,47.47,-122.17,1820.00,7983.00
7697920060.00,20140630T000000,285000.00,4.00,2.25,1830.00,8734.00,2.00,0.00,0.00,4.00,7.00,1830.00,0.00,1991.00,0.00,98030.00,47.37,-122.18,1870.00,7212.00
9550202010.00,20140710T000000,775000.00,6.00,2.75,2980.00,5000.00,1.50,0.00,0.00,3.00,7.00,2480.00,500.00,1916.00,0.00,98103.00,47.67,-122.33,1470.00,5000.00
1821059264.00,20140626T000000,224000.00,4.00,1.50,1600.00,9289.00,1.00,0.00,0.00,4.00,7.00,1600.00,0.00,1959.00,0.00,98002.00,47.31,-122.21,1540.00,9918.00
5700003985.00,20141029T000000,2250000.00,4.00,3.50,4440.00,8125.00,2.00,0.00,3.00,5.00,10.00,3140.00,1300.00,1922.00,0.00,98144.00,47.57,-122.28,3990.00,8505.00
2320069248.00,20140701T000000,165050.00,3.00,1.00,1200.00,8514.00,1.00,0.00,0.00,3.00,7.00,1200.00,0.00,1959.00,0.00,98022.00,47.20,-122.01,1210.00,8985.00
2658000335.00,20141027T000000,275000.00,3.00,1.25,1230.00,4500.00,1.50,0.00,0.00,4.00,7.00,1230.00,0.00,1913.00,0.00,98118.00,47.53,-122.27,1310.00,5000.00
1702901557.00,20140911T000000,445000.00,5.00,3.00,2930.00,5500.00,1.00,0.00,0.00,3.00,7.00,1750.00,1180.00,1951.00,0.00,98118.00,47.56,-122.28,1400.00,5500.00
1774220350.00,20150401T000000,510000.00,3.00,2.25,2370.00,38639.00,1.00,0.00,0.00,3.00,8.00,1930.00,440.00,1978.00,0.00,98077.00,47.77,-122.10,2900.00,37452.00
7355700171.00,20140610T000000,1230000.00,4.00,2.50,3040.00,7000.00,2.00,0.00,0.00,3.00,9.00,3040.00,0.00,2001.00,0.00,98040.00,47.59,-122.24,2320.00,17511.00
3971701922.00,20141029T000000,390000.00,3.00,1.50,1610.00,13500.00,1.00,0.00,0.00,3.00,7.00,1060.00,550.00,1970.00,0.00,98155.00,47.77,-122.31,1540.00,11479.00
3583300135.00,20140513T000000,460000.00,3.00,2.25,2350.00,10450.00,1.00,0.00,0.00,3.00,8.00,1390.00,960.00,1977.00,0.00,98028.00,47.74,-122.26,2250.00,10450.00
9542000075.00,20150327T000000,700000.00,3.00,1.75,2000.00,14733.00,1.00,0.00,0.00,4.00,8.00,2000.00,0.00,1958.00,0.00,98005.00,47.60,-122.18,2620.00,14733.00
4055700955.00,20140622T000000,874150.00,4.00,3.50,3530.00,14406.00,2.00,0.00,1.00,3.00,10.00,2570.00,960.00,1987.00,0.00,98034.00,47.71,-122.24,3170.00,15181.00
4022902505.00,20140731T000000,470000.00,3.00,2.25,2220.00,9800.00,2.00,0.00,0.00,3.00,8.00,2220.00,0.00,1987.00,0.00,98155.00,47.76,-122.29,2420.00,10232.00
8680100030.00,20140521T000000,374000.00,3.00,1.75,2000.00,9416.00,1.00,0.00,0.00,4.00,6.00,2000.00,0.00,1961.00,0.00,98033.00,47.70,-122.18,1440.00,9555.00
2923039017.00,20140717T000000,510000.00,2.00,1.75,1210.00,131115.00,1.50,0.00,0.00,5.00,7.00,1210.00,0.00,1950.00,0.00,98070.00,47.46,-122.45,2020.00,185565.00
2767604247.00,20140711T000000,467000.00,2.00,2.50,1140.00,1181.00,3.00,0.00,0.00,3.00,8.00,1140.00,0.00,2007.00,0.00,98107.00,47.67,-122.38,1220.00,1189.00
5631500505.00,20140616T000000,576000.00,4.00,2.50,2440.00,28405.00,2.00,0.00,0.00,3.00,8.00,2440.00,0.00,2002.00,0.00,98028.00,47.74,-122.24,2480.00,11429.00
3356406510.00,20140530T000000,196440.00,3.00,2.00,1560.00,7352.00,1.00,0.00,0.00,3.00,6.00,1560.00,0.00,1992.00,0.00,98001.00,47.28,-122.25,1120.00,7950.00
7701990700.00,20141231T000000,825000.00,4.00,2.50,3210.00,18901.00,2.00,0.00,0.00,3.00,10.00,3210.00,0.00,1993.00,0.00,98077.00,47.71,-122.07,3330.00,18901.00
8835200800.00,20150408T000000,281000.00,2.00,1.00,930.00,2600.00,1.00,0.00,0.00,3.00,7.00,930.00,0.00,1981.00,0.00,98034.00,47.72,-122.16,1370.00,3488.00
8902500118.00,20140812T000000,326000.00,3.00,2.50,1782.00,1577.00,3.00,0.00,0.00,3.00,7.00,1782.00,0.00,2000.00,0.00,98125.00,47.71,-122.30,1550.00,1744.00
2822079012.00,20150410T000000,340000.00,3.00,1.75,1740.00,46580.00,1.00,0.00,0.00,4.00,7.00,1740.00,0.00,1980.00,0.00,98010.00,47.36,-121.93,1576.00,54685.00
9485950060.00,20141208T000000,440000.00,5.00,1.75,3690.00,36036.00,1.00,0.00,0.00,3.00,9.00,1890.00,1800.00,1985.00,0.00,98042.00,47.35,-122.09,2680.00,44131.00
424069264.00,20140522T000000,749000.00,4.00,2.50,2930.00,18199.00,2.00,0.00,0.00,3.00,9.00,2930.00,0.00,1998.00,0.00,98075.00,47.59,-122.05,2930.00,33976.00
3581000340.00,20150227T000000,340000.00,4.00,1.00,1230.00,8316.00,1.50,0.00,0.00,3.00,7.00,1230.00,0.00,1963.00,0.00,98034.00,47.73,-122.24,1490.00,8316.00
7625704005.00,20140506T000000,561000.00,3.00,2.00,2000.00,7000.00,2.00,0.00,0.00,3.00,7.00,2000.00,0.00,1916.00,1986.00,98136.00,47.55,-122.39,1840.00,7000.00
1545803240.00,20141031T000000,270000.00,3.00,2.25,1520.00,7930.00,1.00,0.00,0.00,3.00,7.00,1160.00,360.00,1988.00,0.00,98038.00,47.36,-122.05,1530.00,7930.00
8080400045.00,20140620T000000,600000.00,2.00,1.00,1040.00,3600.00,1.00,0.00,0.00,4.00,7.00,1040.00,0.00,1919.00,1980.00,98112.00,47.62,-122.31,2250.00,4800.00
8651402920.00,20140505T000000,219900.00,4.00,1.50,1120.00,5427.00,1.00,0.00,0.00,3.00,6.00,1120.00,0.00,1969.00,2014.00,98042.00,47.36,-122.09,1150.00,5304.00
3121069036.00,20141208T000000,617000.00,3.00,1.75,3020.00,360241.00,2.00,0.00,0.00,3.00,8.00,3020.00,0.00,1992.00,0.00,98092.00,47.27,-122.09,1890.00,209959.00
2540800390.00,20140904T000000,469000.00,3.00,2.25,1820.00,8446.00,2.00,0.00,0.00,3.00,8.00,1820.00,0.00,1978.00,0.00,98034.00,47.72,-122.24,1850.00,8437.00
7978800621.00,20140811T000000,229000.00,3.00,1.00,1370.00,56628.00,1.00,0.00,0.00,3.00,7.00,1370.00,0.00,1942.00,0.00,98003.00,47.31,-122.31,1768.00,8702.00
1336300445.00,20150422T000000,1265000.00,4.00,3.00,3130.00,2646.00,2.50,0.00,0.00,5.00,9.00,2290.00,840.00,1906.00,0.00,98102.00,47.63,-122.32,2920.00,4500.00
6159400060.00,20140805T000000,365000.00,3.00,1.50,1640.00,8301.00,1.00,0.00,0.00,3.00,7.00,1290.00,350.00,1958.00,0.00,98155.00,47.74,-122.33,1640.00,8955.00
9510930350.00,20141212T000000,429000.00,4.00,2.50,2650.00,9301.00,2.00,0.00,0.00,3.00,9.00,2650.00,0.00,2001.00,0.00,98001.00,47.35,-122.27,2730.00,8688.00
5535600520.00,20141208T000000,550000.00,4.00,2.50,2850.00,6809.00,2.00,0.00,0.00,3.00,9.00,2850.00,0.00,2003.00,0.00,98019.00,47.74,-121.97,2820.00,7500.00
7634800070.00,20150116T000000,453000.00,3.00,2.50,1820.00,16300.00,1.00,0.00,0.00,4.00,7.00,1220.00,600.00,1955.00,0.00,98166.00,47.46,-122.37,1870.00,16300.00
8581200350.00,20140617T000000,187500.00,3.00,1.50,1180.00,7000.00,1.00,0.00,0.00,4.00,7.00,1180.00,0.00,1977.00,0.00,98023.00,47.30,-122.37,1180.00,7370.00
6190701146.00,20150415T000000,520500.00,6.00,2.50,1880.00,14350.00,1.00,0.00,0.00,5.00,7.00,1640.00,240.00,1955.00,0.00,98133.00,47.76,-122.35,1510.00,9840.00
522059299.00,20150204T000000,300000.00,3.00,1.75,1280.00,12776.00,1.00,0.00,0.00,4.00,7.00,1280.00,0.00,1977.00,0.00,98031.00,47.42,-122.20,1680.00,11704.00
1513800036.00,20140516T000000,799000.00,4.00,3.25,3120.00,5000.00,2.00,0.00,0.00,3.00,9.00,2370.00,750.00,2005.00,0.00,98115.00,47.69,-122.30,2520.00,6000.00
6699930550.00,20150203T000000,338000.00,3.00,2.50,2470.00,4948.00,2.00,0.00,0.00,3.00,8.00,2470.00,0.00,2003.00,0.00,98038.00,47.34,-122.04,2500.00,4993.00
9839300875.00,20140514T000000,800000.00,3.00,1.00,1700.00,4400.00,1.50,0.00,0.00,4.00,8.00,1700.00,0.00,1906.00,0.00,98122.00,47.61,-122.29,1610.00,4180.00
2493200435.00,20140825T000000,360000.00,2.00,2.00,1180.00,3200.00,1.00,0.00,1.00,4.00,6.00,590.00,590.00,1945.00,0.00,98136.00,47.53,-122.38,1350.00,4000.00
226039282.00,20140728T000000,442500.00,6.00,2.50,2800.00,10490.00,1.00,0.00,0.00,3.00,7.00,1400.00,1400.00,1968.00,0.00,98177.00,47.77,-122.38,2290.00,8716.00
1020069017.00,20150327T000000,700000.00,4.00,1.00,1300.00,1651359.00,1.00,0.00,3.00,4.00,6.00,1300.00,0.00,1920.00,0.00,98022.00,47.23,-122.02,2560.00,425581.00
5450900140.00,20140508T000000,830000.00,5.00,3.00,3040.00,9601.00,1.00,0.00,0.00,5.00,9.00,1970.00,1070.00,1968.00,0.00,98040.00,47.56,-122.22,3180.00,12390.00
8093800200.00,20141118T000000,360400.00,3.00,2.50,1630.00,11592.00,2.00,0.00,0.00,3.00,8.00,1630.00,0.00,1987.00,0.00,98011.00,47.76,-122.23,1700.00,8850.00
3205000310.00,20141121T000000,345000.00,3.00,1.00,1340.00,9339.00,1.00,0.00,0.00,5.00,7.00,1340.00,0.00,1960.00,0.00,98056.00,47.54,-122.18,1310.00,9350.00
7230000350.00,20140909T000000,300000.00,3.00,1.75,1830.00,51836.00,1.00,0.00,0.00,4.00,7.00,1430.00,400.00,1966.00,0.00,98059.00,47.48,-122.10,1320.00,51400.00
1066600045.00,20140904T000000,350000.00,3.00,1.00,1240.00,10800.00,1.00,0.00,0.00,5.00,7.00,1240.00,0.00,1959.00,0.00,98056.00,47.52,-122.19,1810.00,10800.00
2822069078.00,20141008T000000,368000.00,4.00,2.00,2500.00,36900.00,1.00,0.00,0.00,3.00,7.00,1540.00,960.00,1972.00,0.00,98038.00,47.37,-122.05,1960.00,36900.00
8731900340.00,20140623T000000,264000.00,3.00,1.75,1760.00,7482.00,1.00,0.00,0.00,4.00,8.00,1760.00,0.00,1966.00,0.00,98023.00,47.31,-122.37,2000.00,7500.00
5088500310.00,20150312T000000,435000.00,3.00,2.00,2660.00,16677.00,1.00,0.00,0.00,3.00,9.00,2210.00,450.00,1990.00,0.00,98038.00,47.37,-122.06,2660.00,11355.00
1823059205.00,20140604T000000,200000.00,3.00,1.50,2060.00,15837.00,1.50,0.00,0.00,3.00,6.00,2060.00,0.00,1903.00,0.00,98055.00,47.48,-122.22,2190.00,8549.00
225039082.00,20140514T000000,620000.00,5.00,2.50,2540.00,3832.00,2.00,0.00,0.00,5.00,8.00,1760.00,780.00,1929.00,0.00,98117.00,47.68,-122.40,2000.00,5289.00
5021900140.00,20141120T000000,1679000.00,5.00,4.25,4830.00,11466.00,2.00,0.00,0.00,3.00,10.00,3720.00,1110.00,2014.00,0.00,98040.00,47.58,-122.22,2180.00,11017.00
7883603750.00,20141209T000000,337000.00,3.00,1.75,1400.00,6000.00,1.00,0.00,0.00,4.00,7.00,700.00,700.00,1919.00,0.00,98108.00,47.53,-122.32,1030.00,6000.00
8081500060.00,20141001T000000,1928000.00,4.00,3.25,4280.00,20296.00,2.00,0.00,0.00,4.00,11.00,4280.00,0.00,1984.00,0.00,98004.00,47.64,-122.21,3420.00,16351.00
8099900260.00,20140528T000000,544500.00,4.00,2.50,2230.00,10414.00,1.00,0.00,0.00,5.00,7.00,1450.00,780.00,1974.00,0.00,98075.00,47.58,-122.00,1960.00,10240.00
913000340.00,20150102T000000,252000.00,1.00,1.00,680.00,1638.00,1.00,0.00,4.00,1.00,6.00,680.00,0.00,1910.00,1992.00,98116.00,47.58,-122.40,1010.00,3621.00
2115200160.00,20140605T000000,445000.00,4.00,2.50,2340.00,3784.00,2.00,0.00,0.00,3.00,8.00,2340.00,0.00,2008.00,0.00,98106.00,47.54,-122.35,1730.00,4000.00
5095600310.00,20140725T000000,379500.00,3.00,2.25,2070.00,14196.00,2.00,0.00,0.00,3.00,7.00,2070.00,0.00,1989.00,0.00,98059.00,47.46,-122.07,1550.00,13860.00
5402100045.00,20150311T000000,189950.00,4.00,2.00,1910.00,4225.00,1.00,0.00,0.00,4.00,6.00,910.00,1000.00,1919.00,0.00,98001.00,47.31,-122.23,1060.00,4800.00
2258500049.00,20140602T000000,469000.00,3.00,1.00,950.00,4250.00,1.50,0.00,0.00,5.00,6.00,950.00,0.00,1948.00,0.00,98122.00,47.61,-122.31,2130.00,5120.00
626100023.00,20140611T000000,600000.00,5.00,2.75,2910.00,53898.00,1.00,0.00,0.00,5.00,7.00,1510.00,1400.00,1979.00,0.00,98077.00,47.72,-122.06,3210.00,216928.00
4309720160.00,20141107T000000,785000.00,3.00,2.50,2930.00,33981.00,2.00,0.00,2.00,3.00,9.00,2930.00,0.00,2000.00,0.00,98059.00,47.52,-122.12,3720.00,35230.00
1843100070.00,20150210T000000,372000.00,4.00,2.75,2610.00,8967.00,2.00,0.00,0.00,4.00,8.00,2610.00,0.00,1990.00,0.00,98042.00,47.37,-122.12,2390.00,7852.00
4307350520.00,20150225T000000,445000.00,5.00,3.00,3880.00,7180.00,2.00,0.00,0.00,3.00,7.00,3880.00,0.00,2004.00,0.00,98056.00,47.48,-122.18,2160.00,4793.00
5561401260.00,20141014T000000,508000.00,4.00,2.25,3320.00,53392.00,2.00,0.00,0.00,4.00,8.00,2000.00,1320.00,1986.00,0.00,98027.00,47.47,-122.01,3230.00,43129.00
2883200966.00,20150318T000000,780000.00,5.00,1.50,1940.00,4800.00,2.00,0.00,0.00,3.00,8.00,1940.00,0.00,1905.00,0.00,98103.00,47.68,-122.33,1750.00,4800.00
7214800240.00,20150316T000000,541100.00,4.00,2.25,2510.00,9800.00,2.00,0.00,0.00,3.00,9.00,2510.00,0.00,1978.00,0.00,98072.00,47.75,-122.15,2440.00,11000.00
3629920860.00,20150105T000000,729000.00,4.00,2.50,2660.00,5608.00,2.00,0.00,0.00,3.00,9.00,2660.00,0.00,2003.00,0.00,98029.00,47.54,-122.00,3010.00,5608.00
1320069179.00,20141104T000000,397000.00,3.00,2.00,1710.00,134489.00,1.00,0.00,2.00,5.00,7.00,1710.00,0.00,1952.00,0.00,98022.00,47.22,-121.98,1700.00,63823.00
9424400200.00,20140515T000000,451555.00,2.00,1.00,1320.00,4520.00,1.00,0.00,1.00,3.00,6.00,1320.00,0.00,1912.00,1971.00,98116.00,47.57,-122.39,1420.00,4560.00
3500100189.00,20140630T000000,300000.00,2.00,1.00,960.00,8153.00,1.00,0.00,0.00,3.00,6.00,960.00,0.00,1947.00,0.00,98155.00,47.73,-122.30,1160.00,8199.00
2787720140.00,20150407T000000,416000.00,3.00,2.50,1790.00,11542.00,1.00,0.00,0.00,5.00,7.00,1190.00,600.00,1969.00,0.00,98059.00,47.51,-122.16,1790.00,9131.00
3856904740.00,20141021T000000,490000.00,2.00,1.00,950.00,3060.00,1.00,0.00,0.00,3.00,6.00,810.00,140.00,1925.00,0.00,98105.00,47.67,-122.32,1510.00,3780.00
254000445.00,20150129T000000,480000.00,6.00,3.75,2940.00,5054.00,2.00,0.00,0.00,3.00,7.00,2940.00,0.00,1942.00,2003.00,98146.00,47.51,-122.39,1530.00,5320.00
6821101837.00,20150203T000000,368000.00,2.00,2.00,930.00,1662.00,1.00,0.00,0.00,3.00,7.00,670.00,260.00,2002.00,0.00,98199.00,47.65,-122.40,1780.00,2343.00
5608000700.00,20140918T000000,1038000.00,3.00,2.50,4570.00,10615.00,2.00,0.00,0.00,3.00,12.00,4570.00,0.00,1991.00,0.00,98027.00,47.55,-122.10,3860.00,11576.00
7784400060.00,20150120T000000,545000.00,3.00,2.50,2370.00,9000.00,1.00,0.00,3.00,4.00,8.00,1570.00,800.00,1952.00,0.00,98146.00,47.49,-122.37,2120.00,9500.00
3295610350.00,20150323T000000,850000.00,5.00,2.75,3430.00,15119.00,2.00,0.00,0.00,3.00,10.00,3430.00,0.00,1998.00,0.00,98075.00,47.57,-122.03,3430.00,12045.00
3260570260.00,20141204T000000,550000.00,4.00,3.50,3540.00,4750.00,2.00,0.00,0.00,3.00,10.00,3540.00,0.00,2003.00,0.00,98055.00,47.47,-122.19,3310.00,5655.00
1592000260.00,20150217T000000,600000.00,3.00,2.25,2240.00,9314.00,2.00,0.00,0.00,3.00,9.00,2240.00,0.00,1984.00,0.00,98074.00,47.62,-122.03,2240.00,9314.00
8670000060.00,20140827T000000,535000.00,4.00,2.50,2710.00,12138.00,1.00,0.00,0.00,3.00,8.00,1700.00,1010.00,1968.00,0.00,98155.00,47.77,-122.29,2390.00,10052.00
8113600004.00,20140520T000000,599950.00,3.00,2.50,2660.00,4975.00,2.00,0.00,0.00,3.00,8.00,2660.00,0.00,2014.00,0.00,98118.00,47.55,-122.27,1840.00,6653.00
235000075.00,20140718T000000,531000.00,5.00,2.75,2540.00,5022.00,1.00,0.00,0.00,4.00,8.00,1540.00,1000.00,1955.00,0.00,98108.00,47.56,-122.30,2510.00,5182.00
1951700700.00,20140605T000000,530000.00,4.00,2.25,2210.00,7665.00,2.00,0.00,0.00,4.00,8.00,2210.00,0.00,1968.00,0.00,98006.00,47.54,-122.17,1960.00,7903.00
1832100030.00,20140625T000000,597326.00,4.00,4.00,3570.00,8250.00,2.00,0.00,0.00,3.00,10.00,2860.00,710.00,2015.00,0.00,98040.00,47.58,-122.23,2230.00,10000.00
8565000030.00,20150429T000000,805000.00,4.00,2.50,3450.00,33460.00,2.00,0.00,0.00,3.00,9.00,3450.00,0.00,1997.00,0.00,98077.00,47.77,-122.10,2820.00,35250.00
2473350710.00,20141027T000000,390000.00,4.00,1.75,2330.00,8364.00,1.00,0.00,0.00,4.00,8.00,2330.00,0.00,1968.00,0.00,98058.00,47.46,-122.15,2180.00,9630.00
9521101221.00,20140519T000000,487250.00,4.00,2.00,1690.00,3250.00,1.50,0.00,0.00,3.00,7.00,1550.00,140.00,1901.00,0.00,98103.00,47.66,-122.35,1620.00,3250.00
6152900273.00,20140909T000000,301000.00,3.00,1.50,1030.00,8414.00,1.00,0.00,0.00,4.00,7.00,1030.00,0.00,1967.00,0.00,98155.00,47.77,-122.30,1750.00,8414.00
2721600125.00,20150205T000000,1175000.00,5.00,2.75,2560.00,5618.00,1.50,0.00,2.00,3.00,8.00,2220.00,340.00,1923.00,0.00,98109.00,47.64,-122.36,2740.00,4000.00
1180002378.00,20140926T000000,299000.00,4.00,2.50,1950.00,3000.00,2.00,0.00,0.00,3.00,7.00,1950.00,0.00,2002.00,0.00,98178.00,47.50,-122.23,1170.00,6000.00
625059051.00,20140903T000000,2350000.00,4.00,2.25,4370.00,22863.00,2.50,0.00,3.00,4.00,10.00,3670.00,700.00,1907.00,1994.00,98033.00,47.69,-122.22,2980.00,22863.00
2113700060.00,20141014T000000,400000.00,4.00,2.50,2350.00,3904.00,2.50,0.00,0.00,3.00,7.00,2350.00,0.00,1999.00,0.00,98106.00,47.53,-122.35,1120.00,4000.00
7016100570.00,20141201T000000,467500.00,4.00,2.50,3160.00,7210.00,1.00,0.00,0.00,4.00,7.00,1880.00,1280.00,1969.00,0.00,98034.00,47.74,-122.18,2070.00,7560.00
2944500710.00,20150220T000000,305000.00,4.00,2.50,2430.00,9103.00,2.00,0.00,0.00,3.00,8.00,2430.00,0.00,1990.00,0.00,98023.00,47.29,-122.37,2260.00,8090.00
1549500370.00,20140505T000000,210000.00,3.00,1.00,1340.00,306848.00,1.00,0.00,0.00,3.00,5.00,1340.00,0.00,1953.00,0.00,98019.00,47.75,-121.91,1800.00,128066.00
7211340030.00,20150428T000000,300000.00,3.00,1.00,1010.00,10168.00,1.00,0.00,0.00,3.00,6.00,1010.00,0.00,1979.00,0.00,98014.00,47.65,-121.91,1180.00,10318.00
2473480520.00,20140908T000000,327500.00,3.00,2.25,1770.00,8755.00,1.00,0.00,0.00,3.00,8.00,1330.00,440.00,1981.00,0.00,98058.00,47.45,-122.12,1910.00,8710.00
1722059326.00,20140805T000000,269000.00,3.00,2.00,1210.00,7136.00,1.00,0.00,0.00,3.00,7.00,1210.00,0.00,2003.00,0.00,98031.00,47.40,-122.20,1210.00,5765.00
9414100030.00,20150331T000000,975000.00,4.00,3.25,3330.00,17533.00,1.00,0.00,2.00,3.00,9.00,1750.00,1580.00,1969.00,0.00,98033.00,47.65,-122.20,3340.00,12798.00
8911000030.00,20141210T000000,355000.00,3.00,1.00,1240.00,5400.00,1.00,0.00,0.00,4.00,7.00,1060.00,180.00,1940.00,0.00,98133.00,47.71,-122.36,1429.00,5400.00
2264500890.00,20140508T000000,712000.00,3.00,1.00,1250.00,4620.00,1.50,0.00,0.00,4.00,7.00,1150.00,100.00,1900.00,0.00,98103.00,47.65,-122.34,1900.00,4400.00
2481630200.00,20140614T000000,883000.00,4.00,2.50,2960.00,41656.00,2.00,0.00,0.00,3.00,10.00,2960.00,0.00,1985.00,0.00,98072.00,47.73,-122.13,3900.00,35104.00
7299500200.00,20140815T000000,190000.00,2.00,1.00,840.00,12252.00,1.00,0.00,0.00,3.00,6.00,840.00,0.00,1994.00,0.00,98010.00,47.31,-122.01,1010.00,11876.00
8598900125.00,20150406T000000,443000.00,3.00,1.75,1530.00,8028.00,1.00,0.00,0.00,3.00,7.00,1200.00,330.00,1967.00,0.00,98177.00,47.78,-122.36,1530.00,8028.00
7504010560.00,20140509T000000,920000.00,4.00,3.00,3750.00,11025.00,2.00,0.00,0.00,3.00,10.00,3750.00,0.00,1976.00,0.00,98074.00,47.64,-122.06,2930.00,12835.00
8732130140.00,20141222T000000,285000.00,4.00,2.25,2150.00,8250.00,1.00,0.00,0.00,4.00,7.00,1240.00,910.00,1978.00,0.00,98023.00,47.30,-122.38,2050.00,7875.00
2492200335.00,20150423T000000,901000.00,4.00,3.25,1560.00,4080.00,1.00,0.00,0.00,3.00,7.00,1560.00,0.00,1916.00,0.00,98126.00,47.53,-122.38,1370.00,4080.00
2770606602.00,20150305T000000,552500.00,3.00,1.75,2040.00,5775.00,1.00,0.00,0.00,3.00,7.00,1410.00,630.00,1958.00,0.00,98199.00,47.66,-122.39,1360.00,4400.00
7211400990.00,20150303T000000,256000.00,2.00,1.00,860.00,5000.00,1.00,0.00,0.00,3.00,6.00,860.00,0.00,1915.00,1945.00,98146.00,47.51,-122.36,1220.00,5000.00
7148700160.00,20140512T000000,341000.00,3.00,1.50,1720.00,7119.00,1.50,0.00,0.00,4.00,7.00,1720.00,0.00,1952.00,0.00,98155.00,47.75,-122.31,1590.00,7616.00
984220370.00,20150326T000000,279000.00,4.00,2.25,2090.00,8941.00,2.00,0.00,0.00,3.00,7.00,2090.00,0.00,1975.00,0.00,98058.00,47.43,-122.17,1890.00,7946.00
2600000510.00,20140726T000000,686000.00,4.00,2.25,2130.00,10650.00,2.00,0.00,0.00,4.00,8.00,2130.00,0.00,1977.00,0.00,98006.00,47.56,-122.16,3380.00,10050.00
7123400045.00,20140523T000000,225000.00,2.00,1.00,1300.00,11867.00,1.50,0.00,0.00,4.00,6.00,1300.00,0.00,1975.00,0.00,98010.00,47.32,-121.90,820.00,11867.00
3751602329.00,20140627T000000,215500.00,2.00,1.75,1220.00,15600.00,1.00,0.00,0.00,3.00,6.00,1220.00,0.00,1972.00,0.00,98001.00,47.29,-122.27,1510.00,17818.00
6819100310.00,20150414T000000,950000.00,4.00,3.00,2420.00,4800.00,1.50,0.00,0.00,3.00,7.00,1520.00,900.00,1919.00,0.00,98119.00,47.65,-122.36,1090.00,3800.00
2925079012.00,20141105T000000,503000.00,4.00,2.50,2940.00,156988.00,2.00,0.00,2.00,3.00,9.00,1870.00,1070.00,1996.00,0.00,98014.00,47.62,-121.95,2940.00,71002.00
7202430060.00,20150122T000000,780000.00,3.00,2.50,2610.00,7567.00,2.00,0.00,0.00,3.00,9.00,2610.00,0.00,1997.00,0.00,98052.00,47.67,-122.14,2610.00,8458.00
185000118.00,20150223T000000,212000.00,4.00,2.00,1880.00,7500.00,1.00,0.00,0.00,5.00,6.00,980.00,900.00,1946.00,0.00,98178.00,47.50,-122.27,1670.00,14350.00
1139000685.00,20140729T000000,580000.00,4.00,2.75,2330.00,6703.00,1.50,0.00,0.00,3.00,7.00,1710.00,620.00,1983.00,0.00,98177.00,47.71,-122.36,2060.00,7500.00
5312100060.00,20141111T000000,465000.00,4.00,2.50,2200.00,3141.00,2.00,0.00,0.00,3.00,7.00,2060.00,140.00,1994.00,0.00,98144.00,47.57,-122.31,1660.00,3175.00
3356404330.00,20141119T000000,206000.00,4.00,2.00,1720.00,7560.00,1.00,0.00,0.00,3.00,7.00,1720.00,0.00,1959.00,0.00,98001.00,47.28,-122.25,1750.00,7988.00
7805460030.00,20150223T000000,615000.00,3.00,2.50,2250.00,10171.00,2.00,0.00,0.00,3.00,9.00,2250.00,0.00,1987.00,0.00,98006.00,47.56,-122.11,2440.00,13390.00
1705400055.00,20140719T000000,519000.00,4.00,1.00,1640.00,6305.00,1.50,0.00,0.00,5.00,6.00,1640.00,0.00,1907.00,0.00,98118.00,47.56,-122.28,1590.00,4816.00
3303980520.00,20150423T000000,1135000.00,4.00,3.25,4130.00,11444.00,2.00,0.00,0.00,3.00,11.00,4130.00,0.00,2001.00,0.00,98059.00,47.52,-122.15,3720.00,11431.00
2538410140.00,20140808T000000,330000.00,5.00,2.50,2600.00,3839.00,2.00,0.00,0.00,3.00,7.00,2600.00,0.00,2005.00,0.00,98058.00,47.43,-122.15,2180.00,4800.00
3810000860.00,20150506T000000,240000.00,4.00,1.50,1920.00,7973.00,1.00,0.00,0.00,3.00,8.00,1920.00,0.00,1955.00,0.00,98178.00,47.50,-122.24,2020.00,8840.00
8079100370.00,20141107T000000,574000.00,3.00,2.00,2060.00,7000.00,1.00,0.00,0.00,4.00,9.00,2060.00,0.00,1988.00,0.00,98029.00,47.56,-122.01,2110.00,7000.00
2025770560.00,20141103T000000,930000.00,4.00,4.25,5710.00,24663.00,2.00,0.00,0.00,3.00,11.00,5710.00,0.00,2007.00,0.00,98092.00,47.31,-122.16,4060.00,23847.00
225069017.00,20140714T000000,850000.00,4.00,3.00,2720.00,183823.00,2.00,0.00,0.00,3.00,8.00,2720.00,0.00,1975.00,2007.00,98053.00,47.67,-122.00,2140.00,173804.00
1138010510.00,20141212T000000,415000.00,3.00,1.50,1490.00,7275.00,1.00,0.00,0.00,3.00,7.00,1090.00,400.00,1974.00,0.00,98034.00,47.71,-122.21,1420.00,7330.00
4358700135.00,20141118T000000,480000.00,3.00,2.50,2360.00,9005.00,1.00,0.00,0.00,5.00,7.00,1340.00,1020.00,1929.00,0.00,98133.00,47.71,-122.34,1520.00,9005.00
4327100045.00,20140721T000000,300000.00,5.00,1.00,1940.00,8875.00,1.00,0.00,0.00,3.00,7.00,1940.00,0.00,1957.00,0.00,98188.00,47.44,-122.28,1380.00,8875.00
6804600550.00,20140708T000000,439000.00,4.00,2.25,2570.00,9503.00,2.00,0.00,0.00,3.00,8.00,2570.00,0.00,1980.00,0.00,98011.00,47.76,-122.17,1950.00,9600.00
5634500251.00,20150327T000000,450000.00,3.00,1.00,1160.00,36831.00,1.00,0.00,0.00,3.00,7.00,1160.00,0.00,1938.00,0.00,98028.00,47.75,-122.24,1800.00,15640.00
3125079062.00,20150426T000000,589000.00,3.00,2.50,2660.00,206480.00,1.00,0.00,0.00,3.00,8.00,2660.00,0.00,1989.00,0.00,98024.00,47.60,-121.96,2660.00,206736.00
3629920140.00,20150407T000000,477000.00,3.00,2.25,1260.00,3000.00,2.00,0.00,0.00,3.00,7.00,1260.00,0.00,2003.00,0.00,98029.00,47.55,-122.00,1630.00,3023.00
6844703410.00,20140924T000000,587500.00,4.00,2.25,1780.00,6120.00,1.00,0.00,0.00,3.00,8.00,1310.00,470.00,1951.00,0.00,98115.00,47.70,-122.29,1780.00,6120.00
1337300070.00,20140924T000000,1315000.00,4.00,2.25,3180.00,6105.00,2.00,0.00,0.00,3.00,10.00,3180.00,0.00,1905.00,0.00,98112.00,47.63,-122.31,3180.00,6029.00
9290900160.00,20140911T000000,1430000.00,4.00,2.50,3380.00,27589.00,2.00,0.00,0.00,3.00,10.00,3380.00,0.00,1966.00,0.00,98004.00,47.63,-122.23,3390.00,20075.00
2251500270.00,20150413T000000,700000.00,4.00,2.25,2690.00,15000.00,2.00,0.00,0.00,3.00,9.00,1890.00,800.00,1978.00,0.00,98074.00,47.61,-122.06,2670.00,15030.00
414100295.00,20140623T000000,275000.00,2.00,1.00,1180.00,6552.00,1.00,0.00,0.00,4.00,6.00,1180.00,0.00,1949.00,0.00,98133.00,47.75,-122.34,1070.00,7200.00
1771110640.00,20140624T000000,367500.00,3.00,1.00,1660.00,11783.00,1.00,0.00,0.00,4.00,7.00,1160.00,500.00,1978.00,0.00,98077.00,47.76,-122.08,1320.00,10541.00
808300550.00,20150505T000000,453250.00,4.00,2.50,2260.00,6300.00,2.00,0.00,0.00,3.00,7.00,2260.00,0.00,2001.00,0.00,98019.00,47.72,-121.96,2300.00,6300.00
4322500055.00,20150417T000000,607000.00,5.00,1.75,1910.00,5428.00,1.00,0.00,0.00,3.00,8.00,1390.00,520.00,1954.00,0.00,98136.00,47.53,-122.39,1820.00,5900.00
3810000565.00,20140702T000000,255000.00,4.00,2.00,2430.00,8960.00,1.00,0.00,0.00,3.00,7.00,1430.00,1000.00,1960.00,0.00,98178.00,47.50,-122.23,2430.00,8960.00
461002025.00,20150501T000000,501000.00,2.00,2.00,1300.00,2500.00,1.00,0.00,0.00,4.00,7.00,770.00,530.00,1926.00,0.00,98117.00,47.68,-122.37,1160.00,5000.00
8559900140.00,20150331T000000,450000.00,3.00,1.00,1060.00,4650.00,1.00,0.00,0.00,3.00,7.00,910.00,150.00,1950.00,0.00,98116.00,47.58,-122.39,1480.00,4750.00
8899210320.00,20140820T000000,360000.00,3.00,2.25,2200.00,8000.00,2.00,0.00,0.00,3.00,8.00,2200.00,0.00,1981.00,0.00,98055.00,47.45,-122.21,2170.00,8000.00
952002765.00,20141114T000000,460000.00,4.00,1.75,1720.00,3050.00,1.50,0.00,0.00,5.00,7.00,1040.00,680.00,1929.00,0.00,98116.00,47.57,-122.38,1570.00,6100.00
7101100055.00,20150303T000000,753000.00,3.00,1.75,2360.00,8290.00,1.00,0.00,0.00,4.00,7.00,1180.00,1180.00,1950.00,0.00,98115.00,47.67,-122.28,1880.00,7670.00
3013300510.00,20150506T000000,389950.00,2.00,1.00,820.00,4234.00,1.00,0.00,1.00,3.00,6.00,820.00,0.00,1951.00,0.00,98136.00,47.53,-122.39,1550.00,4236.00
1623300765.00,20140506T000000,469000.00,2.00,1.00,1030.00,4400.00,1.00,0.00,0.00,3.00,7.00,1030.00,0.00,1924.00,0.00,98117.00,47.68,-122.36,1400.00,4200.00
9322800260.00,20140912T000000,550000.00,4.00,1.75,2030.00,5688.00,2.00,0.00,4.00,4.00,9.00,1730.00,300.00,1939.00,0.00,98146.00,47.51,-122.39,2320.00,11107.00
6141600140.00,20140904T000000,565000.00,5.00,3.50,2700.00,11675.00,1.50,0.00,2.00,4.00,6.00,1950.00,750.00,1948.00,0.00,98133.00,47.72,-122.35,2160.00,8114.00
9315300260.00,20140521T000000,189650.00,2.00,1.75,1100.00,7600.00,1.00,0.00,0.00,3.00,6.00,1100.00,0.00,1980.00,0.00,98198.00,47.41,-122.32,1230.00,7350.00
7015200335.00,20140619T000000,1525000.00,4.00,3.25,3620.00,5131.00,2.00,0.00,3.00,4.00,11.00,2350.00,1270.00,1927.00,0.00,98119.00,47.65,-122.37,2550.00,5174.00
1545806510.00,20140820T000000,260000.00,3.00,1.75,1340.00,8000.00,1.00,0.00,0.00,3.00,7.00,1340.00,0.00,1980.00,0.00,98038.00,47.37,-122.04,1690.00,8000.00
8643200055.00,20140601T000000,243000.00,3.00,1.75,1790.00,12000.00,1.00,0.00,0.00,3.00,7.00,1040.00,750.00,1960.00,0.00,98198.00,47.39,-122.31,1840.00,12000.00
7855000550.00,20141201T000000,1100000.00,4.00,2.50,3830.00,13800.00,1.00,0.00,4.00,4.00,9.00,2030.00,1800.00,1969.00,0.00,98006.00,47.57,-122.16,3460.00,9875.00
1313500070.00,20140820T000000,249000.00,3.00,1.50,1580.00,7200.00,1.00,0.00,0.00,4.00,7.00,1080.00,500.00,1976.00,0.00,98092.00,47.28,-122.15,1580.00,7470.00
290000055.00,20140516T000000,720000.00,2.00,1.00,2020.00,7200.00,1.00,0.00,3.00,4.00,7.00,1700.00,320.00,1947.00,0.00,98146.00,47.51,-122.38,2020.00,7200.00
4139460200.00,20150325T000000,905000.00,4.00,2.50,3330.00,9557.00,2.00,0.00,0.00,3.00,10.00,3330.00,0.00,1995.00,0.00,98006.00,47.55,-122.10,3360.00,9755.00
3931900295.00,20150423T000000,824500.00,4.00,2.50,2610.00,3500.00,1.50,0.00,0.00,5.00,7.00,1610.00,1000.00,1927.00,0.00,98115.00,47.68,-122.33,1820.00,3900.00
7365600070.00,20140624T000000,762500.00,4.00,2.75,2610.00,8760.00,1.00,0.00,0.00,4.00,8.00,1760.00,850.00,1978.00,0.00,98040.00,47.59,-122.23,2550.00,10376.00
9274200320.00,20150413T000000,580000.00,3.00,2.50,1740.00,1280.00,3.00,0.00,2.00,3.00,8.00,1740.00,0.00,2008.00,0.00,98116.00,47.59,-122.39,1740.00,1308.00
8856920260.00,20140818T000000,380000.00,3.00,2.00,1840.00,8580.00,1.00,0.00,0.00,3.00,8.00,1840.00,0.00,1990.00,0.00,98058.00,47.46,-122.13,2190.00,8580.00
4083306175.00,20150401T000000,805000.00,3.00,1.75,1080.00,3200.00,1.00,0.00,0.00,4.00,7.00,880.00,200.00,1926.00,0.00,98103.00,47.65,-122.34,1780.00,5200.00
7588700204.00,20140716T000000,520000.00,4.00,1.75,1240.00,4532.00,1.50,0.00,0.00,4.00,7.00,1240.00,0.00,1944.00,0.00,98117.00,47.69,-122.38,1260.00,4468.00
3271800295.00,20150203T000000,1569500.00,5.00,4.50,5620.00,5800.00,3.00,0.00,3.00,3.00,11.00,4700.00,920.00,1999.00,0.00,98199.00,47.65,-122.41,2360.00,5800.00
6052400575.00,20140514T000000,175000.00,2.00,1.00,1170.00,8925.00,1.00,0.00,2.00,3.00,6.00,1170.00,0.00,1911.00,0.00,98198.00,47.40,-122.32,1380.00,7440.00
7861300140.00,20140616T000000,353500.00,4.00,2.25,1760.00,9602.00,2.00,0.00,0.00,3.00,7.00,1760.00,0.00,1987.00,0.00,98058.00,47.42,-122.16,1860.00,9656.00
6117501176.00,20150102T000000,500000.00,4.00,2.50,2230.00,26989.00,1.00,0.00,1.00,4.00,8.00,1400.00,830.00,1962.00,0.00,98166.00,47.43,-122.35,2570.00,17702.00
2592400140.00,20150211T000000,386500.00,3.00,1.75,1520.00,7350.00,1.00,0.00,0.00,4.00,7.00,1140.00,380.00,1972.00,0.00,98034.00,47.72,-122.17,1380.00,7350.00
7135300046.00,20140716T000000,210000.00,2.00,1.00,1450.00,4750.00,1.00,0.00,0.00,3.00,7.00,850.00,600.00,1950.00,0.00,98118.00,47.53,-122.27,1190.00,5000.00
8665900295.00,20150423T000000,439500.00,3.00,2.50,1600.00,6510.00,1.00,0.00,0.00,3.00,7.00,940.00,660.00,1983.00,0.00,98155.00,47.77,-122.31,1600.00,10507.00
6699000810.00,20140813T000000,315000.00,5.00,2.50,3220.00,5751.00,2.00,0.00,0.00,3.00,8.00,3220.00,0.00,2002.00,0.00,98042.00,47.37,-122.10,2740.00,5500.00
5104510240.00,20140519T000000,339000.00,4.00,2.50,1830.00,8601.00,2.00,0.00,0.00,3.00,7.00,1830.00,0.00,2003.00,0.00,98038.00,47.36,-122.02,1830.00,5184.00
7856700990.00,20140924T000000,655000.00,4.00,2.25,2200.00,9163.00,1.00,0.00,0.00,4.00,8.00,1430.00,770.00,1971.00,0.00,98006.00,47.57,-122.15,2420.00,9163.00
8682300640.00,20140828T000000,740000.00,2.00,2.50,2170.00,8678.00,1.00,0.00,0.00,3.00,8.00,2170.00,0.00,2008.00,0.00,98053.00,47.72,-122.01,2170.00,5890.00
6918700320.00,20150306T000000,685000.00,5.00,2.50,1900.00,7843.00,2.00,0.00,0.00,5.00,7.00,1900.00,0.00,1966.00,0.00,98008.00,47.63,-122.12,1900.00,7350.00
9560700055.00,20150310T000000,550000.00,5.00,2.50,2960.00,9877.00,1.00,0.00,0.00,4.00,7.00,1480.00,1480.00,1960.00,0.00,98005.00,47.59,-122.17,1900.00,9877.00
3013300055.00,20140602T000000,405000.00,2.00,1.75,1710.00,4234.00,2.00,0.00,0.00,3.00,7.00,1330.00,380.00,1920.00,1979.00,98136.00,47.53,-122.39,1530.00,4556.00
9201000320.00,20150416T000000,765000.00,4.00,2.25,2620.00,17366.00,1.00,0.00,3.00,3.00,9.00,1430.00,1190.00,1984.00,0.00,98075.00,47.58,-122.08,2620.00,15335.00
9151600695.00,20150304T000000,625000.00,3.00,2.00,2140.00,3600.00,2.00,0.00,0.00,3.00,8.00,1680.00,460.00,1911.00,1997.00,98116.00,47.58,-122.38,2340.00,5400.00
2143700830.00,20141006T000000,207000.00,4.00,2.50,2100.00,19680.00,1.50,0.00,0.00,3.00,6.00,2100.00,0.00,1914.00,0.00,98055.00,47.48,-122.23,1340.00,12300.00
2143700830.00,20150312T000000,370000.00,4.00,2.50,2100.00,19680.00,1.50,0.00,0.00,3.00,6.00,2100.00,0.00,1914.00,0.00,98055.00,47.48,-122.23,1340.00,12300.00
2591020140.00,20141202T000000,475000.00,3.00,2.50,1460.00,4961.00,1.00,0.00,0.00,4.00,8.00,1150.00,310.00,1988.00,0.00,98033.00,47.70,-122.18,1550.00,5449.00
6414600262.00,20140829T000000,365000.00,2.00,1.00,990.00,8250.00,1.00,0.00,0.00,3.00,7.00,990.00,0.00,1955.00,0.00,98133.00,47.73,-122.33,1080.00,8168.00
1387301360.00,20141222T000000,411800.00,4.00,2.25,2190.00,6800.00,1.00,0.00,0.00,5.00,7.00,1340.00,850.00,1969.00,0.00,98011.00,47.74,-122.20,1560.00,7611.00
5561400260.00,20140721T000000,668000.00,5.00,3.50,3990.00,42436.00,2.00,0.00,0.00,3.00,9.00,2710.00,1280.00,2002.00,0.00,98027.00,47.46,-122.00,3030.00,41684.00
7942601805.00,20140911T000000,618000.00,3.00,2.50,2340.00,3630.00,2.00,0.00,0.00,3.00,9.00,2340.00,0.00,1998.00,0.00,98122.00,47.61,-122.31,1820.00,5120.00
1887500045.00,20141226T000000,247500.00,4.00,2.00,2460.00,5921.00,1.00,0.00,0.00,4.00,7.00,1230.00,1230.00,1948.00,0.00,98002.00,47.31,-122.21,1260.00,6648.00
5505700055.00,20140730T000000,345000.00,5.00,3.00,2080.00,6150.00,1.00,0.00,0.00,3.00,7.00,1040.00,1040.00,1950.00,0.00,98116.00,47.57,-122.39,1420.00,6150.00
3886902505.00,20150311T000000,616300.00,3.00,2.00,1700.00,8400.00,2.00,0.00,2.00,3.00,7.00,1700.00,0.00,1927.00,0.00,98033.00,47.68,-122.19,1820.00,9000.00
6703100135.00,20150116T000000,348000.00,3.00,1.50,1330.00,6768.00,1.00,0.00,0.00,4.00,7.00,1330.00,0.00,1952.00,0.00,98155.00,47.74,-122.32,1320.00,6910.00
1552520070.00,20141202T000000,425000.00,3.00,2.50,1630.00,10762.00,1.00,0.00,0.00,3.00,7.00,1630.00,0.00,1994.00,0.00,98011.00,47.75,-122.18,1770.00,10762.00
8163300320.00,20140614T000000,850000.00,5.00,2.75,2920.00,11880.00,1.00,0.00,0.00,5.00,8.00,1660.00,1260.00,1968.00,0.00,98027.00,47.51,-122.03,3910.00,14491.00
1853081000.00,20140717T000000,820000.00,5.00,2.75,2830.00,6137.00,2.00,0.00,0.00,3.00,9.00,2830.00,0.00,2010.00,0.00,98074.00,47.59,-122.06,3170.00,6285.00
4403600240.00,20150113T000000,832000.00,4.00,2.25,3190.00,52953.00,2.00,0.00,0.00,4.00,10.00,3190.00,0.00,1980.00,0.00,98075.00,47.59,-122.08,3190.00,51400.00
3885803625.00,20141203T000000,835000.00,3.00,1.75,1490.00,3840.00,2.00,0.00,0.00,3.00,8.00,1490.00,0.00,1984.00,2014.00,98033.00,47.69,-122.21,3450.00,8500.00
869700370.00,20150410T000000,350000.00,3.00,2.50,1630.00,3425.00,2.00,0.00,0.00,3.00,8.00,1630.00,0.00,1999.00,0.00,98059.00,47.49,-122.15,1420.00,3425.00
4307301160.00,20140722T000000,349000.00,4.00,2.50,2280.00,4096.00,2.00,0.00,0.00,3.00,7.00,2280.00,0.00,2003.00,0.00,98056.00,47.48,-122.18,2280.00,3600.00
2402100575.00,20140613T000000,1125000.00,6.00,3.75,3010.00,4360.00,2.00,0.00,0.00,3.00,9.00,2000.00,1010.00,2014.00,0.00,98103.00,47.69,-122.33,1600.00,5160.00
4307350990.00,20150309T000000,320000.00,3.00,2.50,1590.00,3480.00,2.00,0.00,0.00,3.00,7.00,1590.00,0.00,2004.00,0.00,98056.00,47.48,-122.18,1680.00,3480.00
2873000260.00,20150305T000000,150000.00,3.00,1.00,1250.00,7210.00,1.00,0.00,0.00,4.00,7.00,1250.00,0.00,1968.00,0.00,98031.00,47.42,-122.17,1010.00,7210.00
795001600.00,20141125T000000,340000.00,3.00,1.00,1710.00,10190.00,1.00,0.00,0.00,3.00,6.00,1310.00,400.00,1949.00,0.00,98168.00,47.51,-122.33,1200.00,6251.00
98030140.00,20141013T000000,785500.00,4.00,4.00,3280.00,8448.00,2.00,0.00,0.00,3.00,10.00,3280.00,0.00,2007.00,0.00,98075.00,47.58,-121.97,3730.00,8030.00
5409800140.00,20150217T000000,410500.00,4.00,2.50,3362.00,8601.00,2.00,0.00,0.00,3.00,8.00,3362.00,0.00,2004.00,0.00,98003.00,47.26,-122.30,2770.00,8601.00
9253900354.00,20140701T000000,580000.00,3.00,2.50,2200.00,11000.00,2.00,0.00,2.00,3.00,9.00,2200.00,0.00,1978.00,0.00,98008.00,47.59,-122.11,2200.00,12851.00
3319500922.00,20150421T000000,345000.00,2.00,1.50,830.00,920.00,2.00,0.00,0.00,3.00,7.00,830.00,0.00,2005.00,0.00,98144.00,47.60,-122.31,830.00,1200.00
3404700041.00,20140929T000000,550000.00,3.00,2.25,2160.00,37000.00,1.50,0.00,0.00,4.00,7.00,1760.00,400.00,1933.00,0.00,98052.00,47.73,-122.14,2540.00,37000.00
2314300200.00,20141021T000000,449500.00,4.00,3.00,2580.00,7299.00,2.00,0.00,0.00,3.00,8.00,2580.00,0.00,1998.00,0.00,98058.00,47.46,-122.15,2250.00,6165.00
9265700045.00,20140624T000000,300000.00,3.00,1.00,2150.00,7007.00,1.00,0.00,0.00,3.00,6.00,2150.00,0.00,1954.00,0.00,98177.00,47.76,-122.36,1720.00,9000.00
3528000260.00,20141111T000000,915000.00,4.00,2.50,3510.00,28052.00,2.00,0.00,0.00,3.00,10.00,3510.00,0.00,1988.00,0.00,98053.00,47.67,-122.06,2890.00,28295.00
3066120030.00,20150127T000000,1575000.00,4.00,3.75,3810.00,9916.00,2.00,0.00,0.00,3.00,11.00,3810.00,0.00,1989.00,0.00,98040.00,47.57,-122.23,3040.00,11250.00
4278900055.00,20140528T000000,599000.00,4.00,2.75,2020.00,2750.00,1.00,0.00,0.00,3.00,8.00,1010.00,1010.00,1917.00,2014.00,98122.00,47.61,-122.29,1840.00,4000.00
9512000140.00,20140505T000000,755000.00,4.00,2.50,2120.00,10202.00,1.00,0.00,0.00,4.00,7.00,1620.00,500.00,1960.00,0.00,98005.00,47.59,-122.17,1570.00,10762.00
6381500505.00,20150402T000000,400000.00,3.00,1.00,1250.00,7157.00,1.00,0.00,0.00,3.00,7.00,1250.00,0.00,1944.00,2010.00,98125.00,47.73,-122.30,1300.00,6796.00
1697000400.00,20150330T000000,133000.00,3.00,1.00,980.00,9115.00,1.00,0.00,0.00,3.00,7.00,980.00,0.00,1968.00,0.00,98198.00,47.37,-122.31,1470.00,8716.00
2548100140.00,20150116T000000,330000.00,4.00,1.50,1250.00,8400.00,1.00,0.00,0.00,3.00,7.00,960.00,290.00,1951.00,0.00,98155.00,47.75,-122.32,1560.00,8400.00
7225000140.00,20150218T000000,330000.00,4.00,1.00,1100.00,5000.00,1.50,0.00,0.00,5.00,6.00,1100.00,0.00,1904.00,0.00,98055.00,47.49,-122.20,1560.00,4838.00
2126049032.00,20140905T000000,375000.00,3.00,1.75,1330.00,9417.00,1.00,0.00,0.00,5.00,6.00,710.00,620.00,1936.00,0.00,98125.00,47.72,-122.30,1690.00,7937.00
3876300890.00,20141211T000000,485000.00,4.00,2.75,2560.00,8956.00,1.00,0.00,0.00,4.00,7.00,1500.00,1060.00,1968.00,0.00,98034.00,47.73,-122.18,2280.00,9234.00
7715800710.00,20140722T000000,470000.00,4.00,2.50,1850.00,11250.00,1.50,0.00,0.00,3.00,7.00,1210.00,640.00,1981.00,0.00,98074.00,47.63,-122.06,1650.00,7623.00
2397101200.00,20141221T000000,1045000.00,4.00,3.00,2790.00,3600.00,2.00,0.00,0.00,3.00,8.00,1880.00,910.00,1905.00,2013.00,98119.00,47.64,-122.36,1360.00,3600.00
5100401160.00,20140707T000000,548800.00,4.00,1.00,1660.00,4704.00,1.50,0.00,0.00,3.00,7.00,1260.00,400.00,1930.00,0.00,98115.00,47.69,-122.32,1360.00,5413.00
2741100800.00,20140708T000000,315000.00,2.00,1.00,1080.00,2674.00,1.00,0.00,0.00,4.00,6.00,720.00,360.00,1919.00,0.00,98108.00,47.56,-122.32,1250.00,5000.00
34001160.00,20140919T000000,590000.00,3.00,2.00,3030.00,9374.00,1.00,0.00,1.00,4.00,7.00,2100.00,930.00,1959.00,0.00,98136.00,47.53,-122.39,1990.00,6012.00
5637200200.00,20140523T000000,439950.00,4.00,2.50,2380.00,12067.00,2.00,0.00,0.00,3.00,7.00,2380.00,0.00,2002.00,0.00,98059.00,47.49,-122.14,2330.00,8621.00
3410600335.00,20140603T000000,325000.00,3.00,1.75,2250.00,26337.00,1.00,0.00,0.00,3.00,8.00,2250.00,0.00,1980.00,0.00,98092.00,47.30,-122.12,1830.00,26337.00
8024201370.00,20141208T000000,400000.00,2.00,1.00,880.00,5111.00,1.00,0.00,0.00,3.00,6.00,880.00,0.00,1931.00,0.00,98115.00,47.70,-122.31,1370.00,5111.00
3066410800.00,20141211T000000,685000.00,4.00,2.50,2770.00,10051.00,2.00,0.00,0.00,3.00,10.00,2770.00,0.00,1987.00,0.00,98074.00,47.63,-122.04,2730.00,10675.00
5306100240.00,20140918T000000,339950.00,3.00,2.00,1340.00,10200.00,1.50,0.00,0.00,3.00,7.00,1340.00,0.00,1953.00,0.00,98133.00,47.78,-122.35,1420.00,10200.00
9334800140.00,20141023T000000,315000.00,3.00,1.75,1660.00,8160.00,1.00,0.00,0.00,4.00,7.00,1660.00,0.00,1951.00,0.00,98166.00,47.46,-122.36,1490.00,8100.00
7203101260.00,20150211T000000,411753.00,3.00,2.50,1710.00,3795.00,2.00,0.00,0.00,3.00,7.00,1710.00,0.00,2009.00,0.00,98053.00,47.70,-122.02,1600.00,3821.00
7577700070.00,20140828T000000,577000.00,2.00,1.75,1620.00,4879.00,1.00,0.00,0.00,3.00,7.00,1040.00,580.00,1924.00,2011.00,98116.00,47.57,-122.39,1500.00,5000.00
6072100140.00,20141017T000000,500000.00,3.00,1.75,1530.00,8829.00,1.00,0.00,0.00,5.00,8.00,1530.00,0.00,1972.00,0.00,98006.00,47.55,-122.17,2060.00,9226.00
3874000240.00,20141202T000000,210000.00,3.00,2.00,1440.00,10111.00,1.00,0.00,0.00,3.00,7.00,1440.00,0.00,1963.00,0.00,98001.00,47.35,-122.28,1580.00,10200.00
6151800135.00,20140827T000000,640000.00,4.00,1.75,2020.00,16120.00,1.00,0.00,0.00,3.00,7.00,2020.00,0.00,1969.00,0.00,98010.00,47.34,-122.05,1940.00,16350.00
1826049225.00,20150417T000000,460000.00,4.00,1.75,1870.00,8663.00,1.00,0.00,0.00,5.00,7.00,1870.00,0.00,1949.00,0.00,98133.00,47.74,-122.35,1560.00,7800.00
8150100240.00,20150218T000000,265000.00,2.00,1.00,620.00,4760.00,1.00,0.00,0.00,3.00,6.00,620.00,0.00,1941.00,0.00,98126.00,47.53,-122.38,620.00,4760.00
5152960710.00,20140514T000000,740000.00,5.00,5.00,5774.00,31675.00,1.00,0.00,2.00,3.00,11.00,4490.00,1284.00,1984.00,0.00,98003.00,47.35,-122.32,3260.00,13200.00
4027701275.00,20140718T000000,230000.00,3.00,1.00,1240.00,6195.00,1.00,0.00,0.00,3.00,6.00,1240.00,0.00,1948.00,0.00,98028.00,47.77,-122.27,1760.00,11080.00
1545807990.00,20150217T000000,315000.00,3.00,1.75,1890.00,10661.00,1.00,0.00,0.00,5.00,7.00,1460.00,430.00,1978.00,0.00,98038.00,47.36,-122.06,1680.00,9604.00
1726069179.00,20141223T000000,432000.00,3.00,1.75,2410.00,51763.00,1.00,0.00,0.00,4.00,8.00,1410.00,1000.00,1981.00,0.00,98077.00,47.74,-122.06,2410.00,49207.00
3905100070.00,20150203T000000,467000.00,3.00,2.50,1530.00,3984.00,2.00,0.00,0.00,3.00,8.00,1530.00,0.00,1995.00,0.00,98029.00,47.57,-122.01,1720.00,4005.00
7316400070.00,20140925T000000,255000.00,5.00,3.75,2800.00,9900.00,1.00,0.00,0.00,3.00,7.00,2800.00,0.00,1964.00,0.00,98023.00,47.32,-122.34,1700.00,13200.00
2113700335.00,20150408T000000,316500.00,3.00,1.75,1460.00,6360.00,1.00,0.00,2.00,3.00,7.00,1010.00,450.00,1979.00,0.00,98106.00,47.53,-122.35,1400.00,4240.00
3972900160.00,20150403T000000,190000.00,4.00,2.00,1580.00,6250.00,1.00,0.00,0.00,3.00,7.00,860.00,720.00,1977.00,0.00,98155.00,47.77,-122.31,1580.00,6250.00
2767603215.00,20140516T000000,490000.00,3.00,2.00,1450.00,2400.00,1.50,0.00,0.00,3.00,8.00,1450.00,0.00,1900.00,2003.00,98107.00,47.67,-122.38,1450.00,4275.00
3664500041.00,20150417T000000,378000.00,4.00,1.75,1990.00,23200.00,1.00,0.00,0.00,4.00,7.00,1990.00,0.00,1976.00,0.00,98059.00,47.49,-122.13,1950.00,17040.00
5379804150.00,20150211T000000,598800.00,6.00,4.00,4470.00,17877.00,3.00,0.00,3.00,3.00,9.00,3230.00,1240.00,2013.00,0.00,98188.00,47.45,-122.27,1790.00,18260.00
9188200570.00,20140902T000000,333800.00,5.00,3.00,1980.00,3868.00,1.00,0.00,0.00,3.00,7.00,1220.00,760.00,1990.00,0.00,98118.00,47.52,-122.28,1970.00,3868.00
3905010140.00,20140529T000000,690000.00,4.00,2.50,2920.00,9904.00,2.00,0.00,0.00,4.00,9.00,2920.00,0.00,1990.00,0.00,98029.00,47.58,-122.00,1810.00,5617.00
5141000685.00,20141021T000000,320000.00,4.00,1.75,1660.00,6200.00,1.00,0.00,0.00,4.00,6.00,830.00,830.00,1948.00,0.00,98108.00,47.56,-122.32,1780.00,5968.00
6738700320.00,20150414T000000,1249000.00,4.00,3.50,3190.00,6000.00,1.50,0.00,3.00,4.00,9.00,2410.00,780.00,1912.00,0.00,98144.00,47.58,-122.29,2840.00,4000.00
1246700152.00,20140721T000000,335000.00,3.00,1.50,1560.00,9600.00,1.00,0.00,0.00,4.00,7.00,1560.00,0.00,1961.00,0.00,98033.00,47.69,-122.16,1520.00,10000.00
2926069062.00,20140811T000000,840000.00,3.00,2.50,3050.00,33920.00,1.00,0.00,0.00,3.00,8.00,3050.00,0.00,2004.00,0.00,98052.00,47.70,-122.07,1970.00,60984.00
6114400136.00,20140714T000000,608250.00,4.00,2.75,3030.00,21780.00,2.00,0.00,0.00,3.00,8.00,3030.00,0.00,1986.00,0.00,98166.00,47.45,-122.34,3020.00,28027.00
6127010800.00,20140609T000000,550000.00,3.00,2.50,2260.00,4165.00,2.00,0.00,0.00,3.00,7.00,2260.00,0.00,2005.00,0.00,98075.00,47.59,-122.01,2770.00,4566.00
4222000320.00,20150422T000000,240000.00,3.00,1.00,1260.00,7920.00,1.00,0.00,0.00,3.00,7.00,1260.00,0.00,1966.00,0.00,98003.00,47.35,-122.31,1300.00,7920.00
2600010070.00,20150414T000000,998000.00,3.00,2.25,3370.00,11757.00,2.00,0.00,2.00,4.00,9.00,3370.00,0.00,1980.00,0.00,98006.00,47.56,-122.16,2690.00,10500.00
3826500570.00,20140829T000000,275000.00,3.00,1.75,1490.00,8000.00,1.00,0.00,0.00,3.00,8.00,1490.00,0.00,1978.00,0.00,98030.00,47.38,-122.17,1740.00,8165.00
8159620160.00,20150424T000000,284200.00,3.00,2.50,1570.00,9292.00,1.00,0.00,0.00,3.00,7.00,1110.00,460.00,1977.00,0.00,98001.00,47.34,-122.27,1470.00,9222.00
1118001805.00,20140724T000000,1715000.00,4.00,3.75,4490.00,7623.00,2.00,0.00,0.00,4.00,10.00,3090.00,1400.00,1941.00,0.00,98112.00,47.63,-122.29,3760.00,7653.00
3398800055.00,20141119T000000,2400000.00,4.00,3.75,4090.00,24825.00,2.00,0.00,0.00,4.00,11.00,3400.00,690.00,1926.00,0.00,98102.00,47.63,-122.32,3910.00,11500.00
3528000510.00,20140905T000000,930800.00,5.00,2.50,4150.00,96574.00,2.00,0.00,0.00,3.00,10.00,4150.00,0.00,1988.00,0.00,98053.00,47.67,-122.05,3320.00,40803.00
627300105.00,20140729T000000,930000.00,4.00,3.00,2900.00,10400.00,1.00,0.00,3.00,5.00,8.00,1530.00,1370.00,1959.00,0.00,98008.00,47.59,-122.11,2820.00,10400.00
3279000070.00,20140828T000000,215000.00,4.00,1.50,1430.00,8775.00,1.00,0.00,0.00,3.00,7.00,1030.00,400.00,1979.00,0.00,98023.00,47.30,-122.38,1390.00,7800.00
1922039062.00,20150420T000000,480000.00,2.00,1.50,1008.00,26487.00,1.00,1.00,4.00,4.00,6.00,1008.00,0.00,1943.00,2002.00,98070.00,47.39,-122.48,1132.00,24079.00
312000135.00,20140520T000000,483945.00,2.00,1.75,1480.00,5120.00,1.00,0.00,0.00,4.00,6.00,840.00,640.00,1951.00,0.00,98116.00,47.56,-122.39,1090.00,5120.00
6054650510.00,20140609T000000,347000.00,3.00,1.75,1240.00,8050.00,1.00,0.00,0.00,4.00,7.00,1240.00,0.00,1978.00,0.00,98074.00,47.61,-122.04,1370.00,9856.00
3279000240.00,20150330T000000,232500.00,3.00,2.00,1370.00,9760.00,1.00,0.00,0.00,4.00,7.00,1110.00,260.00,1979.00,0.00,98023.00,47.30,-122.38,1640.00,9040.00
1402000070.00,20140520T000000,390000.00,4.00,2.25,1770.00,33132.00,1.00,0.00,0.00,4.00,8.00,1190.00,580.00,1965.00,0.00,98058.00,47.44,-122.15,2490.00,20000.00
1562200240.00,20140918T000000,550000.00,3.00,2.25,2160.00,15360.00,1.00,0.00,0.00,3.00,8.00,1410.00,750.00,1965.00,2000.00,98007.00,47.62,-122.14,2180.00,8480.00
3904921070.00,20140812T000000,590000.00,4.00,2.50,2340.00,8971.00,2.00,0.00,0.00,3.00,9.00,2340.00,0.00,1987.00,0.00,98029.00,47.57,-122.01,2510.00,9219.00
4045500510.00,20140521T000000,420850.00,1.00,1.00,960.00,40946.00,1.00,0.00,0.00,5.00,5.00,960.00,0.00,1945.00,0.00,98014.00,47.70,-121.86,1320.00,20350.00
8849300160.00,20150205T000000,345000.00,4.00,2.50,2280.00,8190.00,1.00,0.00,3.00,3.00,7.00,1390.00,890.00,1983.00,0.00,98188.00,47.44,-122.27,1990.00,9000.00
4123810140.00,20150227T000000,429800.00,3.00,2.00,1970.00,7000.00,1.00,0.00,0.00,3.00,8.00,1970.00,0.00,1986.00,0.00,98038.00,47.37,-122.04,1970.00,7365.00
2473251170.00,20140626T000000,302000.00,4.00,1.75,1530.00,17664.00,1.50,0.00,0.00,3.00,7.00,1530.00,0.00,1968.00,0.00,98058.00,47.45,-122.16,1530.00,11625.00
6430500186.00,20141104T000000,800000.00,4.00,1.50,1790.00,3952.00,1.50,0.00,0.00,4.00,8.00,1790.00,0.00,1932.00,0.00,98103.00,47.69,-122.35,1200.00,3876.00
4136950140.00,20141215T000000,250000.00,3.00,2.50,1700.00,6000.00,2.00,0.00,0.00,3.00,8.00,1700.00,0.00,1997.00,0.00,98092.00,47.26,-122.22,1940.00,6626.00
1370802650.00,20140729T000000,605000.00,3.00,2.00,2660.00,4500.00,1.00,0.00,0.00,4.00,7.00,1330.00,1330.00,1922.00,0.00,98199.00,47.64,-122.40,1790.00,5000.00
1721069036.00,20140529T000000,412000.00,3.00,1.75,1950.00,52256.00,1.00,0.00,0.00,4.00,8.00,1950.00,0.00,1985.00,0.00,98042.00,47.31,-122.08,2450.00,51836.00
8637100370.00,20141112T000000,252000.00,3.00,2.00,1340.00,5670.00,2.00,0.00,0.00,3.00,6.00,1340.00,0.00,1994.00,0.00,98055.00,47.45,-122.19,1290.00,4892.00
8952900260.00,20140919T000000,375000.00,3.00,1.00,1130.00,12500.00,1.50,0.00,0.00,3.00,7.00,1130.00,0.00,1954.00,0.00,98118.00,47.55,-122.27,2280.00,8750.00
1972202080.00,20140710T000000,725000.00,2.00,1.75,1950.00,2719.00,1.00,0.00,0.00,5.00,7.00,1010.00,940.00,1919.00,0.00,98103.00,47.65,-122.35,1360.00,1256.00
9476200350.00,20141013T000000,471750.00,5.00,3.50,3790.00,8200.00,1.00,0.00,1.00,3.00,8.00,2120.00,1670.00,2001.00,0.00,98056.00,47.49,-122.19,1740.00,8676.00
1523069204.00,20141208T000000,490000.00,4.00,2.25,2020.00,85813.00,2.00,0.00,0.00,3.00,7.00,2020.00,0.00,1995.00,0.00,98027.00,47.48,-122.03,2120.00,85813.00
2856100125.00,20141001T000000,439000.00,2.00,1.00,800.00,5100.00,1.00,0.00,0.00,3.00,7.00,800.00,0.00,1945.00,0.00,98117.00,47.68,-122.39,1330.00,5100.00
2968800626.00,20140822T000000,355000.00,4.00,2.00,1770.00,8890.00,1.00,0.00,0.00,5.00,6.00,1770.00,0.00,1949.00,0.00,98166.00,47.46,-122.35,1010.00,7620.00
2129700320.00,20150505T000000,250000.00,1.00,0.75,940.00,87120.00,1.00,0.00,0.00,3.00,6.00,940.00,0.00,1944.00,0.00,98019.00,47.72,-121.96,1930.00,165528.00
8965500320.00,20150326T000000,780000.00,4.00,2.25,2260.00,16188.00,1.00,0.00,0.00,3.00,10.00,2260.00,0.00,1984.00,0.00,98006.00,47.56,-122.11,2840.00,10158.00
952005224.00,20141105T000000,409000.00,2.00,1.00,890.00,3271.00,1.00,0.00,0.00,4.00,6.00,890.00,0.00,1918.00,0.00,98116.00,47.56,-122.38,1190.00,5175.00
4443801160.00,20140610T000000,420000.00,2.00,1.00,860.00,3880.00,1.00,0.00,0.00,4.00,6.00,860.00,0.00,1916.00,0.00,98117.00,47.69,-122.39,1230.00,4260.00
5101404170.00,20141113T000000,200000.00,1.00,0.75,680.00,9600.00,1.00,0.00,0.00,3.00,5.00,680.00,0.00,1947.00,0.00,98115.00,47.70,-122.31,1580.00,6624.00
1241500350.00,20150105T000000,830000.00,2.00,1.50,2130.00,35679.00,1.00,0.00,0.00,4.00,7.00,2130.00,0.00,1963.00,0.00,98033.00,47.66,-122.17,2670.00,35679.00
4379400560.00,20140529T000000,695000.00,3.00,2.50,2390.00,4555.00,2.00,0.00,0.00,3.00,9.00,2390.00,0.00,2006.00,0.00,98074.00,47.62,-122.03,2540.00,4500.00
629810350.00,20140521T000000,815000.00,4.00,2.75,3488.00,9614.00,2.00,0.00,0.00,3.00,10.00,3488.00,0.00,1998.00,0.00,98074.00,47.61,-122.01,3600.00,10891.00
5466400550.00,20141113T000000,210000.00,3.00,1.75,1260.00,6223.00,1.00,0.00,0.00,3.00,7.00,820.00,440.00,1983.00,0.00,98042.00,47.36,-122.16,1260.00,6553.00
3619600132.00,20140915T000000,635000.00,3.00,1.75,2940.00,6000.00,1.00,0.00,2.00,4.00,8.00,1590.00,1350.00,1957.00,0.00,98177.00,47.72,-122.37,2880.00,8100.00
4113800550.00,20140721T000000,562500.00,4.00,2.50,2440.00,7322.00,2.00,0.00,0.00,3.00,9.00,2440.00,0.00,1991.00,0.00,98056.00,47.54,-122.18,2590.00,9927.00
7298020240.00,20140509T000000,402500.00,4.00,2.50,2600.00,11951.00,2.00,0.00,0.00,3.00,10.00,2600.00,0.00,1988.00,0.00,98023.00,47.31,-122.34,2820.00,12093.00
434000030.00,20141219T000000,555000.00,3.00,2.00,2080.00,7020.00,1.00,0.00,0.00,4.00,7.00,1040.00,1040.00,1951.00,0.00,98115.00,47.68,-122.29,1920.00,7000.00
1138000830.00,20140909T000000,310000.00,3.00,1.00,1990.00,7173.00,1.00,0.00,0.00,3.00,7.00,1990.00,0.00,1972.00,0.00,98034.00,47.71,-122.21,1320.00,7245.00
8568000070.00,20140905T000000,500000.00,4.00,2.50,2840.00,18001.00,2.00,0.00,0.00,3.00,9.00,2840.00,0.00,1994.00,0.00,98019.00,47.74,-121.96,2500.00,18001.00
8822901200.00,20140723T000000,430000.00,6.00,3.00,2630.00,8800.00,1.00,0.00,0.00,3.00,7.00,1610.00,1020.00,1959.00,0.00,98125.00,47.72,-122.29,1220.00,1173.00
1118002090.00,20140628T000000,1600000.00,3.00,4.25,2820.00,7200.00,2.00,0.00,0.00,4.00,10.00,2460.00,360.00,1930.00,0.00,98112.00,47.63,-122.29,3300.00,7522.00
3856901525.00,20141001T000000,627500.00,4.00,1.00,1560.00,4080.00,1.50,0.00,0.00,3.00,7.00,1560.00,0.00,1923.00,0.00,98103.00,47.67,-122.33,1890.00,4080.00
1180500070.00,20141124T000000,335000.00,4.00,2.50,2330.00,7050.00,2.00,0.00,0.00,3.00,8.00,2330.00,0.00,1998.00,0.00,98178.00,47.50,-122.23,1810.00,5424.00
7856560320.00,20150317T000000,962000.00,4.00,2.25,3320.00,20100.00,1.00,0.00,0.00,4.00,8.00,1810.00,1510.00,1981.00,0.00,98006.00,47.56,-122.15,2450.00,9821.00
5103900045.00,20140725T000000,299000.00,3.00,1.75,1730.00,14270.00,1.00,0.00,0.00,3.00,7.00,1730.00,0.00,1959.00,0.00,98065.00,47.53,-121.83,1600.00,11232.00
8562890370.00,20150414T000000,399950.00,4.00,2.50,3110.00,5868.00,2.00,0.00,0.00,3.00,8.00,3110.00,0.00,2001.00,0.00,98042.00,47.38,-122.13,2950.00,5924.00
8807600340.00,20150325T000000,322000.00,3.00,1.00,1230.00,9660.00,1.00,0.00,0.00,3.00,7.00,1230.00,0.00,1968.00,0.00,98053.00,47.68,-122.06,1380.00,10125.00
993002325.00,20140623T000000,430000.00,2.00,1.50,950.00,4625.00,1.00,0.00,0.00,4.00,7.00,950.00,0.00,1949.00,0.00,98103.00,47.69,-122.34,1440.00,4625.00
1022059082.00,20140508T000000,307000.00,3.00,1.75,1890.00,13860.00,1.00,0.00,0.00,5.00,7.00,1890.00,0.00,1966.00,0.00,98042.00,47.42,-122.15,1500.00,14536.00
179000350.00,20141105T000000,194000.00,3.00,1.50,1010.00,5000.00,1.00,0.00,0.00,3.00,6.00,1010.00,0.00,1943.00,0.00,98178.00,47.49,-122.28,980.00,5000.00
3915500045.00,20141114T000000,180000.00,3.00,1.00,1010.00,8581.00,1.00,0.00,0.00,4.00,6.00,1010.00,0.00,1920.00,0.00,98002.00,47.30,-122.22,1060.00,10354.00
3578400030.00,20140718T000000,465000.00,4.00,2.25,2340.00,13383.00,1.00,0.00,0.00,3.00,8.00,1170.00,1170.00,1983.00,0.00,98074.00,47.62,-122.04,1810.00,12532.00
9346700320.00,20150323T000000,722500.00,4.00,2.50,2460.00,9296.00,2.00,0.00,0.00,3.00,9.00,2460.00,0.00,1978.00,0.00,98007.00,47.61,-122.15,2730.00,9900.00
3856901715.00,20140924T000000,470450.00,2.00,1.00,1010.00,3400.00,1.00,0.00,0.00,3.00,7.00,1010.00,0.00,1921.00,0.00,98103.00,47.67,-122.33,1800.00,3600.00
8700120520.00,20150127T000000,280000.00,3.00,2.50,1650.00,6000.00,2.00,0.00,0.00,3.00,7.00,1650.00,0.00,1990.00,0.00,98030.00,47.36,-122.19,1750.00,6000.00
7335400400.00,20150410T000000,176250.00,4.00,2.00,1440.00,6702.00,1.00,0.00,0.00,4.00,7.00,1440.00,0.00,1966.00,0.00,98002.00,47.31,-122.22,1030.00,6702.00
4319200505.00,20140617T000000,560000.00,5.00,1.00,1710.00,9100.00,1.50,0.00,0.00,4.00,7.00,1320.00,390.00,1926.00,0.00,98126.00,47.54,-122.38,1880.00,9100.00
1426049083.00,20141022T000000,830000.00,3.00,2.50,2760.00,11287.00,2.00,0.00,3.00,3.00,10.00,2000.00,760.00,1991.00,0.00,98028.00,47.74,-122.26,2760.00,13719.00
7795400046.00,20140611T000000,276900.00,2.00,1.00,1350.00,10096.00,1.00,0.00,2.00,4.00,7.00,1350.00,0.00,1952.00,0.00,98045.00,47.50,-121.78,1280.00,10095.00
1337800045.00,20141001T000000,625000.00,3.00,1.75,1660.00,4800.00,2.00,0.00,0.00,3.00,7.00,1660.00,0.00,1906.00,2014.00,98112.00,47.63,-122.31,1660.00,4800.00
2207500695.00,20150304T000000,1015000.00,4.00,2.50,2960.00,4760.00,2.00,0.00,0.00,3.00,8.00,2160.00,800.00,1900.00,0.00,98102.00,47.64,-122.32,1600.00,4760.00
1112000125.00,20140930T000000,463500.00,1.00,1.00,1090.00,8750.00,1.00,0.00,0.00,4.00,6.00,1090.00,0.00,1924.00,0.00,98118.00,47.54,-122.27,1830.00,5000.00
2472930270.00,20140905T000000,485000.00,3.00,2.50,3110.00,9015.00,2.00,0.00,0.00,3.00,9.00,3110.00,0.00,1990.00,0.00,98058.00,47.44,-122.15,2650.00,8960.00
5651500140.00,20140617T000000,272000.00,3.00,2.00,1380.00,7476.00,1.00,0.00,0.00,3.00,7.00,1380.00,0.00,1989.00,0.00,98001.00,47.33,-122.27,1600.00,7227.00
7203102080.00,20141217T000000,305000.00,2.00,1.00,1290.00,3140.00,2.00,0.00,0.00,3.00,7.00,1290.00,0.00,2008.00,0.00,98053.00,47.70,-122.03,1290.00,2628.00
3626500045.00,20140626T000000,760000.00,3.00,2.50,1980.00,13964.00,1.00,0.00,0.00,5.00,7.00,1980.00,0.00,1959.00,0.00,98040.00,47.57,-122.23,2040.00,13964.00
3226049117.00,20150213T000000,387500.00,2.00,1.00,870.00,6126.00,1.00,0.00,0.00,4.00,7.00,870.00,0.00,1938.00,0.00,98125.00,47.70,-122.32,1620.00,6126.00
6699940140.00,20140908T000000,352000.00,4.00,2.50,2470.00,5015.00,2.00,0.00,0.00,3.00,8.00,2470.00,0.00,2004.00,0.00,98038.00,47.35,-122.04,2470.00,5100.00
7702600160.00,20140709T000000,507000.00,3.00,1.75,2140.00,40098.00,1.00,0.00,0.00,5.00,8.00,1490.00,650.00,1950.00,0.00,98058.00,47.43,-122.11,2220.00,35371.00
5379804730.00,20140718T000000,156000.00,3.00,1.00,770.00,9750.00,1.00,0.00,0.00,3.00,6.00,770.00,0.00,1941.00,0.00,98188.00,47.45,-122.28,1560.00,10707.00
3383900058.00,20141118T000000,580000.00,3.00,3.25,1490.00,857.00,3.00,0.00,0.00,3.00,8.00,1220.00,270.00,2001.00,0.00,98102.00,47.64,-122.32,1550.00,1092.00
629600030.00,20140714T000000,630000.00,4.00,2.50,2510.00,35020.00,1.00,0.00,0.00,4.00,8.00,1610.00,900.00,1977.00,0.00,98075.00,47.58,-122.00,2080.00,34398.00
1823049171.00,20141218T000000,275000.00,5.00,1.50,1950.00,9000.00,1.00,0.00,0.00,3.00,7.00,1130.00,820.00,1964.00,0.00,98146.00,47.49,-122.34,1680.00,9526.00
3760500516.00,20140724T000000,835000.00,5.00,4.00,3600.00,14720.00,1.00,0.00,2.00,5.00,8.00,1800.00,1800.00,1960.00,0.00,98034.00,47.70,-122.23,3600.00,15358.00
2641400160.00,20141205T000000,340000.00,4.00,2.50,2380.00,7850.00,2.00,0.00,0.00,3.00,8.00,2380.00,0.00,1995.00,0.00,98055.00,47.44,-122.20,1940.00,7334.00
534000075.00,20140506T000000,329350.00,2.00,1.00,720.00,6687.00,1.00,0.00,0.00,3.00,6.00,720.00,0.00,1942.00,0.00,98117.00,47.70,-122.36,840.00,6687.00
3892500070.00,20140728T000000,1480000.00,3.00,3.50,4070.00,26000.00,2.00,0.00,0.00,3.00,11.00,4070.00,0.00,1991.00,0.00,98033.00,47.66,-122.17,3770.00,26000.00
224069084.00,20150325T000000,475000.00,3.00,1.00,1250.00,150117.00,1.00,0.00,0.00,3.00,7.00,1250.00,0.00,1975.00,0.00,98075.00,47.60,-122.01,3060.00,50055.00
2767600400.00,20141118T000000,719950.00,3.00,2.25,2190.00,2416.00,3.00,0.00,0.00,3.00,8.00,2190.00,0.00,2014.00,0.00,98117.00,47.68,-122.38,1510.00,3615.00
5347200160.00,20140512T000000,235000.00,1.00,1.00,810.00,2451.00,1.00,0.00,0.00,5.00,7.00,810.00,0.00,1941.00,0.00,98126.00,47.52,-122.38,980.00,1198.00
9553200125.00,20150331T000000,875000.00,3.00,1.50,2440.00,5750.00,1.00,0.00,0.00,3.00,8.00,1320.00,1120.00,1939.00,0.00,98115.00,47.70,-122.30,2160.00,6820.00
5379804888.00,20150421T000000,380000.00,4.00,1.75,1740.00,9150.00,1.00,0.00,0.00,3.00,7.00,1740.00,0.00,1974.00,0.00,98188.00,47.45,-122.28,1540.00,9147.00
421079105.00,20150309T000000,325000.00,3.00,2.25,1480.00,97138.00,1.50,0.00,0.00,3.00,7.00,1480.00,0.00,1984.00,0.00,98010.00,47.33,-121.93,1730.00,176418.00
4215250030.00,20140819T000000,475000.00,4.00,2.50,2120.00,57050.00,2.00,0.00,0.00,3.00,9.00,2120.00,0.00,1989.00,0.00,98072.00,47.76,-122.13,3320.00,39082.00
2420069017.00,20150324T000000,152900.00,1.00,1.00,900.00,4368.00,1.00,0.00,0.00,5.00,6.00,900.00,0.00,1915.00,1950.00,98022.00,47.21,-121.99,1290.00,5000.00
2414600400.00,20140805T000000,210000.00,2.00,2.00,1190.00,7570.00,1.00,0.00,0.00,3.00,6.00,1190.00,0.00,1939.00,0.00,98146.00,47.51,-122.34,1190.00,7635.00
2461900510.00,20140926T000000,350000.00,4.00,1.00,1010.00,6000.00,1.00,0.00,0.00,3.00,6.00,750.00,260.00,1925.00,0.00,98136.00,47.55,-122.38,1450.00,6000.00
7695500200.00,20150323T000000,505000.00,3.00,2.50,2100.00,17882.00,2.00,0.00,0.00,4.00,8.00,2100.00,0.00,1985.00,0.00,98059.00,47.48,-122.12,2080.00,16686.00
251200200.00,20140627T000000,464900.00,4.00,2.25,2020.00,8424.00,1.00,0.00,0.00,4.00,7.00,1380.00,640.00,1979.00,0.00,98034.00,47.73,-122.23,2030.00,7236.00
513000550.00,20140922T000000,650000.00,3.00,2.00,2520.00,5980.00,1.00,0.00,0.00,3.00,8.00,1790.00,730.00,1957.00,0.00,98116.00,47.58,-122.38,1590.00,5750.00
8730000260.00,20150504T000000,369950.00,2.00,2.75,1370.00,1140.00,2.00,0.00,0.00,3.00,8.00,1080.00,290.00,2009.00,0.00,98133.00,47.71,-122.34,1370.00,1090.00
3395040550.00,20140728T000000,250000.00,3.00,2.50,1530.00,2890.00,2.00,0.00,0.00,3.00,7.00,1530.00,0.00,2001.00,0.00,98108.00,47.54,-122.29,1540.00,2890.00
3395040550.00,20150429T000000,320000.00,3.00,2.50,1530.00,2890.00,2.00,0.00,0.00,3.00,7.00,1530.00,0.00,2001.00,0.00,98108.00,47.54,-122.29,1540.00,2890.00
9471200200.00,20150325T000000,2532000.00,4.00,4.25,5040.00,16048.00,1.00,0.00,3.00,3.00,10.00,3420.00,1620.00,1950.00,0.00,98105.00,47.67,-122.26,3960.00,14000.00
5469700260.00,20140903T000000,340000.00,4.00,2.25,2530.00,24700.00,2.00,0.00,0.00,3.00,7.00,2530.00,0.00,1974.00,0.00,98031.00,47.39,-122.18,2650.00,24700.00
2767600171.00,20140519T000000,440000.00,2.00,1.50,1010.00,1968.00,1.50,0.00,0.00,5.00,5.00,1010.00,0.00,1906.00,0.00,98107.00,47.68,-122.39,1760.00,4200.00
898000200.00,20150402T000000,219950.00,3.00,1.00,1200.00,7727.00,1.00,0.00,0.00,4.00,7.00,1200.00,0.00,1959.00,0.00,98022.00,47.20,-122.00,1300.00,7718.00
5315100806.00,20140915T000000,940000.00,4.00,3.00,2720.00,11740.00,1.00,0.00,0.00,5.00,9.00,2720.00,0.00,1957.00,0.00,98040.00,47.58,-122.24,2640.00,11740.00
9269200786.00,20140722T000000,399950.00,4.00,1.50,1850.00,6125.00,1.50,0.00,0.00,3.00,6.00,1110.00,740.00,1945.00,0.00,98126.00,47.54,-122.37,990.00,6125.00
1118001370.00,20150102T000000,1568000.00,3.00,2.75,2340.00,8828.00,1.00,0.00,0.00,4.00,9.00,2340.00,0.00,1954.00,0.00,98112.00,47.63,-122.29,3480.00,8526.00
3558910640.00,20150401T000000,528000.00,4.00,1.75,1860.00,9750.00,1.00,0.00,0.00,3.00,7.00,1460.00,400.00,1969.00,0.00,98034.00,47.71,-122.20,1900.00,8913.00
3761100341.00,20140828T000000,545000.00,4.00,1.75,1940.00,8990.00,1.00,0.00,0.00,4.00,8.00,1560.00,380.00,1956.00,0.00,98034.00,47.70,-122.24,2310.00,11745.00
8682261070.00,20150427T000000,575000.00,2.00,2.00,1680.00,6194.00,1.00,0.00,0.00,3.00,8.00,1680.00,0.00,2004.00,0.00,98053.00,47.71,-122.03,1900.00,5850.00
8732040810.00,20141104T000000,235000.00,4.00,2.75,1770.00,10184.00,1.00,0.00,0.00,3.00,8.00,1250.00,520.00,1979.00,0.00,98023.00,47.31,-122.39,2070.00,8320.00
2991000400.00,20140723T000000,272000.00,3.00,2.50,1790.00,6371.00,2.00,0.00,0.00,3.00,8.00,1790.00,0.00,1998.00,0.00,98092.00,47.33,-122.17,1850.00,6371.00
2155500030.00,20150428T000000,380000.00,4.00,1.75,1720.00,9600.00,1.00,0.00,0.00,4.00,8.00,1720.00,0.00,1969.00,0.00,98059.00,47.48,-122.16,1660.00,10720.00
5727500102.00,20150426T000000,195000.00,3.00,1.00,1280.00,6967.00,1.50,0.00,0.00,3.00,7.00,1280.00,0.00,1949.00,0.00,98155.00,47.75,-122.33,1280.00,7245.00
5104510370.00,20141014T000000,297000.00,3.00,2.50,1690.00,4988.00,2.00,0.00,0.00,3.00,7.00,1690.00,0.00,2002.00,0.00,98038.00,47.36,-122.02,1830.00,4733.00
1895450200.00,20150415T000000,349000.00,4.00,2.50,2190.00,7294.00,2.00,0.00,0.00,3.00,8.00,2190.00,0.00,2003.00,0.00,98023.00,47.29,-122.36,2240.00,7379.00
8122101146.00,20140929T000000,320000.00,2.00,1.00,710.00,5200.00,1.00,0.00,2.00,4.00,6.00,710.00,0.00,1942.00,0.00,98126.00,47.54,-122.37,1610.00,5200.00
7789900030.00,20140725T000000,319990.00,4.00,1.50,1890.00,10707.00,1.00,0.00,0.00,3.00,7.00,1890.00,0.00,1962.00,0.00,98148.00,47.43,-122.33,1610.00,8827.00
6893300350.00,20140602T000000,439900.00,2.00,2.00,1410.00,12282.00,1.50,0.00,0.00,5.00,8.00,1410.00,0.00,1909.00,1988.00,98024.00,47.52,-121.93,1410.00,8931.00
4073800140.00,20140811T000000,429000.00,3.00,3.25,2210.00,3600.00,2.00,0.00,0.00,3.00,8.00,1820.00,390.00,1995.00,0.00,98125.00,47.70,-122.28,2010.00,6690.00
538000030.00,20140730T000000,272500.00,3.00,2.00,1540.00,6250.00,1.00,0.00,0.00,3.00,7.00,1540.00,0.00,1998.00,0.00,98038.00,47.35,-122.03,2070.00,6250.00
6632300478.00,20140916T000000,400000.00,4.00,2.00,1350.00,7255.00,1.00,0.00,0.00,4.00,7.00,1350.00,0.00,1959.00,0.00,98125.00,47.73,-122.31,1050.00,7288.00
4083800340.00,20150402T000000,462000.00,5.00,2.00,1380.00,4300.00,1.50,0.00,0.00,3.00,7.00,1380.00,0.00,1916.00,0.00,98103.00,47.66,-122.34,1830.00,3800.00
9214400135.00,20150310T000000,510000.00,2.00,1.00,890.00,6095.00,1.00,0.00,0.00,3.00,7.00,890.00,0.00,1947.00,0.00,98115.00,47.68,-122.30,1450.00,5985.00
8944600200.00,20140623T000000,550000.00,3.00,2.50,1900.00,3255.00,2.00,0.00,0.00,3.00,8.00,1900.00,0.00,1988.00,2000.00,98007.00,47.61,-122.15,1880.00,3350.00
8651430370.00,20150425T000000,150000.00,3.00,1.00,1240.00,5200.00,1.00,0.00,0.00,3.00,6.00,1240.00,0.00,1969.00,0.00,98042.00,47.37,-122.08,870.00,5200.00
2296700260.00,20140626T000000,460000.00,3.00,2.50,1730.00,8490.00,1.00,0.00,0.00,3.00,7.00,1210.00,520.00,1969.00,0.00,98034.00,47.72,-122.22,1870.00,7400.00
3066400140.00,20140620T000000,632500.00,4.00,2.50,2090.00,10306.00,2.00,0.00,0.00,3.00,10.00,2090.00,0.00,1986.00,0.00,98074.00,47.63,-122.05,2660.00,11481.00
1771100240.00,20140925T000000,361000.00,3.00,1.75,1650.00,11220.00,1.00,0.00,0.00,4.00,7.00,1650.00,0.00,1969.00,0.00,98077.00,47.76,-122.07,1340.00,10129.00
461003251.00,20140801T000000,437000.00,3.00,2.25,1130.00,1221.00,2.00,0.00,0.00,3.00,8.00,1030.00,100.00,2004.00,0.00,98117.00,47.68,-122.38,1300.00,5000.00
8699100240.00,20150505T000000,370000.00,6.00,2.75,3240.00,5750.00,1.00,0.00,0.00,4.00,6.00,2160.00,1080.00,1950.00,0.00,98002.00,47.31,-122.22,1230.00,5750.00
8691350200.00,20150417T000000,884250.00,4.00,2.50,3840.00,12151.00,2.00,0.00,0.00,3.00,10.00,3840.00,0.00,1998.00,0.00,98075.00,47.60,-121.99,3560.00,11044.00
2525300550.00,20140603T000000,225000.00,3.00,1.00,1200.00,9936.00,1.00,0.00,0.00,4.00,6.00,1200.00,0.00,1969.00,0.00,98038.00,47.36,-122.03,1200.00,10189.00
7452500045.00,20140805T000000,235000.00,2.00,1.00,870.00,5000.00,1.00,0.00,0.00,3.00,6.00,870.00,0.00,1949.00,0.00,98126.00,47.52,-122.38,820.00,5000.00
2489200070.00,20140720T000000,767500.00,6.00,3.50,2410.00,6000.00,2.00,0.00,4.00,3.00,9.00,2220.00,190.00,1916.00,1990.00,98136.00,47.54,-122.38,1980.00,6000.00
3623500260.00,20140512T000000,1200000.00,3.00,1.75,1560.00,8078.00,1.50,1.00,4.00,4.00,6.00,1560.00,0.00,1928.00,0.00,98040.00,47.58,-122.25,2890.00,16710.00
425069104.00,20141215T000000,715000.00,3.00,2.50,2410.00,46609.00,2.00,0.00,0.00,3.00,9.00,2410.00,0.00,1989.00,0.00,98053.00,47.68,-122.05,3370.00,40072.00
2239800070.00,20140627T000000,417000.00,4.00,2.25,2300.00,7700.00,1.00,0.00,0.00,3.00,7.00,1380.00,920.00,1959.00,0.00,98125.00,47.71,-122.32,2010.00,8820.00
2618300350.00,20140718T000000,199000.00,3.00,1.00,1390.00,12145.00,1.00,0.00,0.00,4.00,7.00,1390.00,0.00,1964.00,0.00,98042.00,47.42,-122.15,1030.00,10800.00
1336800160.00,20140605T000000,875000.00,5.00,2.50,2920.00,5568.00,2.00,0.00,0.00,3.00,8.00,2320.00,600.00,1906.00,0.00,98112.00,47.63,-122.31,2970.00,5568.00
7519000570.00,20141110T000000,545000.00,4.00,1.50,1370.00,3708.00,1.50,0.00,0.00,3.00,7.00,1370.00,0.00,1926.00,0.00,98117.00,47.68,-122.36,2030.00,3708.00
257000105.00,20140520T000000,192500.00,2.00,1.00,950.00,7692.00,1.00,0.00,0.00,3.00,6.00,950.00,0.00,1926.00,0.00,98168.00,47.49,-122.30,1820.00,8221.00
4401200350.00,20150210T000000,822500.00,3.00,2.50,3090.00,7708.00,2.00,0.00,0.00,3.00,10.00,3090.00,0.00,1999.00,0.00,98052.00,47.69,-122.11,3140.00,8592.00
6402300070.00,20141208T000000,800000.00,4.00,2.50,2390.00,10000.00,1.00,0.00,0.00,3.00,9.00,1590.00,800.00,1975.00,0.00,98040.00,47.58,-122.23,1900.00,9752.00
5317100570.00,20141215T000000,1250000.00,3.00,2.50,2070.00,4944.00,2.00,0.00,0.00,3.00,9.00,2070.00,0.00,1930.00,0.00,98112.00,47.63,-122.28,3300.00,6179.00
8106100105.00,20141114T000000,3850000.00,4.00,4.25,5770.00,21300.00,2.00,1.00,4.00,4.00,11.00,5770.00,0.00,1980.00,0.00,98040.00,47.59,-122.22,4620.00,22748.00
9407150240.00,20141001T000000,295000.00,3.00,2.50,1460.00,7936.00,2.00,0.00,0.00,3.00,7.00,1460.00,0.00,1995.00,0.00,98038.00,47.37,-122.02,1830.00,7936.00
8682291940.00,20140630T000000,419000.00,2.00,1.75,1510.00,4980.00,1.00,0.00,0.00,3.00,8.00,1510.00,0.00,2006.00,0.00,98053.00,47.72,-122.02,1350.00,4157.00
4139420070.00,20140910T000000,1195000.00,5.00,3.25,5180.00,19606.00,1.00,0.00,0.00,3.00,11.00,2610.00,2570.00,1993.00,0.00,98006.00,47.56,-122.11,4050.00,15296.00
629400340.00,20141222T000000,750000.00,4.00,2.75,3430.00,13907.00,2.00,0.00,0.00,3.00,11.00,3430.00,0.00,1995.00,0.00,98075.00,47.59,-121.99,3250.00,13851.00
3380900160.00,20150428T000000,502000.00,4.00,1.50,1700.00,8400.00,1.00,0.00,0.00,3.00,7.00,1700.00,0.00,1953.00,0.00,98177.00,47.77,-122.36,1750.00,8475.00
2175100270.00,20140604T000000,1025000.00,3.00,1.75,2640.00,8000.00,1.00,0.00,3.00,4.00,9.00,1320.00,1320.00,1960.00,0.00,98040.00,47.58,-122.25,2740.00,6000.00
3448000270.00,20150313T000000,398500.00,3.00,1.00,1200.00,15960.00,1.50,0.00,0.00,3.00,6.00,1200.00,0.00,1945.00,0.00,98125.00,47.72,-122.30,1120.00,7800.00
8701600510.00,20150414T000000,700000.00,2.00,1.50,1850.00,4945.00,1.50,0.00,2.00,4.00,7.00,1850.00,0.00,1907.00,1969.00,98126.00,47.57,-122.38,1850.00,4950.00
6083000083.00,20140611T000000,248000.00,5.00,1.50,1510.00,9078.00,1.00,0.00,0.00,4.00,7.00,1510.00,0.00,1959.00,0.00,98168.00,47.49,-122.31,1480.00,9078.00
9178600135.00,20140826T000000,800000.00,4.00,2.00,2130.00,2800.00,1.00,0.00,0.00,5.00,7.00,1070.00,1060.00,1922.00,0.00,98103.00,47.65,-122.33,1990.00,3990.00
1721059286.00,20150121T000000,383000.00,4.00,2.50,2640.00,8055.00,2.00,0.00,0.00,3.00,9.00,2640.00,0.00,2004.00,0.00,98092.00,47.32,-122.19,1650.00,8055.00
8161600135.00,20140527T000000,688000.00,4.00,3.00,3000.00,4000.00,1.50,0.00,3.00,3.00,8.00,1970.00,1030.00,1913.00,2014.00,98144.00,47.57,-122.31,1900.00,4000.00
2568300132.00,20141008T000000,521000.00,3.00,2.00,1870.00,5455.00,1.00,0.00,0.00,5.00,7.00,1060.00,810.00,1926.00,0.00,98125.00,47.70,-122.30,1870.00,7435.00
6414100111.00,20141105T000000,365000.00,2.00,1.00,990.00,9223.00,1.00,0.00,0.00,3.00,7.00,990.00,0.00,1949.00,0.00,98125.00,47.72,-122.32,1230.00,7244.00
9818700320.00,20141007T000000,491000.00,3.00,2.00,2005.00,7000.00,1.00,0.00,0.00,3.00,7.00,1605.00,400.00,1980.00,0.00,98122.00,47.60,-122.30,1750.00,4500.00
686200510.00,20141122T000000,643000.00,3.00,2.75,2030.00,7700.00,1.00,0.00,0.00,5.00,8.00,1400.00,630.00,1965.00,0.00,98008.00,47.63,-122.11,1780.00,8160.00
3279000370.00,20150202T000000,279000.00,3.00,2.50,1500.00,7350.00,1.00,0.00,0.00,2.00,7.00,1060.00,440.00,1979.00,0.00,98023.00,47.30,-122.38,1390.00,7770.00
2767601031.00,20150202T000000,583500.00,4.00,1.00,1530.00,3900.00,1.50,0.00,0.00,4.00,7.00,1530.00,0.00,1908.00,0.00,98107.00,47.67,-122.38,1300.00,3900.00
4142450510.00,20140723T000000,310000.00,3.00,2.50,1990.00,3600.00,2.00,0.00,0.00,3.00,7.00,1990.00,0.00,2004.00,0.00,98038.00,47.38,-122.04,1790.00,3600.00
3291800510.00,20140610T000000,310000.00,3.00,1.75,1420.00,7650.00,1.00,0.00,0.00,4.00,7.00,1100.00,320.00,1984.00,0.00,98056.00,47.49,-122.18,1810.00,7650.00
7893203450.00,20150323T000000,280000.00,3.00,1.00,1400.00,13975.00,1.00,0.00,0.00,4.00,6.00,1400.00,0.00,1956.00,0.00,98198.00,47.42,-122.33,1260.00,7500.00
908000260.00,20141117T000000,272000.00,4.00,2.50,1870.00,5692.00,2.00,0.00,0.00,3.00,7.00,1870.00,0.00,2004.00,0.00,98058.00,47.43,-122.15,2390.00,5293.00
3225069239.00,20140707T000000,870000.00,4.00,3.00,3040.00,36246.00,1.50,0.00,0.00,3.00,9.00,2680.00,360.00,1923.00,2014.00,98074.00,47.61,-122.07,3520.00,13178.00
8645540320.00,20141118T000000,307000.00,3.00,2.00,1790.00,7259.00,1.00,0.00,0.00,3.00,7.00,1390.00,400.00,1980.00,0.00,98058.00,47.46,-122.17,1790.00,7700.00
9280200030.00,20140717T000000,490000.00,2.00,1.50,1590.00,4500.00,1.00,0.00,0.00,4.00,7.00,920.00,670.00,1946.00,0.00,98116.00,47.58,-122.39,1900.00,4450.00
6159400030.00,20141008T000000,399950.00,3.00,2.00,2050.00,9396.00,1.00,0.00,0.00,5.00,7.00,1170.00,880.00,1960.00,0.00,98155.00,47.74,-122.33,1680.00,9391.00
7787400030.00,20140609T000000,1635000.00,5.00,3.50,4220.00,26784.00,1.00,0.00,0.00,3.00,10.00,2110.00,2110.00,1958.00,2006.00,98004.00,47.60,-122.21,3450.00,33945.00
1888120140.00,20140709T000000,989000.00,5.00,4.50,4030.00,13474.00,2.00,0.00,0.00,3.00,11.00,4030.00,0.00,2000.00,0.00,98075.00,47.58,-122.00,3860.00,12438.00
2916620240.00,20140618T000000,264950.00,4.00,1.75,1770.00,9011.00,1.00,0.00,0.00,5.00,7.00,1050.00,720.00,1983.00,0.00,98042.00,47.36,-122.08,1410.00,8530.00
251200240.00,20140725T000000,491500.00,4.00,2.75,2100.00,7236.00,1.00,0.00,0.00,3.00,8.00,1400.00,700.00,1979.00,0.00,98034.00,47.73,-122.23,1900.00,7519.00
7695500240.00,20140514T000000,345000.00,3.00,2.25,2120.00,15003.00,2.00,0.00,0.00,3.00,7.00,2120.00,0.00,1984.00,0.00,98059.00,47.47,-122.12,2070.00,15203.00
7749500070.00,20150119T000000,339900.00,4.00,1.75,2600.00,18042.00,1.00,0.00,0.00,4.00,8.00,2020.00,580.00,1969.00,0.00,98092.00,47.30,-122.19,2200.00,9408.00
6762700340.00,20150427T000000,852000.00,3.00,3.00,2400.00,4000.00,2.00,0.00,0.00,3.00,7.00,1860.00,540.00,1905.00,0.00,98102.00,47.63,-122.32,1750.00,3940.00
824069121.00,20141222T000000,585000.00,5.00,3.50,3180.00,40946.00,1.00,0.00,3.00,3.00,7.00,1690.00,1490.00,1968.00,0.00,98075.00,47.58,-122.07,2430.00,29620.00
2600100370.00,20150211T000000,723000.00,4.00,2.00,2790.00,8793.00,1.00,0.00,0.00,4.00,8.00,1640.00,1150.00,1977.00,0.00,98006.00,47.55,-122.16,2400.00,9286.00
2326059082.00,20150126T000000,594000.00,3.00,2.25,2080.00,70567.00,2.00,0.00,0.00,3.00,8.00,2080.00,0.00,1990.00,0.00,98072.00,47.72,-122.12,3730.00,43560.00
2591010240.00,20141201T000000,405000.00,2.00,1.50,1370.00,4102.00,2.00,0.00,0.00,4.00,7.00,1370.00,0.00,1987.00,0.00,98033.00,47.69,-122.18,1380.00,3211.00
1085610030.00,20140801T000000,725500.00,4.00,2.50,2790.00,74495.00,2.00,0.00,0.00,3.00,9.00,2790.00,0.00,1997.00,0.00,98053.00,47.66,-122.06,2790.00,24643.00
9551202025.00,20140625T000000,800000.00,2.00,1.00,1740.00,5719.00,1.00,0.00,0.00,3.00,8.00,1740.00,0.00,1955.00,0.00,98103.00,47.67,-122.34,1980.00,5000.00
4379600030.00,20140729T000000,1325000.00,3.00,3.75,6400.00,76665.00,1.00,0.00,2.00,4.00,10.00,3810.00,2590.00,1966.00,0.00,98177.00,47.73,-122.37,3430.00,60548.00
4345000510.00,20141015T000000,180500.00,3.00,2.50,1800.00,8518.00,2.00,0.00,0.00,3.00,7.00,1800.00,0.00,1996.00,0.00,98030.00,47.36,-122.19,1770.00,7570.00
4345000510.00,20150428T000000,325000.00,3.00,2.50,1800.00,8518.00,2.00,0.00,0.00,3.00,7.00,1800.00,0.00,1996.00,0.00,98030.00,47.36,-122.19,1770.00,7570.00
3327000140.00,20140617T000000,235000.00,3.00,1.75,1190.00,7280.00,1.00,0.00,0.00,4.00,7.00,1190.00,0.00,1968.00,0.00,98092.00,47.32,-122.19,1250.00,7800.00
7100000135.00,20140520T000000,330000.00,2.00,1.00,860.00,8308.00,1.00,0.00,0.00,4.00,7.00,860.00,0.00,1948.00,0.00,98146.00,47.51,-122.38,1310.00,8308.00
2483200060.00,20140612T000000,678500.00,3.00,2.00,2460.00,6600.00,1.00,0.00,2.00,4.00,8.00,1370.00,1090.00,1952.00,0.00,98136.00,47.52,-122.38,2150.00,6600.00
2592400550.00,20140709T000000,463000.00,4.00,2.50,1980.00,6660.00,2.00,0.00,0.00,4.00,7.00,1980.00,0.00,1974.00,0.00,98034.00,47.72,-122.17,1980.00,7150.00
2113701200.00,20140912T000000,250000.00,2.00,1.00,670.00,4640.00,1.00,0.00,0.00,3.00,6.00,670.00,0.00,1943.00,0.00,98106.00,47.53,-122.35,870.00,4501.00
5249804510.00,20140716T000000,655000.00,3.00,2.00,1410.00,4800.00,1.50,0.00,0.00,4.00,8.00,1410.00,0.00,1927.00,0.00,98118.00,47.56,-122.27,1820.00,7200.00
9264901040.00,20140516T000000,239900.00,4.00,2.25,1860.00,7000.00,1.00,0.00,0.00,3.00,8.00,1120.00,740.00,1979.00,0.00,98023.00,47.31,-122.34,1990.00,8937.00
7967600069.00,20141117T000000,185000.00,3.00,1.00,980.00,9135.00,1.00,0.00,0.00,3.00,7.00,980.00,0.00,1955.00,0.00,98001.00,47.35,-122.29,1780.00,9135.00
4219400520.00,20140616T000000,1735000.00,4.00,2.25,3040.00,5000.00,2.00,0.00,3.00,4.00,9.00,2080.00,960.00,1926.00,0.00,98105.00,47.66,-122.28,2870.00,5000.00
3810000202.00,20140905T000000,251700.00,3.00,2.25,1810.00,11800.00,1.00,0.00,0.00,3.00,7.00,1240.00,570.00,1977.00,0.00,98178.00,47.50,-122.23,1810.00,5641.00
1226039129.00,20150209T000000,400000.00,4.00,2.00,1560.00,8250.00,1.00,0.00,0.00,3.00,8.00,1320.00,240.00,1964.00,0.00,98177.00,47.76,-122.36,1870.00,8258.00
8146100370.00,20140904T000000,735000.00,4.00,1.75,2100.00,7960.00,1.00,0.00,0.00,3.00,8.00,1340.00,760.00,1955.00,0.00,98004.00,47.61,-122.20,2060.00,7960.00
1224059053.00,20141027T000000,1700000.00,5.00,2.00,2500.00,15250.00,2.00,1.00,4.00,5.00,8.00,2500.00,0.00,1942.00,0.00,98008.00,47.59,-122.11,1880.00,18782.00
1623049041.00,20140508T000000,82500.00,2.00,1.00,520.00,22334.00,1.00,0.00,0.00,2.00,5.00,520.00,0.00,1951.00,0.00,98168.00,47.48,-122.30,1572.00,10570.00
98020140.00,20140708T000000,765000.00,4.00,4.00,3010.00,7221.00,2.00,0.00,0.00,3.00,10.00,3010.00,0.00,2004.00,0.00,98075.00,47.58,-121.97,3490.00,7518.00
9510900070.00,20140923T000000,292500.00,4.00,1.75,2140.00,8162.00,1.00,0.00,0.00,3.00,7.00,1420.00,720.00,1968.00,0.00,98023.00,47.31,-122.38,2040.00,7632.00
2473381090.00,20150325T000000,270000.00,3.00,2.25,2390.00,7000.00,1.00,0.00,0.00,4.00,7.00,1990.00,400.00,1970.00,0.00,98058.00,47.46,-122.17,1610.00,7000.00
6378500105.00,20141224T000000,415000.00,2.00,1.00,1510.00,6807.00,1.00,0.00,0.00,3.00,7.00,1090.00,420.00,1939.00,0.00,98133.00,47.71,-122.35,1460.00,6807.00
3861400030.00,20141124T000000,950000.00,4.00,1.75,2210.00,19025.00,1.00,0.00,0.00,4.00,7.00,1460.00,750.00,1952.00,0.00,98004.00,47.59,-122.20,2640.00,14999.00
705700640.00,20140916T000000,353000.00,3.00,2.75,2170.00,8396.00,2.00,0.00,0.00,3.00,7.00,2170.00,0.00,1995.00,0.00,98038.00,47.38,-122.02,2170.00,8378.00
2767603210.00,20141210T000000,670950.00,3.00,2.50,1790.00,2375.00,3.00,0.00,0.00,3.00,8.00,1790.00,0.00,2007.00,0.00,98107.00,47.67,-122.38,1450.00,2400.00
3294700030.00,20140509T000000,280950.00,3.00,1.75,1390.00,8700.00,1.00,0.00,3.00,4.00,7.00,840.00,550.00,1912.00,0.00,98055.00,47.47,-122.20,1390.00,10875.00
7524950830.00,20140527T000000,585000.00,3.00,1.75,1850.00,7735.00,1.00,0.00,0.00,4.00,8.00,1850.00,0.00,1983.00,0.00,98027.00,47.56,-122.08,2220.00,7639.00
2124069078.00,20141211T000000,525000.00,2.00,1.50,1480.00,43645.00,1.00,0.00,0.00,3.00,8.00,1480.00,0.00,1974.00,2006.00,98027.00,47.55,-122.05,1600.00,34326.00
5728000060.00,20140801T000000,605000.00,3.00,1.75,1850.00,8823.00,1.00,0.00,0.00,4.00,8.00,1370.00,480.00,1973.00,0.00,98008.00,47.64,-122.11,1880.00,7580.00
2880100160.00,20141119T000000,1010000.00,4.00,3.50,3350.00,3752.00,2.00,0.00,0.00,3.00,9.00,2550.00,800.00,2007.00,0.00,98117.00,47.68,-122.37,1050.00,4960.00
4435000520.00,20140926T000000,245990.00,3.00,1.00,1040.00,8410.00,1.00,0.00,0.00,3.00,7.00,1040.00,0.00,1942.00,2014.00,98188.00,47.45,-122.29,1350.00,8410.00
8856900310.00,20150203T000000,535000.00,4.00,2.25,2810.00,12607.00,2.00,0.00,0.00,3.00,10.00,2810.00,0.00,1985.00,0.00,98058.00,47.46,-122.13,2810.00,17400.00
4315700390.00,20140630T000000,410000.00,1.00,1.50,1010.00,5750.00,1.00,0.00,0.00,3.00,7.00,1010.00,0.00,1911.00,1948.00,98136.00,47.54,-122.39,1230.00,5750.00
2095800520.00,20150424T000000,550000.00,3.00,2.50,2250.00,7752.00,2.00,0.00,0.00,4.00,8.00,2250.00,0.00,1988.00,0.00,98011.00,47.75,-122.19,2080.00,7033.00
4193500140.00,20140911T000000,665000.00,3.00,1.75,1800.00,8000.00,1.00,0.00,0.00,3.00,8.00,1800.00,0.00,1972.00,0.00,98008.00,47.64,-122.12,1950.00,8500.00
3582200200.00,20150427T000000,455000.00,3.00,1.00,2400.00,17239.00,1.00,0.00,0.00,4.00,7.00,1890.00,510.00,1940.00,0.00,98028.00,47.75,-122.25,2390.00,7350.00
9521100106.00,20140826T000000,440000.00,4.00,1.00,1780.00,4000.00,1.50,0.00,0.00,3.00,7.00,1780.00,0.00,1922.00,0.00,98103.00,47.66,-122.35,1750.00,4000.00
7351000160.00,20140708T000000,332000.00,3.00,2.25,2120.00,14915.00,1.00,0.00,0.00,3.00,9.00,1720.00,400.00,1979.00,0.00,98001.00,47.35,-122.29,2320.00,13100.00
5422420140.00,20140611T000000,280000.00,3.00,2.50,1860.00,6607.00,2.00,0.00,0.00,3.00,7.00,1860.00,0.00,1989.00,0.00,98023.00,47.29,-122.35,1760.00,6766.00
7234601162.00,20140915T000000,570000.00,3.00,3.50,1460.00,1021.00,2.00,0.00,0.00,3.00,8.00,1150.00,310.00,2006.00,0.00,98122.00,47.62,-122.31,1460.00,1245.00
6623400217.00,20140515T000000,250000.00,3.00,1.00,1230.00,10350.00,1.00,0.00,0.00,4.00,7.00,1230.00,0.00,1957.00,0.00,98055.00,47.43,-122.20,1510.00,10427.00
3354400060.00,20150501T000000,238000.00,2.00,1.00,1088.00,8453.00,1.00,0.00,0.00,3.00,6.00,1088.00,0.00,1952.00,2009.00,98001.00,47.27,-122.23,1088.00,8016.00
408100105.00,20141103T000000,265000.00,3.00,1.00,800.00,5760.00,1.00,0.00,0.00,3.00,6.00,700.00,100.00,1949.00,0.00,98155.00,47.75,-122.32,1060.00,6628.00
7297700055.00,20150305T000000,306000.00,3.00,1.00,1190.00,10350.00,1.00,0.00,0.00,4.00,7.00,1190.00,0.00,1959.00,0.00,98028.00,47.74,-122.24,1850.00,10500.00
8029740060.00,20150507T000000,345000.00,5.00,2.75,1940.00,4182.00,1.00,0.00,0.00,3.00,7.00,1240.00,700.00,2002.00,0.00,98056.00,47.49,-122.17,1950.00,4182.00
1355200060.00,20140904T000000,765000.00,4.00,2.50,3300.00,10764.00,1.00,0.00,0.00,4.00,9.00,1720.00,1580.00,1971.00,0.00,98177.00,47.71,-122.37,2290.00,10975.00
4136890560.00,20150430T000000,346300.00,4.00,2.50,2590.00,11018.00,2.00,0.00,0.00,3.00,8.00,2590.00,0.00,1998.00,0.00,98092.00,47.26,-122.21,2400.00,8042.00
1320069271.00,20140612T000000,342500.00,3.00,2.00,2080.00,11375.00,1.00,0.00,0.00,3.00,8.00,2080.00,0.00,2002.00,0.00,98022.00,47.21,-121.99,1080.00,12899.00
9269260240.00,20150424T000000,501000.00,4.00,2.25,2680.00,5439.00,2.00,0.00,0.00,3.00,7.00,2680.00,0.00,2000.00,0.00,98011.00,47.75,-122.22,2460.00,4473.00
1796381070.00,20140625T000000,270000.00,3.00,2.50,1670.00,8364.00,1.00,0.00,0.00,4.00,7.00,1300.00,370.00,1990.00,0.00,98042.00,47.37,-122.08,1490.00,8143.00
6840701125.00,20150422T000000,638000.00,3.00,1.00,1830.00,4400.00,1.50,0.00,0.00,4.00,8.00,1720.00,110.00,1930.00,0.00,98122.00,47.61,-122.30,1650.00,4400.00
7443000640.00,20140912T000000,460000.00,3.00,1.75,1400.00,2003.00,1.00,0.00,0.00,4.00,8.00,700.00,700.00,1908.00,2006.00,98119.00,47.65,-122.37,1370.00,1281.00
6344000060.00,20141015T000000,760000.00,4.00,1.75,2770.00,8521.00,1.00,0.00,0.00,4.00,7.00,1470.00,1300.00,1953.00,0.00,98004.00,47.63,-122.20,1910.00,9380.00
3317500030.00,20150316T000000,1085000.00,3.00,2.50,3630.00,11019.00,1.00,0.00,0.00,4.00,9.00,2150.00,1480.00,1972.00,0.00,98040.00,47.56,-122.23,3150.00,13555.00
2130702270.00,20140628T000000,234000.00,3.00,1.00,1040.00,8128.00,1.00,0.00,0.00,3.00,6.00,1040.00,0.00,1983.00,0.00,98019.00,47.74,-121.98,1520.00,7500.00
3343301920.00,20150302T000000,1650000.00,3.00,2.75,2690.00,8890.00,2.00,1.00,4.00,4.00,10.00,2690.00,0.00,1975.00,1991.00,98006.00,47.55,-122.20,2940.00,8890.00
2688100075.00,20140506T000000,488000.00,5.00,2.00,2020.00,5000.00,1.50,0.00,0.00,4.00,7.00,2020.00,0.00,1938.00,0.00,98117.00,47.69,-122.37,1510.00,6600.00
6448600060.00,20150226T000000,1550000.00,5.00,2.50,2450.00,20805.00,2.00,0.00,0.00,4.00,9.00,2450.00,0.00,1963.00,0.00,98004.00,47.63,-122.23,3020.00,20324.00
6619510060.00,20150327T000000,499000.00,4.00,3.00,2030.00,12675.00,2.00,0.00,0.00,3.00,7.00,2030.00,0.00,1982.00,0.00,98177.00,47.77,-122.38,1990.00,7705.00
4058802105.00,20140904T000000,150000.00,3.00,1.00,1450.00,6776.00,1.00,0.00,0.00,3.00,7.00,1450.00,0.00,1952.00,0.00,98178.00,47.51,-122.24,1680.00,7200.00
7212660640.00,20150326T000000,333000.00,4.00,2.50,2400.00,7270.00,2.00,0.00,0.00,3.00,8.00,2400.00,0.00,1993.00,0.00,98003.00,47.27,-122.31,2150.00,6584.00
8026700105.00,20150218T000000,700000.00,4.00,2.75,2870.00,8625.00,1.00,0.00,1.00,4.00,8.00,1860.00,1010.00,1959.00,0.00,98155.00,47.74,-122.29,2430.00,8479.00
8018600640.00,20140918T000000,275000.00,4.00,1.00,1340.00,22500.00,1.50,0.00,0.00,3.00,7.00,1340.00,0.00,1926.00,0.00,98168.00,47.49,-122.32,1620.00,10800.00
623049315.00,20140701T000000,330000.00,3.00,2.50,1680.00,11312.00,1.00,0.00,0.00,3.00,7.00,1080.00,600.00,1959.00,0.00,98146.00,47.51,-122.34,1390.00,10700.00
6632900340.00,20141124T000000,360000.00,4.00,2.00,1850.00,8827.00,1.00,0.00,0.00,3.00,7.00,1850.00,0.00,1969.00,0.00,98155.00,47.74,-122.31,1310.00,6901.00
6798100070.00,20150511T000000,467000.00,3.00,1.00,1220.00,8040.00,1.50,0.00,0.00,3.00,7.00,1220.00,0.00,1965.00,0.00,98125.00,47.71,-122.31,1360.00,8040.00
8644400060.00,20141029T000000,568000.00,3.00,2.50,2320.00,57063.00,1.00,0.00,0.00,4.00,9.00,1790.00,530.00,1979.00,0.00,98074.00,47.62,-122.06,3290.00,7314.00
4388600030.00,20141103T000000,605000.00,5.00,2.25,3220.00,9603.00,2.00,0.00,0.00,3.00,8.00,3220.00,0.00,1972.00,0.00,98052.00,47.65,-122.11,2260.00,10093.00
629420260.00,20141002T000000,750000.00,4.00,2.75,3190.00,9023.00,2.00,0.00,0.00,3.00,9.00,3190.00,0.00,2005.00,0.00,98075.00,47.59,-121.99,3159.00,5615.00
1117200550.00,20141014T000000,760000.00,3.00,2.75,3530.00,69834.00,2.00,0.00,0.00,3.00,10.00,3530.00,0.00,1994.00,0.00,98053.00,47.64,-122.00,3560.00,74256.00
7461420060.00,20140804T000000,265000.00,3.00,1.75,2050.00,10519.00,1.00,0.00,0.00,3.00,7.00,1240.00,810.00,1979.00,0.00,98058.00,47.43,-122.15,1770.00,9605.00
5566100060.00,20140718T000000,490000.00,3.00,1.75,1720.00,12540.00,1.00,0.00,0.00,4.00,7.00,1720.00,0.00,1956.00,0.00,98006.00,47.57,-122.18,1440.00,11850.00
7714000340.00,20140619T000000,360000.00,4.00,2.50,2850.00,4650.00,2.00,0.00,0.00,3.00,8.00,2850.00,0.00,2004.00,0.00,98038.00,47.36,-122.03,2850.00,4650.00
5149300400.00,20150206T000000,311750.00,4.00,2.25,2270.00,12000.00,1.00,0.00,0.00,4.00,7.00,1290.00,980.00,1976.00,0.00,98023.00,47.33,-122.35,2030.00,23980.00
3815500045.00,20141003T000000,399000.00,3.00,2.25,1880.00,12473.00,1.00,0.00,0.00,3.00,8.00,1420.00,460.00,1958.00,0.00,98028.00,47.76,-122.26,2300.00,10469.00
1843100520.00,20140725T000000,347000.00,4.00,2.50,2770.00,9751.00,2.00,0.00,0.00,3.00,8.00,2770.00,0.00,1989.00,0.00,98042.00,47.37,-122.13,2370.00,6950.00
1329000030.00,20140904T000000,1680000.00,4.00,3.75,4490.00,34982.00,2.00,0.00,0.00,3.00,12.00,4490.00,0.00,1998.00,0.00,98005.00,47.64,-122.16,4470.00,37525.00
7853240560.00,20140903T000000,585000.00,4.00,2.50,3110.00,6479.00,2.00,0.00,0.00,3.00,9.00,3110.00,0.00,2005.00,0.00,98065.00,47.54,-121.86,3110.00,7075.00
8078100260.00,20140912T000000,340000.00,4.00,2.50,2360.00,7475.00,2.00,0.00,0.00,3.00,8.00,2360.00,0.00,1992.00,0.00,98031.00,47.41,-122.17,2280.00,7570.00
3905120830.00,20150415T000000,612000.00,3.00,2.50,2180.00,5496.00,2.00,0.00,0.00,3.00,8.00,2180.00,0.00,1994.00,0.00,98029.00,47.57,-122.01,2120.00,5496.00
1442800400.00,20140628T000000,230000.00,2.00,1.75,1910.00,3376.00,2.00,0.00,0.00,3.00,8.00,1910.00,0.00,1980.00,0.00,98038.00,47.37,-122.06,1470.00,3623.00
3905000200.00,20140509T000000,604000.00,4.00,2.50,2260.00,7753.00,2.00,0.00,0.00,3.00,9.00,2260.00,0.00,1989.00,0.00,98029.00,47.58,-122.00,2690.00,8924.00
4399200075.00,20140703T000000,250000.00,3.00,1.75,1770.00,8868.00,1.00,0.00,0.00,4.00,7.00,1770.00,0.00,1959.00,0.00,98002.00,47.32,-122.21,1630.00,9706.00
1545802830.00,20150309T000000,258500.00,3.00,2.00,1460.00,7930.00,1.00,0.00,0.00,3.00,7.00,1460.00,0.00,1989.00,0.00,98038.00,47.36,-122.05,1630.00,7930.00
1370804100.00,20150324T000000,783000.00,4.00,2.75,2080.00,5000.00,1.00,0.00,0.00,5.00,8.00,1470.00,610.00,1940.00,0.00,98199.00,47.64,-122.40,1970.00,5000.00
269000240.00,20141030T000000,1050000.00,5.00,2.25,2960.00,7680.00,1.00,0.00,2.00,5.00,8.00,1550.00,1410.00,1958.00,0.00,98199.00,47.65,-122.39,2860.00,7680.00
2619920030.00,20150318T000000,760000.00,4.00,2.50,3220.00,4031.00,2.00,0.00,0.00,3.00,9.00,3220.00,0.00,2002.00,0.00,98033.00,47.69,-122.16,3150.00,5083.00
3438500339.00,20140526T000000,276000.00,3.00,1.00,1140.00,5000.00,1.00,0.00,0.00,3.00,7.00,1140.00,0.00,1960.00,0.00,98106.00,47.55,-122.36,1140.00,5000.00
8563001070.00,20150323T000000,550000.00,4.00,2.00,1660.00,12377.00,1.00,0.00,0.00,3.00,8.00,1660.00,0.00,1966.00,0.00,98008.00,47.62,-122.10,1820.00,8968.00
4427100105.00,20150428T000000,398000.00,4.00,1.00,1430.00,6240.00,1.50,0.00,0.00,5.00,7.00,1430.00,0.00,1953.00,0.00,98125.00,47.73,-122.31,1410.00,6240.00
2767800140.00,20150313T000000,775000.00,3.00,3.00,1820.00,4300.00,1.50,0.00,0.00,4.00,8.00,1620.00,200.00,1914.00,1983.00,98107.00,47.67,-122.36,1440.00,4300.00
2600140070.00,20150409T000000,1027500.00,4.00,3.00,3540.00,10202.00,2.00,0.00,0.00,3.00,8.00,2720.00,820.00,1988.00,0.00,98006.00,47.55,-122.16,2780.00,10714.00
7231501610.00,20141023T000000,327000.00,4.00,1.00,1620.00,6000.00,1.50,0.00,0.00,5.00,7.00,1620.00,0.00,1905.00,0.00,98055.00,47.48,-122.21,1310.00,6000.00
2787250240.00,20150421T000000,564500.00,4.00,2.75,3100.00,14568.00,2.00,0.00,0.00,3.00,8.00,3100.00,0.00,1995.00,0.00,98019.00,47.73,-121.97,2860.00,14396.00
5309100295.00,20141017T000000,782000.00,4.00,1.75,1500.00,6820.00,1.50,0.00,0.00,5.00,7.00,1500.00,0.00,1905.00,0.00,98117.00,47.68,-122.37,1360.00,4125.00
2781260370.00,20150128T000000,398000.00,4.00,2.50,2820.00,5510.00,2.00,0.00,0.00,3.00,9.00,2820.00,0.00,2005.00,0.00,98038.00,47.35,-122.02,2820.00,5510.00
1926059155.00,20150130T000000,257000.00,3.00,1.75,1850.00,10920.00,1.50,0.00,0.00,3.00,6.00,1850.00,0.00,1915.00,0.00,98034.00,47.72,-122.22,1510.00,7871.00
7137900960.00,20140625T000000,235000.00,4.00,2.00,1570.00,9415.00,2.00,0.00,0.00,4.00,7.00,1570.00,0.00,1984.00,0.00,98092.00,47.32,-122.17,1550.00,8978.00
2817100570.00,20140627T000000,453000.00,4.00,2.75,2300.00,37533.00,1.00,0.00,3.00,5.00,8.00,1550.00,750.00,1979.00,0.00,98070.00,47.37,-122.43,2130.00,10092.00
3886902445.00,20150316T000000,535000.00,2.00,1.00,920.00,9000.00,1.00,0.00,0.00,1.00,6.00,920.00,0.00,1954.00,0.00,98033.00,47.68,-122.19,1760.00,8400.00
2215902010.00,20140507T000000,275000.00,3.00,2.50,1600.00,7000.00,2.00,0.00,0.00,4.00,8.00,1600.00,0.00,1993.00,0.00,98038.00,47.35,-122.06,1700.00,7000.00
1778350270.00,20140915T000000,665000.00,3.00,2.50,2630.00,10047.00,2.00,0.00,0.00,3.00,9.00,2630.00,0.00,1996.00,0.00,98027.00,47.55,-122.08,2640.00,10620.00
1449000270.00,20140806T000000,670000.00,4.00,2.75,3020.00,13530.00,1.00,0.00,0.00,4.00,8.00,1540.00,1480.00,1977.00,0.00,98052.00,47.63,-122.10,2230.00,11896.00
3755100520.00,20150427T000000,465000.00,3.00,1.75,1490.00,10757.00,1.00,0.00,0.00,3.00,7.00,1060.00,430.00,1966.00,0.00,98034.00,47.72,-122.23,1490.00,10609.00
8651441620.00,20141023T000000,210000.00,3.00,1.50,1160.00,5200.00,1.00,0.00,0.00,5.00,7.00,1160.00,0.00,1970.00,0.00,98042.00,47.36,-122.09,1170.00,5200.00
1321970240.00,20141204T000000,265000.00,4.00,2.50,2040.00,4443.00,2.00,0.00,0.00,3.00,8.00,2040.00,0.00,2001.00,0.00,98092.00,47.32,-122.19,2040.00,4637.00
6816300060.00,20150413T000000,426000.00,2.00,2.50,1550.00,2657.00,2.00,0.00,0.00,4.00,8.00,1550.00,0.00,1987.00,0.00,98033.00,47.70,-122.19,1570.00,2442.00
8563000520.00,20141029T000000,529219.00,4.00,2.25,1990.00,7610.00,1.00,0.00,0.00,4.00,8.00,1290.00,700.00,1966.00,0.00,98008.00,47.62,-122.10,1820.00,8198.00
3663000070.00,20140708T000000,600000.00,3.00,2.25,1900.00,46609.00,1.50,0.00,0.00,4.00,7.00,1440.00,460.00,1969.00,0.00,98072.00,47.75,-122.12,2460.00,43560.00
255400070.00,20140701T000000,875000.00,5.00,3.50,3840.00,8279.00,2.00,0.00,0.00,3.00,9.00,3840.00,0.00,2001.00,0.00,98074.00,47.60,-122.06,3570.00,8279.00
269000070.00,20150106T000000,608000.00,4.00,3.00,2400.00,7680.00,1.00,0.00,0.00,3.00,7.00,1200.00,1200.00,1956.00,0.00,98199.00,47.65,-122.39,2670.00,6342.00
1163400070.00,20141112T000000,220000.00,3.00,1.00,1660.00,21514.00,1.00,0.00,0.00,4.00,7.00,1660.00,0.00,1973.00,0.00,98022.00,47.22,-121.96,1660.00,21600.00
4139420370.00,20140811T000000,1760000.00,4.00,5.00,6055.00,21630.00,1.00,0.00,3.00,4.00,12.00,3555.00,2500.00,1996.00,0.00,98006.00,47.55,-122.11,4890.00,19223.00
2599200160.00,20140818T000000,295450.00,3.00,2.00,2030.00,17120.00,1.00,0.00,2.00,4.00,8.00,1890.00,140.00,1966.00,0.00,98092.00,47.30,-122.19,1870.00,13662.00
1704900135.00,20141111T000000,315000.00,2.00,1.00,840.00,5087.00,1.00,0.00,0.00,3.00,7.00,840.00,0.00,1925.00,0.00,98118.00,47.56,-122.28,1590.00,5087.00
6648701420.00,20150213T000000,205000.00,4.00,2.00,1450.00,8175.00,1.00,0.00,0.00,4.00,7.00,1450.00,0.00,1967.00,0.00,98031.00,47.39,-122.20,1570.00,9024.00
6123000070.00,20140709T000000,310000.00,3.00,1.50,1460.00,9908.00,1.00,0.00,0.00,3.00,7.00,1460.00,0.00,1952.00,0.00,98148.00,47.43,-122.33,1420.00,9582.00
7015200136.00,20150503T000000,1000000.00,5.00,1.00,2010.00,5210.00,1.50,0.00,0.00,3.00,9.00,1890.00,120.00,1927.00,0.00,98119.00,47.65,-122.37,2330.00,5000.00
5104531820.00,20140602T000000,525000.00,4.00,2.50,2910.00,7631.00,2.00,0.00,2.00,3.00,9.00,2910.00,0.00,2006.00,0.00,98038.00,47.36,-122.00,3190.00,5552.00
6620400631.00,20140709T000000,284000.00,4.00,1.75,1880.00,8800.00,1.00,0.00,0.00,3.00,7.00,1130.00,750.00,1960.00,0.00,98168.00,47.51,-122.33,1340.00,8733.00
3582500240.00,20140514T000000,510000.00,3.00,1.75,2170.00,26460.00,1.00,0.00,0.00,3.00,8.00,1450.00,720.00,1986.00,0.00,98074.00,47.61,-122.05,2090.00,29075.00
1529300160.00,20140619T000000,405000.00,2.00,1.00,1260.00,4377.00,1.00,0.00,0.00,4.00,7.00,1260.00,0.00,1947.00,0.00,98103.00,47.70,-122.35,1420.00,6376.00
4027700844.00,20140916T000000,509950.00,3.00,2.50,1970.00,9153.00,2.00,0.00,0.00,3.00,8.00,1970.00,0.00,2007.00,0.00,98028.00,47.77,-122.27,1800.00,9800.00
425069139.00,20141027T000000,600000.00,4.00,2.25,2090.00,45738.00,2.00,0.00,0.00,3.00,8.00,2090.00,0.00,1987.00,0.00,98053.00,47.69,-122.05,3420.00,45738.00
3047700105.00,20150423T000000,990000.00,4.00,3.75,3450.00,4940.00,2.00,0.00,0.00,3.00,10.00,2570.00,880.00,2006.00,0.00,98103.00,47.69,-122.34,1880.00,5387.00
2976800550.00,20150414T000000,280005.00,3.00,1.50,1130.00,7200.00,1.00,0.00,0.00,3.00,7.00,1130.00,0.00,1954.00,0.00,98178.00,47.50,-122.25,1130.00,7200.00
6151800070.00,20140903T000000,700000.00,3.00,1.75,2600.00,7668.00,1.00,0.00,0.00,4.00,8.00,1300.00,1300.00,1968.00,0.00,98010.00,47.34,-122.05,1980.00,13664.00
4364700105.00,20140804T000000,330000.00,3.00,1.00,1030.00,7620.00,1.00,0.00,0.00,3.00,7.00,1030.00,0.00,1953.00,0.00,98126.00,47.53,-122.38,1030.00,7560.00
7893804845.00,20150223T000000,340000.00,2.00,1.00,1700.00,6718.00,1.00,0.00,2.00,3.00,7.00,1230.00,470.00,1956.00,0.00,98198.00,47.41,-122.33,2040.00,7500.00
7694800070.00,20140818T000000,468000.00,2.00,2.50,1480.00,2167.00,2.00,0.00,0.00,3.00,8.00,1390.00,90.00,2007.00,0.00,98052.00,47.67,-122.13,2130.00,2556.00
1922000070.00,20140609T000000,1339000.00,4.00,2.50,4250.00,19387.00,2.00,0.00,2.00,4.00,9.00,3260.00,990.00,1972.00,0.00,98040.00,47.56,-122.21,3690.00,17024.00
4035900060.00,20140919T000000,515000.00,3.00,1.75,1600.00,20873.00,1.00,0.00,0.00,3.00,8.00,1600.00,0.00,1955.00,0.00,98006.00,47.56,-122.18,2640.00,18364.00
8880600070.00,20141112T000000,245000.00,4.00,2.00,1870.00,8750.00,1.00,0.00,2.00,3.00,7.00,1870.00,0.00,1977.00,0.00,98022.00,47.20,-122.00,1770.00,8207.00
739800070.00,20140527T000000,265000.00,3.00,2.50,1440.00,7741.00,1.00,0.00,0.00,4.00,7.00,1000.00,440.00,1983.00,0.00,98031.00,47.40,-122.19,1680.00,7316.00
1561910270.00,20150317T000000,372400.00,3.00,2.50,2720.00,11937.00,2.00,0.00,0.00,3.00,9.00,2720.00,0.00,1990.00,0.00,98031.00,47.42,-122.21,2590.00,9683.00
7305300370.00,20150504T000000,390000.00,3.00,1.50,1240.00,8410.00,1.00,0.00,0.00,5.00,6.00,1240.00,0.00,1948.00,0.00,98155.00,47.75,-122.33,1630.00,8410.00
7345000340.00,20150203T000000,208000.00,3.00,1.00,1020.00,6120.00,1.00,0.00,0.00,4.00,7.00,1020.00,0.00,1967.00,0.00,98002.00,47.28,-122.21,1370.00,8000.00
3971701455.00,20141003T000000,273000.00,2.00,0.50,1180.00,7750.00,1.00,0.00,0.00,4.00,6.00,590.00,590.00,1945.00,0.00,98155.00,47.77,-122.32,1380.00,8976.00
8035350260.00,20141009T000000,455000.00,5.00,3.50,3080.00,7759.00,2.00,0.00,0.00,3.00,8.00,2310.00,770.00,2003.00,0.00,98019.00,47.75,-121.98,2980.00,8223.00
104550520.00,20150330T000000,270000.00,4.00,2.50,1750.00,6397.00,2.00,0.00,0.00,3.00,7.00,1750.00,0.00,1988.00,0.00,98023.00,47.31,-122.36,1940.00,6502.00
4037400295.00,20140730T000000,618000.00,4.00,2.25,2530.00,8736.00,1.00,0.00,0.00,4.00,7.00,1210.00,1320.00,1958.00,0.00,98008.00,47.60,-122.13,1720.00,8500.00
5413200140.00,20141021T000000,213550.00,3.00,2.50,1580.00,8541.00,2.00,0.00,0.00,3.00,7.00,1580.00,0.00,1990.00,0.00,98001.00,47.33,-122.29,1640.00,7542.00
522049104.00,20140729T000000,210000.00,5.00,1.75,2340.00,9148.00,2.00,0.00,0.00,3.00,7.00,2340.00,0.00,1957.00,0.00,98198.00,47.42,-122.32,1390.00,10019.00
3859900060.00,20150112T000000,2750000.00,5.00,4.00,6300.00,16065.00,2.00,0.00,1.00,3.00,12.00,4360.00,1940.00,2004.00,0.00,98004.00,47.59,-122.21,3260.00,17287.00
6145601715.00,20141215T000000,403500.00,4.00,2.75,2400.00,3844.00,1.00,0.00,0.00,5.00,7.00,1200.00,1200.00,1974.00,0.00,98133.00,47.70,-122.35,1100.00,3844.00
1645000310.00,20150225T000000,235000.00,3.00,1.50,1300.00,7600.00,1.00,0.00,0.00,4.00,7.00,1300.00,0.00,1963.00,0.00,98022.00,47.21,-122.01,1570.00,7600.00
7471900045.00,20150421T000000,287500.00,3.00,2.00,1760.00,7147.00,1.00,0.00,0.00,4.00,6.00,880.00,880.00,1936.00,0.00,98055.00,47.48,-122.23,1720.00,7147.00
7697100030.00,20140929T000000,546800.00,4.00,1.50,1520.00,5910.00,1.00,0.00,0.00,3.00,7.00,1020.00,500.00,1946.00,0.00,98115.00,47.69,-122.30,1710.00,5910.00
3313600340.00,20140616T000000,183000.00,3.00,1.75,1070.00,8100.00,1.00,0.00,0.00,4.00,6.00,1070.00,0.00,1957.00,0.00,98002.00,47.29,-122.22,1260.00,8100.00
1921069082.00,20140512T000000,560000.00,3.00,2.00,2560.00,216777.00,1.00,0.00,0.00,3.00,8.00,2560.00,0.00,1986.00,0.00,98092.00,47.30,-122.09,2360.00,108463.00
4263200030.00,20141205T000000,299500.00,3.00,1.00,1280.00,6726.00,1.00,0.00,0.00,3.00,6.00,1280.00,0.00,1958.00,0.00,98144.00,47.57,-122.30,1630.00,5000.00
6918700370.00,20141027T000000,610000.00,4.00,2.25,1660.00,7350.00,1.00,0.00,0.00,3.00,8.00,1660.00,0.00,1965.00,2014.00,98008.00,47.63,-122.12,1790.00,7455.00
8125200483.00,20140609T000000,288350.00,3.00,1.50,1860.00,7963.00,1.00,0.00,0.00,3.00,7.00,1200.00,660.00,1963.00,0.00,98188.00,47.45,-122.27,1800.00,10400.00
1930301555.00,20140701T000000,500000.00,2.00,1.00,950.00,4500.00,1.00,0.00,2.00,3.00,7.00,850.00,100.00,1926.00,0.00,98103.00,47.66,-122.35,1670.00,4000.00
7974200776.00,20141205T000000,625000.00,4.00,2.75,2140.00,4000.00,1.00,0.00,0.00,3.00,7.00,1190.00,950.00,1951.00,0.00,98115.00,47.68,-122.29,2140.00,4770.00
2719100013.00,20150429T000000,418000.00,2.00,1.50,1480.00,1349.00,2.00,0.00,0.00,3.00,7.00,1240.00,240.00,2007.00,0.00,98136.00,47.54,-122.39,1550.00,1349.00
7234601544.00,20140825T000000,660000.00,3.00,3.00,2260.00,1825.00,2.00,0.00,0.00,3.00,8.00,1660.00,600.00,2002.00,0.00,98122.00,47.61,-122.31,2260.00,1834.00
5652601455.00,20140623T000000,775000.00,4.00,2.50,2300.00,6158.00,2.00,0.00,0.00,3.00,9.00,2300.00,0.00,1999.00,0.00,98115.00,47.69,-122.30,2170.00,6434.00
2558600060.00,20150123T000000,429500.00,3.00,2.75,1650.00,7272.00,1.00,0.00,0.00,4.00,7.00,1230.00,420.00,1972.00,0.00,98034.00,47.72,-122.17,1770.00,7272.00
5017000575.00,20141124T000000,569000.00,3.00,2.00,1990.00,3000.00,1.50,0.00,0.00,3.00,7.00,1230.00,760.00,1908.00,1970.00,98112.00,47.63,-122.29,1600.00,4080.00
2796100160.00,20140520T000000,250000.00,4.00,2.00,1960.00,7560.00,1.00,0.00,0.00,5.00,7.00,1160.00,800.00,1978.00,0.00,98031.00,47.41,-122.18,1950.00,7560.00
5470100270.00,20141209T000000,225000.00,3.00,1.50,1310.00,10491.00,1.00,0.00,0.00,4.00,7.00,1310.00,0.00,1969.00,0.00,98042.00,47.37,-122.15,1430.00,9664.00
6112300140.00,20140514T000000,530000.00,4.00,2.75,2450.00,15002.00,1.00,0.00,0.00,5.00,9.00,2450.00,0.00,1974.00,0.00,98166.00,47.43,-122.34,2650.00,15055.00
4024101715.00,20140905T000000,306000.00,3.00,1.00,910.00,8658.00,1.00,0.00,0.00,3.00,7.00,910.00,0.00,1955.00,0.00,98155.00,47.76,-122.30,1170.00,10200.00
3205100060.00,20150413T000000,517100.00,3.00,1.75,1580.00,9719.00,1.00,0.00,0.00,5.00,7.00,1580.00,0.00,1962.00,0.00,98056.00,47.54,-122.18,1760.00,8539.00
4450700030.00,20140822T000000,354950.00,3.00,1.75,1780.00,9689.00,1.00,0.00,0.00,3.00,7.00,1130.00,650.00,1976.00,0.00,98072.00,47.76,-122.16,1660.00,9786.00
7920100083.00,20150414T000000,348000.00,3.00,1.50,1040.00,1824.00,1.00,0.00,0.00,3.00,6.00,1040.00,0.00,1925.00,0.00,98115.00,47.68,-122.30,1010.00,5100.00
1774350160.00,20140718T000000,522250.00,4.00,2.50,2340.00,41600.00,1.00,0.00,0.00,3.00,8.00,1640.00,700.00,1977.00,0.00,98077.00,47.75,-122.08,2340.00,34960.00
2115510340.00,20140604T000000,275000.00,3.00,2.50,1720.00,8755.00,1.00,0.00,0.00,3.00,8.00,1000.00,720.00,1983.00,0.00,98023.00,47.32,-122.39,1720.00,8690.00
8901000445.00,20141218T000000,390000.00,3.00,1.50,1600.00,10440.00,1.00,0.00,0.00,3.00,7.00,1600.00,0.00,1954.00,0.00,98125.00,47.71,-122.31,1600.00,8816.00
6121800060.00,20140910T000000,260000.00,3.00,1.50,1320.00,9750.00,1.00,0.00,0.00,3.00,7.00,1320.00,0.00,1954.00,0.00,98148.00,47.43,-122.33,1530.00,9750.00
8712100320.00,20140728T000000,585000.00,5.00,2.75,2350.00,4178.00,1.50,0.00,0.00,3.00,8.00,1520.00,830.00,1922.00,2015.00,98112.00,47.64,-122.30,1920.00,4178.00
2979800520.00,20140603T000000,605000.00,5.00,2.75,2740.00,5616.00,1.50,0.00,0.00,5.00,7.00,1670.00,1070.00,1925.00,0.00,98115.00,47.69,-122.32,1600.00,4592.00
2331540070.00,20140703T000000,342000.00,4.00,2.50,2300.00,6448.00,2.00,0.00,0.00,3.00,8.00,2300.00,0.00,2001.00,0.00,98030.00,47.38,-122.20,1860.00,5872.00
6345000160.00,20140827T000000,900000.00,5.00,3.00,4350.00,37169.00,2.00,0.00,0.00,3.00,10.00,2950.00,1400.00,1972.00,0.00,98005.00,47.65,-122.16,3280.00,41631.00
5126950340.00,20150330T000000,252000.00,3.00,1.75,1430.00,7700.00,1.00,0.00,0.00,4.00,7.00,980.00,450.00,1981.00,0.00,98031.00,47.40,-122.18,1430.00,8625.00
5152100160.00,20150219T000000,357000.00,3.00,1.75,2400.00,14012.00,1.00,0.00,0.00,3.00,9.00,2400.00,0.00,1971.00,0.00,98003.00,47.34,-122.33,2800.00,13988.00
3298201290.00,20141224T000000,370000.00,3.00,1.00,940.00,7910.00,1.00,0.00,0.00,4.00,6.00,940.00,0.00,1959.00,0.00,98008.00,47.62,-122.12,1000.00,7700.00
428000055.00,20150406T000000,322500.00,3.00,1.00,1020.00,13504.00,1.00,0.00,0.00,5.00,7.00,1020.00,0.00,1959.00,0.00,98056.00,47.51,-122.17,1110.00,11158.00
8698600055.00,20140620T000000,210000.00,2.00,2.00,1680.00,5756.00,2.00,0.00,0.00,4.00,7.00,1680.00,0.00,1910.00,0.00,98002.00,47.31,-122.22,1340.00,5447.00
3034200885.00,20141208T000000,290000.00,2.00,1.00,1340.00,9840.00,1.00,0.00,0.00,3.00,7.00,1340.00,0.00,1949.00,0.00,98133.00,47.72,-122.34,1610.00,8949.00
2538400060.00,20140612T000000,860000.00,4.00,3.25,3960.00,7012.00,2.00,0.00,0.00,3.00,10.00,3960.00,0.00,2005.00,0.00,98075.00,47.59,-122.08,3680.00,8522.00
3145600045.00,20150225T000000,302000.00,6.00,2.00,2650.00,4621.00,1.50,0.00,0.00,3.00,8.00,2650.00,0.00,1911.00,0.00,98118.00,47.55,-122.28,1640.00,4879.00
7183000070.00,20140821T000000,369160.00,4.00,2.25,2120.00,9680.00,2.00,0.00,2.00,4.00,8.00,2120.00,0.00,1965.00,0.00,98003.00,47.34,-122.33,2360.00,9647.00
6788200800.00,20150507T000000,1185000.00,4.00,2.75,2850.00,3000.00,2.50,0.00,0.00,3.00,9.00,2530.00,320.00,2003.00,0.00,98112.00,47.64,-122.30,2083.00,4500.00
824059083.00,20140902T000000,993000.00,4.00,2.00,2850.00,14810.00,2.00,0.00,0.00,5.00,8.00,2490.00,360.00,1954.00,0.00,98004.00,47.59,-122.20,2430.00,10454.00
2724069117.00,20141114T000000,380000.00,6.00,2.00,1870.00,6969.00,1.00,0.00,0.00,4.00,7.00,1870.00,0.00,1968.00,0.00,98027.00,47.53,-122.04,1500.00,6969.00
9157600060.00,20140910T000000,635000.00,4.00,2.00,2660.00,8160.00,1.00,0.00,0.00,4.00,7.00,1380.00,1280.00,1949.00,0.00,98177.00,47.72,-122.36,1660.00,8160.00
943100262.00,20141030T000000,260000.00,3.00,1.00,1190.00,11120.00,1.00,0.00,0.00,3.00,6.00,1190.00,0.00,1947.00,0.00,98024.00,47.57,-121.90,1230.00,12720.00
3810000465.00,20140520T000000,243000.00,2.00,1.00,1770.00,5522.00,1.50,0.00,0.00,4.00,7.00,960.00,810.00,1943.00,0.00,98178.00,47.50,-122.23,1830.00,7378.00
2451000070.00,20150402T000000,1400000.00,4.00,2.50,2770.00,8879.00,2.00,0.00,0.00,3.00,9.00,2770.00,0.00,2001.00,0.00,98004.00,47.58,-122.19,2770.00,8882.00
7640400070.00,20140915T000000,665000.00,4.00,2.50,2080.00,8100.00,1.00,0.00,2.00,5.00,8.00,1220.00,860.00,1952.00,0.00,98177.00,47.72,-122.37,2090.00,8100.00
7732410370.00,20140909T000000,898000.00,5.00,2.25,2700.00,9000.00,2.00,0.00,0.00,5.00,9.00,2700.00,0.00,1987.00,0.00,98007.00,47.66,-122.15,2630.00,9000.00
3253500030.00,20140725T000000,583000.00,4.00,2.75,2200.00,9453.00,1.00,0.00,0.00,5.00,8.00,1100.00,1100.00,1955.00,0.00,98144.00,47.57,-122.31,1390.00,5355.00
2128000160.00,20141204T000000,429000.00,4.00,1.75,2160.00,7700.00,2.00,0.00,0.00,2.00,8.00,2160.00,0.00,1977.00,0.00,98033.00,47.70,-122.17,2080.00,7700.00
3764650070.00,20141216T000000,471000.00,3.00,2.50,2010.00,4059.00,2.00,0.00,0.00,3.00,8.00,2010.00,0.00,1998.00,0.00,98034.00,47.73,-122.20,2010.00,5779.00
1118000465.00,20150312T000000,1810000.00,3.00,3.50,3780.00,8295.00,2.00,0.00,0.00,3.00,9.00,2430.00,1350.00,1951.00,0.00,98112.00,47.64,-122.29,3780.00,9127.00
2622059062.00,20141015T000000,739500.00,3.00,3.25,4460.00,51177.00,2.00,0.00,0.00,3.00,9.00,4460.00,0.00,2005.00,0.00,98042.00,47.36,-122.14,2670.00,38925.00
2211700160.00,20140512T000000,450000.00,3.00,1.50,1770.00,17208.00,1.00,0.00,0.00,3.00,8.00,1160.00,610.00,1959.00,0.00,98006.00,47.57,-122.12,2450.00,17118.00
9376301180.00,20150408T000000,552500.00,3.00,1.00,1430.00,5000.00,1.00,0.00,0.00,3.00,7.00,1430.00,0.00,1949.00,0.00,98117.00,47.69,-122.37,1210.00,5000.00
2203500570.00,20150217T000000,437000.00,4.00,1.75,1700.00,10642.00,1.00,0.00,0.00,4.00,7.00,850.00,850.00,1954.00,0.00,98006.00,47.57,-122.14,1610.00,11200.00
3634100030.00,20150109T000000,270000.00,4.00,2.00,1830.00,5220.00,1.50,0.00,0.00,3.00,7.00,1830.00,0.00,1951.00,0.00,98118.00,47.53,-122.28,1760.00,5757.00
2599200830.00,20140716T000000,226740.00,3.00,1.50,1410.00,8800.00,1.00,0.00,0.00,4.00,7.00,1410.00,0.00,1965.00,0.00,98092.00,47.29,-122.18,2180.00,10108.00
4140090370.00,20150218T000000,446500.00,4.00,2.50,3060.00,7920.00,1.00,0.00,0.00,3.00,8.00,1810.00,1250.00,1974.00,0.00,98028.00,47.77,-122.26,2690.00,7767.00
2320069083.00,20141125T000000,283000.00,3.00,2.00,1820.00,15068.00,2.00,0.00,2.00,3.00,7.00,1520.00,300.00,1920.00,2014.00,98022.00,47.21,-122.00,1490.00,9589.00
6893300295.00,20140715T000000,445000.00,4.00,1.75,2430.00,13211.00,1.50,0.00,0.00,4.00,7.00,2430.00,0.00,1909.00,1978.00,98024.00,47.52,-121.93,1330.00,10500.00
7454000030.00,20140816T000000,250000.00,2.00,1.00,740.00,6840.00,1.00,0.00,0.00,5.00,6.00,740.00,0.00,1942.00,0.00,98126.00,47.52,-122.38,740.00,6840.00
7454001090.00,20150309T000000,307000.00,3.00,1.00,770.00,6552.00,1.00,0.00,0.00,3.00,6.00,670.00,100.00,1942.00,0.00,98146.00,47.51,-122.37,920.00,7200.00
2944500340.00,20140721T000000,315000.00,4.00,2.75,2200.00,8580.00,1.00,0.00,0.00,3.00,8.00,1860.00,340.00,1991.00,0.00,98023.00,47.30,-122.37,2290.00,7816.00
2346800270.00,20150106T000000,555000.00,3.00,3.00,2920.00,23085.00,1.50,0.00,2.00,3.00,7.00,1540.00,1380.00,1908.00,0.00,98136.00,47.52,-122.40,2270.00,18180.00
2796100640.00,20150424T000000,264900.00,4.00,2.50,2040.00,7000.00,1.00,0.00,0.00,3.00,7.00,1250.00,790.00,1979.00,0.00,98031.00,47.41,-122.18,1900.00,7378.00
993000046.00,20140922T000000,510000.00,3.00,2.00,1600.00,4510.00,1.00,0.00,0.00,3.00,7.00,990.00,610.00,1978.00,0.00,98103.00,47.69,-122.34,1580.00,4561.00
2333230270.00,20140814T000000,328000.00,4.00,2.50,1990.00,3980.00,2.00,0.00,0.00,3.00,7.00,1990.00,0.00,2002.00,0.00,98058.00,47.44,-122.17,1990.00,4373.00
5104510340.00,20150504T000000,358000.00,4.00,2.50,1830.00,7308.00,2.00,0.00,0.00,3.00,7.00,1830.00,0.00,2002.00,0.00,98038.00,47.36,-122.02,1830.00,5692.00
2517000700.00,20150421T000000,325000.00,3.00,2.50,2540.00,4260.00,2.00,0.00,0.00,3.00,7.00,2540.00,0.00,2005.00,0.00,98042.00,47.40,-122.16,2190.00,4260.00
1724069062.00,20140714T000000,1365000.00,2.00,3.25,2700.00,3444.00,3.00,1.00,3.00,3.00,9.00,2700.00,0.00,1990.00,0.00,98075.00,47.57,-122.06,2710.00,3444.00
5556800260.00,20150305T000000,230000.00,4.00,2.00,1440.00,10800.00,1.00,0.00,0.00,4.00,7.00,1440.00,0.00,1967.00,0.00,98001.00,47.34,-122.28,1190.00,7380.00
2771603610.00,20150423T000000,545000.00,3.00,2.00,1550.00,4000.00,1.00,0.00,0.00,3.00,7.00,940.00,610.00,1955.00,0.00,98199.00,47.64,-122.39,1880.00,4000.00
3629910240.00,20140505T000000,705380.00,3.00,2.50,2490.00,4343.00,2.00,0.00,0.00,3.00,9.00,2490.00,0.00,2003.00,0.00,98029.00,47.55,-121.99,2130.00,4106.00
5634500036.00,20140820T000000,459000.00,5.00,2.50,2650.00,12987.00,1.00,0.00,0.00,4.00,7.00,1350.00,1300.00,1979.00,0.00,98028.00,47.75,-122.24,2160.00,12726.00
2887703066.00,20140528T000000,815000.00,4.00,2.25,2000.00,3800.00,2.00,0.00,0.00,3.00,8.00,2000.00,0.00,2001.00,0.00,98115.00,47.69,-122.31,1610.00,3800.00
3185600055.00,20140611T000000,495000.00,6.00,5.00,3440.00,4500.00,2.00,0.00,0.00,3.00,8.00,3280.00,160.00,2007.00,0.00,98055.00,47.49,-122.22,1400.00,5500.00
1421069159.00,20141110T000000,520000.00,3.00,2.50,2280.00,58712.00,2.50,0.00,3.00,3.00,9.00,2280.00,0.00,1987.00,0.00,98010.00,47.31,-122.00,2240.00,24332.00
476000335.00,20141217T000000,430000.00,2.00,1.50,1320.00,1194.00,3.00,0.00,0.00,3.00,7.00,1320.00,0.00,2001.00,0.00,98107.00,47.67,-122.39,1320.00,1250.00
251300260.00,20140515T000000,255000.00,4.00,2.50,2070.00,7800.00,2.00,0.00,0.00,3.00,8.00,2070.00,0.00,1989.00,0.00,98003.00,47.35,-122.32,1950.00,7815.00
2887700140.00,20140707T000000,588000.00,3.00,2.00,1860.00,4777.00,2.00,0.00,0.00,5.00,7.00,1860.00,0.00,1908.00,0.00,98115.00,47.69,-122.31,1580.00,3822.00
3298201170.00,20141110T000000,350000.00,3.00,1.00,940.00,7811.00,1.00,0.00,0.00,3.00,6.00,940.00,0.00,1959.00,0.00,98008.00,47.62,-122.12,1180.00,7490.00
2024059084.00,20150313T000000,625000.00,4.00,2.75,2290.00,21486.00,1.00,0.00,2.00,5.00,7.00,2290.00,0.00,1963.00,0.00,98006.00,47.55,-122.19,2540.00,15936.00
7229700105.00,20150424T000000,172500.00,2.00,2.00,1510.00,20685.00,1.00,0.00,0.00,2.00,6.00,1250.00,260.00,1958.00,0.00,98059.00,47.48,-122.12,1490.00,29527.00
2313900560.00,20140825T000000,554000.00,3.00,2.00,1830.00,3500.00,1.50,0.00,0.00,5.00,7.00,1290.00,540.00,1909.00,0.00,98116.00,47.57,-122.38,1530.00,4000.00
6192400400.00,20140728T000000,775000.00,4.00,2.50,3090.00,7112.00,2.00,0.00,0.00,3.00,9.00,3090.00,0.00,2001.00,0.00,98052.00,47.71,-122.12,3050.00,6000.00
1425069116.00,20141107T000000,1187500.00,4.00,3.50,4340.00,217800.00,2.00,0.00,0.00,3.00,11.00,4340.00,0.00,2003.00,0.00,98053.00,47.65,-122.01,3430.00,219106.00
3582900200.00,20141028T000000,618000.00,3.00,2.75,3200.00,12682.00,2.00,0.00,1.00,3.00,9.00,3200.00,0.00,1977.00,0.00,98028.00,47.74,-122.26,2880.00,10432.00
243000335.00,20140929T000000,305000.00,4.00,1.00,1560.00,8450.00,1.50,0.00,0.00,4.00,6.00,1560.00,0.00,1954.00,0.00,98166.00,47.46,-122.35,1380.00,8100.00
7760400350.00,20141205T000000,232000.00,3.00,2.00,1280.00,13356.00,1.00,0.00,0.00,3.00,7.00,1280.00,0.00,1994.00,0.00,98042.00,47.37,-122.07,1590.00,8071.00
128500260.00,20140508T000000,262000.00,4.00,2.50,2020.00,6236.00,2.00,0.00,0.00,3.00,7.00,2020.00,0.00,2002.00,0.00,98001.00,47.28,-122.25,1940.00,5076.00
1697000370.00,20150325T000000,234000.00,3.00,1.00,1040.00,8122.00,1.00,0.00,0.00,5.00,7.00,1040.00,0.00,1971.00,0.00,98198.00,47.37,-122.31,1470.00,8676.00
8902000267.00,20150402T000000,500000.00,4.00,2.75,2260.00,7209.00,1.00,0.00,3.00,3.00,7.00,1330.00,930.00,2002.00,0.00,98125.00,47.71,-122.30,1790.00,10860.00
1218000030.00,20140827T000000,278000.00,3.00,1.00,860.00,7632.00,1.00,0.00,0.00,3.00,6.00,860.00,0.00,1920.00,0.00,98166.00,47.46,-122.35,890.00,7632.00
6099400140.00,20140904T000000,230000.00,5.00,1.00,1920.00,19040.00,1.00,0.00,0.00,3.00,7.00,1160.00,760.00,1961.00,0.00,98168.00,47.48,-122.29,1920.00,11520.00
5710600030.00,20140922T000000,500000.00,4.00,1.75,2290.00,9215.00,1.00,0.00,0.00,5.00,8.00,1270.00,1020.00,1969.00,0.00,98027.00,47.53,-122.05,2290.00,10200.00
7304300570.00,20140519T000000,366500.00,4.00,2.75,2070.00,9300.00,1.00,0.00,0.00,5.00,7.00,1120.00,950.00,1945.00,0.00,98155.00,47.74,-122.32,1010.00,8308.00
1702901180.00,20140611T000000,665000.00,6.00,3.00,4250.00,4400.00,2.50,0.00,0.00,4.00,7.00,3020.00,1230.00,1902.00,0.00,98118.00,47.56,-122.28,1520.00,4950.00
3508100135.00,20150316T000000,1101000.00,3.00,1.50,2220.00,4830.00,2.00,0.00,3.00,3.00,9.00,1790.00,430.00,1928.00,2010.00,98116.00,47.58,-122.40,1670.00,4830.00
4443800030.00,20141201T000000,575000.00,2.00,1.75,1840.00,4076.00,1.00,0.00,0.00,3.00,8.00,1140.00,700.00,1957.00,0.00,98117.00,47.69,-122.39,1540.00,4076.00
2553300140.00,20141103T000000,674750.00,4.00,2.50,2590.00,9753.00,2.00,0.00,0.00,3.00,10.00,2590.00,0.00,1993.00,0.00,98075.00,47.58,-122.03,2800.00,9917.00
4154300465.00,20140916T000000,719000.00,5.00,2.00,3110.00,6131.00,1.00,0.00,0.00,5.00,7.00,1560.00,1550.00,1940.00,0.00,98118.00,47.56,-122.28,1720.00,6600.00
3623029045.00,20140925T000000,482000.00,3.00,1.75,2600.00,105587.00,1.00,0.00,0.00,4.00,7.00,1300.00,1300.00,1980.00,0.00,98070.00,47.45,-122.50,1941.00,208438.00
9371700125.00,20140528T000000,254000.00,2.00,1.00,1060.00,8187.00,1.00,0.00,0.00,4.00,6.00,1060.00,0.00,1952.00,0.00,98133.00,47.75,-122.35,1260.00,8188.00
4443800810.00,20140819T000000,443725.00,3.00,1.75,1250.00,3880.00,1.00,0.00,0.00,4.00,7.00,750.00,500.00,1944.00,0.00,98117.00,47.69,-122.39,1240.00,3880.00
1330900570.00,20141106T000000,575000.00,4.00,2.50,2520.00,35636.00,2.00,0.00,0.00,3.00,8.00,2520.00,0.00,1980.00,0.00,98053.00,47.65,-122.03,2230.00,35673.00
4017110200.00,20150127T000000,469000.00,3.00,2.25,2070.00,9957.00,1.00,0.00,0.00,3.00,8.00,1440.00,630.00,1977.00,0.00,98155.00,47.78,-122.28,2070.00,10158.00
303000445.00,20140523T000000,175000.00,2.00,1.00,1300.00,44431.00,1.00,0.00,0.00,5.00,6.00,1300.00,0.00,1958.00,0.00,98001.00,47.33,-122.27,1470.00,14850.00
7857003505.00,20140909T000000,437000.00,5.00,2.00,2190.00,8316.00,1.00,0.00,0.00,3.00,7.00,1390.00,800.00,1961.00,0.00,98108.00,47.55,-122.30,2010.00,8316.00
4027701291.00,20140820T000000,550000.00,4.00,3.00,2760.00,13113.00,1.00,0.00,0.00,4.00,8.00,1760.00,1000.00,1974.00,0.00,98028.00,47.77,-122.27,1900.00,13113.00
3831200200.00,20150420T000000,172040.00,3.00,2.25,1710.00,7134.00,1.00,0.00,0.00,4.00,7.00,1130.00,580.00,1979.00,0.00,98031.00,47.39,-122.19,1790.00,7455.00
4123830070.00,20141224T000000,363000.00,3.00,2.00,1750.00,7000.00,1.00,0.00,0.00,3.00,8.00,1750.00,0.00,1993.00,0.00,98038.00,47.37,-122.04,1840.00,6969.00
8946750140.00,20150430T000000,282000.00,3.00,2.25,1552.00,3600.00,2.00,0.00,0.00,3.00,7.00,1552.00,0.00,2012.00,0.00,98092.00,47.32,-122.18,1677.00,3600.00
7129300400.00,20140814T000000,400000.00,6.00,2.00,2350.00,6554.00,2.00,0.00,1.00,3.00,8.00,2000.00,350.00,1905.00,0.00,98178.00,47.51,-122.26,1560.00,6554.00
2126059234.00,20140924T000000,650000.00,5.00,3.50,5110.00,10018.00,2.00,0.00,0.00,3.00,10.00,3850.00,1260.00,2003.00,0.00,98034.00,47.73,-122.17,1790.00,10018.00
621069074.00,20140603T000000,365000.00,3.00,2.50,1720.00,99916.00,2.00,0.00,0.00,4.00,7.00,1720.00,0.00,1990.00,0.00,98042.00,47.34,-122.09,1340.00,73180.00
7879600070.00,20141024T000000,269950.00,4.00,2.50,1960.00,7230.00,2.00,0.00,0.00,3.00,8.00,1960.00,0.00,2002.00,0.00,98023.00,47.29,-122.36,1850.00,7208.00
6151800486.00,20140718T000000,260000.00,2.00,1.00,1270.00,19602.00,1.00,0.00,0.00,3.00,6.00,1270.00,0.00,1977.00,0.00,98010.00,47.34,-122.05,1270.00,17699.00
8581200160.00,20141024T000000,193000.00,3.00,1.50,1180.00,7000.00,1.00,0.00,0.00,4.00,7.00,1180.00,0.00,1977.00,0.00,98023.00,47.30,-122.37,1630.00,7500.00
2395710070.00,20140725T000000,340000.00,4.00,2.25,2230.00,6791.00,2.00,0.00,0.00,3.00,8.00,2230.00,0.00,2005.00,0.00,98038.00,47.38,-122.03,2420.00,6297.00
6669100070.00,20140512T000000,900000.00,4.00,3.25,4700.00,38412.00,2.00,0.00,0.00,3.00,10.00,3420.00,1280.00,1978.00,0.00,98005.00,47.64,-122.17,3640.00,35571.00
8856920070.00,20141021T000000,371000.00,3.00,2.50,2150.00,8361.00,2.00,0.00,0.00,3.00,8.00,2150.00,0.00,1991.00,0.00,98058.00,47.46,-122.13,2150.00,9368.00
323089084.00,20140827T000000,592000.00,3.00,2.50,2400.00,81892.00,2.00,0.00,0.00,3.00,8.00,2400.00,0.00,1985.00,0.00,98045.00,47.50,-121.77,1370.00,37270.00
798000342.00,20140815T000000,300000.00,3.00,2.50,1830.00,12750.00,2.00,0.00,0.00,3.00,7.00,1830.00,0.00,1991.00,0.00,98168.00,47.50,-122.33,1610.00,10000.00
5104511840.00,20140827T000000,449950.00,4.00,3.00,2800.00,6977.00,2.00,0.00,0.00,3.00,8.00,2800.00,0.00,2003.00,0.00,98038.00,47.35,-122.01,2800.00,6600.00
5205000400.00,20141022T000000,299500.00,3.00,2.50,2090.00,7163.00,2.00,0.00,0.00,3.00,8.00,2090.00,0.00,1989.00,0.00,98003.00,47.27,-122.30,2320.00,8634.00
8565900160.00,20150326T000000,995000.00,4.00,2.25,2340.00,13406.00,1.00,0.00,0.00,4.00,9.00,2340.00,0.00,1963.00,0.00,98040.00,47.54,-122.22,2340.00,10743.00
4302700445.00,20140923T000000,335000.00,4.00,1.75,1670.00,9472.00,1.00,0.00,0.00,3.00,7.00,1100.00,570.00,1960.00,0.00,98106.00,47.53,-122.36,1080.00,5195.00
2413300240.00,20141110T000000,280000.00,4.00,2.25,1990.00,7350.00,1.00,0.00,0.00,4.00,8.00,1180.00,810.00,1978.00,0.00,98003.00,47.33,-122.33,2030.00,7210.00
9477201620.00,20140516T000000,446000.00,4.00,2.25,2270.00,7800.00,1.00,0.00,0.00,3.00,7.00,1290.00,980.00,1977.00,0.00,98034.00,47.73,-122.19,1480.00,7280.00
3395000070.00,20140927T000000,1544500.00,4.00,2.75,4910.00,15139.00,1.00,0.00,0.00,4.00,10.00,2560.00,2350.00,1964.00,0.00,98004.00,47.64,-122.22,3980.00,15139.00
3336000791.00,20150407T000000,325000.00,3.00,1.00,950.00,4500.00,1.00,0.00,0.00,4.00,6.00,950.00,0.00,1943.00,0.00,98118.00,47.53,-122.27,1140.00,4500.00
1087700030.00,20140619T000000,450000.00,3.00,1.75,1610.00,11200.00,1.00,0.00,0.00,3.00,7.00,1610.00,0.00,1955.00,0.00,98033.00,47.66,-122.18,1610.00,11200.00
8856970570.00,20141027T000000,322500.00,4.00,2.50,1940.00,7107.00,2.00,0.00,0.00,3.00,7.00,1940.00,0.00,2000.00,0.00,98038.00,47.38,-122.03,1850.00,5705.00
2206700295.00,20140915T000000,453000.00,3.00,1.00,1210.00,9473.00,1.00,0.00,0.00,5.00,7.00,1210.00,0.00,1955.00,0.00,98006.00,47.56,-122.14,1700.00,11465.00
293910030.00,20141008T000000,655000.00,4.00,2.50,2570.00,4412.00,2.00,0.00,0.00,3.00,9.00,2570.00,0.00,2001.00,0.00,98034.00,47.71,-122.23,2460.00,5470.00
9547205660.00,20150504T000000,603000.00,3.00,2.25,1700.00,2800.00,2.00,0.00,0.00,5.00,7.00,1150.00,550.00,1926.00,0.00,98115.00,47.68,-122.31,1500.00,3400.00
8856004400.00,20140902T000000,235000.00,4.00,1.00,1610.00,24000.00,1.50,0.00,0.00,3.00,6.00,1610.00,0.00,1947.00,0.00,98001.00,47.28,-122.25,1270.00,9600.00
3888100128.00,20140728T000000,968933.00,4.00,3.50,4120.00,7304.00,2.00,0.00,0.00,3.00,11.00,3070.00,1050.00,2006.00,0.00,98033.00,47.68,-122.17,2470.00,9600.00
8562900240.00,20141114T000000,1015000.00,3.00,3.50,2880.00,11340.00,1.00,0.00,0.00,3.00,8.00,1690.00,1190.00,1980.00,2013.00,98074.00,47.61,-122.06,2530.00,11340.00
1088000030.00,20141203T000000,435000.00,4.00,2.25,1990.00,8548.00,2.00,0.00,0.00,3.00,8.00,1990.00,0.00,1973.00,0.00,98033.00,47.67,-122.18,2320.00,8926.00
1545800640.00,20140618T000000,242000.00,3.00,2.00,1260.00,8092.00,1.00,0.00,0.00,3.00,7.00,1260.00,0.00,1986.00,0.00,98038.00,47.36,-122.05,1950.00,8092.00
3020079078.00,20141027T000000,487000.00,6.00,3.25,4750.00,248600.00,2.00,0.00,0.00,4.00,8.00,4750.00,0.00,1947.00,0.00,98022.00,47.19,-121.97,2230.00,311610.00
11520640.00,20140801T000000,810000.00,4.00,2.75,3010.00,10450.00,2.00,0.00,0.00,3.00,9.00,3010.00,0.00,1996.00,0.00,98052.00,47.70,-122.11,3010.00,10530.00
3407700046.00,20140624T000000,625000.00,3.00,2.50,2410.00,64073.00,1.00,0.00,0.00,4.00,8.00,1820.00,590.00,1976.00,0.00,98072.00,47.75,-122.14,2980.00,48760.00
7696600240.00,20141023T000000,165000.00,3.00,1.50,1280.00,7742.00,1.00,0.00,0.00,3.00,7.00,1280.00,0.00,1973.00,0.00,98001.00,47.33,-122.28,1566.00,7696.00
3904100106.00,20150427T000000,335000.00,3.00,1.00,2320.00,6750.00,1.00,0.00,0.00,3.00,7.00,1160.00,1160.00,1960.00,0.00,98118.00,47.53,-122.28,1230.00,6075.00
7849201600.00,20140724T000000,286700.00,3.00,1.00,1220.00,6600.00,1.00,0.00,0.00,3.00,6.00,1220.00,0.00,1958.00,0.00,98065.00,47.53,-121.83,1100.00,6600.00
8924100111.00,20150424T000000,699000.00,2.00,1.50,1400.00,4050.00,1.00,0.00,0.00,4.00,8.00,1400.00,0.00,1954.00,0.00,98115.00,47.68,-122.27,1900.00,5940.00
2221000070.00,20150327T000000,280000.00,3.00,1.75,1590.00,7280.00,1.00,0.00,0.00,3.00,7.00,1140.00,450.00,1974.00,0.00,98058.00,47.43,-122.15,1590.00,9634.00
8078350030.00,20140602T000000,580000.00,4.00,2.50,2220.00,7064.00,2.00,0.00,0.00,3.00,8.00,2220.00,0.00,1988.00,0.00,98029.00,47.57,-122.02,2220.00,7451.00
8682281710.00,20140620T000000,754800.00,2.00,2.50,2770.00,7781.00,2.00,0.00,0.00,3.00,8.00,2770.00,0.00,2006.00,0.00,98053.00,47.71,-122.02,1870.00,5984.00
1383500070.00,20150210T000000,525000.00,4.00,2.50,2303.00,16801.00,2.00,0.00,0.00,3.00,8.00,2303.00,0.00,1995.00,0.00,98019.00,47.73,-121.97,2080.00,14013.00
6744700181.00,20150217T000000,562000.00,3.00,1.75,1600.00,10530.00,1.00,0.00,2.00,3.00,8.00,1600.00,0.00,1962.00,0.00,98155.00,47.74,-122.29,2590.00,8274.00
6728700075.00,20140520T000000,575000.00,4.00,1.75,1280.00,6060.00,1.00,0.00,0.00,3.00,7.00,860.00,420.00,1926.00,0.00,98117.00,47.68,-122.36,1490.00,4680.00
3630180240.00,20140711T000000,808900.00,5.00,2.50,2900.00,5901.00,2.00,0.00,0.00,3.00,9.00,2900.00,0.00,2006.00,0.00,98027.00,47.54,-122.00,3200.00,5775.00
2162000160.00,20150303T000000,992000.00,3.00,2.25,2950.00,15207.00,1.00,0.00,0.00,4.00,10.00,2070.00,880.00,1966.00,0.00,98040.00,47.56,-122.22,2950.00,22000.00
705700140.00,20140919T000000,335000.00,3.00,2.50,1700.00,6698.00,2.00,0.00,0.00,3.00,7.00,1700.00,0.00,1997.00,0.00,98038.00,47.38,-122.03,2190.00,7346.00
9423400193.00,20141226T000000,473000.00,3.00,2.75,1050.00,7200.00,1.00,0.00,0.00,3.00,7.00,1050.00,0.00,1985.00,0.00,98125.00,47.72,-122.30,1860.00,9000.00
5137200140.00,20150325T000000,350000.00,4.00,2.75,2990.00,11210.00,1.00,0.00,1.00,4.00,8.00,1880.00,1110.00,1977.00,0.00,98023.00,47.34,-122.34,2790.00,9858.00
5026900160.00,20150424T000000,1600000.00,5.00,2.50,3100.00,5374.00,2.50,0.00,0.00,4.00,9.00,3100.00,0.00,1906.00,0.00,98122.00,47.62,-122.28,2180.00,5800.00
4024101052.00,20141217T000000,305500.00,3.00,1.00,1240.00,6090.00,1.00,0.00,0.00,4.00,7.00,1240.00,0.00,1950.00,0.00,98155.00,47.75,-122.31,1550.00,9096.00
1726069051.00,20140523T000000,306000.00,2.00,1.00,780.00,13500.00,1.00,0.00,0.00,4.00,7.00,780.00,0.00,1946.00,1989.00,98077.00,47.74,-122.07,2200.00,67518.00
6300000693.00,20141202T000000,233000.00,2.00,2.25,850.00,1656.00,2.00,0.00,0.00,3.00,8.00,850.00,0.00,2001.00,0.00,98133.00,47.71,-122.34,850.00,1312.00
6413100270.00,20150331T000000,490000.00,3.00,1.75,1540.00,9000.00,1.00,0.00,0.00,3.00,8.00,1540.00,0.00,1971.00,0.00,98125.00,47.72,-122.32,1710.00,7488.00
7215420160.00,20140701T000000,445000.00,4.00,2.50,2280.00,42077.00,2.00,0.00,0.00,3.00,8.00,2280.00,0.00,1994.00,0.00,98042.00,47.34,-122.08,2280.00,36236.00
7878400135.00,20141120T000000,355000.00,3.00,2.25,2550.00,9674.00,1.00,0.00,0.00,3.00,7.00,1850.00,700.00,1959.00,0.00,98178.00,47.49,-122.25,2240.00,9674.00
2597710070.00,20150402T000000,360000.00,2.00,2.00,1770.00,7607.00,1.00,0.00,0.00,4.00,8.00,1770.00,0.00,1987.00,0.00,98058.00,47.43,-122.16,2090.00,7109.00
9244900248.00,20140709T000000,737500.00,3.00,1.75,2320.00,10900.00,2.00,0.00,0.00,3.00,7.00,2320.00,0.00,1935.00,1974.00,98115.00,47.69,-122.28,1610.00,5800.00
824059277.00,20141215T000000,985000.00,3.00,3.50,2600.00,11920.00,2.00,0.00,0.00,5.00,8.00,2600.00,0.00,1969.00,0.00,98004.00,47.58,-122.19,2430.00,10050.00
3278601940.00,20140806T000000,349950.00,2.00,3.25,1570.00,2031.00,2.00,0.00,0.00,3.00,8.00,1310.00,260.00,2006.00,0.00,98126.00,47.55,-122.38,1570.00,2039.00
7853250160.00,20150220T000000,520000.00,4.00,2.50,3060.00,7161.00,2.00,0.00,0.00,3.00,8.00,2860.00,200.00,2005.00,0.00,98065.00,47.54,-121.88,2950.00,6822.00
1163100070.00,20141217T000000,355950.00,4.00,2.50,1960.00,8540.00,1.00,0.00,0.00,3.00,7.00,1220.00,740.00,1955.00,0.00,98177.00,47.77,-122.36,1910.00,9120.00
8106300510.00,20141229T000000,485000.00,5.00,2.50,3270.00,6129.00,2.00,0.00,0.00,3.00,9.00,3270.00,0.00,2004.00,0.00,98055.00,47.45,-122.21,2980.00,5928.00
4239400960.00,20141212T000000,143000.00,3.00,1.00,1090.00,3315.00,1.00,0.00,0.00,4.00,6.00,1090.00,0.00,1969.00,0.00,98092.00,47.32,-122.18,960.00,3120.00
7524900003.00,20141210T000000,3278000.00,2.00,1.75,6840.00,10000.00,2.50,1.00,4.00,3.00,11.00,4350.00,2490.00,2001.00,0.00,98008.00,47.60,-122.11,3120.00,12300.00
3893100327.00,20140723T000000,355000.00,3.00,1.00,940.00,8512.00,1.00,0.00,0.00,4.00,7.00,940.00,0.00,1967.00,0.00,98033.00,47.70,-122.19,1060.00,8512.00
7856640560.00,20140604T000000,1126000.00,5.00,3.50,3880.00,13885.00,2.00,0.00,3.00,4.00,9.00,2540.00,1340.00,1979.00,0.00,98006.00,47.57,-122.16,3690.00,13885.00
7206900075.00,20140818T000000,200000.00,5.00,1.75,1770.00,15525.00,1.00,0.00,0.00,4.00,7.00,1770.00,0.00,1959.00,0.00,98059.00,47.50,-122.14,1370.00,10395.00
8691310070.00,20140618T000000,913000.00,4.00,2.50,3640.00,10576.00,2.00,0.00,0.00,3.00,11.00,3640.00,0.00,1999.00,0.00,98075.00,47.59,-121.98,3370.00,10351.00
4389200796.00,20140522T000000,1600000.00,3.00,2.50,3160.00,12824.00,1.00,0.00,2.00,4.00,9.00,1820.00,1340.00,1966.00,0.00,98004.00,47.62,-122.22,3390.00,11985.00
7436300160.00,20140625T000000,409900.00,2.00,2.50,1590.00,1845.00,2.00,0.00,0.00,3.00,9.00,1590.00,0.00,1997.00,0.00,98033.00,47.69,-122.18,2320.00,3174.00
7896300070.00,20150501T000000,265000.00,4.00,1.00,1290.00,6034.00,1.00,0.00,0.00,3.00,6.00,1050.00,240.00,1950.00,0.00,98118.00,47.52,-122.29,1060.00,6034.00
2425059074.00,20150410T000000,740000.00,5.00,3.00,3655.00,51836.00,1.00,0.00,0.00,5.00,8.00,2174.00,1481.00,1955.00,0.00,98008.00,47.64,-122.12,2530.00,8606.00
2111010340.00,20140612T000000,306000.00,4.00,2.50,2490.00,8124.00,2.00,0.00,0.00,3.00,7.00,2490.00,0.00,2001.00,0.00,98092.00,47.33,-122.17,2760.00,6300.00
7852150140.00,20141007T000000,381000.00,3.00,2.50,1470.00,3999.00,2.00,0.00,0.00,3.00,7.00,1470.00,0.00,2003.00,0.00,98065.00,47.53,-121.87,1960.00,4444.00
1370800830.00,20150505T000000,1220000.00,3.00,3.25,3960.00,6132.00,2.00,0.00,3.00,3.00,10.00,2600.00,1360.00,1933.00,0.00,98199.00,47.64,-122.41,2730.00,5221.00
7632400400.00,20150320T000000,1050000.00,3.00,3.50,3190.00,29982.00,1.00,0.00,3.00,4.00,8.00,2630.00,560.00,1941.00,0.00,98166.00,47.46,-122.37,2600.00,19878.00
5220300140.00,20140903T000000,408000.00,2.00,1.00,810.00,7440.00,1.00,0.00,0.00,5.00,6.00,810.00,0.00,1948.00,0.00,98133.00,47.73,-122.35,830.00,7500.00
2568200140.00,20140625T000000,739900.00,5.00,2.50,2980.00,5377.00,2.00,0.00,0.00,3.00,9.00,2980.00,0.00,2006.00,0.00,98052.00,47.71,-122.10,3150.00,6593.00
1137300340.00,20141121T000000,674250.00,4.00,2.50,2780.00,35000.00,1.00,0.00,0.00,4.00,9.00,2780.00,0.00,1985.00,0.00,98072.00,47.74,-122.09,2740.00,35072.00
7640400106.00,20140911T000000,438400.00,2.00,1.00,1340.00,8100.00,1.00,0.00,0.00,4.00,7.00,1340.00,0.00,1953.00,0.00,98177.00,47.72,-122.37,1700.00,8100.00
2175100055.00,20141230T000000,1700000.00,5.00,5.00,4930.00,14649.00,2.00,0.00,3.00,3.00,11.00,4160.00,770.00,2000.00,0.00,98040.00,47.58,-122.25,3030.00,8479.00
9274200990.00,20140619T000000,703000.00,3.00,2.00,1360.00,5980.00,1.50,0.00,0.00,3.00,8.00,1360.00,0.00,1945.00,2008.00,98116.00,47.59,-122.39,1520.00,4440.00
5028600550.00,20141229T000000,262000.00,3.00,1.75,1320.00,6530.00,1.00,0.00,0.00,4.00,7.00,1320.00,0.00,1989.00,0.00,98023.00,47.29,-122.35,1620.00,6817.00
1471630160.00,20150423T000000,353000.00,3.00,2.00,1210.00,14499.00,1.00,0.00,0.00,3.00,7.00,1210.00,0.00,1984.00,0.00,98045.00,47.47,-121.75,1570.00,15360.00
9430110030.00,20150114T000000,500000.00,4.00,2.50,1940.00,7607.00,2.00,0.00,0.00,3.00,8.00,1940.00,0.00,1995.00,0.00,98052.00,47.69,-122.16,2250.00,7600.00
9275700016.00,20140706T000000,1280000.00,4.00,2.50,3160.00,4620.00,1.50,0.00,4.00,3.00,9.00,2020.00,1140.00,1917.00,2005.00,98116.00,47.59,-122.38,2790.00,5308.00
6654700240.00,20150408T000000,332000.00,4.00,2.50,1980.00,6566.00,2.00,0.00,0.00,3.00,8.00,1980.00,0.00,2004.00,0.00,98042.00,47.38,-122.10,2590.00,6999.00
8563080270.00,20140821T000000,824000.00,4.00,2.50,2320.00,14240.00,1.00,0.00,0.00,4.00,9.00,1620.00,700.00,1974.00,0.00,98008.00,47.63,-122.09,2810.00,13200.00
7548300326.00,20150220T000000,290000.00,4.00,2.00,1660.00,4788.00,1.00,0.00,0.00,3.00,7.00,1660.00,0.00,1968.00,0.00,98144.00,47.59,-122.31,1150.00,5000.00
5457300696.00,20140627T000000,700000.00,3.00,2.50,1660.00,1545.00,2.00,0.00,2.00,3.00,9.00,1400.00,260.00,2002.00,0.00,98109.00,47.63,-122.35,1820.00,2570.00
1175001125.00,20141006T000000,550000.00,2.00,1.00,1080.00,3420.00,1.00,0.00,0.00,4.00,7.00,780.00,300.00,1922.00,0.00,98107.00,47.67,-122.39,1380.00,3656.00
3034200197.00,20140903T000000,549000.00,2.00,1.00,1510.00,11165.00,1.50,0.00,0.00,4.00,7.00,1510.00,0.00,1921.00,0.00,98133.00,47.72,-122.33,2210.00,8851.00
7787400105.00,20150306T000000,1865000.00,4.00,2.50,2950.00,43560.00,1.00,0.00,2.00,4.00,9.00,2550.00,400.00,1951.00,0.00,98004.00,47.60,-122.21,3260.00,41016.00
9346700270.00,20150302T000000,858000.00,4.00,2.25,3070.00,13720.00,2.00,0.00,0.00,3.00,9.00,3070.00,0.00,1978.00,0.00,98007.00,47.61,-122.15,3010.00,9657.00
6414600260.00,20141030T000000,345000.00,2.00,1.00,970.00,10423.00,1.00,0.00,0.00,3.00,7.00,970.00,0.00,1947.00,0.00,98133.00,47.73,-122.33,1200.00,7857.00
2620069195.00,20141104T000000,340000.00,4.00,1.75,2140.00,11651.00,2.50,0.00,0.00,3.00,8.00,2140.00,0.00,1930.00,2001.00,98022.00,47.20,-122.01,2030.00,10978.00
1300301840.00,20150425T000000,1215000.00,4.00,2.25,2570.00,9600.00,2.50,0.00,0.00,4.00,9.00,2570.00,0.00,1962.00,0.00,98040.00,47.58,-122.24,2570.00,13200.00
4358700186.00,20141211T000000,275000.00,3.00,2.25,1260.00,1488.00,3.00,0.00,0.00,3.00,7.00,1260.00,0.00,2009.00,0.00,98133.00,47.71,-122.34,1190.00,1095.00
259600560.00,20140827T000000,405000.00,3.00,1.00,1220.00,7771.00,1.00,0.00,0.00,3.00,7.00,1220.00,0.00,1963.00,0.00,98008.00,47.63,-122.12,1420.00,7674.00
2634500070.00,20150116T000000,432500.00,3.00,2.00,1720.00,8145.00,2.00,0.00,0.00,5.00,7.00,1720.00,0.00,1949.00,0.00,98155.00,47.74,-122.33,1400.00,8138.00
7186800105.00,20150112T000000,236500.00,4.00,1.00,2140.00,4217.00,1.50,0.00,0.00,3.00,6.00,1320.00,820.00,1925.00,0.00,98118.00,47.55,-122.29,1720.00,5413.00
4459800070.00,20140718T000000,679000.00,4.00,1.50,1420.00,4923.00,1.50,0.00,0.00,4.00,8.00,1420.00,0.00,1928.00,0.00,98103.00,47.69,-122.34,1470.00,4923.00
3034200370.00,20141031T000000,543000.00,4.00,2.50,2060.00,8451.00,2.00,0.00,0.00,3.00,8.00,2060.00,0.00,1995.00,0.00,98133.00,47.72,-122.33,2060.00,9460.00
7887200390.00,20140926T000000,294000.00,3.00,1.00,1320.00,9520.00,1.00,0.00,0.00,3.00,7.00,990.00,330.00,1953.00,0.00,98178.00,47.49,-122.25,1460.00,10610.00
2473390710.00,20150403T000000,340500.00,3.00,1.75,1810.00,10463.00,1.00,0.00,0.00,4.00,7.00,1810.00,0.00,1969.00,0.00,98058.00,47.46,-122.16,1620.00,8551.00
2600140370.00,20140703T000000,1012000.00,4.00,2.50,2980.00,16263.00,2.00,0.00,0.00,3.00,9.00,2980.00,0.00,1989.00,0.00,98006.00,47.55,-122.15,2730.00,10018.00
7525100520.00,20140502T000000,335000.00,2.00,2.00,1350.00,2560.00,1.00,0.00,0.00,3.00,8.00,1350.00,0.00,1976.00,0.00,98052.00,47.63,-122.11,1790.00,2560.00
6204200560.00,20140723T000000,425000.00,3.00,2.00,1540.00,8011.00,1.00,0.00,0.00,3.00,7.00,1540.00,0.00,1988.00,0.00,98011.00,47.73,-122.20,1630.00,7141.00
5416100160.00,20150210T000000,353000.00,3.00,2.50,2510.00,9240.00,2.00,0.00,0.00,4.00,8.00,2510.00,0.00,2001.00,0.00,98022.00,47.19,-122.01,2690.00,9240.00
3905040070.00,20150504T000000,540000.00,3.00,2.50,1670.00,5146.00,2.00,0.00,0.00,3.00,8.00,1670.00,0.00,1991.00,0.00,98029.00,47.57,-122.00,1940.00,5146.00
8562900520.00,20140612T000000,640000.00,5.00,3.50,3690.00,11928.00,2.00,0.00,0.00,3.00,9.00,2540.00,1150.00,2006.00,0.00,98074.00,47.61,-122.06,2640.00,11928.00
4027701182.00,20140722T000000,339950.00,3.00,1.00,1320.00,11457.00,1.00,0.00,0.00,3.00,8.00,1320.00,0.00,1959.00,0.00,98028.00,47.77,-122.26,1900.00,9800.00
9407110710.00,20141107T000000,195000.00,3.00,1.75,1510.00,8400.00,1.00,0.00,0.00,2.00,7.00,980.00,530.00,1979.00,0.00,98045.00,47.45,-121.77,1500.00,10125.00
9407110710.00,20150226T000000,322000.00,3.00,1.75,1510.00,8400.00,1.00,0.00,0.00,2.00,7.00,980.00,530.00,1979.00,0.00,98045.00,47.45,-121.77,1500.00,10125.00
5160300030.00,20150401T000000,660000.00,4.00,1.75,1870.00,10450.00,1.00,0.00,0.00,3.00,8.00,1620.00,250.00,1978.00,0.00,98005.00,47.59,-122.15,2060.00,10450.00
1000102.00,20140916T000000,280000.00,6.00,3.00,2400.00,9373.00,2.00,0.00,0.00,3.00,7.00,2400.00,0.00,1991.00,0.00,98002.00,47.33,-122.21,2060.00,7316.00
1000102.00,20150422T000000,300000.00,6.00,3.00,2400.00,9373.00,2.00,0.00,0.00,3.00,7.00,2400.00,0.00,1991.00,0.00,98002.00,47.33,-122.21,2060.00,7316.00
8945300200.00,20140815T000000,207500.00,3.00,1.00,1170.00,8816.00,1.00,0.00,0.00,4.00,6.00,1170.00,0.00,1966.00,0.00,98023.00,47.31,-122.37,1200.00,9108.00
7796600070.00,20140825T000000,195000.00,3.00,1.50,1190.00,8726.00,1.00,0.00,0.00,3.00,7.00,1190.00,0.00,1956.00,0.00,98146.00,47.49,-122.34,1390.00,8741.00
4443800765.00,20140610T000000,700000.00,3.00,2.00,2080.00,3880.00,1.00,0.00,0.00,5.00,7.00,1160.00,920.00,1954.00,0.00,98117.00,47.69,-122.39,1330.00,3880.00
3298720030.00,20150417T000000,560000.00,4.00,1.75,2150.00,8555.00,1.00,0.00,2.00,4.00,7.00,1460.00,690.00,1982.00,0.00,98106.00,47.53,-122.35,1480.00,7405.00
1781500435.00,20140820T000000,260000.00,3.00,1.75,1580.00,7344.00,1.00,0.00,0.00,5.00,7.00,1580.00,0.00,1911.00,0.00,98126.00,47.53,-122.38,1580.00,6207.00
1781500435.00,20150225T000000,575000.00,3.00,1.75,1580.00,7344.00,1.00,0.00,0.00,5.00,7.00,1580.00,0.00,1911.00,0.00,98126.00,47.53,-122.38,1580.00,6207.00
6979970140.00,20150417T000000,475000.00,3.00,2.50,2370.00,3239.00,2.00,0.00,0.00,3.00,8.00,1950.00,420.00,2006.00,0.00,98072.00,47.75,-122.17,2520.00,3431.00
1005000036.00,20140613T000000,285000.00,3.00,1.75,1840.00,8601.00,1.00,0.00,0.00,3.00,7.00,920.00,920.00,1905.00,2014.00,98118.00,47.54,-122.28,1390.00,7452.00
3629921160.00,20140508T000000,753888.00,4.00,2.50,2660.00,5500.00,2.00,0.00,2.00,3.00,9.00,2660.00,0.00,2003.00,0.00,98029.00,47.54,-122.00,3620.00,5500.00
3629910370.00,20150410T000000,650000.00,3.00,2.50,2190.00,3600.00,2.00,0.00,0.00,3.00,9.00,2190.00,0.00,2003.00,0.00,98029.00,47.55,-121.99,2300.00,3600.00
5200100105.00,20140807T000000,620000.00,3.00,2.25,1660.00,3478.00,1.50,0.00,0.00,4.00,7.00,1100.00,560.00,1929.00,0.00,98117.00,47.68,-122.37,1610.00,3478.00
1024069159.00,20150313T000000,526000.00,3.00,1.75,1780.00,37801.00,1.00,0.00,0.00,3.00,7.00,1300.00,480.00,1977.00,0.00,98075.00,47.59,-122.02,2380.00,47480.00
418000310.00,20140514T000000,155000.00,2.00,1.00,700.00,5200.00,1.00,0.00,0.00,5.00,6.00,700.00,0.00,1952.00,0.00,98056.00,47.49,-122.18,1030.00,5200.00
765000060.00,20140827T000000,342000.00,4.00,2.00,1570.00,11200.00,1.00,0.00,0.00,3.00,7.00,1120.00,450.00,1959.00,0.00,98011.00,47.76,-122.22,1570.00,11200.00
2126079046.00,20150407T000000,390000.00,3.00,1.75,1220.00,216332.00,1.00,0.00,0.00,3.00,7.00,1220.00,0.00,1981.00,0.00,98019.00,47.72,-121.93,1540.00,61419.00
2024079035.00,20140605T000000,685000.00,3.00,2.75,3150.00,219978.00,2.00,0.00,0.00,4.00,9.00,3000.00,150.00,1990.00,0.00,98024.00,47.55,-121.95,3180.00,218235.00
7202270830.00,20140625T000000,608000.00,4.00,2.50,2690.00,4736.00,2.00,0.00,0.00,3.00,7.00,2690.00,0.00,2001.00,0.00,98053.00,47.69,-122.04,2690.00,4791.00
133000070.00,20140916T000000,179900.00,2.00,1.00,680.00,6400.00,1.00,0.00,0.00,3.00,6.00,680.00,0.00,1943.00,0.00,98168.00,47.51,-122.32,1240.00,7800.00
2818600060.00,20140904T000000,1245000.00,6.00,3.25,3750.00,14150.00,2.00,0.00,2.00,5.00,9.00,2750.00,1000.00,1936.00,1968.00,98117.00,47.70,-122.39,2140.00,7968.00
6082400083.00,20150430T000000,166000.00,3.00,1.00,1010.00,11675.00,1.00,0.00,0.00,3.00,7.00,1010.00,0.00,1957.00,0.00,98168.00,47.48,-122.30,1370.00,10042.00
9412900045.00,20140519T000000,462000.00,3.00,1.50,1710.00,4500.00,1.50,0.00,0.00,3.00,8.00,1410.00,300.00,1928.00,0.00,98118.00,47.54,-122.27,1860.00,6000.00
3905030140.00,20140622T000000,545000.00,4.00,2.50,2090.00,6023.00,2.00,0.00,0.00,3.00,8.00,2090.00,0.00,1990.00,0.00,98029.00,47.57,-122.00,2090.00,6023.00
7228501580.00,20150116T000000,415000.00,3.00,1.00,1560.00,4500.00,1.50,0.00,0.00,3.00,7.00,1560.00,0.00,1903.00,0.00,98122.00,47.61,-122.31,1660.00,4500.00
6679000390.00,20140610T000000,269000.00,3.00,2.50,1560.00,4200.00,2.00,0.00,0.00,3.00,7.00,1560.00,0.00,2003.00,0.00,98038.00,47.38,-122.03,1560.00,4200.00
1822500160.00,20141212T000000,356500.00,4.00,2.50,2570.00,11473.00,2.00,0.00,0.00,3.00,8.00,2570.00,0.00,2008.00,0.00,98003.00,47.28,-122.30,2430.00,5997.00
6889000060.00,20141223T000000,225000.00,3.00,1.00,1010.00,7633.00,1.00,0.00,0.00,4.00,6.00,1010.00,0.00,1961.00,0.00,98198.00,47.38,-122.31,1190.00,8386.00
835000055.00,20140620T000000,175000.00,2.00,1.00,1020.00,5130.00,1.00,0.00,0.00,4.00,6.00,1020.00,0.00,1948.00,0.00,98002.00,47.30,-122.23,1200.00,6497.00
7811210320.00,20140801T000000,549000.00,5.00,2.50,1710.00,9720.00,2.00,0.00,0.00,4.00,8.00,1710.00,0.00,1974.00,0.00,98005.00,47.59,-122.16,2270.00,9672.00
3123049320.00,20150415T000000,535000.00,3.00,2.75,2300.00,12197.00,2.00,0.00,0.00,3.00,8.00,2300.00,0.00,1989.00,0.00,98166.00,47.44,-122.34,1710.00,11220.00
4123400320.00,20140505T000000,627000.00,4.00,2.25,1990.00,7712.00,1.00,0.00,0.00,3.00,8.00,1210.00,780.00,1973.00,0.00,98027.00,47.57,-122.09,1720.00,7393.00
4477000270.00,20140822T000000,565000.00,3.00,2.00,2730.00,15677.00,2.50,0.00,3.00,3.00,9.00,2730.00,0.00,1976.00,0.00,98166.00,47.46,-122.37,2040.00,12209.00
3126049094.00,20141112T000000,392450.00,4.00,2.00,2195.00,2681.00,1.00,0.00,0.00,3.00,7.00,1060.00,1135.00,1912.00,0.00,98103.00,47.70,-122.34,1710.00,1280.00
8682282180.00,20140923T000000,509000.00,2.00,2.00,1560.00,4675.00,1.00,0.00,0.00,3.00,8.00,1560.00,0.00,2006.00,0.00,98053.00,47.71,-122.02,1870.00,6361.00
1232000810.00,20140912T000000,340000.00,3.00,2.50,1400.00,4800.00,1.00,0.00,0.00,3.00,7.00,1200.00,200.00,1921.00,0.00,98117.00,47.69,-122.38,1440.00,3840.00
1232000810.00,20150326T000000,537000.00,3.00,2.50,1400.00,4800.00,1.00,0.00,0.00,3.00,7.00,1200.00,200.00,1921.00,0.00,98117.00,47.69,-122.38,1440.00,3840.00
8691330310.00,20140505T000000,865000.00,4.00,3.00,3690.00,9892.00,2.00,0.00,0.00,3.00,10.00,3690.00,0.00,1998.00,0.00,98075.00,47.59,-121.98,3430.00,11294.00
3996900295.00,20141214T000000,358000.00,2.00,1.00,1140.00,8340.00,1.00,0.00,0.00,3.00,7.00,1140.00,0.00,1948.00,0.00,98155.00,47.74,-122.30,1030.00,8149.00
117000003.00,20140919T000000,595000.00,4.00,2.25,1920.00,3225.00,1.50,0.00,0.00,5.00,7.00,1300.00,620.00,1923.00,0.00,98116.00,47.58,-122.38,1960.00,3750.00
1471590060.00,20140619T000000,661000.00,4.00,2.50,2496.00,8058.00,2.00,0.00,0.00,3.00,9.00,2496.00,0.00,1998.00,0.00,98052.00,47.68,-122.15,2496.00,7757.00
2558650200.00,20140916T000000,419950.00,3.00,2.25,2280.00,8500.00,1.00,0.00,0.00,4.00,7.00,1680.00,600.00,1977.00,0.00,98034.00,47.72,-122.17,1890.00,7700.00
5104531580.00,20150416T000000,490000.00,4.00,3.50,3200.00,6420.00,2.00,0.00,0.00,3.00,9.00,3200.00,0.00,2006.00,0.00,98038.00,47.35,-122.00,3200.00,6291.00
6021503570.00,20140918T000000,525000.00,2.00,1.00,880.00,4000.00,1.00,0.00,0.00,3.00,7.00,880.00,0.00,1940.00,0.00,98117.00,47.68,-122.39,1310.00,4000.00
1862400517.00,20140813T000000,350000.00,3.00,2.00,1320.00,1298.00,3.00,0.00,0.00,3.00,7.00,1320.00,0.00,1995.00,0.00,98117.00,47.70,-122.38,1380.00,1503.00
2738650030.00,20150511T000000,552500.00,3.00,2.50,2450.00,3582.00,2.00,0.00,0.00,3.00,9.00,2450.00,0.00,2008.00,0.00,98072.00,47.77,-122.16,2490.00,5449.00
5560000710.00,20150327T000000,210000.00,3.00,1.00,1040.00,8970.00,1.00,0.00,0.00,4.00,6.00,1040.00,0.00,1961.00,0.00,98023.00,47.33,-122.34,1040.00,8450.00
7215410320.00,20150311T000000,390000.00,3.00,2.50,2480.00,53250.00,2.00,0.00,0.00,3.00,9.00,2480.00,0.00,1990.00,0.00,98042.00,47.33,-122.08,2510.00,36549.00
3971700510.00,20150129T000000,336800.00,5.00,1.75,1830.00,16650.00,1.50,0.00,0.00,3.00,7.00,1610.00,220.00,1958.00,0.00,98155.00,47.77,-122.32,1790.00,12743.00
7202330270.00,20150303T000000,465000.00,3.00,2.50,1440.00,4473.00,2.00,0.00,0.00,3.00,7.00,1440.00,0.00,2003.00,0.00,98053.00,47.68,-122.04,1650.00,3322.00
9542830160.00,20141218T000000,299900.00,4.00,2.50,1580.00,3632.00,2.00,0.00,0.00,3.00,7.00,1580.00,0.00,2011.00,0.00,98038.00,47.37,-122.02,1950.00,3800.00
3630120960.00,20140718T000000,715000.00,3.00,3.25,3230.00,5000.00,2.00,0.00,0.00,3.00,9.00,3230.00,0.00,2006.00,0.00,98029.00,47.56,-122.00,2670.00,3977.00
3622059155.00,20140523T000000,235000.00,4.00,2.50,1810.00,39639.00,1.00,0.00,0.00,3.00,7.00,1230.00,580.00,1970.00,0.00,98042.00,47.35,-122.11,1810.00,44866.00
1687000240.00,20141210T000000,276000.00,3.00,2.50,2495.00,4400.00,2.00,0.00,0.00,3.00,8.00,2495.00,0.00,2007.00,0.00,98001.00,47.29,-122.28,2434.00,4400.00
4322300340.00,20150112T000000,265000.00,4.00,1.50,1740.00,12728.00,1.00,0.00,0.00,4.00,7.00,1180.00,560.00,1964.00,0.00,98003.00,47.28,-122.30,1830.00,11125.00
3797000830.00,20140530T000000,425000.00,3.00,1.75,1680.00,3000.00,1.00,0.00,2.00,4.00,6.00,840.00,840.00,1900.00,0.00,98103.00,47.69,-122.35,1540.00,3700.00
4137060270.00,20150105T000000,313000.00,4.00,2.50,2460.00,10320.00,2.00,0.00,0.00,3.00,8.00,2460.00,0.00,1993.00,0.00,98092.00,47.26,-122.22,2210.00,9024.00
7277100640.00,20150409T000000,715000.00,3.00,2.50,3050.00,6000.00,1.00,0.00,3.00,3.00,8.00,1720.00,1330.00,1984.00,0.00,98177.00,47.77,-122.39,2340.00,7200.00
1312920060.00,20141212T000000,265000.00,3.00,2.25,1630.00,10969.00,2.00,0.00,0.00,3.00,7.00,1630.00,0.00,1991.00,0.00,98001.00,47.33,-122.29,1410.00,7920.00
1472330030.00,20150324T000000,646000.00,3.00,2.75,2460.00,6413.00,2.00,0.00,0.00,3.00,9.00,2460.00,0.00,2004.00,0.00,98028.00,47.75,-122.25,2440.00,6092.00
2973800030.00,20140721T000000,175000.00,3.00,1.00,1030.00,6600.00,1.00,0.00,0.00,3.00,7.00,1030.00,0.00,1954.00,0.00,98146.00,47.49,-122.34,1220.00,9040.00
5152920070.00,20140731T000000,649000.00,3.00,2.50,3410.00,13809.00,1.00,0.00,3.00,4.00,10.00,2450.00,960.00,1973.00,0.00,98003.00,47.34,-122.33,3410.00,14245.00
2021200058.00,20150423T000000,785000.00,3.00,2.75,2310.00,5200.00,1.00,0.00,0.00,4.00,7.00,1520.00,790.00,1940.00,0.00,98199.00,47.64,-122.40,2310.00,5200.00
9828202255.00,20140922T000000,890000.00,4.00,2.75,2610.00,4400.00,1.00,0.00,0.00,5.00,8.00,1260.00,1350.00,1920.00,0.00,98122.00,47.62,-122.29,1770.00,4400.00
2126059276.00,20141126T000000,612000.00,3.00,3.00,2330.00,10327.00,1.00,0.00,0.00,3.00,9.00,2330.00,0.00,1998.00,0.00,98034.00,47.72,-122.16,2200.00,4629.00
7796450340.00,20141205T000000,330000.00,4.00,2.50,2980.00,5674.00,2.00,0.00,0.00,3.00,8.00,2980.00,0.00,2003.00,0.00,98023.00,47.28,-122.35,2610.00,5495.00
1449000260.00,20141112T000000,493000.00,3.00,2.25,1790.00,11393.00,1.00,0.00,0.00,3.00,8.00,1790.00,0.00,1978.00,0.00,98052.00,47.63,-122.10,2290.00,11894.00
8722100570.00,20150403T000000,1600000.00,4.00,2.25,2940.00,5735.00,1.00,0.00,0.00,3.00,9.00,1470.00,1470.00,1957.00,0.00,98112.00,47.64,-122.30,2230.00,5659.00
7856400240.00,20140627T000000,1620000.00,4.00,3.00,3900.00,9750.00,1.00,0.00,4.00,5.00,10.00,2520.00,1380.00,1972.00,0.00,98006.00,47.56,-122.16,3410.00,9450.00
7856400240.00,20150211T000000,1650000.00,4.00,3.00,3900.00,9750.00,1.00,0.00,4.00,5.00,10.00,2520.00,1380.00,1972.00,0.00,98006.00,47.56,-122.16,3410.00,9450.00
3037200060.00,20140926T000000,499000.00,3.00,2.50,1750.00,2150.00,2.50,0.00,0.00,3.00,7.00,1230.00,520.00,1900.00,2014.00,98122.00,47.60,-122.31,1410.00,3300.00
6071700160.00,20140623T000000,603500.00,6.00,2.75,2660.00,8400.00,1.00,0.00,0.00,5.00,8.00,1550.00,1110.00,1962.00,0.00,98006.00,47.55,-122.17,2280.00,8400.00
7645900055.00,20140624T000000,530000.00,2.00,1.50,1580.00,3680.00,1.00,0.00,2.00,3.00,8.00,1280.00,300.00,1941.00,0.00,98126.00,47.58,-122.38,1730.00,3680.00
292000070.00,20150406T000000,895000.00,5.00,2.50,2350.00,14197.00,1.00,0.00,0.00,4.00,8.00,1220.00,1130.00,1962.00,0.00,98004.00,47.60,-122.20,2470.00,11629.00
9510900710.00,20140513T000000,267345.00,4.00,2.25,2510.00,8165.00,1.00,0.00,0.00,4.00,7.00,1610.00,900.00,1972.00,0.00,98023.00,47.31,-122.37,1940.00,8250.00
1471620240.00,20140516T000000,275000.00,3.00,2.50,1480.00,15639.00,2.00,0.00,0.00,3.00,8.00,1480.00,0.00,1987.00,0.00,98045.00,47.47,-121.75,1480.00,16454.00
1626079012.00,20150225T000000,439950.00,3.00,1.75,1720.00,223377.00,1.00,0.00,0.00,3.00,7.00,1240.00,480.00,1950.00,0.00,98019.00,47.73,-121.92,2530.00,221442.00
3904901670.00,20140620T000000,455000.00,3.00,2.25,1470.00,4653.00,2.00,0.00,0.00,4.00,7.00,1470.00,0.00,1985.00,0.00,98029.00,47.57,-122.02,1560.00,4119.00
8927600070.00,20150113T000000,630000.00,3.00,1.75,1540.00,6930.00,1.00,0.00,0.00,3.00,7.00,1250.00,290.00,1944.00,0.00,98115.00,47.68,-122.28,1760.00,6930.00
3629970240.00,20141103T000000,690000.00,3.00,2.50,2820.00,5001.00,2.00,0.00,0.00,3.00,9.00,2820.00,0.00,2004.00,0.00,98029.00,47.55,-121.99,2660.00,5001.00
1099610260.00,20140826T000000,212000.00,4.00,1.75,1250.00,12705.00,1.00,0.00,0.00,4.00,7.00,1250.00,0.00,1971.00,0.00,98023.00,47.30,-122.38,1390.00,8550.00
5420300270.00,20140813T000000,231500.00,4.00,2.25,2080.00,7526.00,1.00,0.00,0.00,4.00,7.00,1280.00,800.00,1985.00,0.00,98030.00,47.38,-122.18,1200.00,7500.00
2954400520.00,20150430T000000,1237500.00,4.00,3.25,5180.00,49936.00,2.00,0.00,0.00,4.00,10.00,5180.00,0.00,1991.00,0.00,98053.00,47.67,-122.07,4240.00,35363.00
1121059105.00,20140708T000000,378500.00,3.00,2.50,2860.00,43821.00,2.00,0.00,0.00,4.00,9.00,2860.00,0.00,1990.00,0.00,98092.00,47.32,-122.14,2370.00,65340.00
2591720070.00,20140502T000000,482000.00,4.00,2.50,2710.00,35868.00,2.00,0.00,0.00,3.00,9.00,2710.00,0.00,1989.00,0.00,98038.00,47.38,-122.02,2780.00,36224.00
9178600055.00,20150505T000000,695000.00,2.00,1.00,1140.00,3990.00,1.00,0.00,0.00,3.00,7.00,1140.00,0.00,1924.00,0.00,98103.00,47.66,-122.33,1800.00,5700.00
9290850800.00,20141202T000000,965000.00,4.00,2.50,4070.00,57587.00,2.00,0.00,0.00,3.00,10.00,4070.00,0.00,1989.00,0.00,98052.00,47.69,-122.05,3890.00,35960.00
5040800060.00,20150204T000000,675000.00,3.00,1.75,1710.00,5913.00,1.00,0.00,0.00,4.00,8.00,1120.00,590.00,1941.00,0.00,98199.00,47.65,-122.41,2920.00,5922.00
1437900350.00,20141027T000000,387000.00,3.00,1.50,1340.00,6500.00,1.00,0.00,0.00,3.00,7.00,1340.00,0.00,1972.00,0.00,98034.00,47.72,-122.19,1620.00,7107.00
1328300810.00,20150330T000000,347500.00,4.00,2.75,2290.00,7000.00,2.00,0.00,0.00,3.00,8.00,2290.00,0.00,1977.00,0.00,98058.00,47.44,-122.13,2000.00,7200.00
3990200125.00,20140711T000000,385000.00,3.00,2.00,1860.00,7400.00,1.00,0.00,0.00,3.00,8.00,930.00,930.00,1922.00,2004.00,98166.00,47.46,-122.35,1640.00,8461.00
7452500340.00,20141204T000000,265000.00,3.00,1.00,1080.00,4930.00,1.00,0.00,0.00,3.00,6.00,1080.00,0.00,1950.00,0.00,98126.00,47.52,-122.37,1100.00,5950.00
9215400075.00,20150422T000000,406000.00,3.00,1.00,960.00,5264.00,1.00,0.00,0.00,3.00,7.00,960.00,0.00,1953.00,0.00,98115.00,47.68,-122.30,1140.00,5150.00
5061300030.00,20140508T000000,134000.00,2.00,1.50,980.00,5000.00,2.00,0.00,0.00,3.00,7.00,980.00,0.00,1922.00,2003.00,98014.00,47.71,-121.36,1040.00,5000.00
3362900696.00,20141020T000000,415000.00,3.00,1.00,1500.00,3399.00,2.00,0.00,0.00,5.00,7.00,1300.00,200.00,1926.00,0.00,98103.00,47.68,-122.35,1360.00,3588.00
2558640340.00,20140527T000000,375000.00,3.00,1.75,1440.00,8775.00,1.00,0.00,0.00,3.00,7.00,1440.00,0.00,1973.00,0.00,98034.00,47.72,-122.17,1790.00,7865.00
8078460810.00,20141210T000000,620000.00,4.00,2.50,2580.00,7465.00,2.00,0.00,0.00,3.00,8.00,2580.00,0.00,1993.00,0.00,98074.00,47.63,-122.02,2350.00,7596.00
538000390.00,20141028T000000,337500.00,5.00,2.50,2070.00,4698.00,2.00,0.00,0.00,3.00,7.00,2070.00,0.00,1999.00,0.00,98038.00,47.35,-122.02,2010.00,4698.00
3584900160.00,20140922T000000,565000.00,3.00,2.50,1880.00,12368.00,1.00,0.00,0.00,4.00,7.00,1260.00,620.00,1967.00,0.00,98005.00,47.59,-122.17,1950.00,11551.00
8572900135.00,20140523T000000,399500.00,3.00,1.75,2420.00,12676.00,2.00,0.00,0.00,3.00,7.00,2420.00,0.00,1911.00,1986.00,98045.00,47.49,-121.79,1210.00,6769.00
8056000075.00,20140521T000000,1065000.00,2.00,1.75,1890.00,9466.00,2.00,0.00,0.00,3.00,8.00,1890.00,0.00,1987.00,0.00,98004.00,47.61,-122.21,2180.00,12825.00
2972300140.00,20140821T000000,352500.00,3.00,2.00,1920.00,33630.00,1.00,0.00,0.00,3.00,8.00,1920.00,0.00,1992.00,0.00,98056.00,47.50,-122.17,2080.00,7505.00
7697870350.00,20140617T000000,259000.00,3.00,2.00,1870.00,5909.00,1.00,0.00,0.00,3.00,7.00,1270.00,600.00,1986.00,0.00,98030.00,47.37,-122.18,1870.00,7887.00
7972601710.00,20150415T000000,320000.00,2.00,1.00,900.00,7620.00,1.00,0.00,0.00,3.00,7.00,900.00,0.00,1971.00,0.00,98106.00,47.53,-122.34,1520.00,7620.00
6421100342.00,20140811T000000,733000.00,3.00,2.50,2160.00,9888.00,2.00,0.00,0.00,4.00,9.00,2160.00,0.00,1989.00,0.00,98052.00,47.67,-122.14,3060.00,7829.00
2464400340.00,20140625T000000,381500.00,2.00,1.00,900.00,2910.00,1.00,0.00,0.00,5.00,7.00,900.00,0.00,1924.00,0.00,98115.00,47.69,-122.32,1320.00,2910.00
8113101232.00,20141202T000000,343000.00,2.00,1.00,1180.00,9261.00,1.00,0.00,0.00,4.00,7.00,940.00,240.00,1957.00,0.00,98118.00,47.55,-122.27,1700.00,6325.00
5706500140.00,20140818T000000,205500.00,2.00,1.00,900.00,6400.00,1.00,0.00,0.00,5.00,6.00,900.00,0.00,1938.00,0.00,98022.00,47.21,-121.99,1320.00,6400.00
1024069037.00,20140915T000000,525000.00,3.00,2.00,1600.00,16530.00,1.00,0.00,0.00,5.00,7.00,1600.00,0.00,1967.00,0.00,98075.00,47.58,-122.02,1850.00,41006.00
9476700135.00,20150319T000000,300000.00,3.00,1.75,1500.00,8352.00,1.00,0.00,2.00,5.00,6.00,750.00,750.00,1943.00,0.00,98056.00,47.49,-122.19,1500.00,8447.00
1926069035.00,20140722T000000,299000.00,2.00,1.00,1070.00,189486.00,1.00,0.00,0.00,3.00,6.00,1070.00,0.00,1942.00,0.00,98077.00,47.72,-122.09,1970.00,60548.00
3904990030.00,20140709T000000,561000.00,4.00,2.50,2570.00,5250.00,2.00,0.00,0.00,3.00,8.00,2570.00,0.00,1990.00,0.00,98029.00,47.58,-122.00,2260.00,5392.00
7132300550.00,20150224T000000,450000.00,3.00,1.00,1210.00,4000.00,1.50,0.00,0.00,3.00,7.00,1090.00,120.00,1928.00,0.00,98144.00,47.59,-122.31,1210.00,4000.00
2193340140.00,20140814T000000,540000.00,4.00,2.50,1850.00,7850.00,2.00,0.00,0.00,3.00,8.00,1850.00,0.00,1985.00,0.00,98052.00,47.69,-122.10,1830.00,8140.00
1422300160.00,20140624T000000,379000.00,3.00,2.50,1740.00,30886.00,2.00,0.00,0.00,3.00,8.00,1740.00,0.00,1992.00,0.00,98045.00,47.46,-121.71,1740.00,39133.00
2946000751.00,20140724T000000,230000.00,3.00,1.00,1300.00,14000.00,1.00,0.00,0.00,4.00,7.00,1300.00,0.00,1958.00,0.00,98198.00,47.42,-122.32,1390.00,8750.00
1796250140.00,20150310T000000,399950.00,3.00,2.50,2000.00,30605.00,2.00,0.00,0.00,4.00,8.00,2000.00,0.00,1989.00,0.00,98042.00,47.34,-122.06,1930.00,35350.00
6699001200.00,20150507T000000,355000.00,5.00,2.50,3220.00,5806.00,2.00,0.00,0.00,3.00,8.00,3220.00,0.00,2002.00,0.00,98042.00,47.37,-122.10,2760.00,5813.00
7525300310.00,20140619T000000,580000.00,4.00,2.25,2160.00,9593.00,1.00,0.00,0.00,3.00,8.00,2160.00,0.00,1969.00,0.00,98008.00,47.59,-122.11,2820.00,9628.00
5700000340.00,20150427T000000,700000.00,3.00,2.00,2130.00,4299.00,1.50,0.00,0.00,4.00,7.00,1680.00,450.00,1922.00,0.00,98144.00,47.58,-122.29,2040.00,4548.00
3210400340.00,20140506T000000,279900.00,3.00,1.75,1580.00,8151.00,1.00,0.00,1.00,4.00,7.00,1100.00,480.00,1962.00,0.00,98198.00,47.37,-122.31,1650.00,8151.00
179003055.00,20141113T000000,210000.00,3.00,1.00,1200.00,7500.00,1.00,0.00,0.00,3.00,6.00,1200.00,0.00,1905.00,1989.00,98178.00,47.49,-122.28,1010.00,7000.00
9829200566.00,20140630T000000,1165000.00,3.00,3.00,3790.00,5001.00,2.00,0.00,0.00,3.00,10.00,2810.00,980.00,1989.00,0.00,98122.00,47.60,-122.29,2500.00,6286.00
1723059050.00,20140611T000000,290300.00,2.00,1.00,860.00,3874.00,1.00,0.00,0.00,4.00,6.00,860.00,0.00,1931.00,0.00,98055.00,47.48,-122.20,1400.00,5106.00
2624059036.00,20141003T000000,1599950.00,5.00,4.50,5130.00,43123.00,2.00,0.00,0.00,3.00,11.00,5130.00,0.00,1996.00,0.00,98006.00,47.54,-122.13,4670.00,43560.00
5101406441.00,20150416T000000,490000.00,3.00,1.00,1600.00,6380.00,1.50,0.00,0.00,3.00,7.00,1400.00,200.00,1939.00,0.00,98125.00,47.70,-122.32,1760.00,6380.00
8582010240.00,20140506T000000,606000.00,4.00,2.50,2110.00,13850.00,2.00,0.00,0.00,3.00,9.00,2110.00,0.00,1987.00,0.00,98027.00,47.55,-122.08,2520.00,10194.00
6300500505.00,20140714T000000,359950.00,3.00,1.00,1400.00,4980.00,1.00,0.00,0.00,3.00,6.00,950.00,450.00,1943.00,0.00,98133.00,47.70,-122.34,990.00,4980.00
3275890310.00,20150212T000000,677100.00,3.00,2.00,2110.00,9199.00,1.00,0.00,0.00,3.00,10.00,2110.00,0.00,1993.00,0.00,98074.00,47.65,-122.08,3130.00,8841.00
7715801040.00,20150221T000000,465000.00,3.00,2.00,1430.00,7125.00,1.00,0.00,0.00,4.00,7.00,1430.00,0.00,1984.00,0.00,98074.00,47.63,-122.06,1570.00,8075.00
7738500731.00,20140815T000000,4500000.00,5.00,5.50,6640.00,40014.00,2.00,1.00,4.00,3.00,12.00,6350.00,290.00,2004.00,0.00,98155.00,47.75,-122.28,3030.00,23408.00
1822079046.00,20150504T000000,500000.00,3.00,2.00,3040.00,41072.00,1.00,0.00,0.00,4.00,8.00,1520.00,1520.00,1978.00,0.00,98038.00,47.39,-121.97,2230.00,54014.00
1062100075.00,20150503T000000,455000.00,2.00,1.00,980.00,5000.00,1.00,0.00,0.00,4.00,7.00,980.00,0.00,1950.00,0.00,98155.00,47.75,-122.28,1600.00,5965.00
8825900070.00,20140818T000000,705000.00,6.00,2.00,2570.00,4240.00,1.50,0.00,0.00,4.00,7.00,1970.00,600.00,1911.00,0.00,98115.00,47.68,-122.31,2030.00,4240.00
1158700135.00,20140812T000000,420000.00,3.00,2.50,2060.00,7020.00,1.00,0.00,0.00,4.00,8.00,1460.00,600.00,1967.00,0.00,98177.00,47.76,-122.36,2150.00,8400.00
7983000200.00,20141005T000000,169575.00,3.00,1.00,1300.00,8284.00,1.00,0.00,0.00,3.00,7.00,1300.00,0.00,1968.00,0.00,98003.00,47.33,-122.31,1360.00,7848.00
7983000200.00,20150225T000000,250000.00,3.00,1.00,1300.00,8284.00,1.00,0.00,0.00,3.00,7.00,1300.00,0.00,1968.00,0.00,98003.00,47.33,-122.31,1360.00,7848.00
1727510030.00,20150312T000000,530000.00,3.00,2.25,1680.00,7262.00,1.00,0.00,0.00,5.00,7.00,1180.00,500.00,1973.00,0.00,98034.00,47.71,-122.23,1910.00,7405.00
3286800370.00,20150206T000000,590000.00,5.00,3.25,4020.00,40341.00,1.00,0.00,0.00,5.00,8.00,2170.00,1850.00,1970.00,0.00,98027.00,47.50,-122.07,2650.00,53437.00
6791400320.00,20140923T000000,257500.00,3.00,1.75,1530.00,14087.00,1.00,0.00,0.00,3.00,7.00,1070.00,460.00,1979.00,0.00,98042.00,47.31,-122.04,1770.00,13660.00
3992700036.00,20140626T000000,415000.00,3.00,1.00,1170.00,6700.00,1.00,0.00,0.00,3.00,8.00,1170.00,0.00,1957.00,0.00,98125.00,47.71,-122.29,2410.00,7620.00
1175000059.00,20141010T000000,536000.00,3.00,1.75,1580.00,3764.00,1.50,0.00,0.00,3.00,7.00,1280.00,300.00,1945.00,0.00,98107.00,47.67,-122.40,1560.00,3764.00
8732000390.00,20140529T000000,246500.00,3.00,1.50,1270.00,11600.00,1.00,0.00,0.00,4.00,7.00,1270.00,0.00,1964.00,0.00,98031.00,47.41,-122.20,1380.00,9945.00
1441800030.00,20140706T000000,395000.00,3.00,1.75,1480.00,7700.00,1.00,0.00,0.00,3.00,8.00,1480.00,0.00,1975.00,0.00,98034.00,47.72,-122.20,1930.00,8560.00
4045800030.00,20150511T000000,739000.00,3.00,2.25,2220.00,10530.00,1.00,0.00,0.00,4.00,8.00,1700.00,520.00,1974.00,0.00,98052.00,47.64,-122.10,2500.00,10014.00
1727850340.00,20140929T000000,1272000.00,4.00,2.75,3200.00,13729.00,2.00,0.00,0.00,3.00,11.00,3200.00,0.00,1984.00,0.00,98005.00,47.64,-122.17,4050.00,16921.00
2268000370.00,20140708T000000,190000.00,3.00,1.00,910.00,10575.00,1.00,0.00,0.00,4.00,7.00,910.00,0.00,1968.00,0.00,98003.00,47.27,-122.30,1470.00,10425.00
2023049350.00,20150410T000000,305000.00,3.00,1.50,1480.00,9086.00,1.00,0.00,0.00,3.00,7.00,1480.00,0.00,1962.00,0.00,98168.00,47.47,-122.32,1540.00,9750.00
7018000560.00,20150420T000000,925000.00,4.00,4.25,3770.00,13058.00,2.00,0.00,0.00,4.00,8.00,3770.00,0.00,1983.00,0.00,98028.00,47.75,-122.23,2200.00,12255.00
4147200140.00,20140821T000000,895000.00,4.00,3.00,3500.00,13444.00,2.00,0.00,0.00,3.00,10.00,2360.00,1140.00,1977.00,0.00,98040.00,47.55,-122.23,3140.00,12935.00
3176600055.00,20140717T000000,656000.00,3.00,1.75,1480.00,7475.00,1.50,0.00,0.00,3.00,8.00,1480.00,0.00,1943.00,0.00,98115.00,47.67,-122.27,2120.00,7216.00
7518500885.00,20140519T000000,560000.00,4.00,1.00,1660.00,4690.00,1.50,0.00,0.00,3.00,7.00,1260.00,400.00,1945.00,0.00,98117.00,47.68,-122.38,1400.00,3876.00
7504020810.00,20141020T000000,610000.00,5.00,2.25,2520.00,11700.00,2.00,0.00,0.00,3.00,9.00,2520.00,0.00,1977.00,0.00,98074.00,47.63,-122.05,2530.00,12000.00
3276930370.00,20140708T000000,645000.00,4.00,2.50,2850.00,37522.00,2.00,0.00,0.00,3.00,9.00,2850.00,0.00,1987.00,0.00,98075.00,47.59,-121.99,2980.00,35280.00
1687000200.00,20150410T000000,259000.00,3.00,2.50,2153.00,4400.00,2.00,0.00,0.00,3.00,8.00,2153.00,0.00,2007.00,0.00,98001.00,47.29,-122.28,2434.00,4400.00
7501000340.00,20140818T000000,980000.00,4.00,2.50,3780.00,10962.00,2.00,0.00,0.00,3.00,10.00,3780.00,0.00,1990.00,0.00,98033.00,47.65,-122.18,3310.00,11651.00
7611200136.00,20140723T000000,872000.00,4.00,4.00,3770.00,9750.00,1.00,0.00,0.00,4.00,9.00,1940.00,1830.00,1967.00,0.00,98177.00,47.72,-122.37,2260.00,9878.00
5459500125.00,20140805T000000,1000000.00,6.00,2.75,3600.00,9675.00,1.00,0.00,2.00,4.00,9.00,1940.00,1660.00,1977.00,0.00,98040.00,47.57,-122.21,2990.00,9675.00
825059271.00,20140910T000000,900000.00,3.00,2.75,2980.00,12600.00,1.50,0.00,0.00,3.00,8.00,1590.00,1390.00,1941.00,2012.00,98033.00,47.67,-122.20,1520.00,9660.00
9465200181.00,20150428T000000,475000.00,4.00,1.50,2320.00,5534.00,1.50,0.00,0.00,4.00,7.00,1540.00,780.00,1915.00,0.00,98103.00,47.69,-122.36,1670.00,5913.00
5469502860.00,20150107T000000,350000.00,5.00,2.75,2980.00,13482.00,1.00,0.00,0.00,4.00,8.00,1730.00,1250.00,1975.00,0.00,98042.00,47.38,-122.16,2900.00,14800.00
486000565.00,20140515T000000,840000.00,4.00,1.75,2930.00,11562.00,1.00,0.00,3.00,3.00,9.00,1670.00,1260.00,1947.00,0.00,98117.00,47.68,-122.40,2530.00,6517.00
6071900070.00,20140622T000000,500000.00,4.00,2.50,2040.00,8400.00,1.00,0.00,0.00,3.00,8.00,1420.00,620.00,1963.00,0.00,98006.00,47.55,-122.17,2540.00,8925.00
7957600075.00,20150406T000000,202500.00,3.00,1.50,1510.00,9898.00,1.00,0.00,0.00,3.00,7.00,1110.00,400.00,1954.00,0.00,98148.00,47.43,-122.33,1420.00,9250.00
823069074.00,20141223T000000,523000.00,4.00,2.50,2660.00,65340.00,2.00,0.00,0.00,3.00,8.00,2660.00,0.00,1988.00,0.00,98027.00,47.50,-122.06,2850.00,74052.00
2366800055.00,20141203T000000,225000.00,3.00,2.50,1740.00,10050.00,2.00,0.00,0.00,3.00,7.00,1740.00,0.00,1989.00,0.00,98001.00,47.27,-122.24,1300.00,10125.00
7272001805.00,20150309T000000,418200.00,3.00,2.25,2240.00,9542.00,1.00,0.00,1.00,3.00,7.00,1190.00,1050.00,1980.00,0.00,98198.00,47.40,-122.32,2080.00,9542.00
3582700070.00,20141205T000000,356500.00,4.00,1.75,1570.00,9670.00,1.00,0.00,0.00,3.00,7.00,1170.00,400.00,1959.00,0.00,98028.00,47.74,-122.25,2080.00,9100.00
2402100055.00,20140716T000000,670000.00,4.00,3.00,2500.00,5000.00,1.50,0.00,0.00,4.00,7.00,1460.00,1040.00,1926.00,0.00,98103.00,47.69,-122.33,1720.00,4500.00
5146000070.00,20141204T000000,456150.00,3.00,2.25,1750.00,12408.00,1.00,0.00,0.00,5.00,7.00,1150.00,600.00,1962.00,0.00,98155.00,47.75,-122.30,1820.00,12977.00
2607760890.00,20140603T000000,471000.00,4.00,2.50,3030.00,9687.00,2.00,0.00,0.00,3.00,8.00,2020.00,1010.00,1998.00,0.00,98045.00,47.49,-121.80,2050.00,10193.00
9274200316.00,20150409T000000,558000.00,3.00,2.50,1680.00,934.00,3.00,0.00,0.00,3.00,8.00,1680.00,0.00,2008.00,0.00,98116.00,47.59,-122.39,1740.00,1280.00
4139500200.00,20150305T000000,1380000.00,6.00,4.50,5740.00,10312.00,2.00,0.00,2.00,3.00,11.00,3610.00,2130.00,2000.00,0.00,98006.00,47.55,-122.11,4350.00,11917.00
3021059155.00,20141212T000000,161500.00,3.00,1.00,1220.00,6000.00,1.00,0.00,0.00,5.00,7.00,1220.00,0.00,1961.00,0.00,98002.00,47.28,-122.21,1420.00,13137.00
3580900160.00,20141010T000000,311000.00,3.00,1.00,1310.00,8370.00,1.50,0.00,0.00,3.00,7.00,1310.00,0.00,1962.00,0.00,98034.00,47.73,-122.24,1310.00,8370.00
3876000350.00,20150224T000000,470000.00,6.00,1.75,2490.00,8732.00,1.50,0.00,0.00,4.00,8.00,2490.00,0.00,1966.00,0.00,98034.00,47.73,-122.19,1840.00,8024.00
3959400400.00,20140709T000000,569000.00,3.00,3.25,2220.00,8227.00,1.50,0.00,0.00,5.00,8.00,1770.00,450.00,1929.00,0.00,98108.00,47.57,-122.32,1750.00,4800.00
8079100700.00,20150318T000000,689000.00,4.00,2.50,2240.00,7350.00,2.00,0.00,0.00,3.00,9.00,2240.00,0.00,1989.00,0.00,98029.00,47.57,-122.01,2200.00,8017.00
9407001610.00,20140715T000000,271900.00,3.00,1.75,1890.00,11875.00,1.00,0.00,0.00,3.00,7.00,1230.00,660.00,1979.00,0.00,98045.00,47.45,-121.77,1580.00,10920.00
8700120270.00,20141210T000000,278000.00,4.00,2.50,1850.00,6037.00,2.00,0.00,0.00,3.00,7.00,1850.00,0.00,1991.00,0.00,98030.00,47.36,-122.19,1860.00,6037.00
3204300860.00,20140723T000000,820000.00,2.00,2.50,2210.00,4440.00,2.00,0.00,0.00,4.00,8.00,1440.00,770.00,1931.00,0.00,98112.00,47.63,-122.30,1560.00,4920.00
3204800520.00,20150225T000000,399500.00,3.00,1.75,1410.00,7700.00,1.00,0.00,0.00,4.00,7.00,1410.00,0.00,1967.00,0.00,98056.00,47.54,-122.18,1560.00,7700.00
8857320260.00,20141105T000000,462000.00,3.00,2.75,1890.00,2614.00,2.00,0.00,0.00,4.00,9.00,1890.00,0.00,1979.00,0.00,98008.00,47.61,-122.11,1800.00,2769.00
6791400800.00,20150413T000000,347500.00,3.00,1.00,1830.00,12036.00,1.00,0.00,0.00,3.00,7.00,1550.00,280.00,1977.00,0.00,98042.00,47.31,-122.04,1810.00,12036.00
2768000270.00,20140625T000000,562100.00,2.00,0.75,1440.00,3700.00,1.00,0.00,0.00,3.00,7.00,1200.00,240.00,1914.00,0.00,98107.00,47.67,-122.36,1440.00,4300.00
1432400060.00,20140529T000000,230000.00,2.00,1.00,950.00,7560.00,1.00,0.00,0.00,3.00,6.00,950.00,0.00,1958.00,0.00,98058.00,47.45,-122.18,1160.00,7560.00
2547200240.00,20140622T000000,687000.00,4.00,2.50,2370.00,10083.00,2.00,0.00,0.00,5.00,8.00,2370.00,0.00,1966.00,0.00,98033.00,47.67,-122.17,2370.00,10133.00
6441800060.00,20141209T000000,725786.00,4.00,2.50,3070.00,5762.00,2.00,0.00,0.00,3.00,10.00,3070.00,0.00,2000.00,0.00,98075.00,47.58,-122.08,3630.00,6500.00
1775800710.00,20150126T000000,315500.00,3.00,1.00,1300.00,12600.00,1.00,0.00,0.00,4.00,7.00,1300.00,0.00,1969.00,0.00,98072.00,47.74,-122.10,1480.00,13530.00
7694600253.00,20140506T000000,312000.00,4.00,2.00,1300.00,7054.00,1.00,0.00,0.00,3.00,7.00,1300.00,0.00,1950.00,2013.00,98146.00,47.51,-122.37,1560.00,7100.00
8910500238.00,20141106T000000,343000.00,3.00,3.25,1210.00,1173.00,2.00,0.00,0.00,3.00,8.00,1000.00,210.00,2002.00,0.00,98133.00,47.71,-122.36,1650.00,1493.00
3076500830.00,20141029T000000,385195.00,1.00,1.00,710.00,6000.00,1.50,0.00,0.00,3.00,6.00,710.00,0.00,2015.00,0.00,98144.00,47.58,-122.32,1440.00,4800.00
1072030510.00,20140829T000000,415000.00,4.00,2.25,2240.00,12650.00,1.00,0.00,0.00,4.00,8.00,1730.00,510.00,1981.00,0.00,98059.00,47.48,-122.14,2150.00,12650.00
3888100226.00,20140630T000000,461000.00,3.00,1.75,3600.00,8666.00,2.00,0.00,0.00,4.00,6.00,2400.00,1200.00,1948.00,0.00,98033.00,47.69,-122.17,2290.00,8200.00
7227501369.00,20140610T000000,369990.00,4.00,2.50,1960.00,7133.00,2.00,0.00,0.00,3.00,7.00,1960.00,0.00,2002.00,0.00,98056.00,47.49,-122.19,1960.00,6705.00
3820350070.00,20140929T000000,349950.00,4.00,2.50,1820.00,3134.00,2.00,0.00,0.00,3.00,7.00,1820.00,0.00,1999.00,0.00,98019.00,47.74,-121.99,1820.00,3751.00
7616800350.00,20150412T000000,285750.00,3.00,2.25,1960.00,17126.00,1.00,0.00,0.00,3.00,8.00,1400.00,560.00,1966.00,0.00,98055.00,47.44,-122.21,2060.00,11466.00
7811210200.00,20150420T000000,542500.00,4.00,2.25,1750.00,10160.00,1.00,0.00,0.00,3.00,8.00,1320.00,430.00,1972.00,0.00,98005.00,47.59,-122.16,2170.00,11165.00
6891100260.00,20141111T000000,830000.00,5.00,3.50,3700.00,5400.00,2.00,0.00,0.00,3.00,9.00,2890.00,810.00,2011.00,0.00,98053.00,47.71,-122.12,3620.00,5460.00
6076500160.00,20141223T000000,705000.00,4.00,2.50,2910.00,20946.00,2.00,0.00,0.00,4.00,8.00,2350.00,560.00,1976.00,0.00,98034.00,47.71,-122.24,2020.00,11342.00
2872100445.00,20140624T000000,615000.00,2.00,1.00,1270.00,5000.00,1.00,0.00,0.00,3.00,8.00,1090.00,180.00,1949.00,0.00,98117.00,47.68,-122.39,1640.00,5000.00
3352400004.00,20150129T000000,184500.00,2.00,1.00,720.00,5880.00,1.00,0.00,0.00,3.00,6.00,720.00,0.00,1940.00,0.00,98178.00,47.51,-122.27,1440.00,7200.00
7942601200.00,20141001T000000,412000.00,2.00,1.00,1040.00,5120.00,1.00,0.00,0.00,3.00,7.00,1040.00,0.00,1901.00,0.00,98122.00,47.60,-122.31,1250.00,4000.00
985001266.00,20141215T000000,250000.00,3.00,1.50,2210.00,11111.00,1.50,0.00,0.00,3.00,7.00,2210.00,0.00,1934.00,0.00,98168.00,47.49,-122.31,1250.00,8422.00
2218000390.00,20140612T000000,580000.00,5.00,2.00,2060.00,6000.00,2.00,0.00,0.00,3.00,7.00,2060.00,0.00,1903.00,0.00,98105.00,47.67,-122.31,1770.00,5000.00
7231502505.00,20150312T000000,220000.00,2.00,1.00,780.00,6000.00,1.00,0.00,0.00,5.00,6.00,780.00,0.00,1923.00,0.00,98055.00,47.48,-122.21,1080.00,6000.00
7555220140.00,20140916T000000,675000.00,4.00,2.75,2240.00,8937.00,1.00,0.00,0.00,4.00,8.00,1460.00,780.00,1976.00,0.00,98033.00,47.65,-122.19,2360.00,9038.00
7445000105.00,20140522T000000,373500.00,2.00,1.00,800.00,3330.00,1.00,0.00,0.00,3.00,7.00,800.00,0.00,1918.00,0.00,98107.00,47.66,-122.36,1300.00,4320.00
5583200810.00,20150402T000000,662700.00,2.00,1.50,2440.00,6900.00,2.00,0.00,0.00,3.00,7.00,1590.00,850.00,1910.00,0.00,98118.00,47.56,-122.27,1770.00,6900.00
7340600827.00,20140516T000000,239950.00,5.00,1.00,1460.00,6032.00,2.00,0.00,0.00,4.00,6.00,1460.00,0.00,1941.00,0.00,98168.00,47.49,-122.28,1060.00,10300.00
7436900045.00,20140925T000000,383000.00,3.00,1.00,1150.00,10196.00,1.00,0.00,0.00,4.00,7.00,1150.00,0.00,1957.00,0.00,98052.00,47.68,-122.16,1410.00,8925.00
4027701294.00,20150129T000000,485000.00,3.00,2.75,2650.00,12350.00,1.00,0.00,0.00,4.00,7.00,1470.00,1180.00,1975.00,0.00,98028.00,47.77,-122.27,1950.00,14075.00
3570000160.00,20140710T000000,610000.00,4.00,2.75,2600.00,36583.00,1.00,0.00,0.00,5.00,8.00,1580.00,1020.00,1976.00,0.00,98075.00,47.59,-122.05,2300.00,27820.00
9276202190.00,20140808T000000,545000.00,6.00,1.75,1820.00,6250.00,1.00,0.00,0.00,3.00,7.00,1130.00,690.00,1954.00,0.00,98116.00,47.58,-122.39,1820.00,5750.00
5016002180.00,20140708T000000,780000.00,2.00,2.50,2560.00,2500.00,2.00,0.00,0.00,5.00,8.00,1690.00,870.00,1901.00,0.00,98112.00,47.62,-122.30,1890.00,5000.00
7300000550.00,20150424T000000,305000.00,3.00,2.50,1714.00,3240.00,2.00,0.00,0.00,3.00,8.00,1714.00,0.00,2005.00,0.00,98055.00,47.43,-122.19,1714.00,3240.00
6817810310.00,20140612T000000,405000.00,3.00,1.00,1330.00,15678.00,1.00,0.00,0.00,3.00,7.00,900.00,430.00,1984.00,0.00,98074.00,47.64,-122.04,1330.00,12696.00
7851980260.00,20140730T000000,1110000.00,5.00,3.50,7350.00,12231.00,2.00,0.00,4.00,3.00,11.00,4750.00,2600.00,2001.00,0.00,98065.00,47.54,-121.87,5380.00,12587.00
1423400260.00,20150402T000000,273000.00,3.00,1.75,2050.00,9045.00,2.00,0.00,0.00,4.00,6.00,2050.00,0.00,1959.00,0.00,98058.00,47.46,-122.18,1200.00,9045.00
3876810140.00,20140527T000000,326500.00,3.00,1.00,1810.00,12375.00,2.00,0.00,0.00,3.00,7.00,1810.00,0.00,1970.00,0.00,98072.00,47.74,-122.17,1420.00,9357.00
3276180140.00,20150424T000000,365000.00,3.00,1.75,1380.00,9134.00,1.00,0.00,0.00,5.00,7.00,880.00,500.00,1981.00,0.00,98056.00,47.51,-122.19,1400.00,8190.00
9808590310.00,20150408T000000,1000750.00,3.00,2.75,3070.00,10739.00,2.00,0.00,0.00,3.00,10.00,2440.00,630.00,1987.00,0.00,98004.00,47.64,-122.19,3490.00,11913.00
546000045.00,20150325T000000,422500.00,2.00,1.00,800.00,4046.00,1.00,0.00,0.00,3.00,7.00,800.00,0.00,1940.00,0.00,98117.00,47.69,-122.38,1400.00,4046.00
2595650060.00,20150324T000000,354450.00,4.00,2.75,2140.00,9920.00,2.00,0.00,0.00,3.00,8.00,2140.00,0.00,1993.00,0.00,98001.00,47.35,-122.27,2130.00,9920.00
1771110550.00,20141204T000000,320000.00,3.00,1.00,1330.00,9540.00,1.00,0.00,0.00,4.00,7.00,1330.00,0.00,1971.00,0.00,98077.00,47.76,-122.08,1250.00,10350.00
5335700030.00,20140603T000000,223000.00,3.00,1.00,1030.00,9120.00,1.00,0.00,0.00,3.00,7.00,1030.00,0.00,1961.00,0.00,98032.00,47.36,-122.29,1470.00,10220.00
7203101580.00,20140724T000000,410000.00,3.00,2.50,1740.00,4948.00,2.00,0.00,0.00,3.00,7.00,1740.00,0.00,2008.00,0.00,98053.00,47.70,-122.03,1290.00,3383.00
272000125.00,20140829T000000,438000.00,3.00,1.00,1200.00,4000.00,1.50,0.00,0.00,4.00,6.00,1200.00,0.00,1923.00,0.00,98144.00,47.59,-122.30,1390.00,4000.00
2770601741.00,20141106T000000,390000.00,3.00,3.00,1490.00,2944.00,2.00,0.00,0.00,3.00,7.00,960.00,530.00,1993.00,0.00,98199.00,47.65,-122.38,1590.00,1600.00
4250200140.00,20150219T000000,298500.00,4.00,2.50,1890.00,5954.00,2.00,0.00,0.00,3.00,7.00,1890.00,0.00,2004.00,0.00,98092.00,47.33,-122.19,2030.00,5880.00
8965400390.00,20140905T000000,749999.00,5.00,2.25,3060.00,13630.00,2.00,0.00,0.00,3.00,10.00,3060.00,0.00,1989.00,0.00,98006.00,47.56,-122.12,3430.00,10700.00
5071401000.00,20140829T000000,779000.00,6.00,2.50,3250.00,12000.00,1.00,0.00,1.00,3.00,8.00,1800.00,1450.00,1966.00,0.00,98115.00,47.69,-122.28,3490.00,10320.00
3760500435.00,20150114T000000,570000.00,3.00,2.75,2730.00,11936.00,2.00,0.00,2.00,3.00,8.00,1530.00,1200.00,1978.00,0.00,98034.00,47.70,-122.23,2810.00,12333.00
5680000260.00,20150512T000000,385000.00,3.00,1.00,810.00,4600.00,1.00,0.00,0.00,3.00,6.00,810.00,0.00,1918.00,0.00,98144.00,47.57,-122.32,1520.00,4800.00
9170500060.00,20140818T000000,649000.00,4.00,2.00,2240.00,11040.00,1.00,0.00,0.00,5.00,8.00,1120.00,1120.00,1961.00,0.00,98033.00,47.69,-122.17,1790.00,11040.00
795000885.00,20141001T000000,283000.00,3.00,1.00,1740.00,5247.00,1.00,0.00,0.00,3.00,7.00,1270.00,470.00,1947.00,0.00,98168.00,47.50,-122.33,1070.00,5636.00
4038600260.00,20140922T000000,699900.00,4.00,2.25,2380.00,16236.00,1.00,0.00,0.00,3.00,7.00,1540.00,840.00,1961.00,0.00,98008.00,47.61,-122.12,2230.00,8925.00
4406000560.00,20150220T000000,278500.00,4.00,1.00,1540.00,8400.00,1.00,0.00,0.00,3.00,7.00,770.00,770.00,1971.00,0.00,98058.00,47.43,-122.15,1520.00,9891.00
2260000340.00,20141115T000000,700000.00,4.00,1.75,2340.00,9100.00,1.00,0.00,0.00,3.00,8.00,1610.00,730.00,1975.00,0.00,98052.00,47.64,-122.11,2470.00,11000.00
9510310030.00,20140728T000000,535000.00,4.00,2.75,2710.00,45963.00,2.00,0.00,0.00,3.00,9.00,2710.00,0.00,1995.00,0.00,98045.00,47.47,-121.72,2710.00,33955.00
4245400045.00,20140923T000000,234500.00,3.00,1.75,1310.00,18400.00,1.00,0.00,0.00,3.00,7.00,870.00,440.00,1954.00,0.00,98168.00,47.50,-122.30,1840.00,10790.00
9371700132.00,20140806T000000,374150.00,3.00,1.75,1390.00,9585.00,1.00,0.00,0.00,4.00,7.00,1390.00,0.00,1973.00,0.00,98133.00,47.75,-122.35,1240.00,8188.00
7272001610.00,20150317T000000,397000.00,4.00,2.50,2201.00,9542.00,2.00,0.00,0.00,3.00,8.00,2201.00,0.00,2006.00,0.00,98198.00,47.40,-122.32,1990.00,9542.00
1324059139.00,20140918T000000,613000.00,3.00,2.25,1960.00,10385.00,1.00,0.00,0.00,3.00,8.00,1960.00,0.00,1988.00,0.00,98008.00,47.57,-122.11,2800.00,12632.00
1552100135.00,20140609T000000,1150000.00,3.00,2.50,2850.00,10474.00,1.00,0.00,0.00,4.00,8.00,1730.00,1120.00,1954.00,0.00,98004.00,47.62,-122.21,2820.00,10474.00
1257200060.00,20150327T000000,595000.00,4.00,1.75,1880.00,4080.00,1.00,0.00,0.00,3.00,7.00,940.00,940.00,1924.00,0.00,98115.00,47.68,-122.33,1410.00,4080.00
2822059350.00,20140910T000000,340000.00,5.00,2.75,2440.00,6858.00,2.00,0.00,0.00,3.00,8.00,2440.00,0.00,2003.00,0.00,98030.00,47.37,-122.17,2300.00,6858.00
2781260070.00,20150108T000000,388000.00,4.00,2.50,2560.00,5800.00,2.00,0.00,0.00,3.00,9.00,2560.00,0.00,2005.00,0.00,98038.00,47.35,-122.03,3040.00,5800.00
619000045.00,20140922T000000,404000.00,3.00,1.75,1410.00,15210.00,1.00,0.00,0.00,3.00,7.00,1410.00,0.00,1950.00,2014.00,98166.00,47.42,-122.34,1970.00,16290.00
8934100125.00,20140829T000000,810000.00,3.00,2.00,2870.00,6360.00,1.50,0.00,1.00,4.00,8.00,1790.00,1080.00,1946.00,0.00,98115.00,47.68,-122.28,2310.00,6466.00
2472920140.00,20150403T000000,405000.00,4.00,2.50,2620.00,9359.00,2.00,0.00,0.00,3.00,9.00,2620.00,0.00,1987.00,0.00,98058.00,47.44,-122.15,2580.00,7433.00
7215730310.00,20140714T000000,726000.00,5.00,3.00,2970.00,10335.00,2.00,0.00,0.00,3.00,9.00,2970.00,0.00,2000.00,0.00,98075.00,47.60,-122.02,2970.00,10335.00
7697870310.00,20140514T000000,266000.00,3.00,2.50,1780.00,7214.00,1.00,0.00,0.00,4.00,7.00,1400.00,380.00,1986.00,0.00,98030.00,47.37,-122.18,1520.00,7228.00
2795000060.00,20141222T000000,722500.00,5.00,2.25,3700.00,7207.00,1.00,0.00,1.00,5.00,8.00,1850.00,1850.00,1970.00,0.00,98177.00,47.77,-122.37,2340.00,7900.00
2408600160.00,20150228T000000,352000.00,4.00,2.50,1252.00,25002.00,1.00,0.00,0.00,3.00,8.00,992.00,260.00,1996.00,0.00,98001.00,47.32,-122.29,1860.00,25002.00
7888200240.00,20150319T000000,265000.00,4.00,1.50,1240.00,8158.00,1.00,0.00,0.00,4.00,7.00,1110.00,130.00,1961.00,0.00,98198.00,47.37,-122.31,1520.00,8147.00
151000075.00,20150206T000000,856000.00,3.00,2.50,2160.00,3920.00,2.00,0.00,0.00,3.00,9.00,2160.00,0.00,2014.00,0.00,98116.00,47.58,-122.42,1500.00,4920.00
5104530240.00,20140724T000000,346950.00,3.00,2.50,2040.00,4348.00,2.00,0.00,0.00,4.00,8.00,2040.00,0.00,2006.00,0.00,98038.00,47.35,-122.00,2380.00,4348.00
4139680070.00,20140617T000000,866059.00,5.00,3.50,3130.00,4797.00,2.00,0.00,0.00,3.00,9.00,2570.00,560.00,2014.00,0.00,98006.00,47.57,-122.13,3440.00,5439.00
7852180260.00,20150129T000000,410000.00,3.00,2.50,2350.00,4456.00,2.00,0.00,0.00,3.00,7.00,2350.00,0.00,2004.00,0.00,98065.00,47.53,-121.85,2350.00,4456.00
1471610060.00,20140708T000000,370000.00,3.00,1.75,1570.00,16817.00,2.00,0.00,0.00,3.00,7.00,1570.00,0.00,1982.00,0.00,98045.00,47.47,-121.76,1600.00,16817.00
3520069033.00,20140623T000000,230000.00,3.00,1.00,1530.00,389126.00,1.50,0.00,0.00,4.00,7.00,1530.00,0.00,1919.00,0.00,98022.00,47.18,-122.01,1768.00,42148.00
9268200550.00,20141010T000000,400000.00,2.00,2.00,1520.00,5010.00,1.00,0.00,0.00,3.00,7.00,1520.00,0.00,1999.00,0.00,98117.00,47.69,-122.36,1110.00,5040.00
1788700295.00,20150311T000000,172000.00,3.00,1.00,1350.00,9680.00,1.00,0.00,0.00,4.00,7.00,820.00,530.00,1959.00,0.00,98023.00,47.33,-122.35,1320.00,9225.00
7379600240.00,20140714T000000,615000.00,3.00,1.75,1950.00,8480.00,1.00,0.00,0.00,4.00,8.00,1250.00,700.00,1962.00,0.00,98007.00,47.59,-122.15,1740.00,8480.00
8691330060.00,20150407T000000,860000.00,4.00,3.50,3950.00,9600.00,2.00,0.00,0.00,3.00,10.00,3950.00,0.00,1998.00,0.00,98075.00,47.59,-121.98,3110.00,10213.00
6384500581.00,20140618T000000,555000.00,3.00,1.75,2040.00,6000.00,1.00,0.00,0.00,5.00,7.00,1120.00,920.00,1958.00,0.00,98116.00,47.57,-122.40,1530.00,6250.00
6690500070.00,20140721T000000,579000.00,3.00,2.50,1990.00,4040.00,1.50,0.00,0.00,5.00,8.00,1390.00,600.00,1926.00,0.00,98103.00,47.69,-122.35,1180.00,3030.00
3205400140.00,20140630T000000,385000.00,3.00,1.75,1300.00,7030.00,1.00,0.00,0.00,3.00,7.00,1300.00,0.00,1968.00,0.00,98034.00,47.72,-122.18,1450.00,7650.00
6662410070.00,20150414T000000,420000.00,4.00,2.25,2030.00,12000.00,2.00,0.00,0.00,3.00,7.00,2030.00,0.00,1977.00,0.00,98011.00,47.77,-122.17,2190.00,9900.00
1919800260.00,20140716T000000,645000.00,3.00,1.75,2340.00,6750.00,1.50,0.00,0.00,5.00,7.00,1620.00,720.00,1914.00,0.00,98103.00,47.70,-122.34,1410.00,3388.00
7283900045.00,20150428T000000,549950.00,3.00,2.50,2160.00,6288.00,2.00,0.00,0.00,3.00,8.00,2160.00,0.00,1996.00,0.00,98133.00,47.77,-122.35,1830.00,7600.00
3756100160.00,20140923T000000,678000.00,3.00,2.75,2770.00,10000.00,1.00,0.00,1.00,5.00,8.00,1640.00,1130.00,1962.00,0.00,98033.00,47.70,-122.21,2450.00,10000.00
3352401981.00,20140521T000000,199000.00,4.00,2.00,2030.00,8120.00,2.00,0.00,0.00,3.00,7.00,2030.00,0.00,1950.00,0.00,98178.00,47.50,-122.26,1520.00,9440.00
5315100394.00,20150218T000000,604000.00,3.00,1.00,1440.00,13824.00,1.00,0.00,0.00,4.00,7.00,1440.00,0.00,1957.00,0.00,98040.00,47.59,-122.24,2540.00,12092.00
3450300270.00,20150403T000000,268000.00,5.00,1.75,1730.00,10368.00,1.00,0.00,0.00,5.00,7.00,1010.00,720.00,1963.00,0.00,98059.00,47.50,-122.16,1730.00,7728.00
2325069117.00,20140805T000000,960000.00,5.00,3.50,4510.00,16305.00,2.00,0.00,0.00,3.00,10.00,2820.00,1690.00,2003.00,0.00,98074.00,47.63,-122.01,4330.00,18741.00
7199340310.00,20150218T000000,509250.00,3.00,2.50,2100.00,7600.00,1.00,0.00,0.00,4.00,7.00,1450.00,650.00,1980.00,0.00,98052.00,47.70,-122.13,2010.00,7600.00
8663260030.00,20141118T000000,416000.00,3.00,2.50,1800.00,5372.00,2.00,0.00,0.00,3.00,8.00,1800.00,0.00,1987.00,0.00,98034.00,47.72,-122.18,1650.00,6014.00
9315100030.00,20140515T000000,190000.00,3.00,1.00,1090.00,8520.00,1.00,0.00,0.00,3.00,7.00,1090.00,0.00,1967.00,0.00,98003.00,47.34,-122.31,1190.00,8520.00
2190601049.00,20150429T000000,212000.00,3.00,1.50,1010.00,10000.00,1.00,0.00,0.00,4.00,7.00,1010.00,0.00,1973.00,0.00,98003.00,47.29,-122.29,2420.00,34637.00
9264930400.00,20141029T000000,325900.00,3.00,2.50,2040.00,9765.00,2.00,0.00,0.00,3.00,8.00,2040.00,0.00,1985.00,0.00,98023.00,47.31,-122.35,2350.00,10150.00
2490200055.00,20140801T000000,560000.00,3.00,3.50,2270.00,4088.00,2.00,0.00,0.00,3.00,8.00,1880.00,390.00,1996.00,0.00,98136.00,47.54,-122.38,1760.00,5425.00
3830630140.00,20140924T000000,275000.00,3.00,2.50,1730.00,5799.00,2.00,0.00,0.00,4.00,7.00,1730.00,0.00,1987.00,0.00,98030.00,47.35,-122.18,1710.00,6490.00
6385260160.00,20150309T000000,665000.00,4.00,2.50,2480.00,15411.00,2.00,0.00,2.00,3.00,8.00,2480.00,0.00,1994.00,0.00,98059.00,47.54,-122.16,2940.00,14679.00
5701500030.00,20140601T000000,1505000.00,4.00,3.50,3480.00,7232.00,2.00,0.00,0.00,3.00,9.00,2580.00,900.00,1926.00,2010.00,98144.00,47.59,-122.29,2380.00,5642.00
859000160.00,20141203T000000,375000.00,4.00,2.00,1720.00,2410.00,1.00,0.00,0.00,3.00,7.00,970.00,750.00,1930.00,2006.00,98106.00,47.53,-122.36,1160.00,1404.00
123039633.00,20140909T000000,359950.00,3.00,1.75,1570.00,6975.00,1.00,0.00,0.00,3.00,7.00,1040.00,530.00,1979.00,0.00,98126.00,47.51,-122.37,1280.00,7813.00
3601200465.00,20150123T000000,340000.00,4.00,2.75,3527.00,7200.00,2.00,0.00,0.00,3.00,7.00,3527.00,0.00,2005.00,0.00,98198.00,47.38,-122.30,2490.00,7200.00
106000320.00,20141031T000000,401000.00,2.00,1.00,840.00,8100.00,1.00,0.00,0.00,4.00,7.00,840.00,0.00,1948.00,0.00,98177.00,47.70,-122.37,1100.00,8220.00
7631200292.00,20140626T000000,669000.00,2.00,1.75,1950.00,10766.00,1.00,0.00,3.00,4.00,6.00,1160.00,790.00,1952.00,0.00,98166.00,47.45,-122.38,1780.00,11721.00
2526059046.00,20150429T000000,638500.00,4.00,2.50,1980.00,6568.00,2.00,0.00,0.00,3.00,8.00,1980.00,0.00,2004.00,0.00,98052.00,47.70,-122.10,2310.00,6496.00
3416600111.00,20150323T000000,545000.00,2.00,1.50,1620.00,3760.00,2.00,0.00,0.00,5.00,7.00,1170.00,450.00,1924.00,0.00,98144.00,47.60,-122.29,2130.00,4000.00
3205500160.00,20141226T000000,524000.00,4.00,1.00,1980.00,7015.00,1.00,0.00,0.00,3.00,7.00,1260.00,720.00,1973.00,0.00,98034.00,47.72,-122.18,1570.00,7626.00
824059331.00,20141108T000000,1610000.00,5.00,3.75,3530.00,13260.00,2.00,0.00,0.00,3.00,10.00,3530.00,0.00,2013.00,0.00,98040.00,47.58,-122.21,3340.00,13260.00
5347200060.00,20140909T000000,280000.00,2.00,1.00,1260.00,4800.00,1.00,0.00,0.00,3.00,6.00,1100.00,160.00,1947.00,0.00,98126.00,47.52,-122.38,1260.00,2435.00
9323610260.00,20140825T000000,828000.00,4.00,2.50,2120.00,10841.00,1.00,0.00,0.00,4.00,8.00,1500.00,620.00,1979.00,0.00,98006.00,47.56,-122.16,3130.00,10950.00
8732160240.00,20141017T000000,223000.00,3.00,1.75,1360.00,10573.00,1.00,0.00,0.00,4.00,7.00,1360.00,0.00,1984.00,0.00,98023.00,47.30,-122.37,1580.00,8280.00
9808640320.00,20150102T000000,1289000.00,4.00,3.50,3100.00,2261.00,2.00,0.00,2.00,3.00,9.00,2250.00,850.00,1981.00,0.00,98033.00,47.65,-122.20,2660.00,2000.00
1326069050.00,20150504T000000,750000.00,2.00,2.00,2370.00,155130.00,1.00,0.00,0.00,3.00,7.00,2370.00,0.00,1970.00,0.00,98019.00,47.74,-121.97,1860.00,14475.00
1454100267.00,20150417T000000,430000.00,2.00,1.00,1460.00,9207.00,1.00,0.00,0.00,3.00,7.00,1210.00,250.00,1947.00,0.00,98125.00,47.72,-122.29,1500.00,6898.00
5021900160.00,20140618T000000,711000.00,4.00,1.75,1980.00,10800.00,1.00,0.00,0.00,5.00,6.00,990.00,990.00,1948.00,0.00,98040.00,47.58,-122.22,2180.00,10800.00
818100030.00,20141204T000000,310000.00,4.00,2.50,1930.00,7014.00,2.00,0.00,0.00,3.00,8.00,1930.00,0.00,1994.00,0.00,98042.00,47.39,-122.16,1990.00,7920.00
393000045.00,20141226T000000,415000.00,5.00,1.75,3700.00,9140.00,1.00,0.00,0.00,3.00,8.00,1850.00,1850.00,1957.00,0.00,98178.00,47.51,-122.26,2190.00,6720.00
8091411040.00,20140701T000000,274900.00,4.00,2.50,1970.00,6600.00,2.00,0.00,0.00,3.00,7.00,1970.00,0.00,1987.00,0.00,98030.00,47.35,-122.17,1970.00,7682.00
5561200310.00,20140609T000000,525000.00,3.00,3.00,2470.00,36445.00,2.00,0.00,0.00,4.00,8.00,2470.00,0.00,1980.00,0.00,98027.00,47.47,-122.00,2310.00,35350.00
3204500340.00,20141219T000000,179500.00,3.00,1.00,1180.00,32214.00,1.00,0.00,0.00,3.00,7.00,1180.00,0.00,1952.00,0.00,98092.00,47.33,-122.20,2300.00,13714.00
9222400935.00,20140523T000000,478000.00,3.00,1.00,1280.00,2580.00,1.50,0.00,0.00,3.00,8.00,1280.00,0.00,1910.00,2014.00,98115.00,47.67,-122.32,1410.00,3150.00
1796350570.00,20140521T000000,195000.00,3.00,1.75,1380.00,7350.00,1.00,0.00,0.00,3.00,7.00,990.00,390.00,1981.00,0.00,98042.00,47.37,-122.09,1660.00,8400.00
2473450200.00,20150305T000000,385000.00,4.00,3.00,2740.00,10925.00,1.00,0.00,0.00,3.00,8.00,1670.00,1070.00,1980.00,0.00,98058.00,47.45,-122.13,2330.00,9940.00
1387300570.00,20141201T000000,401000.00,3.00,2.75,2020.00,9505.00,1.00,0.00,0.00,3.00,7.00,1260.00,760.00,1969.00,0.00,98011.00,47.74,-122.20,2080.00,11901.00
8857640860.00,20140926T000000,522000.00,4.00,2.50,2835.00,6598.00,2.00,0.00,0.00,3.00,8.00,2835.00,0.00,2002.00,0.00,98038.00,47.39,-122.03,2770.00,6969.00
5415000240.00,20150224T000000,330000.00,4.00,1.75,1520.00,14417.00,1.00,0.00,0.00,4.00,7.00,1520.00,0.00,1968.00,0.00,98065.00,47.53,-121.81,1600.00,10716.00
2591760070.00,20140603T000000,503000.00,3.00,2.50,2190.00,4882.00,2.00,0.00,0.00,3.00,9.00,2190.00,0.00,1999.00,0.00,98155.00,47.76,-122.31,2190.00,7055.00
4131500140.00,20150212T000000,175000.00,5.00,1.75,1680.00,8400.00,1.00,0.00,0.00,4.00,7.00,1680.00,0.00,1979.00,0.00,98003.00,47.30,-122.31,1800.00,8550.00
7203220370.00,20150320T000000,963990.00,4.00,3.50,3915.00,6364.00,2.00,0.00,0.00,3.00,9.00,3915.00,0.00,2014.00,0.00,98053.00,47.68,-122.02,3830.00,6507.00
1651500060.00,20140929T000000,845000.00,5.00,2.00,1720.00,9972.00,1.00,0.00,0.00,4.00,8.00,1720.00,0.00,1951.00,0.00,98004.00,47.64,-122.22,2700.00,9023.00
7883600700.00,20150122T000000,157500.00,2.00,1.00,670.00,4500.00,1.00,0.00,0.00,3.00,5.00,670.00,0.00,1905.00,0.00,98108.00,47.53,-122.33,1210.00,4500.00
567000755.00,20141205T000000,450000.00,2.00,3.00,1790.00,1709.00,2.00,0.00,0.00,3.00,7.00,1400.00,390.00,2001.00,0.00,98144.00,47.59,-122.30,1460.00,1462.00
9294300615.00,20140918T000000,925000.00,4.00,1.75,2440.00,11793.00,1.00,0.00,4.00,3.00,8.00,1420.00,1020.00,1950.00,0.00,98115.00,47.68,-122.27,2500.00,8028.00
3213200215.00,20150105T000000,600000.00,2.00,1.00,920.00,5029.00,1.00,0.00,0.00,4.00,7.00,920.00,0.00,1938.00,0.00,98115.00,47.67,-122.27,1230.00,5029.00
9136101776.00,20140918T000000,709000.00,4.00,1.00,1680.00,4087.00,1.50,0.00,0.00,3.00,7.00,1680.00,0.00,1911.00,0.00,98103.00,47.67,-122.34,1740.00,3745.00
5035300850.00,20141110T000000,1385000.00,5.00,3.75,3290.00,6480.00,2.00,0.00,0.00,5.00,10.00,2190.00,1100.00,1938.00,0.00,98199.00,47.65,-122.42,2010.00,7639.00
3668001080.00,20140911T000000,248000.00,3.00,2.50,2120.00,6840.00,1.00,0.00,0.00,3.00,7.00,1220.00,900.00,1984.00,0.00,98092.00,47.28,-122.15,1820.00,8200.00
5540800100.00,20150511T000000,245000.00,3.00,1.00,910.00,6630.00,1.00,0.00,0.00,4.00,6.00,910.00,0.00,1912.00,0.00,98103.00,47.69,-122.35,950.00,5100.00
3679401110.00,20140530T000000,332000.00,2.00,1.00,1000.00,4776.00,1.00,0.00,0.00,4.00,6.00,1000.00,0.00,1942.00,0.00,98108.00,47.56,-122.32,1500.00,4800.00
7852130100.00,20150313T000000,459950.00,3.00,2.50,2340.00,4273.00,2.00,0.00,0.00,3.00,7.00,2340.00,0.00,2002.00,0.00,98065.00,47.54,-121.88,2400.00,4624.00
9828200147.00,20150410T000000,425000.00,3.00,2.00,1180.00,1800.00,2.00,0.00,2.00,3.00,8.00,1180.00,0.00,1994.00,0.00,98122.00,47.62,-122.30,1500.00,1948.00
826069085.00,20140903T000000,460000.00,3.00,2.25,2080.00,50965.00,1.00,0.00,0.00,3.00,8.00,1590.00,490.00,1979.00,0.00,98077.00,47.75,-122.06,2270.00,51836.00
6383900090.00,20140904T000000,838300.00,6.00,2.50,3760.00,12978.00,1.00,0.00,0.00,3.00,9.00,2360.00,1400.00,1967.00,0.00,98117.00,47.70,-122.38,2300.00,7362.00
8100000090.00,20141111T000000,256000.00,3.00,2.50,1480.00,7200.00,2.00,0.00,0.00,5.00,7.00,1480.00,0.00,1995.00,0.00,98010.00,47.31,-122.02,1350.00,7200.00
7805450750.00,20150120T000000,864000.00,3.00,2.75,3060.00,13554.00,2.00,0.00,0.00,3.00,10.00,3060.00,0.00,1984.00,0.00,98006.00,47.56,-122.11,3060.00,11455.00
148000705.00,20150305T000000,900000.00,4.00,3.50,3070.00,4440.00,2.00,0.00,0.00,3.00,9.00,2030.00,1040.00,1922.00,2007.00,98116.00,47.57,-122.41,1780.00,4800.00
1432400490.00,20150401T000000,145600.00,3.00,1.00,1170.00,7560.00,1.00,0.00,0.00,3.00,6.00,1170.00,0.00,1958.00,0.00,98058.00,47.45,-122.18,1170.00,7560.00
7974200820.00,20140821T000000,865000.00,5.00,3.00,2900.00,6730.00,1.00,0.00,0.00,5.00,8.00,1830.00,1070.00,1977.00,0.00,98115.00,47.68,-122.29,2370.00,6283.00
8731951130.00,20140609T000000,250250.00,3.00,2.25,2210.00,8000.00,2.00,0.00,0.00,4.00,8.00,2210.00,0.00,1969.00,0.00,98023.00,47.31,-122.38,1990.00,8000.00
7227801955.00,20140919T000000,162000.00,4.00,2.00,1440.00,7641.00,1.00,0.00,0.00,4.00,5.00,1440.00,0.00,1943.00,0.00,98056.00,47.51,-122.18,1440.00,7750.00
3558910490.00,20140731T000000,450000.00,4.00,1.75,1980.00,7350.00,1.00,0.00,0.00,3.00,7.00,1430.00,550.00,1973.00,0.00,98034.00,47.71,-122.20,1870.00,7920.00
324059112.00,20150325T000000,675500.00,4.00,2.75,2060.00,21344.00,1.00,0.00,0.00,2.00,8.00,1460.00,600.00,1978.00,0.00,98005.00,47.59,-122.15,2060.00,16088.00
2710600025.00,20141103T000000,697000.00,3.00,2.25,2420.00,5304.00,1.50,0.00,0.00,5.00,7.00,1640.00,780.00,1947.00,0.00,98115.00,47.68,-122.29,1560.00,5304.00
7582700100.00,20141111T000000,1324050.00,3.00,3.25,3440.00,4080.00,2.00,0.00,0.00,3.00,9.00,2560.00,880.00,2005.00,0.00,98105.00,47.66,-122.28,3110.00,4080.00
3882300100.00,20141201T000000,490000.00,3.00,1.75,1600.00,16510.00,1.00,0.00,0.00,3.00,8.00,1600.00,0.00,1984.00,0.00,98052.00,47.66,-122.14,1510.00,10407.00
3735900590.00,20141021T000000,590000.00,3.00,2.25,2210.00,5742.00,1.00,0.00,0.00,3.00,8.00,1460.00,750.00,1951.00,0.00,98115.00,47.69,-122.32,1900.00,4590.00
5153200356.00,20150512T000000,280000.00,4.00,1.75,2250.00,16000.00,1.00,0.00,0.00,3.00,8.00,1450.00,800.00,1957.00,0.00,98023.00,47.33,-122.35,1930.00,16000.00
7625702350.00,20140523T000000,515000.00,2.00,1.00,1680.00,6500.00,1.00,0.00,0.00,4.00,7.00,1140.00,540.00,1941.00,0.00,98136.00,47.55,-122.39,1610.00,6500.00
2755200090.00,20140714T000000,576000.00,3.00,1.00,1140.00,5395.00,1.00,0.00,0.00,4.00,7.00,1010.00,130.00,1909.00,0.00,98115.00,47.68,-122.31,1700.00,5376.00
626059317.00,20141120T000000,375000.00,3.00,1.75,1430.00,10574.00,2.00,0.00,0.00,3.00,7.00,1430.00,0.00,1981.00,0.00,98011.00,47.77,-122.22,1900.00,10450.00
7199360090.00,20150320T000000,478000.00,3.00,1.00,1440.00,7107.00,1.00,0.00,0.00,4.00,7.00,1000.00,440.00,1980.00,0.00,98052.00,47.70,-122.12,1540.00,7140.00
8651443480.00,20150128T000000,282000.00,3.00,1.00,1670.00,5200.00,1.00,0.00,0.00,5.00,7.00,1030.00,640.00,1977.00,0.00,98042.00,47.37,-122.09,1620.00,6696.00
9359100750.00,20141031T000000,1400000.00,4.00,4.50,3080.00,10550.00,2.00,0.00,3.00,3.00,8.00,1940.00,1140.00,1976.00,2007.00,98040.00,47.58,-122.24,2780.00,10550.00
5561400740.00,20150210T000000,593500.00,5.00,3.25,4300.00,50405.00,2.00,0.00,0.00,3.00,8.00,3220.00,1080.00,1972.00,0.00,98027.00,47.46,-122.00,2680.00,41684.00
1723099031.00,20141020T000000,724950.00,4.00,3.50,3010.00,174240.00,2.00,0.00,0.00,3.00,9.00,3010.00,0.00,2004.00,0.00,98045.00,47.48,-121.69,2720.00,247856.00
7236500025.00,20140829T000000,306000.00,3.00,1.75,1560.00,7500.00,1.00,0.00,0.00,4.00,8.00,1560.00,0.00,1966.00,0.00,98056.00,47.49,-122.18,1600.00,7904.00
2473411080.00,20140609T000000,341000.00,4.00,1.75,1920.00,7665.00,1.00,0.00,0.00,4.00,8.00,1500.00,420.00,1975.00,0.00,98058.00,47.45,-122.13,2100.00,7344.00
1773101335.00,20141103T000000,399950.00,3.00,2.50,1400.00,4400.00,1.00,0.00,0.00,3.00,7.00,1400.00,0.00,1930.00,2014.00,98106.00,47.55,-122.37,1060.00,4400.00
9126100850.00,20141120T000000,534000.00,5.00,2.00,2280.00,3600.00,2.00,0.00,0.00,3.00,7.00,2280.00,0.00,1992.00,0.00,98122.00,47.61,-122.31,1740.00,1800.00
7202331220.00,20140721T000000,635000.00,6.00,2.50,3880.00,5700.00,2.00,0.00,0.00,3.00,7.00,3880.00,0.00,2003.00,0.00,98053.00,47.68,-122.04,2620.00,5070.00
5511600245.00,20150324T000000,350000.00,2.00,1.00,1350.00,3880.00,1.00,0.00,0.00,3.00,6.00,950.00,400.00,1927.00,0.00,98103.00,47.68,-122.34,1670.00,3920.00
1344300090.00,20150217T000000,856000.00,3.00,1.50,1480.00,2700.00,1.50,0.00,0.00,3.00,7.00,1480.00,0.00,1928.00,0.00,98112.00,47.62,-122.30,1970.00,4200.00
9828702812.00,20140923T000000,582000.00,4.00,3.00,1670.00,1189.00,3.00,0.00,0.00,3.00,8.00,1427.00,243.00,2000.00,0.00,98122.00,47.62,-122.30,1700.00,1401.00
3825310820.00,20140729T000000,799000.00,4.00,2.50,3400.00,6742.00,2.00,0.00,0.00,3.00,9.00,3400.00,0.00,2004.00,0.00,98052.00,47.71,-122.13,2970.00,6909.00
7852040110.00,20140908T000000,423700.00,3.00,2.50,2070.00,3986.00,2.00,0.00,0.00,3.00,8.00,2070.00,0.00,1999.00,0.00,98065.00,47.53,-121.88,2090.00,3986.00
6752500090.00,20150127T000000,1835000.00,4.00,3.50,4870.00,39190.00,2.00,0.00,0.00,3.00,12.00,4870.00,0.00,1995.00,0.00,98006.00,47.54,-122.12,5000.00,33880.00
3222079162.00,20140813T000000,322000.00,3.00,2.00,1760.00,43575.00,1.00,0.00,0.00,3.00,7.00,1160.00,600.00,1988.00,0.00,98010.00,47.36,-121.94,1760.00,46038.00
1025069192.00,20141105T000000,929000.00,4.00,3.25,4030.00,57499.00,2.00,0.00,0.00,3.00,9.00,4030.00,0.00,2002.00,0.00,98053.00,47.66,-122.03,3470.00,57499.00
5101404608.00,20141201T000000,443000.00,2.00,1.00,1130.00,5413.00,1.00,0.00,0.00,3.00,7.00,880.00,250.00,1939.00,0.00,98115.00,47.70,-122.32,1250.00,5413.00
9477100490.00,20150424T000000,441500.00,3.00,1.75,1510.00,7700.00,1.00,0.00,0.00,3.00,7.00,1510.00,0.00,1968.00,0.00,98034.00,47.73,-122.19,1440.00,7416.00
324069015.00,20140708T000000,875000.00,4.00,3.50,3110.00,108464.00,2.00,0.00,2.00,4.00,8.00,3110.00,0.00,1979.00,0.00,98075.00,47.59,-122.02,2340.00,4938.00
4114601570.00,20141118T000000,3600000.00,3.00,3.25,5020.00,12431.00,2.00,1.00,4.00,3.00,10.00,3420.00,1600.00,1941.00,2002.00,98144.00,47.59,-122.29,3680.00,12620.00
7920100025.00,20150427T000000,450000.00,2.00,1.00,740.00,5100.00,1.00,0.00,0.00,4.00,7.00,740.00,0.00,1947.00,0.00,98115.00,47.68,-122.30,920.00,5100.00
3275730110.00,20140908T000000,425000.00,3.00,2.25,1630.00,10500.00,1.00,0.00,0.00,3.00,7.00,1100.00,530.00,1974.00,0.00,98034.00,47.72,-122.24,1640.00,9794.00
7504030090.00,20140601T000000,660000.00,4.00,1.75,2780.00,9900.00,2.00,0.00,0.00,4.00,10.00,2780.00,0.00,1978.00,0.00,98074.00,47.63,-122.06,2600.00,12000.00
8813400405.00,20140616T000000,763101.00,3.00,1.75,1990.00,5560.00,1.00,0.00,0.00,4.00,7.00,1100.00,890.00,1939.00,0.00,98105.00,47.66,-122.29,1460.00,3706.00
1313300300.00,20150407T000000,499000.00,4.00,2.75,2250.00,14149.00,2.00,0.00,0.00,3.00,9.00,2250.00,0.00,1992.00,0.00,98019.00,47.74,-121.96,2450.00,14027.00
8121610110.00,20150303T000000,521000.00,3.00,1.75,1720.00,37363.00,1.00,0.00,0.00,4.00,8.00,1350.00,370.00,1974.00,0.00,98053.00,47.66,-122.04,2740.00,40635.00
1820069019.00,20140529T000000,302000.00,2.00,1.00,900.00,423838.00,1.00,0.00,2.00,5.00,6.00,900.00,0.00,1925.00,0.00,98022.00,47.23,-122.09,1810.00,94960.00
9406450090.00,20150408T000000,293000.00,4.00,2.25,2360.00,6260.00,2.00,0.00,0.00,3.00,7.00,2360.00,0.00,1998.00,0.00,98038.00,47.39,-122.05,2144.00,6773.00
2619950490.00,20140712T000000,335000.00,3.00,2.25,1530.00,4580.00,2.00,0.00,0.00,3.00,7.00,1530.00,0.00,2011.00,0.00,98019.00,47.73,-121.97,2110.00,4094.00
1646500785.00,20141215T000000,499000.00,2.00,1.00,1450.00,3090.00,2.00,0.00,0.00,3.00,7.00,1450.00,0.00,1919.00,1987.00,98103.00,47.69,-122.36,1450.00,4635.00
1868901690.00,20150505T000000,600000.00,3.00,1.75,2040.00,5000.00,1.50,0.00,0.00,3.00,7.00,1780.00,260.00,1924.00,0.00,98115.00,47.68,-122.30,1690.00,5000.00
9542400025.00,20140916T000000,720000.00,4.00,1.75,2620.00,11041.00,1.50,0.00,0.00,4.00,9.00,2620.00,0.00,1962.00,0.00,98005.00,47.60,-122.17,2230.00,11041.00
2781270090.00,20150225T000000,195000.00,2.00,2.00,1180.00,2553.00,2.00,0.00,0.00,3.00,6.00,1180.00,0.00,2005.00,0.00,98038.00,47.35,-122.02,1310.00,2687.00
1665400165.00,20140507T000000,249000.00,3.00,1.00,1110.00,8423.00,1.00,0.00,0.00,3.00,7.00,1110.00,0.00,1952.00,0.00,98166.00,47.47,-122.34,1140.00,9083.00
1326069191.00,20150202T000000,334000.00,3.00,2.25,1840.00,9781.00,2.00,0.00,0.00,3.00,7.00,1840.00,0.00,1989.00,0.00,98019.00,47.73,-121.98,1490.00,10101.00
381000110.00,20141107T000000,599950.00,4.00,1.75,2720.00,7810.00,1.00,0.00,0.00,3.00,8.00,1510.00,1210.00,1952.00,0.00,98115.00,47.68,-122.28,2120.00,7315.00
3530530110.00,20150217T000000,149900.00,2.00,1.75,1090.00,1950.00,1.00,0.00,0.00,4.00,8.00,1090.00,0.00,1982.00,0.00,98198.00,47.38,-122.32,1360.00,3426.00
5210200107.00,20141125T000000,700000.00,4.00,1.75,1730.00,6500.00,1.00,0.00,0.00,3.00,7.00,1250.00,480.00,1945.00,0.00,98115.00,47.70,-122.28,1910.00,8100.00
1574100025.00,20140807T000000,525000.00,4.00,1.50,1170.00,6240.00,1.00,0.00,0.00,4.00,6.00,1170.00,0.00,1960.00,0.00,98040.00,47.55,-122.23,2380.00,8846.00
2523069192.00,20140708T000000,1049000.00,4.00,3.75,4740.00,126759.00,2.00,0.00,0.00,4.00,10.00,4740.00,0.00,1991.00,0.00,98027.00,47.44,-121.98,3060.00,118047.00
6706600090.00,20140508T000000,402000.00,3.00,2.50,1960.00,8000.00,1.00,0.00,0.00,4.00,7.00,1290.00,670.00,1977.00,0.00,98034.00,47.72,-122.18,1960.00,8000.00
1994200031.00,20140620T000000,450000.00,3.00,2.00,1430.00,3480.00,1.00,0.00,0.00,3.00,7.00,980.00,450.00,1947.00,0.00,98103.00,47.69,-122.34,1450.00,4650.00
2523069156.00,20141203T000000,520000.00,3.00,2.25,2510.00,43995.00,2.00,0.00,0.00,3.00,8.00,2510.00,0.00,1981.00,0.00,98027.00,47.45,-121.99,2470.00,48351.00
5029450850.00,20141204T000000,205000.00,3.00,1.75,1420.00,6980.00,1.00,0.00,0.00,5.00,7.00,820.00,600.00,1980.00,0.00,98023.00,47.29,-122.37,1470.00,7319.00
2723069147.00,20140902T000000,635000.00,3.00,2.25,2680.00,175982.00,1.00,0.00,0.00,3.00,9.00,2680.00,0.00,2004.00,0.00,98038.00,47.45,-122.03,3170.00,215186.00
3750605349.00,20150304T000000,210500.00,3.00,1.00,1220.00,9600.00,1.00,0.00,0.00,5.00,7.00,1220.00,0.00,1958.00,0.00,98001.00,47.26,-122.28,1310.00,9600.00
9285800735.00,20140812T000000,406650.00,2.00,1.00,1070.00,6100.00,1.00,0.00,0.00,3.00,6.00,1070.00,0.00,1940.00,0.00,98126.00,47.57,-122.38,1770.00,5695.00
7574000100.00,20150408T000000,350000.00,3.00,1.75,1580.00,19998.00,1.00,0.00,0.00,4.00,7.00,1580.00,0.00,1968.00,0.00,98010.00,47.33,-122.05,1860.00,19998.00
9212900100.00,20150423T000000,425000.00,4.00,1.75,1820.00,6000.00,1.00,0.00,0.00,3.00,7.00,930.00,890.00,1942.00,0.00,98115.00,47.69,-122.30,1590.00,6000.00
8651611130.00,20140605T000000,798000.00,3.00,3.50,3590.00,6402.00,2.00,0.00,0.00,3.00,10.00,3590.00,0.00,1999.00,0.00,98074.00,47.63,-122.06,3230.00,7305.00
423059184.00,20141201T000000,180000.00,3.00,1.00,1960.00,9583.00,2.00,0.00,0.00,2.00,5.00,1960.00,0.00,1908.00,0.00,98056.00,47.51,-122.17,1850.00,8324.00
5451200600.00,20140602T000000,1250000.00,5.00,3.25,3160.00,13238.00,2.00,0.00,0.00,5.00,8.00,3160.00,0.00,1972.00,0.00,98040.00,47.54,-122.22,2360.00,12042.00
6300000378.00,20150303T000000,435000.00,4.00,2.00,2030.00,4033.00,2.00,0.00,0.00,4.00,7.00,1630.00,400.00,1925.00,0.00,98133.00,47.71,-122.34,1350.00,1340.00
2570300090.00,20141126T000000,355000.00,3.00,1.50,1240.00,15867.00,1.00,0.00,0.00,3.00,7.00,1240.00,0.00,1962.00,0.00,98034.00,47.72,-122.20,1570.00,9600.00
9808100100.00,20150202T000000,3000000.00,5.00,3.25,5370.00,14091.00,2.00,0.00,0.00,3.00,10.00,3850.00,1520.00,1918.00,2008.00,98004.00,47.65,-122.22,2410.00,12047.00
4019300906.00,20140724T000000,685000.00,5.00,2.50,2670.00,14455.00,2.00,0.00,0.00,5.00,9.00,2670.00,0.00,1958.00,0.00,98155.00,47.76,-122.28,1810.00,14455.00
1023059223.00,20140725T000000,311000.00,3.00,1.00,1640.00,12060.00,1.00,0.00,0.00,4.00,7.00,1640.00,0.00,1960.00,0.00,98059.00,47.49,-122.15,1680.00,9147.00
9320700090.00,20140911T000000,305000.00,4.00,2.25,2130.00,9600.00,1.00,0.00,0.00,4.00,7.00,2130.00,0.00,1966.00,0.00,98031.00,47.41,-122.21,1710.00,9600.00
5700002460.00,20140725T000000,675000.00,3.00,2.50,2550.00,4954.00,1.50,0.00,0.00,4.00,7.00,1850.00,700.00,1924.00,0.00,98144.00,47.58,-122.29,1700.00,4954.00
7598100735.00,20140829T000000,769000.00,4.00,2.75,3630.00,15405.00,1.00,0.00,2.00,4.00,8.00,1850.00,1780.00,1968.00,0.00,98040.00,47.57,-122.23,3380.00,11184.00
2202500110.00,20140805T000000,430000.00,3.00,1.50,1690.00,9708.00,1.50,0.00,0.00,5.00,7.00,1690.00,0.00,1954.00,0.00,98006.00,47.57,-122.14,1570.00,9858.00
726059395.00,20140923T000000,516250.00,6.00,2.00,2390.00,8660.00,1.50,0.00,0.00,4.00,7.00,2390.00,0.00,1925.00,0.00,98011.00,47.76,-122.22,2250.00,12942.00
1455600015.00,20141212T000000,760000.00,3.00,3.50,2350.00,10739.00,1.00,0.00,2.00,5.00,7.00,1340.00,1010.00,1940.00,0.00,98125.00,47.73,-122.28,2580.00,11026.00
9528101224.00,20141007T000000,579950.00,3.00,3.50,1420.00,1217.00,2.00,0.00,0.00,3.00,8.00,1180.00,240.00,2003.00,0.00,98115.00,47.68,-122.32,1494.00,1264.00
6713100031.00,20150211T000000,476000.00,3.00,2.25,1570.00,7187.00,1.00,0.00,0.00,4.00,8.00,1170.00,400.00,1980.00,0.00,98133.00,47.76,-122.36,1660.00,8775.00
8677900123.00,20140612T000000,510000.00,3.00,1.75,1600.00,19200.00,1.00,0.00,0.00,4.00,7.00,1600.00,0.00,1967.00,0.00,98034.00,47.72,-122.25,2010.00,14850.00
4302201130.00,20140508T000000,205000.00,2.00,1.00,720.00,5040.00,1.00,0.00,0.00,3.00,6.00,720.00,0.00,1955.00,0.00,98106.00,47.53,-122.36,1357.00,5120.00
1310800090.00,20141007T000000,240000.00,3.00,1.00,1470.00,7350.00,1.00,0.00,0.00,3.00,7.00,1470.00,0.00,1969.00,0.00,98032.00,47.36,-122.29,1720.00,8050.00
6117502727.00,20140902T000000,738000.00,5.00,3.50,2790.00,16952.00,2.00,0.00,2.00,3.00,10.00,1970.00,820.00,1991.00,0.00,98166.00,47.44,-122.35,2980.00,17281.00
9324800110.00,20140728T000000,420000.00,3.00,1.75,1720.00,8102.00,1.00,0.00,0.00,5.00,6.00,860.00,860.00,1940.00,0.00,98125.00,47.73,-122.29,1440.00,8106.00
8965000110.00,20141114T000000,455000.00,3.00,1.75,1300.00,9600.00,1.00,0.00,0.00,4.00,7.00,1300.00,0.00,1969.00,0.00,98052.00,47.64,-122.10,2070.00,9775.00
5700001055.00,20140915T000000,765000.00,4.00,1.00,2520.00,5500.00,1.50,0.00,0.00,5.00,8.00,1820.00,700.00,1912.00,0.00,98144.00,47.58,-122.29,2350.00,5000.00
49500090.00,20141205T000000,372000.00,4.00,1.50,1780.00,7914.00,1.50,0.00,0.00,4.00,7.00,1780.00,0.00,1962.00,0.00,98059.00,47.51,-122.16,1350.00,8069.00
3812400657.00,20141204T000000,160000.00,3.00,1.00,1200.00,8360.00,1.00,0.00,0.00,2.00,6.00,1200.00,0.00,1948.00,0.00,98118.00,47.54,-122.28,1570.00,6823.00
2725069162.00,20140815T000000,772000.00,4.00,2.50,2990.00,9643.00,2.00,0.00,0.00,3.00,9.00,2990.00,0.00,2003.00,0.00,98074.00,47.63,-122.02,2990.00,8666.00
4232400110.00,20141111T000000,1125000.00,5.00,1.75,1910.00,5640.00,2.00,0.00,0.00,4.00,9.00,1910.00,0.00,1906.00,0.00,98112.00,47.62,-122.31,2050.00,5400.00
9521100586.00,20140524T000000,479000.00,3.00,1.00,1370.00,3000.00,1.50,0.00,0.00,3.00,7.00,1370.00,0.00,1924.00,0.00,98103.00,47.66,-122.35,1510.00,2151.00
7215721570.00,20150505T000000,570000.00,3.00,2.50,1910.00,4941.00,2.00,0.00,0.00,3.00,8.00,1910.00,0.00,1999.00,0.00,98075.00,47.60,-122.02,1910.00,4941.00
3834000805.00,20140710T000000,350000.00,4.00,1.00,1170.00,8147.00,1.50,0.00,0.00,3.00,6.00,1170.00,0.00,1959.00,0.00,98125.00,47.73,-122.29,1260.00,8147.00
2274000026.00,20141101T000000,353000.00,3.00,2.50,1250.00,864.00,3.00,0.00,0.00,3.00,8.00,1250.00,0.00,2004.00,0.00,98115.00,47.70,-122.32,1330.00,2298.00
5103300090.00,20140801T000000,699000.00,5.00,2.50,3340.00,24755.00,2.00,0.00,0.00,3.00,10.00,3340.00,0.00,2002.00,0.00,98038.00,47.46,-122.07,3420.00,23274.00
9558200025.00,20140730T000000,265000.00,3.00,2.00,1380.00,8536.00,2.00,0.00,0.00,4.00,7.00,1380.00,0.00,1955.00,0.00,98148.00,47.44,-122.34,1260.00,8750.00
8649401270.00,20150430T000000,167000.00,1.00,1.00,780.00,10235.00,1.50,0.00,0.00,3.00,6.00,780.00,0.00,1989.00,0.00,98014.00,47.71,-121.32,930.00,10165.00
686200740.00,20141020T000000,500000.00,4.00,2.25,2080.00,8000.00,1.00,0.00,0.00,3.00,8.00,1390.00,690.00,1964.00,0.00,98008.00,47.63,-122.11,1800.00,7700.00
7658600025.00,20140709T000000,700000.00,3.00,1.00,1410.00,7200.00,2.00,0.00,0.00,4.00,6.00,1410.00,0.00,1901.00,0.00,98144.00,47.59,-122.30,1640.00,7200.00
3702900165.00,20141104T000000,295000.00,1.00,1.00,520.00,5600.00,1.00,0.00,0.00,3.00,6.00,520.00,0.00,1918.00,0.00,98116.00,47.56,-122.40,1030.00,5265.00
7977201240.00,20150311T000000,1010000.00,4.00,3.50,3500.00,4080.00,2.00,0.00,2.00,3.00,9.00,2590.00,910.00,2004.00,0.00,98115.00,47.68,-122.29,2430.00,5100.00
8651410090.00,20150508T000000,209000.00,2.00,1.00,840.00,5265.00,1.00,0.00,0.00,5.00,6.00,840.00,0.00,1969.00,0.00,98042.00,47.36,-122.08,920.00,5100.00
3750603732.00,20150128T000000,276000.00,3.00,1.75,2240.00,9200.00,1.00,0.00,0.00,4.00,7.00,1440.00,800.00,1968.00,0.00,98001.00,47.26,-122.28,1740.00,9600.00
1023059429.00,20150122T000000,380000.00,4.00,2.50,2100.00,5857.00,2.00,0.00,0.00,3.00,8.00,2100.00,0.00,2002.00,0.00,98059.00,47.50,-122.16,2090.00,7779.00
2412100025.00,20140606T000000,315000.00,3.00,1.50,1750.00,12500.00,1.00,0.00,0.00,3.00,7.00,1150.00,600.00,1954.00,0.00,98024.00,47.57,-121.90,1680.00,13000.00
203600600.00,20150310T000000,685530.00,4.00,2.50,3130.00,60467.00,2.00,0.00,0.00,3.00,9.00,3130.00,0.00,1996.00,0.00,98014.00,47.66,-121.96,2780.00,44224.00
2021069059.00,20140626T000000,254600.00,3.00,2.00,1470.00,20000.00,1.00,0.00,0.00,4.00,7.00,1470.00,0.00,1968.00,0.00,98002.00,47.30,-122.08,1390.00,30056.00
7227501645.00,20140603T000000,230000.00,3.00,2.00,1440.00,5600.00,1.00,0.00,0.00,4.00,6.00,720.00,720.00,1942.00,2007.00,98056.00,47.49,-122.19,1120.00,5700.00
4310702787.00,20140717T000000,335000.00,3.00,3.00,1430.00,1249.00,3.00,0.00,0.00,3.00,8.00,1430.00,0.00,2003.00,0.00,98103.00,47.70,-122.34,1020.00,1112.00
1494300110.00,20140603T000000,550000.00,4.00,2.50,2170.00,9600.00,1.00,0.00,0.00,3.00,7.00,1460.00,710.00,1980.00,0.00,98052.00,47.68,-122.12,1940.00,8400.00
1950900245.00,20141226T000000,123300.00,3.00,1.00,1150.00,8050.00,1.50,0.00,0.00,4.00,7.00,1150.00,0.00,1956.00,0.00,98032.00,47.37,-122.30,1360.00,8050.00
3512100110.00,20140902T000000,275436.00,4.00,2.75,2170.00,9658.00,1.50,0.00,0.00,3.00,7.00,2170.00,0.00,1966.00,0.00,98030.00,47.37,-122.19,1490.00,9731.00
8732750100.00,20140525T000000,325000.00,4.00,3.50,2630.00,3435.00,1.50,0.00,3.00,3.00,7.00,1640.00,990.00,1984.00,0.00,98188.00,47.44,-122.27,1920.00,2435.00
1332000110.00,20140725T000000,635000.00,4.00,2.50,2490.00,40608.00,2.00,0.00,0.00,3.00,9.00,2490.00,0.00,1997.00,0.00,98053.00,47.65,-122.00,3170.00,45441.00
2768100690.00,20150423T000000,513000.00,3.00,1.75,1710.00,5000.00,1.00,0.00,0.00,4.00,7.00,1110.00,600.00,1944.00,0.00,98107.00,47.67,-122.37,920.00,5000.00
7525410090.00,20140708T000000,580000.00,4.00,2.50,2130.00,35752.00,1.00,0.00,0.00,3.00,8.00,1490.00,640.00,1980.00,0.00,98075.00,47.57,-122.03,3030.00,34000.00
9558800025.00,20150429T000000,225000.00,3.00,1.00,940.00,9272.00,1.00,0.00,0.00,3.00,7.00,940.00,0.00,1954.00,0.00,98148.00,47.44,-122.34,1270.00,9375.00
2788400315.00,20140922T000000,265000.00,3.00,1.00,1400.00,9460.00,1.00,0.00,0.00,3.00,7.00,1060.00,340.00,1961.00,0.00,98168.00,47.51,-122.32,1570.00,7700.00
7128300855.00,20141014T000000,313000.00,4.00,1.75,1630.00,3000.00,1.00,0.00,0.00,3.00,7.00,930.00,700.00,1978.00,0.00,98144.00,47.60,-122.31,1630.00,3000.00
7655900038.00,20150414T000000,296000.00,2.00,1.00,1370.00,8400.00,1.00,0.00,0.00,3.00,7.00,1370.00,0.00,1948.00,0.00,98133.00,47.73,-122.34,1330.00,8396.00
7923500090.00,20141020T000000,655500.00,4.00,2.75,2380.00,15800.00,1.00,0.00,0.00,3.00,8.00,1680.00,700.00,1957.00,2001.00,98007.00,47.59,-122.13,1950.00,11751.00
3339900096.00,20141210T000000,250750.00,5.00,1.75,2140.00,12058.00,1.00,0.00,0.00,4.00,8.00,2140.00,0.00,1951.00,0.00,98002.00,47.32,-122.21,1640.00,10125.00
5214500690.00,20140904T000000,438000.00,4.00,2.50,1970.00,8545.00,2.00,0.00,0.00,3.00,8.00,1970.00,0.00,2004.00,0.00,98059.00,47.49,-122.14,2590.00,7200.00
4045900147.00,20140801T000000,590000.00,3.00,2.75,2550.00,54014.00,2.00,0.00,0.00,4.00,8.00,1980.00,570.00,1967.00,0.00,98072.00,47.76,-122.12,2180.00,21600.00
6450302900.00,20141006T000000,329500.00,3.00,1.00,1080.00,5250.00,1.00,0.00,0.00,4.00,7.00,1080.00,0.00,1947.00,0.00,98133.00,47.73,-122.34,1100.00,5250.00
2597460090.00,20150316T000000,1195000.00,3.00,2.25,3070.00,9645.00,2.00,0.00,0.00,3.00,10.00,2110.00,960.00,1987.00,0.00,98006.00,47.55,-122.14,3130.00,9450.00
2770601595.00,20150320T000000,415000.00,2.00,1.00,1470.00,6000.00,1.00,0.00,0.00,3.00,6.00,900.00,570.00,1944.00,0.00,98199.00,47.65,-122.39,1670.00,6000.00
4188000490.00,20140922T000000,900000.00,4.00,2.50,3620.00,42580.00,2.00,0.00,0.00,3.00,10.00,3620.00,0.00,1984.00,0.00,98052.00,47.72,-122.12,2950.00,33167.00
1324079085.00,20150504T000000,378000.00,3.00,1.50,1050.00,57499.00,1.00,0.00,0.00,3.00,7.00,1050.00,0.00,1975.00,0.00,98024.00,47.56,-121.86,1460.00,42688.00
1720069006.00,20140812T000000,474000.00,2.00,1.00,1050.00,403365.00,1.00,0.00,3.00,5.00,6.00,1050.00,0.00,1905.00,0.00,98022.00,47.22,-122.06,1760.00,108900.00
1947300115.00,20140619T000000,464000.00,3.00,1.00,1320.00,3625.00,2.00,0.00,0.00,3.00,7.00,1320.00,0.00,1900.00,0.00,98122.00,47.60,-122.29,1660.00,5438.00
5490700100.00,20141208T000000,310000.00,3.00,1.00,1210.00,7649.00,1.00,0.00,0.00,4.00,7.00,1210.00,0.00,1956.00,0.00,98155.00,47.77,-122.32,1210.00,6760.00
7278100690.00,20140918T000000,580000.00,3.00,1.50,1860.00,7190.00,2.00,0.00,1.00,5.00,7.00,1860.00,0.00,1952.00,0.00,98177.00,47.77,-122.39,1670.00,5525.00
2322029048.00,20141119T000000,999000.00,3.00,2.75,2830.00,505166.00,1.00,1.00,3.00,4.00,8.00,1830.00,1000.00,1962.00,0.00,98070.00,47.38,-122.51,2120.00,21988.00
6821102100.00,20150317T000000,510000.00,2.00,1.00,810.00,6480.00,1.00,0.00,0.00,5.00,6.00,810.00,0.00,1942.00,0.00,98199.00,47.65,-122.40,1920.00,6000.00
3176100110.00,20140506T000000,650000.00,3.00,1.50,1630.00,7475.00,1.00,0.00,1.00,3.00,7.00,1160.00,470.00,1940.00,0.00,98115.00,47.67,-122.27,2320.00,7475.00
2188200785.00,20140912T000000,196000.00,3.00,1.00,880.00,19600.00,1.00,0.00,0.00,4.00,7.00,880.00,0.00,1978.00,0.00,98023.00,47.27,-122.34,880.00,10500.00
1446801030.00,20140822T000000,220000.00,4.00,1.75,1660.00,11664.00,1.00,0.00,0.00,3.00,6.00,1010.00,650.00,1952.00,0.00,98168.00,47.49,-122.33,1670.00,9975.00
8965520100.00,20141008T000000,855000.00,3.00,2.25,3440.00,10628.00,2.00,0.00,2.00,3.00,10.00,3440.00,0.00,1985.00,0.00,98006.00,47.56,-122.11,3170.00,11434.00
3649100586.00,20140829T000000,483000.00,3.00,1.75,2110.00,10454.00,1.00,0.00,0.00,4.00,8.00,1440.00,670.00,1978.00,0.00,98028.00,47.73,-122.25,1990.00,10890.00
7283900153.00,20150407T000000,400000.00,3.00,1.00,1060.00,12000.00,1.00,0.00,0.00,3.00,7.00,1060.00,0.00,1952.00,0.00,98133.00,47.77,-122.35,1550.00,10500.00
1036100100.00,20140702T000000,435000.00,3.00,2.50,1900.00,7984.00,2.00,0.00,0.00,3.00,8.00,1900.00,0.00,1993.00,0.00,98011.00,47.74,-122.19,2650.00,9352.00
3278602670.00,20140930T000000,219500.00,1.00,1.00,820.00,1060.00,1.00,0.00,0.00,3.00,8.00,760.00,60.00,2007.00,0.00,98126.00,47.55,-122.37,1770.00,1924.00
3625049014.00,20140829T000000,2950000.00,4.00,3.50,4860.00,23885.00,2.00,0.00,0.00,3.00,12.00,4860.00,0.00,1996.00,0.00,98039.00,47.62,-122.23,3580.00,16054.00
7276100165.00,20140916T000000,427000.00,3.00,2.50,2050.00,3218.00,3.00,0.00,0.00,3.00,7.00,2050.00,0.00,2008.00,0.00,98133.00,47.76,-122.34,2050.00,7200.00
9136103130.00,20141201T000000,430000.00,2.00,1.50,1090.00,4013.00,1.50,0.00,0.00,3.00,7.00,1090.00,0.00,1900.00,0.00,98103.00,47.67,-122.34,1390.00,4013.00
9136103130.00,20150512T000000,685000.00,2.00,1.50,1090.00,4013.00,1.50,0.00,0.00,3.00,7.00,1090.00,0.00,1900.00,0.00,98103.00,47.67,-122.34,1390.00,4013.00
1193000025.00,20140903T000000,495000.00,2.00,1.50,1920.00,6250.00,1.00,0.00,0.00,3.00,7.00,1060.00,860.00,1937.00,0.00,98199.00,47.65,-122.39,2070.00,6250.00
2744000100.00,20140625T000000,299950.00,3.00,2.50,1870.00,7942.00,2.00,0.00,0.00,3.00,7.00,1870.00,0.00,1990.00,0.00,98001.00,47.34,-122.28,1870.00,7392.00
3744600028.00,20141121T000000,390000.00,4.00,1.75,2690.00,46609.00,1.50,0.00,0.00,3.00,7.00,2690.00,0.00,1940.00,0.00,98146.00,47.50,-122.35,1920.00,7302.00
3679400025.00,20140812T000000,385000.00,3.00,1.75,2160.00,5863.00,1.50,0.00,0.00,4.00,7.00,1260.00,900.00,1928.00,0.00,98144.00,47.57,-122.32,1590.00,3000.00
9545260100.00,20140625T000000,740000.00,4.00,2.50,3000.00,10392.00,2.00,0.00,0.00,3.00,9.00,3000.00,0.00,1995.00,0.00,98027.00,47.54,-122.05,3140.00,9213.00
375000165.00,20140723T000000,991700.00,4.00,3.00,2290.00,2350.00,2.00,0.00,1.00,3.00,9.00,1610.00,680.00,1924.00,2011.00,98116.00,47.57,-122.42,1610.00,3820.00
4003000053.00,20140813T000000,765000.00,3.00,2.75,2250.00,9600.00,2.50,0.00,0.00,4.00,9.00,1830.00,420.00,1909.00,1991.00,98122.00,47.60,-122.29,2060.00,4980.00
7855600820.00,20140904T000000,802000.00,4.00,2.25,2130.00,8734.00,2.00,0.00,2.00,4.00,8.00,2130.00,0.00,1961.00,0.00,98006.00,47.57,-122.16,2550.00,8800.00
3860400100.00,20141121T000000,950000.00,4.00,2.75,2500.00,20000.00,1.00,0.00,0.00,4.00,8.00,1700.00,800.00,1969.00,0.00,98004.00,47.59,-122.20,2650.00,20000.00
121059147.00,20141104T000000,392000.00,4.00,2.50,2300.00,41167.00,2.00,0.00,0.00,3.00,7.00,2300.00,0.00,1988.00,0.00,98042.00,47.34,-122.11,2300.00,21765.00
825079019.00,20141203T000000,590000.00,3.00,2.50,3360.00,218235.00,1.00,0.00,0.00,3.00,8.00,3360.00,0.00,1989.00,0.00,98014.00,47.66,-121.95,2650.00,220849.00
123039313.00,20150410T000000,425000.00,4.00,2.50,1920.00,9000.00,2.00,0.00,0.00,2.00,7.00,1920.00,0.00,1989.00,0.00,98126.00,47.52,-122.37,1530.00,10474.00
7784000110.00,20140722T000000,765000.00,5.00,1.75,2440.00,15143.00,1.50,0.00,4.00,4.00,8.00,1740.00,700.00,1944.00,0.00,98146.00,47.49,-122.37,2390.00,10907.00
8835220090.00,20140807T000000,313500.00,3.00,2.25,1440.00,3488.00,2.00,0.00,0.00,4.00,7.00,1440.00,0.00,1983.00,0.00,98034.00,47.73,-122.16,1390.00,3488.00
6381501636.00,20140820T000000,320000.00,3.00,1.00,1780.00,6840.00,2.00,0.00,0.00,4.00,6.00,1780.00,0.00,1947.00,0.00,98125.00,47.73,-122.30,1410.00,7200.00
1370804446.00,20150210T000000,604000.00,4.00,1.75,1490.00,4485.00,1.00,0.00,0.00,3.00,8.00,1350.00,140.00,1960.00,0.00,98199.00,47.64,-122.40,1380.00,4846.00
9828701871.00,20150212T000000,570000.00,3.00,2.00,1400.00,1657.00,2.00,0.00,0.00,3.00,8.00,1060.00,340.00,2004.00,0.00,98112.00,47.62,-122.30,1540.00,2275.00
3396200090.00,20140520T000000,639000.00,4.00,2.50,2150.00,12028.00,2.00,0.00,0.00,4.00,8.00,2150.00,0.00,1982.00,0.00,98052.00,47.72,-122.10,1800.00,11777.00
1463400047.00,20140822T000000,335000.00,4.00,2.00,1910.00,10200.00,1.00,0.00,0.00,4.00,7.00,1910.00,0.00,1963.00,0.00,98059.00,47.48,-122.13,1820.00,15600.00
8825900855.00,20141014T000000,896000.00,4.00,1.75,2660.00,3520.00,2.00,0.00,0.00,4.00,8.00,2080.00,580.00,1917.00,0.00,98115.00,47.67,-122.31,2100.00,4080.00
7147600245.00,20140627T000000,259500.00,3.00,1.75,1650.00,12349.00,1.00,0.00,0.00,3.00,7.00,1650.00,0.00,1957.00,0.00,98188.00,47.44,-122.28,1470.00,10763.00
5071400485.00,20140807T000000,637000.00,3.00,2.00,1980.00,6000.00,1.00,0.00,0.00,4.00,7.00,1380.00,600.00,1958.00,0.00,98115.00,47.69,-122.28,1260.00,6000.00
8732040090.00,20150506T000000,307450.00,4.00,2.75,2690.00,8874.00,1.00,0.00,0.00,3.00,8.00,1370.00,1320.00,1980.00,0.00,98023.00,47.31,-122.38,1990.00,7875.00
8082400100.00,20140825T000000,535000.00,3.00,1.75,1380.00,3561.00,1.00,0.00,0.00,4.00,7.00,860.00,520.00,1925.00,0.00,98117.00,47.68,-122.40,1820.00,4593.00
546000930.00,20140630T000000,669500.00,4.00,2.25,2500.00,4046.00,1.50,0.00,0.00,4.00,7.00,1520.00,980.00,1940.00,0.00,98117.00,47.69,-122.38,1410.00,4046.00
1665400025.00,20141028T000000,259000.00,3.00,1.75,1590.00,7148.00,1.00,0.00,0.00,3.00,7.00,1590.00,0.00,1952.00,0.00,98166.00,47.47,-122.34,1150.00,7280.00
9187200245.00,20141231T000000,441000.00,4.00,1.50,1100.00,3300.00,1.00,0.00,0.00,1.00,7.00,1100.00,0.00,1919.00,0.00,98122.00,47.60,-122.30,2020.00,4000.00
2123700015.00,20150512T000000,228800.00,4.00,2.50,1470.00,1612.00,2.00,0.00,0.00,3.00,7.00,980.00,490.00,2003.00,0.00,98118.00,47.53,-122.27,1460.00,5027.00
8682291730.00,20140513T000000,530000.00,2.00,2.00,1680.00,4950.00,1.00,0.00,0.00,3.00,8.00,1680.00,0.00,2006.00,0.00,98053.00,47.72,-122.02,1570.00,4800.00
5318100504.00,20140728T000000,524000.00,2.00,2.00,1450.00,2272.00,1.00,0.00,0.00,4.00,6.00,750.00,700.00,1924.00,0.00,98112.00,47.63,-122.28,2170.00,4370.00
9297800165.00,20141211T000000,430000.00,4.00,2.25,2020.00,4840.00,1.50,0.00,0.00,5.00,8.00,1200.00,820.00,1925.00,0.00,98126.00,47.56,-122.38,1410.00,4840.00
1342300265.00,20141001T000000,1325000.00,4.00,3.25,2470.00,4760.00,1.50,0.00,0.00,5.00,9.00,1890.00,580.00,1906.00,0.00,98112.00,47.63,-122.31,2470.00,4760.00
2212901130.00,20141103T000000,210000.00,3.00,1.00,1230.00,12201.00,1.00,0.00,0.00,3.00,7.00,1230.00,0.00,1969.00,0.00,98042.00,47.33,-122.13,1230.00,10780.00
8122100690.00,20140623T000000,449000.00,4.00,2.50,1850.00,5040.00,1.00,0.00,0.00,3.00,7.00,1230.00,620.00,1930.00,2013.00,98126.00,47.54,-122.37,1010.00,5040.00
148000375.00,20140619T000000,945000.00,2.00,2.50,2540.00,7089.00,2.00,0.00,0.00,3.00,9.00,2540.00,0.00,2004.00,0.00,98116.00,47.57,-122.41,1330.00,7089.00
3423049209.00,20150318T000000,200450.00,3.00,1.00,970.00,9130.00,1.00,0.00,0.00,3.00,6.00,970.00,0.00,1957.00,0.00,98188.00,47.44,-122.27,1000.00,8886.00
16000015.00,20150417T000000,219950.00,3.00,1.50,1070.00,6601.00,1.00,0.00,0.00,3.00,6.00,1070.00,0.00,1985.00,0.00,98002.00,47.31,-122.21,1030.00,6614.00
4035900015.00,20140619T000000,659500.00,4.00,3.00,2620.00,18362.00,1.00,0.00,0.00,4.00,8.00,1870.00,750.00,1956.00,0.00,98006.00,47.56,-122.18,2630.00,16792.00
8563010300.00,20141126T000000,746000.00,4.00,2.75,2110.00,8190.00,1.50,0.00,0.00,5.00,8.00,2110.00,0.00,1966.00,0.00,98008.00,47.63,-122.10,2420.00,8400.00
3396200300.00,20150331T000000,540000.00,3.00,1.75,2110.00,7129.00,1.00,0.00,0.00,3.00,8.00,1280.00,830.00,1982.00,0.00,98052.00,47.72,-122.10,1810.00,8674.00
2291401425.00,20140910T000000,485000.00,5.00,2.00,1910.00,5508.00,1.00,0.00,0.00,3.00,7.00,1020.00,890.00,1968.00,0.00,98133.00,47.71,-122.35,1030.00,7440.00
7454000110.00,20150127T000000,202000.00,2.00,1.00,670.00,7844.00,1.00,0.00,0.00,3.00,6.00,670.00,0.00,1942.00,0.00,98126.00,47.52,-122.37,740.00,7218.00
3377900195.00,20140929T000000,2525000.00,4.00,5.50,6930.00,45100.00,1.00,0.00,0.00,4.00,11.00,4310.00,2620.00,1950.00,1991.00,98006.00,47.55,-122.14,2560.00,37766.00
3824100082.00,20150401T000000,502000.00,3.00,2.75,2010.00,11200.00,1.00,0.00,0.00,3.00,8.00,1360.00,650.00,1979.00,0.00,98028.00,47.77,-122.25,2200.00,10640.00
3751604169.00,20150224T000000,279000.00,2.00,2.75,1770.00,10534.00,1.00,0.00,0.00,3.00,8.00,1210.00,560.00,2003.00,0.00,98001.00,47.28,-122.28,1600.00,17400.00
6431500283.00,20141117T000000,409500.00,3.00,1.00,1340.00,4120.00,1.00,0.00,0.00,4.00,7.00,1040.00,300.00,1921.00,0.00,98103.00,47.69,-122.35,1270.00,4635.00
6647400090.00,20140702T000000,453000.00,3.00,2.00,1660.00,15050.00,1.00,0.00,0.00,3.00,7.00,1260.00,400.00,1983.00,0.00,98034.00,47.72,-122.19,1660.00,7320.00
7387500195.00,20150227T000000,367000.00,4.00,1.00,1820.00,5500.00,1.50,0.00,0.00,3.00,6.00,1820.00,0.00,1947.00,0.00,98106.00,47.52,-122.36,1140.00,5500.00
3342101785.00,20140523T000000,550000.00,3.00,2.50,2510.00,5400.00,2.00,0.00,0.00,3.00,9.00,2510.00,0.00,1992.00,0.00,98056.00,47.52,-122.21,1840.00,5400.00
9320600090.00,20150127T000000,273500.00,3.00,1.50,1560.00,8314.00,1.00,0.00,0.00,3.00,7.00,1560.00,0.00,1962.00,0.00,98031.00,47.41,-122.21,1820.00,8925.00
8901001185.00,20141007T000000,505000.00,4.00,3.00,2280.00,7400.00,1.00,0.00,0.00,3.00,7.00,1340.00,940.00,1978.00,0.00,98125.00,47.71,-122.31,1540.00,7500.00
825069097.00,20140619T000000,770000.00,3.00,2.50,2650.00,40705.00,2.00,0.00,0.00,3.00,9.00,2650.00,0.00,1994.00,0.00,98053.00,47.67,-122.06,2550.00,42625.00
7745000090.00,20140509T000000,565000.00,4.00,2.25,2470.00,7447.00,2.00,0.00,0.00,3.00,8.00,2470.00,0.00,1984.00,0.00,98155.00,47.75,-122.29,2270.00,7400.00
1771110090.00,20140820T000000,316000.00,3.00,0.75,1270.00,10092.00,1.00,0.00,0.00,5.00,7.00,1270.00,0.00,1971.00,0.00,98077.00,47.76,-122.07,1300.00,10375.00
7888100090.00,20140925T000000,160000.00,4.00,1.00,1520.00,7298.00,1.50,0.00,0.00,3.00,7.00,1520.00,0.00,1960.00,0.00,98198.00,47.37,-122.31,1520.00,7298.00
5083000375.00,20141027T000000,170000.00,3.00,1.00,1310.00,9529.00,1.00,0.00,0.00,3.00,7.00,1310.00,0.00,1956.00,0.00,98198.00,47.41,-122.30,1330.00,9529.00
5083000375.00,20150319T000000,235000.00,3.00,1.00,1310.00,9529.00,1.00,0.00,0.00,3.00,7.00,1310.00,0.00,1956.00,0.00,98198.00,47.41,-122.30,1330.00,9529.00
1329000090.00,20141219T000000,1799000.00,4.00,3.50,3930.00,39098.00,2.00,0.00,0.00,3.00,12.00,3930.00,0.00,1999.00,0.00,98005.00,47.64,-122.16,4250.00,38682.00
8143000600.00,20140918T000000,310000.00,3.00,1.00,990.00,7050.00,1.00,0.00,0.00,3.00,7.00,990.00,0.00,1967.00,0.00,98034.00,47.73,-122.20,1200.00,8125.00
2144800215.00,20140519T000000,285000.00,4.00,1.75,2080.00,13629.00,1.00,0.00,0.00,4.00,7.00,1040.00,1040.00,1955.00,0.00,98178.00,47.49,-122.23,1780.00,14659.00
9268200658.00,20140604T000000,280000.00,2.00,1.00,960.00,4920.00,1.00,0.00,0.00,3.00,6.00,960.00,0.00,1942.00,0.00,98117.00,47.69,-122.36,1010.00,5040.00
5452301785.00,20150218T000000,2298000.00,4.00,4.25,4070.00,13860.00,2.00,0.00,3.00,3.00,10.00,4070.00,0.00,2004.00,0.00,98040.00,47.59,-122.23,3430.00,9240.00
1137500090.00,20140814T000000,763776.00,4.00,2.50,2750.00,16139.00,2.00,0.00,0.00,3.00,9.00,2750.00,0.00,1989.00,0.00,98075.00,47.58,-122.06,2810.00,13093.00
6117500025.00,20150217T000000,530000.00,5.00,2.75,3230.00,13572.00,1.00,0.00,2.00,3.00,8.00,1880.00,1350.00,1965.00,0.00,98166.00,47.44,-122.35,2910.00,15292.00
2326079039.00,20150211T000000,362000.00,1.00,1.00,890.00,211576.00,1.50,0.00,0.00,3.00,7.00,890.00,0.00,1996.00,0.00,98019.00,47.72,-121.88,1670.00,217364.00
7595700025.00,20140725T000000,430000.00,2.00,1.00,990.00,4920.00,1.00,0.00,0.00,3.00,6.00,990.00,0.00,1931.00,0.00,98117.00,47.69,-122.37,990.00,4960.00
4443800110.00,20140725T000000,456500.00,3.00,1.00,1290.00,3880.00,1.50,0.00,0.00,4.00,7.00,1290.00,0.00,1919.00,0.00,98117.00,47.69,-122.39,1290.00,4850.00
5101405265.00,20140911T000000,445000.00,4.00,2.50,2170.00,5257.00,2.00,0.00,0.00,3.00,7.00,2170.00,0.00,1989.00,0.00,98115.00,47.70,-122.31,1430.00,7528.00
9206200110.00,20150310T000000,386900.00,3.00,1.00,1330.00,10500.00,1.00,0.00,0.00,3.00,7.00,960.00,370.00,1963.00,0.00,98034.00,47.72,-122.20,1460.00,11550.00
2205700405.00,20140708T000000,479000.00,3.00,1.00,1340.00,13750.00,1.00,0.00,0.00,4.00,7.00,1340.00,0.00,1955.00,0.00,98006.00,47.58,-122.15,1430.00,11400.00
7852020300.00,20150313T000000,525000.00,3.00,2.50,2200.00,4544.00,2.00,0.00,0.00,3.00,8.00,2200.00,0.00,2000.00,0.00,98065.00,47.53,-121.87,2400.00,5431.00
5559200051.00,20150106T000000,272000.00,4.00,1.75,2520.00,10890.00,1.00,0.00,0.00,3.00,7.00,1260.00,1260.00,1979.00,0.00,98023.00,47.32,-122.34,2090.00,12375.00
2826049165.00,20150226T000000,517000.00,4.00,1.00,1180.00,13500.00,1.50,0.00,0.00,3.00,7.00,1180.00,0.00,1950.00,0.00,98125.00,47.72,-122.31,1580.00,8976.00
2675600028.00,20150226T000000,615000.00,3.00,1.75,2660.00,7800.00,1.00,0.00,0.00,4.00,8.00,1330.00,1330.00,1951.00,0.00,98117.00,47.70,-122.38,1950.00,6240.00
259801110.00,20140828T000000,439000.00,3.00,1.75,1250.00,7030.00,1.00,0.00,0.00,3.00,7.00,1250.00,0.00,1965.00,0.00,98008.00,47.63,-122.12,1460.00,7210.00
1150001270.00,20140724T000000,716000.00,3.00,2.50,2270.00,7866.00,1.00,0.00,0.00,4.00,10.00,2270.00,0.00,1988.00,0.00,98029.00,47.56,-122.02,2580.00,8132.00
7130300690.00,20141028T000000,308000.00,2.00,1.00,1080.00,6250.00,1.00,0.00,2.00,4.00,7.00,1080.00,0.00,1942.00,1968.00,98118.00,47.51,-122.25,2100.00,6875.00
2652500015.00,20140610T000000,800000.00,3.00,2.25,1620.00,4500.00,2.00,0.00,0.00,4.00,8.00,1620.00,0.00,1926.00,0.00,98119.00,47.64,-122.36,1210.00,4320.00
3693901801.00,20150505T000000,575000.00,3.00,2.00,940.00,5000.00,1.00,0.00,0.00,3.00,7.00,880.00,60.00,1941.00,0.00,98117.00,47.68,-122.40,1420.00,5000.00
8092501240.00,20140701T000000,219950.00,3.00,1.50,1620.00,9310.00,1.00,0.00,0.00,4.00,7.00,1620.00,0.00,1967.00,0.00,98042.00,47.37,-122.11,1610.00,10640.00
9552701030.00,20140522T000000,770000.00,4.00,2.50,2350.00,8001.00,2.00,0.00,0.00,4.00,8.00,2350.00,0.00,1987.00,0.00,98006.00,47.55,-122.15,2460.00,8001.00
9477101280.00,20141230T000000,424950.00,3.00,1.75,2090.00,7505.00,1.00,0.00,0.00,3.00,7.00,2090.00,0.00,1967.00,0.00,98034.00,47.73,-122.19,1510.00,7416.00
7462900015.00,20150108T000000,387000.00,3.00,2.25,1760.00,45133.00,2.00,0.00,0.00,3.00,7.00,1760.00,0.00,1984.00,0.00,98065.00,47.51,-121.87,1910.00,51773.00
6744700302.00,20140620T000000,790000.00,4.00,1.75,2050.00,10920.00,1.00,0.00,3.00,3.00,8.00,1450.00,600.00,1974.00,0.00,98155.00,47.74,-122.29,2440.00,10920.00
3163600015.00,20150128T000000,156000.00,2.00,1.00,600.00,4000.00,1.00,0.00,0.00,3.00,5.00,600.00,0.00,1933.00,0.00,98146.00,47.51,-122.34,1290.00,6973.00
6896300375.00,20140505T000000,580000.00,2.00,1.00,2540.00,7000.00,1.00,0.00,0.00,5.00,8.00,1320.00,1220.00,1942.00,0.00,98118.00,47.53,-122.26,2160.00,6000.00
7419700015.00,20140919T000000,490000.00,4.00,2.25,2090.00,10869.00,2.00,0.00,0.00,3.00,8.00,2090.00,0.00,1970.00,0.00,98033.00,47.67,-122.16,1800.00,17788.00
4473400195.00,20140716T000000,950000.00,5.00,3.25,2700.00,3650.00,2.00,0.00,2.00,3.00,9.00,2070.00,630.00,1926.00,2014.00,98144.00,47.60,-122.29,1940.00,4000.00
9358001566.00,20150213T000000,400000.00,2.00,2.50,1410.00,1281.00,2.00,0.00,0.00,3.00,8.00,1090.00,320.00,2008.00,0.00,98126.00,47.57,-122.37,1410.00,2550.00
6145600900.00,20150513T000000,325000.00,2.00,2.50,1170.00,1638.00,2.00,0.00,0.00,3.00,8.00,1170.00,0.00,2008.00,0.00,98133.00,47.70,-122.35,1350.00,1407.00
1865000110.00,20140929T000000,365000.00,4.00,2.50,2540.00,6688.00,2.00,0.00,0.00,3.00,9.00,2540.00,0.00,2002.00,0.00,98092.00,47.33,-122.18,2810.00,6776.00
8698100115.00,20150407T000000,255000.00,3.00,1.75,2190.00,6000.00,1.50,0.00,0.00,4.00,7.00,2190.00,0.00,1920.00,0.00,98002.00,47.31,-122.22,1610.00,6000.00
1454600038.00,20150323T000000,985000.00,5.00,3.50,3890.00,13261.00,2.00,0.00,1.00,3.00,9.00,2870.00,1020.00,1984.00,0.00,98125.00,47.72,-122.28,3080.00,13261.00
5652601425.00,20150423T000000,595000.00,4.00,2.50,2030.00,10722.00,1.00,0.00,0.00,3.00,7.00,1100.00,930.00,1967.00,0.00,98115.00,47.70,-122.30,1610.00,9134.00
6381500690.00,20140716T000000,427500.00,3.00,1.00,1350.00,7085.00,1.00,0.00,0.00,5.00,7.00,1350.00,0.00,1944.00,0.00,98125.00,47.73,-122.31,1350.00,7085.00
1778500015.00,20141016T000000,728000.00,3.00,1.50,1940.00,4000.00,1.50,0.00,0.00,3.00,8.00,1310.00,630.00,1915.00,0.00,98112.00,47.62,-122.29,1940.00,4000.00
6021500245.00,20140910T000000,549950.00,2.00,1.00,1260.00,4000.00,1.00,0.00,0.00,3.00,7.00,1000.00,260.00,1940.00,0.00,98117.00,47.69,-122.38,1780.00,4000.00
2926049382.00,20141208T000000,650000.00,3.00,2.00,2800.00,10501.00,1.00,0.00,0.00,3.00,7.00,1400.00,1400.00,1954.00,0.00,98125.00,47.71,-122.32,2260.00,6534.00
1692900110.00,20150320T000000,1125000.00,5.00,3.25,3080.00,13394.00,1.00,0.00,2.00,4.00,9.00,2230.00,850.00,1968.00,0.00,98033.00,47.67,-122.19,2810.00,10720.00
8651401270.00,20150504T000000,203000.00,3.00,1.00,840.00,6500.00,1.00,0.00,0.00,5.00,6.00,840.00,0.00,1969.00,0.00,98042.00,47.36,-122.08,920.00,4680.00
3332500265.00,20140807T000000,311000.00,2.00,1.00,860.00,3300.00,1.00,0.00,0.00,5.00,6.00,860.00,0.00,1903.00,0.00,98118.00,47.55,-122.28,1380.00,4400.00
4027700853.00,20150428T000000,387500.00,6.00,2.00,2400.00,7684.00,1.00,0.00,0.00,3.00,6.00,1200.00,1200.00,1932.00,2005.00,98028.00,47.77,-122.27,1290.00,9800.00
7301300215.00,20150318T000000,370000.00,4.00,2.00,1640.00,7200.00,1.00,0.00,0.00,3.00,7.00,1640.00,0.00,1963.00,0.00,98155.00,47.75,-122.32,1500.00,9000.00
7663700792.00,20140724T000000,228000.00,2.00,1.00,1060.00,6100.00,1.00,0.00,0.00,3.00,6.00,1060.00,0.00,1951.00,0.00,98125.00,47.73,-122.30,1550.00,9150.00
2919702235.00,20140528T000000,740000.00,2.00,1.75,2080.00,4800.00,1.00,0.00,0.00,5.00,7.00,1080.00,1000.00,1923.00,0.00,98117.00,47.69,-122.36,1310.00,4800.00
5476200123.00,20140710T000000,200000.00,4.00,2.00,2090.00,6630.00,1.00,0.00,0.00,3.00,7.00,1070.00,1020.00,1974.00,0.00,98178.00,47.51,-122.27,1550.00,7980.00
3797002585.00,20140709T000000,660000.00,3.00,1.00,1240.00,3500.00,1.00,0.00,0.00,4.00,7.00,1240.00,0.00,1927.00,0.00,98103.00,47.68,-122.35,1650.00,3360.00
8864000735.00,20140709T000000,275000.00,4.00,2.00,2030.00,8426.00,2.00,0.00,0.00,3.00,7.00,2030.00,0.00,1944.00,0.00,98168.00,47.48,-122.29,1190.00,7007.00
1193000115.00,20150429T000000,708000.00,2.00,1.00,1120.00,5250.00,1.00,0.00,0.00,3.00,7.00,950.00,170.00,1938.00,0.00,98199.00,47.65,-122.39,1510.00,5250.00
7334501240.00,20140519T000000,280000.00,3.00,2.50,1270.00,9675.00,2.00,0.00,0.00,3.00,8.00,1270.00,0.00,1993.00,0.00,98045.00,47.46,-121.74,1270.00,11700.00
7885801460.00,20150106T000000,325000.00,4.00,2.50,2260.00,5702.00,2.00,0.00,0.00,3.00,8.00,2260.00,0.00,2002.00,0.00,98042.00,47.35,-122.15,2450.00,6381.00
1823099076.00,20140820T000000,495000.00,3.00,2.50,1780.00,47480.00,2.00,0.00,0.00,3.00,7.00,1780.00,0.00,1995.00,0.00,98045.00,47.47,-121.71,1890.00,51836.00
8900000110.00,20140922T000000,691000.00,2.00,2.00,1780.00,3810.00,1.50,0.00,0.00,3.00,7.00,980.00,800.00,1922.00,0.00,98119.00,47.65,-122.36,1690.00,3810.00
251620110.00,20140702T000000,2288000.00,4.00,2.50,4080.00,18362.00,2.00,0.00,2.00,4.00,11.00,4080.00,0.00,1983.00,0.00,98004.00,47.63,-122.21,4080.00,19991.00
221049191.00,20150428T000000,329500.00,3.00,2.50,2120.00,22482.00,1.00,0.00,0.00,5.00,7.00,1360.00,760.00,1979.00,0.00,98001.00,47.34,-122.27,2330.00,16016.00
9264950940.00,20140805T000000,348000.00,3.00,2.50,2060.00,7458.00,2.00,0.00,0.00,3.00,9.00,2060.00,0.00,1989.00,0.00,98023.00,47.30,-122.35,2480.00,7743.00
8820902540.00,20141114T000000,425000.00,2.00,1.00,1670.00,6212.00,1.00,0.00,0.00,4.00,7.00,1670.00,0.00,1947.00,0.00,98125.00,47.72,-122.28,1670.00,7272.00
3438500625.00,20140519T000000,210000.00,3.00,1.00,1080.00,21043.00,1.00,0.00,0.00,3.00,6.00,1080.00,0.00,1942.00,0.00,98106.00,47.55,-122.36,1380.00,7620.00
7452500315.00,20141220T000000,285000.00,2.00,1.00,1210.00,4895.00,1.00,0.00,0.00,3.00,6.00,710.00,500.00,1951.00,0.00,98126.00,47.52,-122.37,1100.00,6000.00
8945200750.00,20150430T000000,222000.00,3.00,1.00,990.00,8840.00,1.00,0.00,0.00,3.00,6.00,990.00,0.00,1966.00,0.00,98023.00,47.31,-122.37,1120.00,8625.00
2599001240.00,20140527T000000,200000.00,4.00,2.50,1720.00,9600.00,1.00,0.00,0.00,3.00,7.00,1120.00,600.00,1961.00,0.00,98092.00,47.29,-122.19,1520.00,9400.00
5360200054.00,20141002T000000,247500.00,3.00,2.00,1530.00,8749.00,1.00,0.00,0.00,3.00,7.00,1530.00,0.00,1995.00,0.00,98023.00,47.30,-122.37,1750.00,8749.00
622069006.00,20140820T000000,1500000.00,4.00,5.50,6550.00,217374.00,1.00,0.00,0.00,3.00,11.00,5400.00,1150.00,2006.00,0.00,98058.00,47.43,-122.10,4110.00,50378.00
84000245.00,20141120T000000,190000.00,3.00,1.75,1100.00,9452.00,1.00,0.00,0.00,3.00,6.00,1100.00,0.00,1942.00,0.00,98146.00,47.49,-122.34,1350.00,9452.00
5605000590.00,20141215T000000,975000.00,4.00,2.50,3020.00,4950.00,1.50,0.00,0.00,4.00,9.00,2020.00,1000.00,1921.00,0.00,98112.00,47.65,-122.30,2300.00,5450.00
6613000015.00,20141223T000000,1130000.00,4.00,3.00,3180.00,4649.00,2.00,0.00,0.00,4.00,9.00,2070.00,1110.00,1925.00,0.00,98105.00,47.66,-122.27,2720.00,5980.00
5151600195.00,20150504T000000,283200.00,4.00,1.75,1830.00,12540.00,1.00,0.00,0.00,4.00,8.00,1130.00,700.00,1958.00,0.00,98003.00,47.33,-122.32,2020.00,12540.00
7308900490.00,20140714T000000,650000.00,3.00,2.50,2540.00,8073.00,1.00,0.00,0.00,4.00,8.00,1880.00,660.00,1937.00,0.00,98177.00,47.72,-122.36,2110.00,7702.00
2222900082.00,20140513T000000,449500.00,3.00,2.00,1770.00,6610.00,1.00,0.00,0.00,4.00,7.00,960.00,810.00,1954.00,0.00,98133.00,47.77,-122.34,2010.00,4361.00
3574801720.00,20141022T000000,400000.00,3.00,1.75,1470.00,6682.00,1.00,0.00,0.00,3.00,7.00,1470.00,0.00,1987.00,0.00,98034.00,47.73,-122.23,1790.00,7379.00
1721801591.00,20150219T000000,89950.00,1.00,1.00,570.00,4080.00,1.00,0.00,0.00,3.00,5.00,570.00,0.00,1942.00,0.00,98146.00,47.51,-122.33,890.00,5100.00
2641800015.00,20141124T000000,158800.00,3.00,1.00,960.00,8291.00,1.00,0.00,0.00,3.00,6.00,960.00,0.00,1950.00,0.00,98146.00,47.50,-122.33,1110.00,8231.00
7625703885.00,20140917T000000,870000.00,4.00,3.00,2940.00,7108.00,2.00,0.00,1.00,3.00,9.00,2220.00,720.00,2011.00,0.00,98136.00,47.54,-122.40,2240.00,7950.00
3751600176.00,20150306T000000,196000.00,3.00,1.50,1000.00,18568.00,1.00,0.00,0.00,3.00,6.00,1000.00,0.00,1989.00,0.00,98001.00,47.30,-122.27,1610.00,17420.00
5035300750.00,20140731T000000,850000.00,3.00,1.75,2450.00,8603.00,1.00,0.00,0.00,5.00,8.00,1340.00,1110.00,1940.00,0.00,98199.00,47.65,-122.41,2280.00,5779.00
9510970300.00,20140923T000000,775000.00,4.00,2.50,3310.00,5101.00,2.00,0.00,0.00,3.00,9.00,3310.00,0.00,2005.00,0.00,98052.00,47.66,-122.08,3010.00,5176.00
9286100300.00,20140801T000000,483500.00,3.00,2.50,1670.00,4308.00,2.00,0.00,0.00,3.00,8.00,1670.00,0.00,2001.00,0.00,98027.00,47.53,-122.05,1670.00,2897.00
4047200850.00,20150402T000000,387000.00,3.00,1.50,1620.00,21929.00,2.00,0.00,0.00,3.00,7.00,1620.00,0.00,1990.00,0.00,98019.00,47.77,-121.90,1600.00,21679.00
4019300195.00,20150124T000000,900000.00,3.00,3.00,2990.00,30869.00,2.00,0.00,0.00,3.00,10.00,2990.00,0.00,1951.00,2003.00,98155.00,47.76,-122.28,1750.00,15802.00
7891600590.00,20150407T000000,336000.00,3.00,1.50,1240.00,5000.00,1.00,0.00,2.00,3.00,7.00,1240.00,0.00,1964.00,0.00,98106.00,47.57,-122.36,1050.00,5000.00
5249802424.00,20150417T000000,415000.00,2.00,1.00,670.00,6000.00,1.00,0.00,0.00,5.00,6.00,670.00,0.00,1949.00,0.00,98118.00,47.56,-122.28,1240.00,5040.00
3918400017.00,20150205T000000,380000.00,0.00,0.00,1470.00,979.00,3.00,0.00,2.00,3.00,8.00,1470.00,0.00,2006.00,0.00,98133.00,47.71,-122.36,1470.00,1399.00
9209900315.00,20140811T000000,350000.00,3.00,1.50,1320.00,4400.00,1.00,0.00,0.00,3.00,6.00,1320.00,0.00,1909.00,0.00,98112.00,47.62,-122.29,1350.00,4400.00
7237500590.00,20141117T000000,1320000.00,4.00,5.25,6110.00,10369.00,2.00,0.00,0.00,3.00,11.00,6110.00,0.00,2005.00,0.00,98059.00,47.53,-122.14,4190.00,10762.00
3271800850.00,20140806T000000,765000.00,3.00,1.75,2440.00,5800.00,1.00,0.00,3.00,4.00,8.00,1320.00,1120.00,1945.00,0.00,98199.00,47.65,-122.41,2530.00,5800.00
1023059511.00,20141020T000000,527000.00,4.00,2.50,2900.00,6736.00,2.00,0.00,0.00,3.00,8.00,2900.00,0.00,2013.00,0.00,98059.00,47.50,-122.15,2900.00,6736.00
4109600195.00,20140718T000000,524000.00,4.00,2.75,2310.00,5000.00,1.50,0.00,0.00,5.00,8.00,1480.00,830.00,1908.00,0.00,98118.00,47.55,-122.27,1100.00,5000.00
5100401468.00,20140715T000000,448000.00,2.00,1.00,1110.00,5413.00,1.00,0.00,0.00,3.00,6.00,890.00,220.00,1937.00,0.00,98115.00,47.69,-122.32,1300.00,5413.00
1926069137.00,20140707T000000,775000.00,4.00,3.25,4100.00,241322.00,2.00,0.00,0.00,3.00,9.00,2500.00,1600.00,1981.00,0.00,98072.00,47.73,-122.10,3770.00,87821.00
3828000405.00,20150116T000000,176500.00,3.00,1.00,930.00,9900.00,1.50,0.00,0.00,4.00,5.00,930.00,0.00,1910.00,0.00,98032.00,47.37,-122.23,930.00,7200.00
7773800015.00,20150416T000000,750000.00,4.00,2.25,2420.00,11120.00,1.00,0.00,2.00,4.00,8.00,1620.00,800.00,1952.00,0.00,98146.00,47.50,-122.37,2210.00,8497.00
1084000107.00,20141202T000000,1265000.00,4.00,2.25,2870.00,6000.00,1.00,0.00,0.00,5.00,8.00,1730.00,1140.00,1951.00,0.00,98112.00,47.64,-122.28,2370.00,5500.00
7832800015.00,20150226T000000,250000.00,3.00,1.00,1480.00,6750.00,1.00,0.00,0.00,3.00,7.00,1480.00,0.00,1958.00,0.00,98146.00,47.51,-122.37,1480.00,7594.00
9829200590.00,20141028T000000,759000.00,3.00,2.75,1960.00,6390.00,1.50,0.00,2.00,5.00,8.00,1960.00,0.00,1900.00,0.00,98122.00,47.60,-122.29,2440.00,5870.00
8127700820.00,20141211T000000,640000.00,3.00,2.00,1470.00,4640.00,1.50,0.00,0.00,4.00,7.00,1470.00,0.00,1926.00,0.00,98199.00,47.64,-122.39,1700.00,5000.00
9547202265.00,20150427T000000,990000.00,3.00,3.25,2460.00,4182.00,2.00,0.00,0.00,5.00,8.00,2100.00,360.00,1910.00,0.00,98115.00,47.68,-122.31,2370.00,4284.00
7663700261.00,20141008T000000,395000.00,4.00,1.75,1960.00,7945.00,1.00,0.00,0.00,4.00,7.00,980.00,980.00,1946.00,0.00,98125.00,47.73,-122.29,1290.00,7945.00
1445200110.00,20150421T000000,275000.00,2.00,1.50,1160.00,1103.00,2.00,0.00,0.00,3.00,7.00,890.00,270.00,2006.00,0.00,98133.00,47.77,-122.32,1160.00,1086.00
1023059313.00,20150205T000000,390000.00,3.00,2.50,1910.00,4755.00,2.00,0.00,0.00,3.00,8.00,1910.00,0.00,1997.00,0.00,98059.00,47.50,-122.16,2460.00,6099.00
170000215.00,20150324T000000,752500.00,5.00,2.75,2720.00,4680.00,1.50,0.00,0.00,4.00,8.00,1710.00,1010.00,1913.00,0.00,98107.00,47.66,-122.36,1670.00,4800.00
7550801220.00,20150227T000000,450000.00,2.00,1.00,1020.00,5000.00,1.50,0.00,0.00,4.00,6.00,1020.00,0.00,1906.00,0.00,98107.00,47.67,-122.40,1490.00,5000.00
7518501390.00,20140617T000000,473000.00,2.00,1.00,900.00,5100.00,1.00,0.00,0.00,4.00,7.00,900.00,0.00,1909.00,0.00,98117.00,47.68,-122.38,1400.00,5100.00
9407102460.00,20150323T000000,178500.00,3.00,1.75,1120.00,10450.00,1.00,0.00,0.00,3.00,7.00,1120.00,0.00,1973.00,0.00,98045.00,47.44,-121.77,1250.00,10414.00
8567300110.00,20140604T000000,485000.00,3.00,2.50,2340.00,59058.00,1.00,0.00,0.00,3.00,8.00,2340.00,0.00,1985.00,0.00,98038.00,47.41,-122.03,2700.00,37263.00
5029450110.00,20150327T000000,215000.00,3.00,1.50,1410.00,8415.00,1.00,0.00,0.00,4.00,7.00,780.00,630.00,1982.00,0.00,98023.00,47.29,-122.37,1440.00,7361.00
7915100490.00,20140812T000000,589000.00,4.00,1.75,1920.00,4862.00,1.00,0.00,0.00,5.00,7.00,1060.00,860.00,1919.00,0.00,98116.00,47.57,-122.38,1840.00,4862.00
114101500.00,20150417T000000,325000.00,4.00,1.75,1370.00,9993.00,1.00,0.00,0.00,3.00,6.00,1370.00,0.00,1918.00,0.00,98028.00,47.76,-122.23,1650.00,11592.00
9274201807.00,20140820T000000,580000.00,3.00,2.50,1590.00,1937.00,2.50,0.00,0.00,3.00,8.00,1590.00,0.00,2004.00,0.00,98116.00,47.59,-122.39,1620.00,2022.00
7893206095.00,20140716T000000,181100.00,4.00,1.75,1850.00,7500.00,1.00,0.00,0.00,3.00,7.00,1850.00,0.00,1954.00,0.00,98198.00,47.42,-122.33,1460.00,7500.00
2770602265.00,20150224T000000,345000.00,3.00,2.00,1430.00,4200.00,1.00,0.00,0.00,4.00,7.00,830.00,600.00,1908.00,0.00,98199.00,47.65,-122.38,1540.00,5000.00
5418200245.00,20150330T000000,781000.00,3.00,1.75,1940.00,8729.00,1.00,0.00,0.00,3.00,8.00,1460.00,480.00,1960.00,0.00,98125.00,47.70,-122.28,2250.00,9165.00
7228502150.00,20141023T000000,402500.00,4.00,1.00,1270.00,3630.00,1.50,0.00,0.00,3.00,7.00,1270.00,0.00,1903.00,0.00,98122.00,47.61,-122.31,1420.00,4848.00
7972601030.00,20150420T000000,426000.00,3.00,1.50,1380.00,7200.00,1.00,0.00,0.00,3.00,7.00,1080.00,300.00,1948.00,0.00,98106.00,47.53,-122.35,1220.00,7200.00
7853270940.00,20140905T000000,389000.00,3.00,2.50,1720.00,4515.00,2.00,0.00,0.00,3.00,7.00,1720.00,0.00,2005.00,0.00,98065.00,47.54,-121.88,2220.00,4618.00
5561401220.00,20140707T000000,670000.00,6.00,3.00,4050.00,36171.00,2.00,0.00,0.00,4.00,8.00,2620.00,1430.00,1970.00,0.00,98027.00,47.47,-122.02,3660.00,42874.00
1336800015.00,20140521T000000,1506000.00,4.00,3.25,3660.00,5800.00,2.50,0.00,0.00,3.00,10.00,3360.00,300.00,1909.00,1995.00,98112.00,47.63,-122.31,3240.00,5800.00
8944750850.00,20140521T000000,288400.00,3.00,2.25,1870.00,3230.00,2.00,0.00,0.00,3.00,7.00,1870.00,0.00,1997.00,0.00,98056.00,47.49,-122.17,1620.00,3363.00
3362400590.00,20150219T000000,700000.00,4.00,2.00,2230.00,4635.00,1.50,0.00,0.00,5.00,7.00,1510.00,720.00,1908.00,0.00,98103.00,47.68,-122.35,1520.00,4635.00
6821100195.00,20150331T000000,830000.00,4.00,3.00,2020.00,6000.00,1.00,0.00,0.00,3.00,8.00,1220.00,800.00,1968.00,2015.00,98199.00,47.66,-122.40,1400.00,6000.00
1827200265.00,20140911T000000,1899000.00,2.00,2.75,3690.00,32044.00,2.00,1.00,4.00,3.00,12.00,3690.00,0.00,1989.00,0.00,98166.00,47.45,-122.37,2310.00,26988.00
5100401429.00,20141009T000000,350500.00,2.00,1.00,1450.00,6380.00,1.00,0.00,0.00,3.00,7.00,1450.00,0.00,1967.00,0.00,98115.00,47.69,-122.32,1240.00,6380.00
6116500028.00,20150503T000000,431000.00,3.00,1.75,1630.00,9000.00,1.00,0.00,0.00,4.00,7.00,1630.00,0.00,1956.00,0.00,98166.00,47.45,-122.36,1600.00,11120.00
2759800110.00,20141031T000000,485000.00,3.00,2.50,1840.00,8250.00,1.00,0.00,1.00,3.00,8.00,1340.00,500.00,1958.00,0.00,98177.00,47.78,-122.38,1970.00,7920.00
579000096.00,20141010T000000,780000.00,3.00,1.50,1620.00,7500.00,1.00,0.00,2.00,4.00,8.00,1620.00,0.00,1949.00,0.00,98117.00,47.70,-122.38,2440.00,7800.00
9169600096.00,20140801T000000,720000.00,2.00,1.50,1840.00,9000.00,1.00,0.00,2.00,3.00,8.00,1340.00,500.00,1957.00,0.00,98136.00,47.53,-122.39,1880.00,7560.00
1226059112.00,20150220T000000,415000.00,3.00,1.00,1360.00,73616.00,1.00,0.00,0.00,3.00,7.00,1360.00,0.00,1971.00,0.00,98072.00,47.75,-122.12,2040.00,50965.00
6021503830.00,20140620T000000,480000.00,4.00,1.00,2080.00,5500.00,1.00,0.00,0.00,3.00,7.00,1040.00,1040.00,1941.00,0.00,98117.00,47.68,-122.39,1280.00,4000.00
3824100291.00,20140916T000000,452250.00,4.00,2.25,2550.00,10000.00,1.00,0.00,0.00,4.00,7.00,1560.00,990.00,1979.00,0.00,98028.00,47.77,-122.26,2440.00,10000.00
9264921030.00,20150406T000000,316000.00,3.00,2.50,2550.00,8170.00,2.00,0.00,0.00,3.00,8.00,2550.00,0.00,1985.00,0.00,98023.00,47.31,-122.35,1840.00,8823.00
8073000495.00,20141010T000000,700000.00,2.00,1.00,1160.00,17635.00,1.00,1.00,4.00,3.00,6.00,1160.00,0.00,1945.00,0.00,98178.00,47.51,-122.25,1510.00,13122.00
7129304105.00,20140729T000000,285000.00,4.00,2.00,1760.00,5500.00,1.00,0.00,1.00,3.00,7.00,780.00,980.00,1925.00,2004.00,98118.00,47.52,-122.27,1510.00,5500.00
525049085.00,20140918T000000,575000.00,3.00,1.75,1720.00,4050.00,1.00,0.00,0.00,5.00,7.00,860.00,860.00,1906.00,0.00,98115.00,47.68,-122.31,1720.00,4410.00
6117500785.00,20140722T000000,590000.00,3.00,2.25,2300.00,12430.00,1.00,0.00,2.00,4.00,8.00,1580.00,720.00,1960.00,0.00,98166.00,47.44,-122.35,2500.00,12430.00
6115400008.00,20150226T000000,587500.00,4.00,1.75,2500.00,20868.00,1.00,0.00,2.00,3.00,8.00,1600.00,900.00,1956.00,0.00,98166.00,47.43,-122.34,2170.00,15026.00
4024101545.00,20140922T000000,364000.00,4.00,2.25,1750.00,10270.00,1.50,0.00,0.00,4.00,8.00,1750.00,0.00,1968.00,0.00,98155.00,47.76,-122.31,1750.00,10127.00
8651511220.00,20141217T000000,490000.00,3.00,2.50,1890.00,10190.00,2.00,0.00,0.00,3.00,8.00,1890.00,0.00,1986.00,0.00,98074.00,47.65,-122.06,2080.00,9794.00
5561301280.00,20140505T000000,410000.00,3.00,2.25,1800.00,36704.00,1.00,0.00,0.00,4.00,8.00,1360.00,440.00,1978.00,0.00,98027.00,47.47,-122.01,2730.00,36404.00
3629800100.00,20141028T000000,520000.00,3.00,2.50,2160.00,4297.00,2.00,0.00,0.00,3.00,9.00,2160.00,0.00,1999.00,0.00,98029.00,47.55,-122.01,2160.00,3968.00
6141100750.00,20141008T000000,389000.00,3.00,1.00,1380.00,6591.00,1.00,0.00,0.00,4.00,7.00,1380.00,0.00,1947.00,0.00,98133.00,47.72,-122.35,1610.00,6594.00
2770605065.00,20141118T000000,450000.00,2.00,1.00,1180.00,6000.00,1.00,0.00,0.00,3.00,7.00,1180.00,0.00,1910.00,0.00,98119.00,47.65,-122.37,1600.00,6000.00
2517100490.00,20141205T000000,325000.00,3.00,2.50,2550.00,4240.00,2.00,0.00,0.00,3.00,7.00,2550.00,0.00,2006.00,0.00,98031.00,47.40,-122.17,2550.00,4240.00
4083801785.00,20150313T000000,660000.00,2.00,1.00,1070.00,5000.00,1.00,0.00,0.00,3.00,7.00,1070.00,0.00,1924.00,0.00,98103.00,47.66,-122.34,1400.00,4000.00
4318200405.00,20140620T000000,850000.00,3.00,2.25,2870.00,8170.00,2.00,0.00,0.00,3.00,10.00,2250.00,620.00,1995.00,0.00,98136.00,47.54,-122.39,1310.00,8170.00
2329810590.00,20140806T000000,285000.00,3.00,2.50,1940.00,9874.00,2.00,0.00,0.00,3.00,7.00,1940.00,0.00,1990.00,0.00,98042.00,47.38,-122.11,1860.00,8875.00
2768301214.00,20141211T000000,395000.00,2.00,1.00,870.00,3121.00,1.00,0.00,0.00,4.00,7.00,870.00,0.00,1923.00,0.00,98107.00,47.67,-122.37,1570.00,1777.00
1931301105.00,20140717T000000,440000.00,3.00,2.00,1550.00,2401.00,2.00,0.00,0.00,3.00,7.00,1550.00,0.00,1996.00,0.00,98103.00,47.65,-122.35,1550.00,3446.00
3343903640.00,20150313T000000,249000.00,3.00,1.75,1400.00,5648.00,1.50,0.00,0.00,5.00,6.00,1400.00,0.00,1917.00,0.00,98056.00,47.51,-122.20,2320.00,9420.00
8813400245.00,20150227T000000,635000.00,3.00,1.75,1210.00,4400.00,1.50,0.00,0.00,4.00,8.00,1210.00,0.00,1930.00,0.00,98105.00,47.66,-122.29,2020.00,3750.00
3521049048.00,20140811T000000,515000.00,3.00,2.50,3430.00,48993.00,2.00,0.00,0.00,3.00,9.00,3430.00,0.00,2001.00,0.00,98001.00,47.26,-122.27,2460.00,36256.00
1118001645.00,20150130T000000,1400000.00,3.00,3.25,3020.00,6073.00,2.00,0.00,0.00,4.00,9.00,3020.00,0.00,1954.00,0.00,98112.00,47.63,-122.29,3020.00,7700.00
2968801105.00,20150304T000000,200000.00,2.00,1.00,950.00,8100.00,1.00,0.00,0.00,3.00,6.00,950.00,0.00,1955.00,0.00,98166.00,47.46,-122.35,1620.00,7630.00
3524039209.00,20140506T000000,1135000.00,4.00,2.75,3370.00,8103.00,1.00,0.00,3.00,3.00,9.00,1970.00,1400.00,1970.00,2014.00,98136.00,47.52,-122.38,2120.00,6360.00
952003480.00,20141117T000000,445000.00,4.00,1.00,1460.00,4600.00,1.00,0.00,2.00,3.00,6.00,780.00,680.00,1946.00,0.00,98126.00,47.57,-122.38,1560.00,4600.00
2877102670.00,20140707T000000,555000.00,3.00,1.50,1740.00,4200.00,1.50,0.00,0.00,4.00,7.00,1640.00,100.00,1920.00,0.00,98117.00,47.68,-122.36,1660.00,3750.00
5014000100.00,20140924T000000,537000.00,4.00,2.00,1720.00,6413.00,1.00,0.00,0.00,4.00,7.00,860.00,860.00,1950.00,0.00,98116.00,47.57,-122.40,1280.00,6413.00
7399301050.00,20150127T000000,315000.00,3.00,1.75,1480.00,7500.00,1.00,0.00,0.00,4.00,7.00,1480.00,0.00,1968.00,0.00,98055.00,47.46,-122.19,1480.00,7500.00
6979940100.00,20150129T000000,805000.00,5.00,2.50,3320.00,7266.00,2.00,0.00,0.00,3.00,9.00,3320.00,0.00,2000.00,0.00,98075.00,47.59,-122.05,3060.00,10269.00
8731982840.00,20140826T000000,414000.00,4.00,2.50,3490.00,9030.00,1.50,0.00,0.00,4.00,8.00,3490.00,0.00,1969.00,0.00,98023.00,47.32,-122.39,2540.00,8400.00
6909200037.00,20140815T000000,375000.00,2.00,1.50,1160.00,1648.00,2.00,0.00,0.00,3.00,7.00,1160.00,0.00,2002.00,0.00,98144.00,47.59,-122.29,1458.00,2351.00
1160000115.00,20150304T000000,401000.00,4.00,1.75,3010.00,12523.00,1.00,0.00,0.00,3.00,8.00,1780.00,1230.00,1952.00,0.00,98125.00,47.71,-122.32,2040.00,7560.00
7893207665.00,20150128T000000,210000.00,3.00,1.00,1030.00,4583.00,1.00,0.00,0.00,3.00,7.00,1030.00,0.00,1967.00,0.00,98198.00,47.42,-122.33,1730.00,8023.00
8024201270.00,20140722T000000,365000.00,2.00,1.00,980.00,5110.00,1.00,0.00,0.00,4.00,7.00,780.00,200.00,1939.00,0.00,98115.00,47.70,-122.31,1430.00,5110.00
3800008.00,20150224T000000,178000.00,5.00,1.50,1990.00,18200.00,1.00,0.00,0.00,3.00,7.00,1990.00,0.00,1960.00,0.00,98178.00,47.49,-122.26,1860.00,8658.00
6788200931.00,20140520T000000,710000.00,2.00,1.00,1790.00,4000.00,1.00,0.00,0.00,4.00,7.00,1040.00,750.00,1923.00,0.00,98112.00,47.64,-122.30,1310.00,4000.00
723049596.00,20140509T000000,255000.00,2.00,1.00,810.00,7980.00,1.00,0.00,0.00,1.00,6.00,810.00,0.00,1928.00,0.00,98146.00,47.49,-122.34,1440.00,7980.00
7214711270.00,20141204T000000,528000.00,5.00,2.25,2940.00,38009.00,1.00,0.00,0.00,3.00,8.00,1700.00,1240.00,1977.00,0.00,98077.00,47.77,-122.08,2620.00,38300.00
4136980090.00,20150407T000000,537000.00,4.00,4.25,4883.00,26040.00,2.00,0.00,3.00,3.00,10.00,3859.00,1024.00,2006.00,0.00,98092.00,47.26,-122.22,3736.00,9870.00
9278200131.00,20140804T000000,442000.00,4.00,1.50,1360.00,6110.00,1.00,0.00,0.00,3.00,7.00,1010.00,350.00,1955.00,0.00,98116.00,47.58,-122.40,1520.00,6110.00
4046600750.00,20150414T000000,375000.00,3.00,1.75,1370.00,19550.00,1.00,0.00,0.00,3.00,7.00,1370.00,0.00,1978.00,2006.00,98014.00,47.70,-121.91,1430.00,17550.00
9510970090.00,20141121T000000,637250.00,4.00,2.50,2120.00,3220.00,2.00,0.00,0.00,3.00,9.00,2120.00,0.00,2005.00,0.00,98052.00,47.67,-122.08,2120.00,3547.00
2594200375.00,20150330T000000,427500.00,3.00,1.75,1240.00,7200.00,1.00,0.00,0.00,5.00,7.00,1240.00,0.00,1942.00,0.00,98136.00,47.51,-122.39,1640.00,7200.00
1125069064.00,20150331T000000,700000.00,4.00,2.50,2770.00,89298.00,2.00,0.00,0.00,3.00,8.00,2770.00,0.00,2004.00,0.00,98053.00,47.66,-122.01,2650.00,89298.00
117000100.00,20150319T000000,680000.00,3.00,1.75,1660.00,5750.00,1.00,0.00,0.00,4.00,7.00,1080.00,580.00,1909.00,0.00,98116.00,47.58,-122.39,2060.00,5560.00
9212900820.00,20140828T000000,393820.00,2.00,2.00,1170.00,8251.00,1.00,0.00,0.00,3.00,7.00,1170.00,0.00,1941.00,0.00,98115.00,47.69,-122.29,1360.00,6798.00
3959400855.00,20140820T000000,525000.00,4.00,2.75,2470.00,7200.00,1.00,0.00,0.00,5.00,7.00,1350.00,1120.00,1940.00,0.00,98108.00,47.56,-122.32,1500.00,6000.00
2028700265.00,20150115T000000,505000.00,2.00,1.75,1310.00,3816.00,1.00,0.00,0.00,2.00,7.00,1110.00,200.00,1929.00,0.00,98117.00,47.68,-122.37,1510.00,3816.00
3041700090.00,20141111T000000,555565.00,3.00,2.00,1670.00,11337.00,1.00,0.00,1.00,4.00,7.00,1670.00,0.00,1959.00,0.00,98033.00,47.66,-122.19,2210.00,11337.00
868001295.00,20141029T000000,650000.00,3.00,1.75,1660.00,10819.00,1.00,0.00,0.00,4.00,7.00,1240.00,420.00,1942.00,0.00,98177.00,47.70,-122.38,3110.00,11853.00
7853270740.00,20140917T000000,632500.00,5.00,3.25,3500.00,7254.00,2.00,0.00,0.00,3.00,8.00,2760.00,740.00,2005.00,0.00,98065.00,47.54,-121.88,2820.00,6317.00
5416500090.00,20140724T000000,269000.00,3.00,2.50,1440.00,3800.00,2.00,0.00,0.00,3.00,7.00,1440.00,0.00,2005.00,0.00,98038.00,47.36,-122.04,1890.00,3819.00
3574801110.00,20141125T000000,405000.00,4.00,2.75,2360.00,7716.00,1.00,0.00,0.00,3.00,7.00,1390.00,970.00,1978.00,0.00,98034.00,47.73,-122.22,2160.00,8794.00
624110930.00,20140724T000000,845000.00,3.00,3.50,3460.00,15745.00,2.00,0.00,0.00,3.00,10.00,3460.00,0.00,1986.00,0.00,98077.00,47.73,-122.06,3350.00,14825.00
5335700110.00,20140725T000000,234000.00,3.00,1.00,1750.00,8820.00,1.00,0.00,0.00,4.00,7.00,1750.00,0.00,1961.00,0.00,98032.00,47.36,-122.29,1400.00,9600.00
1176000964.00,20150422T000000,638000.00,4.00,1.75,1470.00,4236.00,1.50,0.00,0.00,4.00,7.00,1470.00,0.00,1946.00,0.00,98107.00,47.67,-122.40,1480.00,5400.00
7334602070.00,20140804T000000,290000.00,3.00,1.75,1710.00,10950.00,1.00,0.00,0.00,3.00,7.00,1060.00,650.00,1967.00,0.00,98045.00,47.47,-121.75,1180.00,10950.00
2420069251.00,20150225T000000,262000.00,1.00,0.75,520.00,12981.00,1.00,0.00,0.00,5.00,3.00,520.00,0.00,1920.00,0.00,98022.00,47.21,-122.00,1340.00,12233.00
7885800740.00,20150218T000000,270000.00,4.00,2.50,2350.00,5835.00,2.00,0.00,0.00,3.00,8.00,2350.00,0.00,2003.00,0.00,98042.00,47.35,-122.15,3010.00,5772.00
8082400076.00,20141118T000000,875000.00,4.00,2.25,2380.00,4876.00,2.00,0.00,0.00,4.00,9.00,2240.00,140.00,1948.00,0.00,98117.00,47.68,-122.40,1780.00,4559.00
1310980110.00,20140717T000000,299000.00,3.00,2.25,1920.00,7840.00,2.00,0.00,0.00,4.00,8.00,1920.00,0.00,1982.00,0.00,98032.00,47.36,-122.28,2170.00,7210.00
2354300740.00,20150303T000000,551000.00,3.00,1.00,1580.00,6000.00,1.00,0.00,0.00,5.00,7.00,1580.00,0.00,1947.00,0.00,98027.00,47.53,-122.03,1580.00,6000.00
3023049236.00,20140916T000000,350000.00,3.00,2.75,3070.00,5280.00,2.00,0.00,1.00,3.00,7.00,2360.00,710.00,1950.00,1986.00,98166.00,47.45,-122.35,2570.00,18983.00
9808700405.00,20140604T000000,1901000.00,3.00,2.50,2660.00,13367.00,2.00,0.00,2.00,3.00,10.00,2660.00,0.00,1992.00,0.00,98004.00,47.65,-122.22,2660.00,13367.00
2877102345.00,20141027T000000,511718.00,2.00,1.75,1700.00,5000.00,1.00,0.00,0.00,3.00,6.00,850.00,850.00,1915.00,0.00,98117.00,47.68,-122.36,1690.00,5000.00
1924069058.00,20141010T000000,965000.00,4.00,3.25,5010.00,49222.00,2.00,0.00,0.00,5.00,9.00,3710.00,1300.00,1978.00,0.00,98027.00,47.55,-122.09,3140.00,54014.00
9269260100.00,20141216T000000,475000.00,4.00,2.25,2680.00,4673.00,2.00,0.00,0.00,3.00,7.00,2680.00,0.00,1999.00,0.00,98011.00,47.75,-122.22,2460.00,4645.00
2877104265.00,20150415T000000,1062000.00,4.00,2.75,2720.00,4000.00,1.50,0.00,2.00,5.00,8.00,1840.00,880.00,1928.00,0.00,98117.00,47.68,-122.36,1600.00,4000.00
3123039089.00,20140715T000000,252000.00,2.00,1.00,940.00,15450.00,1.00,0.00,0.00,4.00,6.00,940.00,0.00,1926.00,0.00,98070.00,47.44,-122.46,1370.00,34820.00
8576400110.00,20150317T000000,580000.00,6.00,2.50,3596.00,13700.00,1.00,0.00,0.00,5.00,8.00,1798.00,1798.00,1964.00,0.00,98166.00,47.44,-122.34,1894.00,10500.00
7660600131.00,20141020T000000,374950.00,2.00,2.25,1240.00,1172.00,2.00,0.00,0.00,3.00,8.00,1000.00,240.00,2008.00,0.00,98144.00,47.59,-122.32,1260.00,1111.00
2296500131.00,20141216T000000,739000.00,5.00,4.00,4660.00,9900.00,2.00,0.00,2.00,4.00,9.00,2600.00,2060.00,1979.00,0.00,98056.00,47.51,-122.20,3380.00,9900.00
1761300850.00,20141217T000000,271000.00,4.00,1.75,1710.00,7200.00,1.00,0.00,0.00,5.00,7.00,910.00,800.00,1975.00,0.00,98031.00,47.40,-122.17,1730.00,7200.00
6083000037.00,20140613T000000,230000.00,2.00,1.00,930.00,7550.00,1.00,0.00,0.00,3.00,6.00,930.00,0.00,1986.00,0.00,98168.00,47.49,-122.30,1370.00,10176.00
5259800090.00,20150427T000000,210000.00,3.00,2.25,1430.00,9150.00,1.00,0.00,0.00,3.00,7.00,1070.00,360.00,1984.00,0.00,98023.00,47.32,-122.35,1430.00,6364.00
2968801366.00,20150224T000000,350000.00,3.00,2.75,1650.00,5700.00,2.00,0.00,0.00,4.00,7.00,1650.00,0.00,1988.00,0.00,98166.00,47.46,-122.35,1320.00,7620.00
2126059172.00,20150506T000000,491500.00,3.00,2.25,1560.00,12000.00,1.00,0.00,0.00,4.00,7.00,1110.00,450.00,1968.00,0.00,98034.00,47.73,-122.17,2190.00,4612.00
7334501250.00,20140909T000000,325000.00,3.00,2.50,1870.00,9825.00,1.00,0.00,0.00,4.00,7.00,1250.00,620.00,1994.00,0.00,98045.00,47.46,-121.74,1380.00,11475.00
1545805490.00,20141006T000000,190000.00,3.00,2.00,1320.00,7625.00,1.00,0.00,0.00,3.00,7.00,1320.00,0.00,1987.00,0.00,98038.00,47.36,-122.05,1420.00,7500.00
7518500855.00,20150504T000000,658600.00,4.00,2.00,1400.00,4690.00,1.50,0.00,0.00,4.00,7.00,1400.00,0.00,1945.00,0.00,98117.00,47.68,-122.38,1400.00,4690.00
4171200025.00,20150327T000000,299950.00,3.00,1.50,1940.00,8951.00,1.00,0.00,0.00,3.00,7.00,1300.00,640.00,1958.00,0.00,98168.00,47.47,-122.33,2000.00,8319.00
9818700215.00,20150330T000000,464000.00,5.00,2.00,2000.00,3000.00,1.50,0.00,0.00,3.00,6.00,1200.00,800.00,1931.00,0.00,98122.00,47.60,-122.30,1330.00,4000.00
798000535.00,20140625T000000,308000.00,3.00,1.00,1640.00,18144.00,1.50,0.00,0.00,3.00,6.00,1640.00,0.00,1942.00,0.00,98168.00,47.50,-122.33,1500.00,9065.00
3900100265.00,20150129T000000,625000.00,3.00,1.00,1020.00,7650.00,1.00,0.00,0.00,3.00,6.00,1020.00,0.00,1919.00,0.00,98033.00,47.68,-122.20,1870.00,5500.00
1951100110.00,20150205T000000,240000.00,3.00,1.75,1630.00,9450.00,1.00,0.00,0.00,4.00,7.00,1080.00,550.00,1977.00,0.00,98032.00,47.37,-122.30,1280.00,9100.00
7215420590.00,20150504T000000,530000.00,4.00,2.50,2940.00,35996.00,2.00,0.00,0.00,3.00,9.00,2940.00,0.00,1995.00,0.00,98042.00,47.34,-122.07,2890.00,35089.00
3343301910.00,20141020T000000,1000000.00,5.00,4.50,2120.00,8944.00,2.00,1.00,4.00,5.00,8.00,2120.00,0.00,1939.00,1963.00,98006.00,47.55,-122.20,2870.00,8944.00
9828702095.00,20140925T000000,439000.00,1.00,1.00,790.00,2400.00,1.00,0.00,0.00,3.00,7.00,790.00,0.00,1918.00,0.00,98122.00,47.62,-122.30,1580.00,2566.00
2917200645.00,20150511T000000,575000.00,4.00,1.75,2020.00,6200.00,1.00,0.00,0.00,4.00,6.00,1010.00,1010.00,1948.00,0.00,98133.00,47.70,-122.35,1440.00,4158.00
6163900501.00,20141021T000000,418000.00,3.00,1.75,1530.00,7238.00,1.00,0.00,0.00,3.00,7.00,1530.00,0.00,1959.00,0.00,98155.00,47.76,-122.32,1580.00,7238.00
540100057.00,20150428T000000,1208000.00,4.00,3.75,3250.00,10949.00,2.00,0.00,0.00,4.00,9.00,2940.00,310.00,1930.00,1989.00,98004.00,47.64,-122.22,2340.00,15234.00
2652500300.00,20140603T000000,1100000.00,4.00,3.75,2930.00,3200.00,1.50,0.00,0.00,5.00,9.00,2130.00,800.00,1925.00,0.00,98119.00,47.64,-122.36,1900.00,4320.00
1330300300.00,20150415T000000,1900000.00,3.00,3.75,3150.00,8550.00,2.00,0.00,0.00,3.00,10.00,3150.00,0.00,2007.00,0.00,98112.00,47.64,-122.28,2510.00,8550.00
1137301780.00,20141126T000000,580000.00,3.00,2.50,2180.00,40278.00,2.00,0.00,0.00,3.00,9.00,2180.00,0.00,1985.00,0.00,98072.00,47.73,-122.09,2630.00,40000.00
9842300485.00,20150311T000000,380000.00,2.00,1.00,1040.00,7372.00,1.00,0.00,0.00,5.00,7.00,840.00,200.00,1939.00,0.00,98126.00,47.53,-122.38,1930.00,5150.00
7224000315.00,20140723T000000,256000.00,3.00,1.00,880.00,5375.00,1.00,0.00,0.00,4.00,5.00,880.00,0.00,1924.00,0.00,98055.00,47.49,-122.20,980.00,4838.00
6161000015.00,20140515T000000,349950.00,3.00,1.00,1400.00,7066.00,1.00,0.00,0.00,3.00,8.00,1400.00,0.00,1957.00,0.00,98125.00,47.71,-122.33,1400.00,7320.00
5207200195.00,20140701T000000,691500.00,4.00,2.50,2600.00,7200.00,2.00,0.00,0.00,3.00,7.00,2600.00,0.00,1962.00,2002.00,98115.00,47.69,-122.27,1790.00,6175.00
9191201790.00,20141031T000000,556000.00,3.00,1.75,1590.00,2500.00,1.50,0.00,0.00,4.00,7.00,1190.00,400.00,1908.00,0.00,98105.00,47.67,-122.30,1420.00,3800.00
8731902680.00,20141120T000000,218000.00,3.00,2.25,1610.00,7084.00,1.00,0.00,0.00,4.00,8.00,1280.00,330.00,1968.00,0.00,98023.00,47.31,-122.38,2170.00,8505.00
9448300115.00,20141205T000000,425000.00,4.00,2.00,1390.00,4500.00,1.50,0.00,0.00,5.00,7.00,1390.00,0.00,1908.00,0.00,98108.00,47.56,-122.31,1900.00,5460.00
4045500625.00,20140822T000000,935000.00,3.00,3.25,3710.00,38509.00,2.00,0.00,0.00,3.00,10.00,3710.00,0.00,1998.00,0.00,98014.00,47.69,-121.87,1680.00,25865.00
5603700025.00,20141007T000000,732000.00,4.00,1.75,2360.00,11300.00,1.00,0.00,0.00,4.00,9.00,2360.00,0.00,1974.00,0.00,98006.00,47.57,-122.16,2290.00,11951.00
1266200015.00,20150127T000000,805500.00,3.00,1.00,1440.00,10330.00,1.00,0.00,0.00,4.00,7.00,1440.00,0.00,1952.00,0.00,98004.00,47.62,-122.19,2080.00,10327.00
952003350.00,20150204T000000,507250.00,3.00,1.75,1400.00,5750.00,1.00,0.00,2.00,3.00,6.00,1100.00,300.00,1915.00,0.00,98126.00,47.57,-122.38,1500.00,5175.00
2386000300.00,20141202T000000,800000.00,4.00,2.50,4600.00,67369.00,2.00,0.00,0.00,3.00,10.00,4600.00,0.00,1990.00,0.00,98053.00,47.64,-121.99,4600.00,67369.00
3625059143.00,20140903T000000,600000.00,3.00,2.25,2100.00,8276.00,2.00,0.00,1.00,4.00,8.00,2100.00,0.00,1979.00,0.00,98008.00,47.61,-122.11,2420.00,18135.00
8651500850.00,20150317T000000,627800.00,4.00,1.75,2010.00,12044.00,1.00,0.00,0.00,3.00,9.00,2010.00,0.00,1982.00,0.00,98074.00,47.64,-122.07,2200.00,11144.00
3359500110.00,20140624T000000,660000.00,2.00,2.25,2550.00,6000.00,2.00,0.00,0.00,5.00,7.00,1860.00,690.00,1902.00,0.00,98115.00,47.67,-122.32,2010.00,4000.00
818500490.00,20141009T000000,153503.00,2.00,2.50,1240.00,3649.00,2.00,0.00,0.00,3.00,7.00,1240.00,0.00,1986.00,0.00,98003.00,47.32,-122.32,1400.00,3721.00
3876311390.00,20150120T000000,456500.00,3.00,2.25,2090.00,9163.00,1.00,0.00,0.00,3.00,7.00,1460.00,630.00,1975.00,0.00,98034.00,47.73,-122.17,1960.00,7713.00
8085400490.00,20140801T000000,1306000.00,5.00,2.50,2770.00,8100.00,2.00,0.00,0.00,3.00,9.00,2770.00,0.00,2002.00,0.00,98004.00,47.63,-122.21,2070.00,8100.00
2355010090.00,20141207T000000,843500.00,3.00,2.50,3560.00,11448.00,2.00,0.00,0.00,3.00,11.00,3560.00,0.00,1997.00,0.00,98052.00,47.71,-122.10,3290.00,11506.00
9550200265.00,20140818T000000,625000.00,3.00,1.00,1240.00,4080.00,1.00,0.00,0.00,3.00,7.00,1240.00,0.00,1925.00,0.00,98103.00,47.67,-122.33,2060.00,4080.00
8818400490.00,20140611T000000,527000.00,2.00,1.75,1640.00,4080.00,1.00,0.00,0.00,3.00,7.00,840.00,800.00,1921.00,0.00,98105.00,47.66,-122.33,1980.00,4080.00
8964800025.00,20150226T000000,1965000.00,5.00,3.75,3940.00,13738.00,1.50,0.00,3.00,4.00,9.00,3940.00,0.00,1951.00,0.00,98004.00,47.62,-122.21,2370.00,13320.00
2125059112.00,20150326T000000,1003000.00,5.00,2.50,3150.00,50094.00,2.00,0.00,0.00,4.00,9.00,3150.00,0.00,1969.00,0.00,98005.00,47.64,-122.18,3600.00,48787.00
2028700535.00,20150225T000000,855000.00,4.00,3.00,2550.00,5300.00,2.00,0.00,0.00,3.00,8.00,1720.00,830.00,1908.00,2013.00,98117.00,47.68,-122.37,1590.00,4505.00
4309710100.00,20140620T000000,725000.00,4.00,3.25,3940.00,27591.00,2.00,0.00,3.00,3.00,9.00,3440.00,500.00,2000.00,0.00,98059.00,47.52,-122.12,3420.00,29170.00
4364700805.00,20141015T000000,315000.00,1.00,1.00,580.00,7200.00,1.00,0.00,0.00,3.00,6.00,580.00,0.00,2000.00,0.00,98126.00,47.52,-122.37,1360.00,7560.00
3356407665.00,20140924T000000,180000.00,3.00,1.75,1330.00,16000.00,1.00,0.00,0.00,3.00,7.00,1330.00,0.00,1978.00,0.00,98001.00,47.28,-122.26,1330.00,14374.00
9238900855.00,20150313T000000,700000.00,2.00,1.00,930.00,5000.00,1.00,0.00,3.00,3.00,7.00,930.00,0.00,1926.00,2013.00,98136.00,47.53,-122.39,1760.00,5228.00
1086100100.00,20140811T000000,476500.00,3.00,1.00,1060.00,8625.00,2.00,0.00,0.00,4.00,7.00,1060.00,0.00,1962.00,1997.00,98033.00,47.66,-122.18,2010.00,8901.00
6121000110.00,20140603T000000,193000.00,3.00,1.50,1180.00,9048.00,1.00,0.00,0.00,3.00,7.00,1180.00,0.00,1960.00,0.00,98148.00,47.43,-122.33,1460.00,8942.00
8700100100.00,20140819T000000,295000.00,4.00,2.50,1850.00,6663.00,2.00,0.00,0.00,3.00,7.00,1850.00,0.00,1990.00,0.00,98030.00,47.36,-122.20,1850.00,6417.00
9417400215.00,20140731T000000,363000.00,2.00,1.00,820.00,4880.00,1.00,0.00,0.00,4.00,6.00,820.00,0.00,1925.00,0.00,98136.00,47.55,-122.39,1320.00,4880.00
7701961030.00,20150129T000000,875000.00,4.00,2.50,3600.00,21794.00,2.00,0.00,0.00,4.00,11.00,3600.00,0.00,1990.00,0.00,98077.00,47.71,-122.07,3410.00,19864.00
2149800148.00,20140514T000000,257200.00,3.00,2.00,1850.00,8250.00,1.00,0.00,0.00,4.00,7.00,1150.00,700.00,1952.00,0.00,98002.00,47.31,-122.21,1580.00,7153.00
686450490.00,20140929T000000,555000.00,3.00,2.00,2240.00,11250.00,1.00,0.00,0.00,3.00,8.00,2240.00,0.00,1968.00,0.00,98008.00,47.64,-122.12,2200.00,12500.00
9413400165.00,20140624T000000,380000.00,3.00,2.25,1860.00,15559.00,2.00,0.00,0.00,4.00,7.00,1860.00,0.00,1963.00,0.00,98022.00,47.16,-121.65,1110.00,11586.00
104550690.00,20140725T000000,282000.00,4.00,2.75,2390.00,7330.00,2.00,0.00,0.00,3.00,7.00,2390.00,0.00,1989.00,0.00,98023.00,47.31,-122.36,1980.00,6735.00
1995200245.00,20140606T000000,545000.00,4.00,2.50,2040.00,6034.00,2.00,0.00,0.00,3.00,7.00,2040.00,0.00,1990.00,0.00,98115.00,47.70,-122.32,1380.00,5986.00
7409700215.00,20140606T000000,550000.00,3.00,1.50,1900.00,5000.00,1.50,0.00,0.00,3.00,7.00,1640.00,260.00,1926.00,0.00,98115.00,47.68,-122.29,2090.00,5000.00
7409700215.00,20150313T000000,921500.00,3.00,1.50,1900.00,5000.00,1.50,0.00,0.00,3.00,7.00,1640.00,260.00,1926.00,0.00,98115.00,47.68,-122.29,2090.00,5000.00
1337800855.00,20150512T000000,885000.00,3.00,1.50,2200.00,2880.00,2.00,0.00,0.00,5.00,7.00,1440.00,760.00,1904.00,0.00,98112.00,47.63,-122.31,2440.00,4640.00
7015200615.00,20140529T000000,820000.00,4.00,2.25,2280.00,6660.00,1.50,0.00,2.00,3.00,8.00,1960.00,320.00,1940.00,1984.00,98119.00,47.65,-122.37,1720.00,5336.00
8805400090.00,20140513T000000,289000.00,3.00,1.00,1090.00,7315.00,1.00,0.00,0.00,5.00,6.00,1090.00,0.00,1981.00,0.00,98056.00,47.49,-122.17,1090.00,5800.00
2391602350.00,20150213T000000,334000.00,1.00,1.00,670.00,5750.00,1.00,0.00,0.00,3.00,7.00,670.00,0.00,1942.00,2011.00,98116.00,47.56,-122.39,1170.00,5750.00
844001140.00,20141028T000000,206000.00,3.00,1.00,1050.00,5233.00,1.00,0.00,0.00,5.00,5.00,1050.00,0.00,1906.00,0.00,98010.00,47.31,-122.00,970.00,7500.00
5210200131.00,20140630T000000,491950.00,3.00,2.25,2090.00,10733.00,1.00,0.00,0.00,3.00,7.00,1440.00,650.00,1958.00,0.00,98115.00,47.70,-122.28,1740.00,8100.00
6893300110.00,20141113T000000,430000.00,3.00,2.50,2030.00,7770.00,2.00,0.00,0.00,3.00,8.00,2030.00,0.00,2003.00,0.00,98024.00,47.53,-121.93,1360.00,10782.00
1796351080.00,20140718T000000,208000.00,3.00,2.00,1250.00,7995.00,1.00,0.00,0.00,4.00,7.00,1250.00,0.00,1980.00,0.00,98042.00,47.37,-122.09,1540.00,7650.00
1938400300.00,20140708T000000,245000.00,4.00,2.25,2600.00,6390.00,1.00,0.00,0.00,3.00,8.00,1390.00,1210.00,1978.00,0.00,98023.00,47.32,-122.37,2110.00,6700.00
2877101340.00,20150318T000000,426000.00,2.00,1.00,640.00,2500.00,1.00,0.00,0.00,4.00,6.00,640.00,0.00,1918.00,0.00,98117.00,47.68,-122.36,1460.00,4200.00
6084200100.00,20140801T000000,400000.00,3.00,2.50,2120.00,3742.00,2.00,0.00,0.00,3.00,7.00,2120.00,0.00,2006.00,0.00,98059.00,47.48,-122.13,2250.00,4696.00
7977201910.00,20150414T000000,553000.00,3.00,1.00,1330.00,5100.00,1.00,0.00,0.00,3.00,7.00,900.00,430.00,1942.00,0.00,98115.00,47.68,-122.29,1500.00,5100.00
6638900115.00,20150331T000000,296000.00,2.00,1.00,750.00,4680.00,1.00,0.00,0.00,3.00,5.00,750.00,0.00,1948.00,0.00,98117.00,47.69,-122.37,1450.00,4400.00
2587920110.00,20150217T000000,428000.00,3.00,2.50,2230.00,32660.00,1.00,0.00,0.00,4.00,8.00,2230.00,0.00,1977.00,0.00,98042.00,47.33,-122.11,2400.00,33120.00
3438500714.00,20140506T000000,325000.00,4.00,2.50,1890.00,6156.00,1.00,0.00,0.00,3.00,7.00,980.00,910.00,1980.00,0.00,98106.00,47.55,-122.36,1590.00,6954.00
726049184.00,20140721T000000,294000.00,2.00,1.00,820.00,6366.00,1.00,0.00,0.00,5.00,6.00,820.00,0.00,1952.00,0.00,98133.00,47.75,-122.34,1580.00,10169.00
2787720300.00,20150319T000000,410000.00,3.00,1.75,1880.00,8424.00,1.00,0.00,0.00,4.00,7.00,1380.00,500.00,1977.00,0.00,98059.00,47.51,-122.16,1970.00,8523.00
2821049048.00,20140603T000000,590000.00,4.00,4.25,2360.00,57514.00,2.00,0.00,0.00,4.00,8.00,2360.00,0.00,1939.00,1987.00,98003.00,47.28,-122.29,2037.00,35733.00
3904901450.00,20141120T000000,445000.00,3.00,2.25,1850.00,4050.00,2.00,0.00,0.00,4.00,7.00,1850.00,0.00,1985.00,0.00,98029.00,47.57,-122.02,1650.00,4468.00
9829200495.00,20150325T000000,921000.00,4.00,2.50,2310.00,5362.00,2.00,0.00,4.00,4.00,8.00,2010.00,300.00,1928.00,0.00,98122.00,47.60,-122.28,2530.00,5960.00
1523089097.00,20150304T000000,496000.00,3.00,1.50,2520.00,37616.00,1.00,0.00,0.00,3.00,8.00,2520.00,0.00,1955.00,0.00,98045.00,47.48,-121.76,1470.00,33750.00
2724200705.00,20141212T000000,95000.00,2.00,1.00,800.00,8550.00,1.00,0.00,0.00,3.00,7.00,800.00,0.00,1947.00,0.00,98198.00,47.41,-122.29,1490.00,8550.00
8122600245.00,20140925T000000,359000.00,4.00,1.75,1580.00,6396.00,1.00,0.00,0.00,4.00,6.00,790.00,790.00,1945.00,0.00,98126.00,47.54,-122.37,1180.00,6396.00
1323089184.00,20140502T000000,452500.00,3.00,2.50,2430.00,88426.00,1.00,0.00,0.00,4.00,7.00,1570.00,860.00,1985.00,0.00,98045.00,47.48,-121.72,1560.00,56827.00
2600300110.00,20141202T000000,555000.00,4.00,1.75,2350.00,6200.00,1.50,0.00,0.00,4.00,7.00,1410.00,940.00,1946.00,0.00,98116.00,47.56,-122.40,1800.00,6150.00
9485951030.00,20140924T000000,549900.00,5.00,3.00,3800.00,42316.00,1.50,0.00,0.00,4.00,9.00,3800.00,0.00,1984.00,0.00,98042.00,47.35,-122.10,2580.00,35775.00
4021700025.00,20140610T000000,569000.00,5.00,3.00,3670.00,10583.00,1.00,0.00,0.00,5.00,8.00,2060.00,1610.00,1952.00,0.00,98155.00,47.76,-122.28,2720.00,13865.00
2473250850.00,20140716T000000,318500.00,4.00,2.00,1780.00,7350.00,1.00,0.00,0.00,5.00,7.00,900.00,880.00,1974.00,0.00,98058.00,47.46,-122.16,1480.00,7350.00
9828702310.00,20140611T000000,487028.00,2.00,1.50,1295.00,1093.00,2.00,0.00,0.00,3.00,9.00,1105.00,190.00,2007.00,0.00,98112.00,47.62,-122.30,1295.00,1413.00
7523700245.00,20141015T000000,240000.00,3.00,1.00,1350.00,7560.00,1.00,0.00,0.00,4.00,7.00,950.00,400.00,1959.00,0.00,98032.00,47.38,-122.30,1470.00,7560.00
1765100025.00,20150202T000000,253000.00,3.00,2.25,1440.00,9806.00,1.00,0.00,0.00,3.00,7.00,1440.00,0.00,1965.00,0.00,98030.00,47.39,-122.21,1590.00,9782.00
2011400405.00,20140831T000000,380000.00,5.00,1.75,1320.00,38125.00,1.00,0.00,0.00,4.00,7.00,1120.00,200.00,1947.00,0.00,98198.00,47.39,-122.32,2360.00,15070.00
3410600015.00,20150406T000000,250000.00,2.00,0.75,700.00,16828.00,1.00,0.00,0.00,4.00,6.00,700.00,0.00,1958.00,0.00,98092.00,47.30,-122.13,2010.00,29316.00
3276050110.00,20141010T000000,368500.00,2.00,1.75,2510.00,19141.00,2.00,0.00,0.00,3.00,9.00,2510.00,0.00,1977.00,0.00,98092.00,47.31,-122.20,2400.00,13030.00
7792000025.00,20150211T000000,340000.00,3.00,1.00,3180.00,27586.00,1.00,0.00,0.00,3.00,8.00,1400.00,1780.00,1969.00,0.00,98022.00,47.20,-121.97,2180.00,27586.00
2810600015.00,20150427T000000,400000.00,2.00,1.00,910.00,4000.00,1.00,0.00,0.00,3.00,7.00,910.00,0.00,1918.00,0.00,98136.00,47.54,-122.39,1060.00,1346.00
8081900011.00,20140916T000000,835000.00,3.00,2.00,1570.00,4625.00,1.50,0.00,0.00,5.00,8.00,1570.00,0.00,1927.00,0.00,98117.00,47.68,-122.40,1760.00,4625.00
104550740.00,20141201T000000,299000.00,3.00,2.50,2450.00,7062.00,2.00,0.00,0.00,3.00,8.00,2450.00,0.00,1993.00,0.00,98023.00,47.31,-122.36,1960.00,7200.00
1959701745.00,20141107T000000,1675000.00,6.00,2.25,4910.00,6600.00,2.50,0.00,0.00,5.00,10.00,3580.00,1330.00,1910.00,0.00,98102.00,47.65,-122.32,3280.00,5500.00
8078520090.00,20140514T000000,265000.00,3.00,2.00,1570.00,5706.00,1.00,0.00,0.00,3.00,7.00,1570.00,0.00,1998.00,0.00,98092.00,47.32,-122.19,1570.00,5706.00
6403510090.00,20141111T000000,437500.00,4.00,2.50,2680.00,7513.00,2.00,0.00,0.00,3.00,8.00,2680.00,0.00,1998.00,0.00,98059.00,47.50,-122.16,2640.00,7243.00
2326300090.00,20140604T000000,865000.00,3.00,1.75,2090.00,4725.00,2.00,0.00,0.00,3.00,7.00,1610.00,480.00,1947.00,2013.00,98199.00,47.66,-122.39,1280.00,4725.00
8078380090.00,20150311T000000,626000.00,3.00,2.00,2150.00,7200.00,1.00,0.00,0.00,3.00,8.00,2150.00,0.00,1988.00,0.00,98029.00,47.57,-122.02,2510.00,7222.00
7132300042.00,20141028T000000,247300.00,2.00,2.00,1140.00,1118.00,2.00,0.00,0.00,3.00,7.00,1040.00,100.00,2009.00,0.00,98144.00,47.60,-122.31,1140.00,1118.00
3861470110.00,20140623T000000,2075000.00,4.00,3.50,4230.00,20377.00,2.00,0.00,0.00,3.00,11.00,4230.00,0.00,1997.00,0.00,98004.00,47.60,-122.21,3980.00,20489.00
2734101055.00,20141001T000000,425000.00,3.00,1.00,1790.00,6000.00,1.50,0.00,0.00,2.00,8.00,1790.00,0.00,1937.00,0.00,98108.00,47.54,-122.32,1060.00,4000.00
4039701080.00,20140625T000000,905000.00,5.00,3.50,3100.00,10200.00,1.00,0.00,4.00,3.00,9.00,1660.00,1440.00,1970.00,0.00,98008.00,47.61,-122.11,2700.00,10455.00
464000600.00,20140827T000000,641250.00,3.00,2.50,2220.00,2550.00,3.00,0.00,2.00,3.00,10.00,2220.00,0.00,1990.00,0.00,98117.00,47.70,-122.39,2200.00,5610.00
5437400100.00,20150331T000000,675000.00,4.00,2.50,2370.00,9679.00,2.00,0.00,0.00,3.00,8.00,2370.00,0.00,1984.00,0.00,98027.00,47.56,-122.09,2290.00,7944.00
1423089055.00,20140613T000000,845000.00,4.00,2.75,4070.00,115434.00,2.00,0.00,0.00,3.00,9.00,4070.00,0.00,2002.00,0.00,98045.00,47.48,-121.75,2970.00,95832.00
6713700100.00,20140907T000000,401500.00,4.00,1.00,1790.00,8400.00,1.00,0.00,0.00,4.00,7.00,1260.00,530.00,1954.00,0.00,98133.00,47.76,-122.35,1470.00,8400.00
339600110.00,20140923T000000,395000.00,3.00,2.50,1610.00,3755.00,2.00,0.00,0.00,3.00,7.00,1610.00,0.00,1987.00,0.00,98052.00,47.68,-122.10,1300.00,3823.00
5021900090.00,20150306T000000,1100000.00,5.00,2.75,2830.00,18050.00,1.00,0.00,0.00,5.00,7.00,1630.00,1200.00,1958.00,0.00,98040.00,47.58,-122.23,2370.00,14250.00
6099400053.00,20140529T000000,145000.00,3.00,1.00,1010.00,5490.00,1.00,0.00,0.00,3.00,6.00,1010.00,0.00,1954.00,0.00,98168.00,47.48,-122.29,1740.00,10658.00
7518508625.00,20150416T000000,900000.00,3.00,1.00,1560.00,3825.00,1.50,0.00,0.00,3.00,8.00,1390.00,170.00,1930.00,0.00,98117.00,47.68,-122.39,1700.00,5100.00
8143000490.00,20150112T000000,374500.00,3.00,1.50,1330.00,8636.00,1.00,0.00,0.00,4.00,7.00,1330.00,0.00,1968.00,0.00,98034.00,47.73,-122.20,1370.00,7475.00
3260000300.00,20141118T000000,850000.00,4.00,2.25,2330.00,10451.00,2.00,0.00,0.00,4.00,8.00,2330.00,0.00,1965.00,0.00,98005.00,47.60,-122.17,1880.00,8400.00
5742600090.00,20150425T000000,490000.00,3.00,1.00,960.00,5750.00,1.00,0.00,0.00,3.00,7.00,960.00,0.00,1951.00,0.00,98116.00,47.57,-122.39,1520.00,5750.00
7212650850.00,20150427T000000,304000.00,3.00,2.50,1710.00,6773.00,2.00,0.00,0.00,3.00,8.00,1710.00,0.00,1993.00,0.00,98003.00,47.26,-122.31,2220.00,7551.00
9158800090.00,20140703T000000,400000.00,4.00,2.25,2230.00,7200.00,1.00,0.00,0.00,4.00,7.00,1300.00,930.00,1963.00,0.00,98133.00,47.76,-122.33,2010.00,7752.00
7820000038.00,20141114T000000,454000.00,3.00,2.00,1700.00,10000.00,2.00,0.00,0.00,3.00,8.00,1700.00,0.00,1992.00,0.00,98011.00,47.77,-122.21,1460.00,9621.00
7135300026.00,20141224T000000,160000.00,2.00,2.00,1040.00,4750.00,1.00,0.00,0.00,2.00,6.00,850.00,190.00,1950.00,0.00,98118.00,47.53,-122.27,1350.00,5000.00
8562700300.00,20140708T000000,542000.00,3.00,1.75,1070.00,8030.00,1.00,0.00,0.00,3.00,7.00,1070.00,0.00,1966.00,2014.00,98052.00,47.67,-122.16,1540.00,7875.00
6114400028.00,20140618T000000,403500.00,5.00,2.50,3600.00,17300.00,1.00,0.00,0.00,4.00,8.00,2410.00,1190.00,1968.00,0.00,98166.00,47.45,-122.34,2620.00,30200.00
3793501130.00,20150316T000000,418000.00,4.00,2.50,2750.00,8471.00,2.00,0.00,0.00,3.00,7.00,2750.00,0.00,2003.00,0.00,98038.00,47.37,-122.03,2610.00,7482.00
6052400625.00,20150326T000000,406000.00,4.00,1.50,1920.00,6000.00,2.00,0.00,1.00,3.00,7.00,1920.00,0.00,1951.00,0.00,98198.00,47.40,-122.32,1920.00,6000.00
2560805630.00,20140923T000000,242500.00,3.00,2.25,1770.00,10000.00,1.00,0.00,0.00,3.00,7.00,1340.00,430.00,1978.00,0.00,98198.00,47.38,-122.32,1270.00,5055.00
9558020600.00,20150407T000000,425000.00,4.00,2.50,2460.00,5440.00,2.00,0.00,0.00,3.00,9.00,2460.00,0.00,2003.00,0.00,98058.00,47.45,-122.12,2460.00,5124.00
9136101335.00,20140515T000000,613000.00,4.00,2.00,1550.00,4815.00,1.50,0.00,0.00,3.00,7.00,1550.00,0.00,1909.00,0.00,98103.00,47.67,-122.34,1680.00,4013.00
9407101380.00,20141230T000000,189000.00,3.00,2.00,1460.00,11481.00,1.00,0.00,0.00,2.00,7.00,1170.00,290.00,1995.00,0.00,98045.00,47.45,-121.78,1540.00,9680.00
8901500178.00,20141030T000000,700000.00,4.00,2.25,2440.00,9450.00,1.50,0.00,0.00,3.00,7.00,2440.00,0.00,1947.00,2014.00,98125.00,47.71,-122.31,1720.00,7503.00
9551201250.00,20140902T000000,750000.00,3.00,1.00,1640.00,6516.00,1.50,0.00,0.00,4.00,7.00,1440.00,200.00,1935.00,0.00,98103.00,47.67,-122.34,1770.00,4000.00
3544400236.00,20140707T000000,494000.00,2.00,1.00,1290.00,4650.00,1.00,0.00,0.00,4.00,7.00,1290.00,0.00,1906.00,0.00,98115.00,47.69,-122.33,1640.00,3900.00
7215730090.00,20140609T000000,700000.00,4.00,3.00,3150.00,7778.00,2.00,0.00,0.00,3.00,9.00,3150.00,0.00,2000.00,0.00,98075.00,47.60,-122.02,2970.00,6500.00
8682291390.00,20150403T000000,705000.00,2.00,2.50,2305.00,5580.00,1.00,0.00,0.00,3.00,8.00,2305.00,0.00,2007.00,0.00,98077.00,47.72,-122.02,1440.00,5748.00
1770000490.00,20140522T000000,356000.00,2.00,1.75,1060.00,16470.00,1.00,0.00,0.00,3.00,7.00,1060.00,0.00,1977.00,0.00,98072.00,47.74,-122.09,1790.00,16748.00
2935400100.00,20140522T000000,625000.00,3.00,1.75,2060.00,12558.00,1.00,0.00,0.00,4.00,7.00,1350.00,710.00,1984.00,0.00,98052.00,47.67,-122.14,1850.00,8722.00
7686205020.00,20150312T000000,144975.00,2.00,1.00,900.00,7500.00,1.00,0.00,0.00,3.00,5.00,900.00,0.00,1940.00,0.00,98198.00,47.42,-122.32,1350.00,7500.00
3629921240.00,20140728T000000,970000.00,4.00,4.50,3890.00,5906.00,2.00,0.00,3.00,3.00,11.00,3060.00,830.00,2004.00,0.00,98029.00,47.54,-122.00,4170.00,6052.00
1775801340.00,20140606T000000,415000.00,3.00,1.75,1910.00,12596.00,1.00,0.00,0.00,3.00,7.00,1340.00,570.00,1977.00,0.00,98072.00,47.74,-122.10,1550.00,13310.00
3574801780.00,20140505T000000,485000.00,4.00,3.00,2340.00,7048.00,1.00,0.00,0.00,4.00,8.00,1340.00,1000.00,1979.00,0.00,98034.00,47.73,-122.23,1440.00,8088.00
7854800090.00,20141107T000000,799950.00,3.00,3.00,2900.00,11769.00,2.00,0.00,0.00,3.00,10.00,2900.00,0.00,1997.00,0.00,98052.00,47.70,-122.12,2900.00,9611.00
4054530090.00,20150429T000000,783350.00,4.00,2.50,3290.00,35001.00,2.00,0.00,0.00,3.00,10.00,3290.00,0.00,1991.00,0.00,98077.00,47.72,-122.04,4090.00,40371.00
8807900236.00,20141219T000000,430000.00,1.00,1.00,630.00,1362.00,1.00,0.00,0.00,3.00,7.00,630.00,0.00,1943.00,0.00,98109.00,47.63,-122.34,1090.00,1376.00
1118001408.00,20141124T000000,2544750.00,5.00,4.75,5410.00,13431.00,2.00,0.00,0.00,4.00,10.00,5050.00,360.00,1941.00,0.00,98112.00,47.63,-122.29,3750.00,11596.00
9290850740.00,20140618T000000,975000.00,4.00,2.50,4270.00,43386.00,1.00,0.00,0.00,3.00,10.00,2680.00,1590.00,1991.00,0.00,98053.00,47.69,-122.05,3630.00,36180.00
3025059089.00,20150505T000000,950000.00,3.00,1.50,1700.00,8050.00,1.00,0.00,0.00,3.00,7.00,1130.00,570.00,1950.00,0.00,98004.00,47.63,-122.22,2920.00,12239.00
923000265.00,20140806T000000,350000.00,2.00,1.00,1430.00,8157.00,1.50,0.00,0.00,3.00,7.00,1150.00,280.00,1944.00,0.00,98177.00,47.73,-122.36,1820.00,8157.00
8901001335.00,20141103T000000,637000.00,4.00,2.75,2850.00,7510.00,2.00,0.00,0.00,3.00,8.00,2850.00,0.00,2008.00,0.00,98125.00,47.71,-122.31,1510.00,8833.00
1523059066.00,20150219T000000,895000.00,3.00,2.00,2160.00,105415.00,1.00,0.00,0.00,3.00,10.00,2160.00,0.00,1991.00,0.00,98059.00,47.48,-122.15,2760.00,9620.00
5249801785.00,20141205T000000,579000.00,2.00,2.00,1760.00,7200.00,1.00,0.00,0.00,5.00,7.00,880.00,880.00,1946.00,0.00,98118.00,47.57,-122.28,1760.00,7200.00
2190601055.00,20140624T000000,314900.00,4.00,1.75,2700.00,27072.00,1.00,0.00,0.00,3.00,7.00,1380.00,1320.00,1958.00,0.00,98003.00,47.29,-122.29,2460.00,34850.00
1917300025.00,20150127T000000,122000.00,2.00,1.00,860.00,6000.00,1.00,0.00,0.00,3.00,6.00,860.00,0.00,1945.00,0.00,98022.00,47.21,-121.99,1300.00,6000.00
3797000300.00,20140808T000000,405000.00,2.00,1.00,880.00,3000.00,1.00,0.00,0.00,5.00,7.00,880.00,0.00,1927.00,0.00,98103.00,47.69,-122.35,1300.00,3000.00
5332200026.00,20140508T000000,553650.00,2.00,2.50,1360.00,1349.00,2.00,0.00,0.00,3.00,8.00,1050.00,310.00,1997.00,0.00,98112.00,47.63,-122.29,1430.00,4400.00
3278602760.00,20150203T000000,369900.00,2.00,2.50,1770.00,1853.00,3.00,0.00,0.00,3.00,8.00,1770.00,0.00,2007.00,0.00,98126.00,47.55,-122.37,1770.00,1924.00
2721049059.00,20140528T000000,225000.00,3.00,2.00,2030.00,24829.00,1.00,0.00,0.00,4.00,7.00,1220.00,810.00,1979.00,0.00,98001.00,47.27,-122.29,1980.00,15204.00
2172000750.00,20140527T000000,160000.00,2.00,1.00,1180.00,9350.00,1.00,0.00,0.00,3.00,6.00,1180.00,0.00,1918.00,0.00,98178.00,47.49,-122.26,1780.00,9306.00
1022069058.00,20141009T000000,449500.00,4.00,2.00,2430.00,199940.00,1.00,0.00,0.00,3.00,8.00,1310.00,1120.00,1961.00,0.00,98038.00,47.41,-122.03,2220.00,150282.00
249000115.00,20140828T000000,650000.00,3.00,1.00,1300.00,8266.00,1.00,0.00,0.00,4.00,7.00,1300.00,0.00,1953.00,0.00,98004.00,47.63,-122.20,1300.00,8707.00
7214710300.00,20140716T000000,542126.00,4.00,2.50,2360.00,43088.00,2.00,0.00,0.00,3.00,8.00,2360.00,0.00,1977.00,0.00,98077.00,47.77,-122.07,2850.00,39216.00
192450300.00,20140919T000000,309950.00,3.00,1.50,1200.00,15606.00,1.00,0.00,0.00,3.00,7.00,1200.00,0.00,1985.00,0.00,98045.00,47.48,-121.76,1210.00,15606.00
3356403820.00,20141205T000000,115000.00,2.00,1.00,1000.00,16524.00,1.00,0.00,0.00,3.00,5.00,1000.00,0.00,1913.00,0.00,98001.00,47.28,-122.26,1350.00,10208.00
8075400100.00,20141231T000000,221700.00,2.00,1.50,1556.00,20000.00,1.00,0.00,0.00,4.00,7.00,1556.00,0.00,1957.00,0.00,98032.00,47.39,-122.28,2250.00,17286.00
1982200245.00,20150127T000000,726000.00,3.00,2.50,1890.00,3880.00,1.50,0.00,0.00,4.00,8.00,1460.00,430.00,1915.00,0.00,98107.00,47.66,-122.36,1010.00,3880.00
7905200037.00,20141119T000000,515000.00,3.00,1.75,1810.00,5733.00,1.00,0.00,0.00,4.00,7.00,1010.00,800.00,1926.00,0.00,98116.00,47.57,-122.39,1260.00,4680.00
2597531030.00,20140826T000000,756000.00,4.00,2.50,2730.00,10753.00,2.00,0.00,0.00,3.00,9.00,2730.00,0.00,1991.00,0.00,98006.00,47.54,-122.13,3090.00,10740.00
5318100645.00,20140527T000000,1570000.00,4.00,3.75,3070.00,5850.00,2.00,0.00,0.00,5.00,9.00,2400.00,670.00,1927.00,0.00,98112.00,47.63,-122.28,2940.00,5573.00
7504400850.00,20140521T000000,442000.00,4.00,2.25,2080.00,12007.00,1.00,0.00,0.00,4.00,8.00,1220.00,860.00,1979.00,0.00,98074.00,47.63,-122.05,2110.00,12459.00
1761300110.00,20140702T000000,260000.00,4.00,2.00,1620.00,7992.00,2.00,0.00,0.00,4.00,7.00,1620.00,0.00,1975.00,0.00,98031.00,47.40,-122.18,1710.00,7500.00
9390700100.00,20140910T000000,390000.00,2.00,1.75,1150.00,2723.00,1.00,0.00,0.00,4.00,7.00,770.00,380.00,1923.00,0.00,98102.00,47.64,-122.32,1440.00,4000.00
7518503200.00,20140701T000000,459500.00,2.00,1.00,1250.00,3825.00,1.00,0.00,0.00,3.00,7.00,850.00,400.00,1929.00,0.00,98117.00,47.68,-122.38,1370.00,4998.00
3971700940.00,20140930T000000,330000.00,3.00,1.50,1430.00,8000.00,1.00,0.00,0.00,5.00,7.00,1430.00,0.00,1948.00,0.00,98155.00,47.77,-122.32,1410.00,9820.00
1446403835.00,20141103T000000,189000.00,2.00,1.00,790.00,7128.00,1.00,0.00,0.00,3.00,6.00,790.00,0.00,1944.00,0.00,98168.00,47.49,-122.32,1110.00,7150.00
9183702251.00,20141211T000000,280000.00,3.00,1.00,1200.00,9322.00,1.50,0.00,0.00,4.00,7.00,1200.00,0.00,1954.00,0.00,98030.00,47.37,-122.23,1540.00,9677.00
5589900590.00,20140505T000000,400000.00,2.00,1.75,2110.00,9519.00,1.00,0.00,0.00,2.00,7.00,2110.00,0.00,1948.00,0.00,98155.00,47.75,-122.31,1480.00,9519.00
7227501745.00,20150325T000000,368000.00,4.00,2.00,3160.00,11193.00,1.00,0.00,0.00,5.00,6.00,2410.00,750.00,1942.00,0.00,98056.00,47.49,-122.18,1020.00,5940.00
2473350930.00,20140609T000000,390000.00,4.00,1.75,2700.00,7875.00,1.50,0.00,0.00,4.00,8.00,2700.00,0.00,1968.00,0.00,98058.00,47.45,-122.14,2220.00,7875.00
6450303820.00,20140930T000000,245000.00,2.00,1.00,820.00,7475.00,1.00,0.00,0.00,3.00,6.00,820.00,0.00,1945.00,0.00,98133.00,47.73,-122.34,1030.00,5720.00
5469000100.00,20140806T000000,375000.00,4.00,2.50,1800.00,8432.00,1.00,0.00,0.00,4.00,7.00,1200.00,600.00,1960.00,0.00,98133.00,47.75,-122.34,1780.00,8432.00
8679600100.00,20150130T000000,465000.00,5.00,1.50,1750.00,12491.00,1.00,0.00,0.00,3.00,6.00,1390.00,360.00,1961.00,0.00,98033.00,47.70,-122.17,1560.00,12473.00
638100015.00,20150312T000000,445000.00,3.00,2.00,1540.00,67953.00,1.00,0.00,0.00,3.00,7.00,1540.00,0.00,1997.00,0.00,98059.00,47.50,-122.13,1250.00,9100.00
3241600015.00,20150305T000000,250000.00,3.00,1.00,1130.00,7800.00,1.00,0.00,0.00,3.00,7.00,1130.00,0.00,1952.00,0.00,98118.00,47.52,-122.29,1170.00,7800.00
6411600026.00,20141003T000000,475500.00,3.00,1.00,1500.00,9416.00,1.00,0.00,0.00,4.00,8.00,1500.00,0.00,1952.00,0.00,98133.00,47.71,-122.33,1440.00,7200.00
3179101050.00,20140804T000000,672324.00,2.00,1.75,1600.00,5795.00,1.50,0.00,0.00,3.00,8.00,1600.00,0.00,1940.00,0.00,98105.00,47.67,-122.28,2310.00,6301.00
5363200266.00,20140623T000000,420000.00,3.00,2.00,1200.00,5029.00,1.00,0.00,0.00,3.00,6.00,880.00,320.00,1937.00,0.00,98115.00,47.69,-122.29,1510.00,5854.00
7518502490.00,20141229T000000,515000.00,3.00,2.00,1690.00,5100.00,1.50,0.00,0.00,5.00,7.00,1690.00,0.00,1907.00,0.00,98117.00,47.68,-122.38,1690.00,5100.00
7732400490.00,20141105T000000,732350.00,4.00,2.50,2270.00,7665.00,2.00,0.00,0.00,3.00,9.00,2270.00,0.00,1986.00,0.00,98052.00,47.66,-122.15,2450.00,8706.00
5416510110.00,20140605T000000,297500.00,4.00,2.50,1910.00,5000.00,2.00,0.00,0.00,3.00,7.00,1910.00,0.00,2005.00,0.00,98038.00,47.36,-122.04,2020.00,5000.00
8604900017.00,20141008T000000,475000.00,3.00,1.50,1640.00,2720.00,1.50,0.00,0.00,3.00,8.00,1640.00,0.00,1929.00,0.00,98115.00,47.69,-122.32,1490.00,4375.00
808300490.00,20150505T000000,414000.00,4.00,2.50,2120.00,6497.00,2.00,0.00,0.00,3.00,7.00,2120.00,0.00,2003.00,0.00,98019.00,47.72,-121.96,2230.00,6300.00
6855700115.00,20140626T000000,357250.00,3.00,1.50,1400.00,8840.00,1.00,0.00,0.00,4.00,6.00,1400.00,0.00,1952.00,0.00,98125.00,47.73,-122.31,1260.00,8840.00
9325800110.00,20141030T000000,289950.00,2.00,1.00,760.00,6000.00,1.00,0.00,0.00,4.00,6.00,760.00,0.00,1950.00,0.00,98133.00,47.72,-122.34,950.00,6000.00
8121100015.00,20150505T000000,550000.00,3.00,1.00,1070.00,3713.00,1.00,0.00,0.00,4.00,6.00,1070.00,0.00,1917.00,0.00,98118.00,47.57,-122.29,1290.00,3960.00
8568700015.00,20150423T000000,446000.00,3.00,1.75,1460.00,9998.00,1.00,0.00,0.00,3.00,7.00,960.00,500.00,1958.00,0.00,98028.00,47.74,-122.24,1460.00,9998.00
6399600115.00,20141015T000000,279000.00,3.00,1.50,1280.00,16738.00,1.50,0.00,0.00,4.00,5.00,1280.00,0.00,1932.00,0.00,98038.00,47.39,-122.02,1590.00,16317.00
5651010300.00,20140821T000000,370000.00,3.00,2.25,1650.00,4859.00,2.00,0.00,0.00,3.00,7.00,1650.00,0.00,1988.00,0.00,98011.00,47.77,-122.17,1890.00,5018.00
3423049311.00,20141017T000000,216000.00,3.00,2.00,1260.00,4125.00,1.00,0.00,0.00,3.00,6.00,1260.00,0.00,1998.00,0.00,98188.00,47.44,-122.28,1300.00,9091.00
7000100711.00,20140621T000000,1100000.00,3.00,2.50,2200.00,20000.00,1.00,0.00,1.00,3.00,7.00,1400.00,800.00,1952.00,0.00,98004.00,47.58,-122.19,3050.00,11775.00
5482700115.00,20141020T000000,1280600.00,4.00,2.50,3560.00,15450.00,1.00,0.00,1.00,5.00,8.00,2060.00,1500.00,1977.00,0.00,98040.00,47.57,-122.23,3680.00,17314.00
9349900110.00,20150217T000000,355000.00,2.00,1.50,1140.00,2500.00,1.00,0.00,1.00,3.00,7.00,630.00,510.00,1988.00,0.00,98106.00,47.57,-122.36,1500.00,5000.00
9328510100.00,20140911T000000,699000.00,4.00,2.50,2550.00,7312.00,2.00,0.00,0.00,3.00,9.00,2550.00,0.00,1988.00,0.00,98008.00,47.64,-122.11,2330.00,7480.00
6300500475.00,20140902T000000,412000.00,3.00,2.50,1553.00,1991.00,3.00,0.00,0.00,3.00,8.00,1553.00,0.00,2014.00,0.00,98133.00,47.70,-122.34,1509.00,2431.00
7849200315.00,20150205T000000,276000.00,2.00,1.00,1140.00,7200.00,1.00,0.00,0.00,3.00,6.00,1140.00,0.00,1923.00,1951.00,98065.00,47.53,-121.82,1110.00,7200.00
7813200115.00,20140904T000000,100000.00,2.00,1.00,790.00,6426.00,1.00,0.00,0.00,3.00,6.00,790.00,0.00,1944.00,0.00,98178.00,47.49,-122.25,1380.00,6946.00
2851200100.00,20140701T000000,955500.00,4.00,1.75,2130.00,5080.00,1.50,0.00,0.00,3.00,8.00,2130.00,0.00,1914.00,1993.00,98119.00,47.64,-122.36,1900.00,5080.00
2823059055.00,20150329T000000,199000.00,3.00,1.00,1390.00,21262.00,1.00,0.00,0.00,3.00,7.00,1390.00,0.00,1958.00,0.00,98058.00,47.45,-122.19,1560.00,10800.00
7853301560.00,20140625T000000,762000.00,4.00,3.50,4000.00,15253.00,2.00,0.00,0.00,3.00,9.00,4000.00,0.00,2007.00,0.00,98065.00,47.54,-121.89,3550.00,8747.00
9477001280.00,20140506T000000,425000.00,4.00,2.00,1520.00,7983.00,1.00,0.00,0.00,5.00,7.00,1520.00,0.00,1967.00,0.00,98034.00,47.74,-122.19,1520.00,7783.00
7905200147.00,20141104T000000,546000.00,2.00,1.00,1657.00,5031.00,2.00,0.00,0.00,3.00,7.00,1657.00,0.00,1910.00,0.00,98116.00,47.57,-122.39,2050.00,6201.00
6190701110.00,20150420T000000,419600.00,3.00,1.75,1680.00,8460.00,1.00,0.00,0.00,3.00,7.00,1180.00,500.00,1976.00,0.00,98133.00,47.76,-122.35,1890.00,9529.00
871001500.00,20140623T000000,735000.00,4.00,2.25,2270.00,5102.00,1.00,0.00,0.00,5.00,8.00,1340.00,930.00,1954.00,0.00,98199.00,47.65,-122.41,1800.00,5102.00
2559950110.00,20150422T000000,1234570.00,2.00,2.50,2470.00,609.00,3.00,0.00,0.00,3.00,11.00,1910.00,560.00,2011.00,0.00,98112.00,47.62,-122.31,2440.00,1229.00
3693900245.00,20140707T000000,445000.00,2.00,2.00,1240.00,2500.00,2.00,0.00,0.00,3.00,7.00,1240.00,0.00,1985.00,0.00,98117.00,47.68,-122.40,1660.00,5000.00
1023089140.00,20150106T000000,665000.00,3.00,2.00,1740.00,41275.00,1.00,0.00,0.00,3.00,8.00,1740.00,0.00,1974.00,1989.00,98045.00,47.49,-121.76,2630.00,41275.00
3026059085.00,20150317T000000,1290000.00,5.00,3.50,4090.00,290980.00,1.00,0.00,0.00,3.00,11.00,2920.00,1170.00,2002.00,0.00,98034.00,47.72,-122.22,1880.00,9255.00
3575302345.00,20141208T000000,508500.00,4.00,2.75,2520.00,12500.00,2.00,0.00,0.00,3.00,8.00,1720.00,800.00,1979.00,0.00,98074.00,47.62,-122.06,2520.00,13000.00
1568100076.00,20141210T000000,345950.00,5.00,1.00,1340.00,11198.00,1.50,0.00,0.00,3.00,8.00,1340.00,0.00,1934.00,0.00,98155.00,47.74,-122.30,1390.00,8020.00
6600400090.00,20150113T000000,207500.00,3.00,1.00,1640.00,9750.00,1.00,0.00,0.00,3.00,7.00,1640.00,0.00,1968.00,0.00,98042.00,47.33,-122.14,1200.00,9750.00
5451200110.00,20141204T000000,1075000.00,4.00,2.50,3000.00,10920.00,1.00,0.00,0.00,4.00,8.00,1550.00,1450.00,1969.00,0.00,98040.00,47.53,-122.23,2380.00,10920.00
3204300090.00,20141110T000000,640000.00,3.00,1.00,1210.00,3720.00,2.00,0.00,0.00,4.00,8.00,1210.00,0.00,1930.00,0.00,98112.00,47.63,-122.30,1560.00,6000.00
3023039066.00,20150323T000000,329500.00,3.00,1.00,1810.00,13068.00,1.00,0.00,0.00,4.00,7.00,1360.00,450.00,1941.00,0.00,98070.00,47.45,-122.46,1400.00,13068.00
3824100246.00,20141021T000000,460000.00,4.00,2.75,2200.00,9676.00,1.00,0.00,0.00,3.00,8.00,1500.00,700.00,1979.00,0.00,98028.00,47.77,-122.26,2120.00,9585.00
7768700315.00,20140630T000000,1230000.00,3.00,1.75,2200.00,14630.00,1.50,0.00,1.00,3.00,8.00,2200.00,0.00,1948.00,2003.00,98004.00,47.61,-122.21,2850.00,15803.00
4154305290.00,20141120T000000,805000.00,5.00,3.00,2350.00,6480.00,2.00,0.00,3.00,4.00,7.00,1650.00,700.00,1924.00,1962.00,98118.00,47.56,-122.27,1840.00,7200.00
621069113.00,20141218T000000,200000.00,3.00,1.50,1090.00,10454.00,1.00,0.00,0.00,3.00,6.00,1090.00,0.00,1963.00,0.00,98042.00,47.34,-122.08,1230.00,12196.00
1523059201.00,20150217T000000,749700.00,3.00,1.75,2280.00,77972.00,1.00,0.00,0.00,3.00,8.00,1460.00,820.00,1977.00,0.00,98059.00,47.48,-122.15,2460.00,14430.00
1453602309.00,20140805T000000,288000.00,0.00,1.50,1430.00,1650.00,3.00,0.00,0.00,3.00,7.00,1430.00,0.00,1999.00,0.00,98125.00,47.72,-122.29,1430.00,1650.00
7518504291.00,20141215T000000,535000.00,2.00,1.00,1520.00,3360.00,1.00,0.00,0.00,4.00,7.00,830.00,690.00,1927.00,0.00,98117.00,47.68,-122.38,1470.00,3774.00
4058801240.00,20141028T000000,330000.00,3.00,2.25,1620.00,7150.00,1.00,0.00,2.00,4.00,7.00,1280.00,340.00,1950.00,0.00,98178.00,47.50,-122.24,1620.00,6930.00
2313900165.00,20140730T000000,479200.00,3.00,2.00,1510.00,3750.00,1.50,0.00,0.00,4.00,7.00,1510.00,0.00,1928.00,0.00,98116.00,47.57,-122.38,1500.00,5000.00
2122059206.00,20140513T000000,373000.00,5.00,2.50,3001.00,5710.00,2.00,0.00,0.00,3.00,8.00,3001.00,0.00,2006.00,0.00,98042.00,47.37,-122.18,2340.00,5980.00
9282801720.00,20150319T000000,355000.00,4.00,1.50,2020.00,6000.00,1.00,0.00,0.00,4.00,7.00,1010.00,1010.00,1953.00,0.00,98178.00,47.50,-122.24,1710.00,6000.00
9542840590.00,20140602T000000,275000.00,3.00,2.00,1380.00,4500.00,1.00,0.00,0.00,3.00,7.00,1380.00,0.00,2008.00,0.00,98038.00,47.37,-122.02,1620.00,4000.00
2493200015.00,20140620T000000,380000.00,3.00,1.50,1520.00,4288.00,1.00,0.00,0.00,3.00,7.00,1020.00,500.00,1949.00,0.00,98136.00,47.53,-122.39,1660.00,4288.00
9550202870.00,20150209T000000,417000.00,2.00,1.75,1090.00,4590.00,1.00,0.00,0.00,4.00,7.00,790.00,300.00,1915.00,0.00,98105.00,47.67,-122.32,1390.00,4080.00
98000750.00,20141021T000000,1165000.00,5.00,3.75,4220.00,15959.00,2.00,0.00,0.00,3.00,11.00,4220.00,0.00,2004.00,0.00,98075.00,47.59,-121.97,4630.00,16531.00
7504010900.00,20140926T000000,598500.00,3.00,2.25,2520.00,12000.00,1.00,0.00,0.00,3.00,10.00,2520.00,0.00,1978.00,0.00,98074.00,47.64,-122.06,2510.00,12000.00
1370803820.00,20140602T000000,629000.00,3.00,2.00,1760.00,5000.00,1.00,0.00,0.00,5.00,7.00,960.00,800.00,1920.00,0.00,98199.00,47.64,-122.40,1380.00,5000.00
1446401220.00,20141009T000000,226950.00,2.00,1.00,930.00,6600.00,1.00,0.00,0.00,3.00,6.00,930.00,0.00,1957.00,0.00,98168.00,47.49,-122.33,1250.00,6600.00
868000615.00,20141231T000000,1225000.00,4.00,2.50,2600.00,11542.00,1.50,0.00,0.00,4.00,9.00,2200.00,400.00,1939.00,0.00,98177.00,47.71,-122.38,2840.00,10960.00
6625910100.00,20150203T000000,415000.00,3.00,2.25,2180.00,11100.00,1.00,0.00,0.00,5.00,8.00,1700.00,480.00,1979.00,0.00,98056.00,47.52,-122.18,2350.00,11397.00
3629870110.00,20150422T000000,595000.00,3.00,2.50,1910.00,3075.00,2.00,0.00,0.00,3.00,8.00,1910.00,0.00,2001.00,0.00,98029.00,47.55,-122.01,1940.00,3485.00
8651400750.00,20141028T000000,209950.00,3.00,1.75,1100.00,5525.00,1.00,0.00,0.00,5.00,6.00,1100.00,0.00,1968.00,0.00,98042.00,47.36,-122.08,1050.00,5200.00
925069111.00,20150507T000000,568000.00,3.00,1.75,1760.00,235224.00,1.00,0.00,0.00,3.00,7.00,1760.00,0.00,1973.00,0.00,98053.00,47.67,-122.04,2320.00,87120.00
3352402250.00,20141021T000000,119900.00,2.00,1.00,700.00,3180.00,1.00,0.00,0.00,3.00,6.00,480.00,220.00,1951.00,0.00,98178.00,47.50,-122.26,1760.00,6360.00
4168000110.00,20140826T000000,207000.00,3.00,1.00,1080.00,10200.00,1.00,0.00,0.00,4.00,7.00,1080.00,0.00,1962.00,0.00,98023.00,47.32,-122.35,1230.00,10400.00
5647900930.00,20141215T000000,195000.00,3.00,1.00,1070.00,22489.00,1.00,0.00,0.00,3.00,7.00,1070.00,0.00,1967.00,0.00,98001.00,47.33,-122.26,1880.00,20250.00
2523039278.00,20140624T000000,324950.00,3.00,1.50,1460.00,8710.00,1.00,0.00,0.00,3.00,7.00,1460.00,0.00,1955.00,0.00,98166.00,47.46,-122.36,1400.00,8645.00
6149700405.00,20141222T000000,210000.00,1.00,1.00,1050.00,7583.00,1.00,0.00,0.00,4.00,6.00,1050.00,0.00,1947.00,0.00,98133.00,47.73,-122.34,1420.00,7560.00
203100690.00,20150425T000000,1078000.00,4.00,2.75,3160.00,42733.00,2.00,0.00,0.00,3.00,9.00,3160.00,0.00,1995.00,0.00,98053.00,47.64,-121.96,1890.00,24000.00
4410600100.00,20141204T000000,325088.00,4.00,1.00,1400.00,6739.00,1.00,0.00,0.00,3.00,7.00,1000.00,400.00,1954.00,0.00,98108.00,47.54,-122.30,1500.00,6380.00
3223059303.00,20150116T000000,790000.00,4.00,3.00,3120.00,157875.00,2.00,0.00,0.00,4.00,8.00,3120.00,0.00,1977.00,0.00,98058.00,47.44,-122.19,1580.00,7050.00
522069097.00,20141125T000000,150000.00,2.00,1.00,720.00,212137.00,1.00,0.00,0.00,3.00,5.00,720.00,0.00,1982.00,0.00,98058.00,47.42,-122.07,2010.00,109642.00
2023069059.00,20141030T000000,790000.00,3.00,3.00,2840.00,206910.00,2.00,0.00,0.00,3.00,10.00,2840.00,0.00,1999.00,0.00,98059.00,47.47,-122.06,2070.00,25067.00
7987400356.00,20140512T000000,255000.00,2.00,1.00,1220.00,2500.00,1.00,0.00,0.00,3.00,6.00,770.00,450.00,1910.00,0.00,98126.00,47.57,-122.37,1540.00,3000.00
461005360.00,20141107T000000,697000.00,4.00,3.00,2820.00,2850.00,1.50,0.00,0.00,5.00,7.00,1860.00,960.00,1928.00,0.00,98117.00,47.68,-122.37,1570.00,4500.00
461004195.00,20141104T000000,457500.00,2.00,1.00,840.00,5000.00,1.00,0.00,0.00,4.00,7.00,840.00,0.00,1908.00,0.00,98117.00,47.68,-122.37,1240.00,5000.00
9547204350.00,20140519T000000,690000.00,3.00,2.00,1610.00,5100.00,1.50,0.00,0.00,5.00,8.00,1610.00,0.00,1940.00,0.00,98115.00,47.68,-122.31,1740.00,5100.00
2331300025.00,20150311T000000,967000.00,4.00,3.25,1860.00,4356.00,2.00,0.00,0.00,3.00,9.00,1860.00,0.00,1917.00,2005.00,98103.00,47.68,-122.35,1860.00,4356.00
2288000090.00,20150429T000000,980000.00,4.00,1.75,2260.00,17711.00,1.00,0.00,1.00,4.00,9.00,2260.00,0.00,1968.00,0.00,98040.00,47.55,-122.21,2880.00,16594.00
5525400300.00,20140521T000000,619420.00,4.00,2.75,2450.00,14803.00,2.00,0.00,0.00,4.00,9.00,2450.00,0.00,1988.00,0.00,98059.00,47.53,-122.16,2330.00,14803.00
9523103001.00,20141013T000000,389000.00,2.00,1.00,850.00,3276.00,1.00,0.00,0.00,3.00,6.00,850.00,0.00,1910.00,0.00,98103.00,47.67,-122.35,1460.00,4100.00
5249802460.00,20141210T000000,500000.00,3.00,1.00,1800.00,7200.00,1.00,0.00,0.00,3.00,7.00,1020.00,780.00,1964.00,0.00,98118.00,47.56,-122.28,1740.00,5475.00
7000100850.00,20140926T000000,569000.00,4.00,1.75,1230.00,7890.00,1.00,0.00,1.00,4.00,7.00,1090.00,140.00,1950.00,0.00,98004.00,47.58,-122.19,2380.00,13176.00
9477000300.00,20140728T000000,425000.00,4.00,2.25,2060.00,8540.00,1.00,0.00,0.00,4.00,7.00,1540.00,520.00,1967.00,0.00,98034.00,47.73,-122.19,1560.00,7700.00
8121100265.00,20140521T000000,635000.00,4.00,2.25,2750.00,6180.00,1.00,0.00,0.00,4.00,8.00,1500.00,1250.00,1948.00,0.00,98118.00,47.57,-122.28,1740.00,6180.00
2817100900.00,20140519T000000,256500.00,2.00,1.00,1120.00,9912.00,1.00,0.00,0.00,4.00,6.00,1120.00,0.00,1980.00,0.00,98070.00,47.37,-122.43,1540.00,9750.00
3578700017.00,20150123T000000,695000.00,4.00,2.50,3010.00,11393.00,2.00,0.00,0.00,3.00,8.00,3010.00,0.00,2005.00,0.00,98028.00,47.74,-122.22,2810.00,11282.00
7550800195.00,20140730T000000,535000.00,4.00,1.50,1580.00,5000.00,1.50,0.00,0.00,3.00,7.00,1390.00,190.00,1945.00,0.00,98107.00,47.67,-122.39,1580.00,5000.00
3449900090.00,20150410T000000,454200.00,4.00,2.50,2630.00,5379.00,2.00,0.00,0.00,3.00,8.00,2630.00,0.00,2004.00,0.00,98059.00,47.50,-122.16,2630.00,5379.00
9232900165.00,20150123T000000,418500.00,2.00,1.00,790.00,5800.00,1.00,0.00,0.00,3.00,6.00,790.00,0.00,1943.00,0.00,98117.00,47.70,-122.36,1460.00,5800.00
1137300900.00,20140605T000000,749950.00,4.00,2.75,3110.00,35235.00,2.00,0.00,0.00,4.00,9.00,3110.00,0.00,1983.00,0.00,98072.00,47.74,-122.10,2790.00,35445.00
2617370090.00,20141019T000000,338500.00,3.00,1.75,2130.00,5489.00,1.00,0.00,0.00,3.00,8.00,1370.00,760.00,1999.00,0.00,98070.00,47.45,-122.46,1750.00,7200.00
5452301800.00,20140722T000000,1250000.00,4.00,3.75,4520.00,9240.00,1.50,0.00,2.00,3.00,10.00,3270.00,1250.00,1992.00,0.00,98040.00,47.59,-122.23,3380.00,9240.00
6648760100.00,20140711T000000,299950.00,3.00,2.50,1600.00,9830.00,2.00,0.00,0.00,4.00,8.00,1600.00,0.00,1993.00,0.00,98001.00,47.34,-122.27,1890.00,8910.00
798000337.00,20140731T000000,325000.00,4.00,1.75,1950.00,12500.00,1.00,0.00,0.00,3.00,7.00,1330.00,620.00,1963.00,0.00,98168.00,47.50,-122.33,1760.00,11520.00
1737300110.00,20140826T000000,434000.00,4.00,3.00,2010.00,8171.00,2.00,0.00,0.00,3.00,8.00,2010.00,0.00,1973.00,0.00,98011.00,47.77,-122.22,2090.00,8203.00
2817800100.00,20140701T000000,328950.00,4.00,1.75,2550.00,8976.00,1.00,0.00,0.00,5.00,7.00,1300.00,1250.00,1978.00,0.00,98058.00,47.43,-122.18,2220.00,9477.00
5700003640.00,20140519T000000,2095000.00,5.00,3.75,5340.00,10655.00,2.50,0.00,3.00,4.00,10.00,3740.00,1600.00,1912.00,0.00,98144.00,47.58,-122.29,3910.00,9418.00
824069156.00,20150429T000000,570000.00,4.00,2.00,2000.00,46902.00,2.00,0.00,0.00,3.00,8.00,2000.00,0.00,1978.00,0.00,98075.00,47.59,-122.07,2420.00,38130.00
1997200165.00,20140916T000000,802000.00,3.00,2.25,2170.00,5001.00,2.00,0.00,0.00,3.00,8.00,2170.00,0.00,2014.00,0.00,98103.00,47.69,-122.34,1700.00,6991.00
4083301645.00,20141024T000000,525000.00,3.00,1.00,1550.00,6840.00,1.50,0.00,0.00,3.00,7.00,1550.00,0.00,1918.00,0.00,98103.00,47.66,-122.34,2370.00,4560.00
3880900245.00,20150202T000000,700000.00,6.00,3.00,2790.00,4550.00,2.50,0.00,0.00,4.00,8.00,2790.00,0.00,1907.00,0.00,98119.00,47.63,-122.36,2590.00,4550.00
1322059002.00,20150319T000000,350000.00,3.00,1.75,1980.00,273556.00,1.00,0.00,0.00,3.00,6.00,1040.00,940.00,1956.00,1999.00,98042.00,47.40,-122.11,2180.00,217799.00
2426039313.00,20150218T000000,277500.00,2.00,1.50,1190.00,1236.00,3.00,0.00,0.00,3.00,7.00,1190.00,0.00,2005.00,0.00,98133.00,47.73,-122.36,1390.00,1756.00
6448000090.00,20140512T000000,1575000.00,5.00,2.75,3650.00,20150.00,1.00,0.00,0.00,4.00,10.00,2360.00,1290.00,1975.00,0.00,98004.00,47.62,-122.22,3220.00,19800.00
8005100025.00,20140919T000000,195000.00,3.00,1.00,1510.00,4350.00,1.50,0.00,0.00,5.00,6.00,1510.00,0.00,1913.00,0.00,98022.00,47.21,-121.99,1210.00,5500.00
2891000750.00,20140821T000000,222000.00,3.00,2.00,1200.00,6074.00,1.00,0.00,0.00,3.00,7.00,1200.00,0.00,1968.00,0.00,98002.00,47.33,-122.21,1430.00,6338.00
5456000110.00,20150416T000000,865000.00,5.00,3.00,2830.00,8854.00,1.00,0.00,0.00,4.00,8.00,1500.00,1330.00,1979.00,0.00,98040.00,47.57,-122.21,2260.00,8604.00
5393601050.00,20140509T000000,445000.00,4.00,2.00,1650.00,6000.00,1.00,0.00,0.00,5.00,7.00,1000.00,650.00,1959.00,0.00,98144.00,47.58,-122.31,1540.00,6000.00
2979801095.00,20141209T000000,495800.00,4.00,1.50,1710.00,4600.00,1.50,0.00,0.00,3.00,7.00,1710.00,0.00,1924.00,0.00,98115.00,47.68,-122.32,1740.00,4455.00
6840701095.00,20150403T000000,548500.00,3.00,1.00,1740.00,4400.00,1.50,0.00,0.00,3.00,7.00,1740.00,0.00,1924.00,0.00,98122.00,47.61,-122.30,1720.00,4400.00
2221000100.00,20140507T000000,310000.00,3.00,1.75,1840.00,10723.00,1.00,0.00,0.00,4.00,7.00,1220.00,620.00,1974.00,0.00,98058.00,47.43,-122.15,1590.00,9820.00
5070000100.00,20140711T000000,205000.00,3.00,1.50,1820.00,8585.00,1.00,0.00,0.00,4.00,7.00,1820.00,0.00,1962.00,0.00,98055.00,47.45,-122.21,1740.00,10088.00
3793501450.00,20140910T000000,470000.00,5.00,3.75,3860.00,6901.00,2.00,0.00,0.00,3.00,7.00,3860.00,0.00,2003.00,0.00,98038.00,47.37,-122.03,3000.00,8584.00
321079066.00,20150423T000000,430000.00,3.00,1.50,1810.00,349351.00,1.50,0.00,0.00,3.00,7.00,1810.00,0.00,2002.00,0.00,98010.00,47.34,-121.90,2480.00,339332.00
2026049125.00,20150501T000000,310000.00,2.00,2.00,1030.00,2271.00,3.00,0.00,0.00,3.00,7.00,1030.00,0.00,1999.00,0.00,98125.00,47.73,-122.31,1439.00,1387.00
1844500025.00,20150325T000000,355000.00,4.00,1.00,1410.00,7693.00,1.50,0.00,0.00,4.00,7.00,1410.00,0.00,1953.00,0.00,98133.00,47.76,-122.33,1330.00,8395.00
3541600405.00,20150127T000000,621500.00,5.00,2.50,2140.00,15950.00,1.00,0.00,2.00,4.00,8.00,1370.00,770.00,1968.00,0.00,98166.00,47.48,-122.36,2600.00,14273.00
1823049202.00,20140610T000000,175000.00,6.00,1.50,1930.00,8400.00,1.00,0.00,0.00,3.00,7.00,1030.00,900.00,1971.00,0.00,98146.00,47.49,-122.34,1780.00,9520.00
1823049202.00,20150107T000000,326000.00,6.00,1.50,1930.00,8400.00,1.00,0.00,0.00,3.00,7.00,1030.00,900.00,1971.00,0.00,98146.00,47.49,-122.34,1780.00,9520.00
1563100705.00,20140912T000000,690000.00,4.00,3.50,1930.00,5400.00,1.50,0.00,2.00,3.00,7.00,1930.00,0.00,1920.00,0.00,98116.00,47.57,-122.41,1500.00,3340.00
7968200090.00,20140819T000000,335000.00,4.00,2.50,2210.00,7214.00,2.00,0.00,0.00,3.00,8.00,2210.00,0.00,2003.00,0.00,98003.00,47.36,-122.30,2270.00,7246.00
5379802816.00,20150224T000000,197000.00,4.00,1.00,1360.00,11175.00,1.00,0.00,0.00,3.00,7.00,1360.00,0.00,1961.00,0.00,98188.00,47.46,-122.27,1340.00,9702.00
3340401570.00,20140703T000000,312500.00,3.00,1.75,1830.00,7969.00,1.00,0.00,0.00,3.00,7.00,930.00,900.00,1950.00,2008.00,98055.00,47.47,-122.21,1790.00,7425.00
7300700056.00,20141029T000000,436000.00,3.00,2.25,2120.00,6710.00,1.00,0.00,0.00,5.00,7.00,1420.00,700.00,1959.00,0.00,98155.00,47.75,-122.32,1880.00,6960.00
1257201130.00,20141001T000000,1015000.00,4.00,2.50,2700.00,4590.00,2.00,0.00,0.00,3.00,8.00,2700.00,0.00,2002.00,0.00,98103.00,47.67,-122.33,2080.00,3570.00
7526400100.00,20140826T000000,805000.00,4.00,2.50,3160.00,35225.00,2.00,0.00,1.00,3.00,9.00,2250.00,910.00,1992.00,0.00,98006.00,47.57,-122.11,3460.00,17223.00
7504400750.00,20150105T000000,652427.00,4.00,2.25,2770.00,13129.00,2.00,0.00,0.00,4.00,8.00,2770.00,0.00,1979.00,0.00,98074.00,47.63,-122.05,2400.00,13129.00
1525059112.00,20141018T000000,1008000.00,3.00,2.50,2240.00,41339.00,1.00,0.00,0.00,4.00,9.00,2240.00,0.00,1945.00,1992.00,98005.00,47.65,-122.16,2900.00,45738.00
7300410300.00,20141106T000000,355000.00,4.00,2.50,2570.00,6466.00,2.00,0.00,0.00,3.00,9.00,2570.00,0.00,1999.00,0.00,98092.00,47.33,-122.17,2520.00,6667.00
1326039039.00,20140729T000000,334550.00,2.00,1.00,880.00,12000.00,1.00,0.00,0.00,3.00,7.00,880.00,0.00,1939.00,0.00,98133.00,47.74,-122.36,1960.00,9395.00
8100400110.00,20140708T000000,557500.00,3.00,2.25,1820.00,9670.00,2.00,0.00,0.00,3.00,8.00,1820.00,0.00,1984.00,0.00,98052.00,47.64,-122.11,2160.00,11424.00
6385900090.00,20141103T000000,277500.00,4.00,2.25,1660.00,7184.00,1.00,0.00,0.00,3.00,7.00,1110.00,550.00,1963.00,0.00,98188.00,47.47,-122.29,1640.00,7200.00
7229000025.00,20140707T000000,300000.00,4.00,3.00,2200.00,10800.00,1.00,0.00,0.00,3.00,6.00,2200.00,0.00,1960.00,0.00,98058.00,47.45,-122.17,1430.00,10800.00
6145602355.00,20150225T000000,325000.00,4.00,1.00,1640.00,3844.00,1.50,0.00,0.00,4.00,7.00,1460.00,180.00,1928.00,0.00,98133.00,47.70,-122.35,1230.00,3844.00
3600057.00,20150319T000000,402500.00,4.00,2.00,1650.00,3504.00,1.00,0.00,0.00,3.00,7.00,760.00,890.00,1951.00,2013.00,98144.00,47.58,-122.29,1480.00,3504.00
4040200490.00,20140820T000000,461000.00,3.00,1.75,1420.00,5170.00,1.00,0.00,0.00,4.00,7.00,1420.00,0.00,1963.00,0.00,98007.00,47.62,-122.15,2250.00,7700.00
2919201095.00,20150327T000000,540000.00,3.00,1.00,1270.00,3840.00,1.50,0.00,0.00,3.00,7.00,1270.00,0.00,1926.00,0.00,98103.00,47.69,-122.36,1270.00,4175.00
5248800625.00,20150316T000000,385000.00,3.00,1.00,1070.00,4000.00,1.00,0.00,0.00,4.00,7.00,1070.00,0.00,1971.00,0.00,98108.00,47.55,-122.31,1090.00,4000.00
1257201295.00,20140708T000000,480000.00,2.00,1.00,1060.00,3040.00,1.00,0.00,0.00,3.00,7.00,860.00,200.00,1924.00,0.00,98103.00,47.67,-122.33,1470.00,3814.00
3342700371.00,20140609T000000,539950.00,3.00,2.25,2190.00,7149.00,1.00,0.00,1.00,4.00,8.00,1240.00,950.00,1963.00,0.00,98056.00,47.52,-122.20,3500.00,7149.00
1724079013.00,20140718T000000,529000.00,3.00,2.25,1940.00,217800.00,2.00,0.00,0.00,3.00,9.00,1940.00,0.00,1990.00,0.00,98024.00,47.56,-121.93,2580.00,83558.00
2770606822.00,20140820T000000,417000.00,3.00,2.50,1300.00,877.00,2.00,0.00,0.00,3.00,7.00,1060.00,240.00,2008.00,0.00,98199.00,47.66,-122.39,1320.00,1414.00
5706201930.00,20150217T000000,405000.00,3.00,1.50,1330.00,12500.00,1.00,0.00,0.00,3.00,7.00,1330.00,0.00,1966.00,0.00,98027.00,47.53,-122.05,2310.00,12500.00
8731800300.00,20140723T000000,299000.00,3.00,2.25,1940.00,9100.00,1.00,0.00,0.00,4.00,8.00,1630.00,310.00,1966.00,0.00,98023.00,47.31,-122.36,2080.00,9100.00
3751600457.00,20140813T000000,299000.00,3.00,1.75,2100.00,15480.00,1.00,0.00,0.00,3.00,7.00,2100.00,0.00,1983.00,0.00,98001.00,47.29,-122.27,1330.00,15657.00
9169100214.00,20140514T000000,372220.00,3.00,1.00,1290.00,5500.00,1.00,0.00,0.00,3.00,7.00,980.00,310.00,1951.00,0.00,98136.00,47.53,-122.39,1680.00,5000.00
809000820.00,20140522T000000,494400.00,2.00,1.75,1560.00,1750.00,1.00,0.00,0.00,4.00,6.00,780.00,780.00,1904.00,0.00,98109.00,47.63,-122.36,1850.00,3600.00
9460000110.00,20140924T000000,280000.00,3.00,1.75,2630.00,6500.00,1.00,0.00,0.00,3.00,7.00,1330.00,1300.00,1958.00,0.00,98055.00,47.49,-122.22,2520.00,6500.00
7888780090.00,20141121T000000,277950.00,3.00,2.50,2100.00,6021.00,2.00,0.00,0.00,3.00,7.00,2100.00,0.00,1992.00,0.00,98023.00,47.29,-122.38,2091.00,7547.00
2423059067.00,20141219T000000,770000.00,3.00,2.75,2070.00,54557.00,2.00,0.00,0.00,3.00,8.00,2070.00,0.00,1996.00,0.00,98058.00,47.47,-122.12,2190.00,49658.00
1331900110.00,20141008T000000,760000.00,4.00,2.50,2960.00,28005.00,2.00,0.00,0.00,3.00,10.00,2960.00,0.00,1989.00,0.00,98072.00,47.75,-122.12,3510.00,35248.00
6600490300.00,20150126T000000,230000.00,2.00,2.00,1300.00,3608.00,1.00,0.00,0.00,3.00,7.00,1300.00,0.00,2004.00,0.00,98198.00,47.36,-122.31,1510.00,3608.00
6042000090.00,20141002T000000,525000.00,4.00,2.50,2520.00,7731.00,2.00,0.00,0.00,3.00,9.00,2520.00,0.00,1994.00,0.00,98155.00,47.77,-122.30,2000.00,7704.00
7846700850.00,20140701T000000,307000.00,3.00,1.00,1150.00,6000.00,1.50,0.00,0.00,3.00,7.00,1150.00,0.00,1927.00,0.00,98045.00,47.50,-121.79,1210.00,7700.00
5381600110.00,20140618T000000,253779.00,4.00,2.00,2030.00,9600.00,1.50,0.00,0.00,3.00,6.00,1430.00,600.00,1947.00,0.00,98188.00,47.45,-122.27,1820.00,14600.00
3459100300.00,20140617T000000,405000.00,3.00,1.50,1880.00,7400.00,1.00,0.00,0.00,3.00,8.00,1480.00,400.00,1968.00,0.00,98155.00,47.77,-122.27,1820.00,8660.00
8151600590.00,20150312T000000,360000.00,2.00,1.00,2320.00,11250.00,2.00,0.00,0.00,4.00,6.00,2320.00,0.00,1942.00,0.00,98146.00,47.50,-122.36,1620.00,11250.00
7936000252.00,20150511T000000,521000.00,2.00,1.00,1050.00,7500.00,1.50,0.00,3.00,4.00,6.00,1050.00,0.00,1910.00,0.00,98116.00,47.56,-122.40,2540.00,13680.00
2825059256.00,20140926T000000,680000.00,4.00,2.50,3030.00,13068.00,2.00,0.00,0.00,3.00,9.00,3030.00,0.00,1978.00,0.00,98005.00,47.63,-122.17,2940.00,11999.00
1925069006.00,20141203T000000,355000.00,1.00,0.75,530.00,33278.00,1.00,0.00,2.00,4.00,4.00,530.00,0.00,1950.00,0.00,98074.00,47.64,-122.08,2830.00,14311.00
1274500300.00,20140623T000000,200000.00,3.00,1.50,1090.00,9600.00,1.00,0.00,0.00,4.00,7.00,1090.00,0.00,1968.00,0.00,98042.00,47.36,-122.11,1240.00,9620.00
7129304085.00,20140708T000000,330000.00,3.00,2.25,2220.00,4060.00,1.00,0.00,0.00,3.00,7.00,1330.00,890.00,1993.00,0.00,98118.00,47.52,-122.27,1930.00,5625.00
104540820.00,20140812T000000,221000.00,3.00,2.25,1430.00,5999.00,2.00,0.00,0.00,3.00,7.00,1430.00,0.00,1987.00,0.00,98023.00,47.31,-122.36,1600.00,5999.00
9272200090.00,20150204T000000,1598890.00,4.00,4.50,3780.00,6000.00,2.00,0.00,4.00,4.00,11.00,2770.00,1010.00,1910.00,1977.00,98116.00,47.59,-122.39,2660.00,6000.00
1787600164.00,20140723T000000,310000.00,2.00,1.00,1560.00,4920.00,1.00,0.00,0.00,4.00,6.00,780.00,780.00,1947.00,0.00,98125.00,47.72,-122.33,1760.00,7510.00
8127700215.00,20150409T000000,862000.00,4.00,2.25,2220.00,4200.00,1.50,0.00,0.00,5.00,8.00,1310.00,910.00,1932.00,0.00,98199.00,47.64,-122.39,2020.00,4940.00
7348200115.00,20140619T000000,200000.00,3.00,1.50,1140.00,8340.00,1.00,0.00,0.00,3.00,7.00,1140.00,0.00,1960.00,0.00,98168.00,47.48,-122.28,1140.00,8340.00
7752200100.00,20140930T000000,630000.00,4.00,2.50,2540.00,11100.00,1.00,0.00,0.00,5.00,7.00,2540.00,0.00,1957.00,0.00,98008.00,47.63,-122.12,1560.00,11100.00
3904901570.00,20150320T000000,432250.00,3.00,2.25,1440.00,6232.00,2.00,0.00,0.00,3.00,7.00,1440.00,0.00,1985.00,0.00,98029.00,47.57,-122.02,1740.00,5999.00
1238501116.00,20150123T000000,478000.00,3.00,2.25,1570.00,9500.00,1.00,0.00,0.00,4.00,7.00,1070.00,500.00,1977.00,0.00,98033.00,47.68,-122.19,2250.00,9583.00
9392500100.00,20140723T000000,249000.00,4.00,2.25,1860.00,9576.00,1.00,0.00,0.00,3.00,7.00,1400.00,460.00,1962.00,0.00,98032.00,47.36,-122.28,1860.00,9576.00
7857003465.00,20140605T000000,495000.00,5.00,3.00,2440.00,4750.00,1.00,0.00,0.00,3.00,9.00,1450.00,990.00,2006.00,0.00,98108.00,47.55,-122.30,1420.00,5940.00
4038700930.00,20141113T000000,630000.00,4.00,2.50,2100.00,8800.00,1.00,0.00,2.00,4.00,7.00,1240.00,860.00,1960.00,0.00,98008.00,47.61,-122.11,2000.00,8800.00
6979920090.00,20140626T000000,550000.00,4.00,2.50,2150.00,27540.00,2.00,0.00,0.00,3.00,8.00,2150.00,0.00,1997.00,0.00,98053.00,47.64,-121.97,2150.00,27540.00
1515920090.00,20140919T000000,350000.00,3.00,2.50,2440.00,18674.00,2.00,0.00,0.00,4.00,8.00,2440.00,0.00,1994.00,0.00,98042.00,47.37,-122.13,2530.00,10603.00
2473100090.00,20141202T000000,270000.00,5.00,1.50,1930.00,7480.00,2.00,0.00,0.00,3.00,7.00,1930.00,0.00,1966.00,0.00,98058.00,47.45,-122.16,1480.00,7705.00
6402700100.00,20141007T000000,488250.00,4.00,2.00,1830.00,9610.00,1.00,0.00,0.00,3.00,7.00,1830.00,0.00,1963.00,0.00,98033.00,47.70,-122.18,1970.00,10754.00
104530490.00,20140516T000000,248000.00,4.00,3.50,1850.00,6519.00,2.00,0.00,0.00,3.00,7.00,1130.00,720.00,1986.00,0.00,98023.00,47.31,-122.35,1280.00,6664.00
2487200940.00,20140814T000000,889000.00,4.00,3.50,3210.00,5000.00,3.00,0.00,0.00,3.00,9.00,3210.00,0.00,2014.00,0.00,98136.00,47.52,-122.39,1360.00,5000.00
6132600315.00,20140827T000000,375000.00,1.00,1.00,1090.00,5250.00,1.00,0.00,0.00,3.00,6.00,980.00,110.00,1927.00,0.00,98117.00,47.70,-122.39,2160.00,5250.00
6848200475.00,20141126T000000,933000.00,3.00,1.50,1870.00,3300.00,2.00,0.00,2.00,3.00,7.00,1870.00,0.00,1906.00,0.00,98102.00,47.62,-122.33,1820.00,2460.00
2141310490.00,20150102T000000,625000.00,3.00,2.25,1920.00,8412.00,1.00,0.00,2.00,3.00,8.00,1460.00,460.00,1977.00,0.00,98006.00,47.56,-122.13,2490.00,8700.00
7571200110.00,20140728T000000,328000.00,2.00,1.00,700.00,4350.00,1.00,0.00,0.00,3.00,6.00,700.00,0.00,1943.00,0.00,98116.00,47.56,-122.39,1620.00,5100.00
5072300100.00,20140718T000000,470000.00,4.00,2.25,3380.00,9900.00,1.00,0.00,2.00,4.00,8.00,1690.00,1690.00,1969.00,0.00,98166.00,47.44,-122.34,2390.00,9900.00
3342103148.00,20150213T000000,502500.00,5.00,2.50,2430.00,6168.00,2.00,0.00,0.00,3.00,8.00,2430.00,0.00,2007.00,0.00,98056.00,47.52,-122.20,2150.00,8400.00
1770000090.00,20150407T000000,484000.00,3.00,1.75,1950.00,17400.00,1.00,0.00,0.00,3.00,7.00,1210.00,740.00,1976.00,0.00,98072.00,47.74,-122.09,1900.00,17250.00
8658303585.00,20140807T000000,252500.00,2.00,1.00,900.00,7500.00,1.00,0.00,0.00,4.00,6.00,900.00,0.00,1961.00,0.00,98014.00,47.65,-121.92,1190.00,10000.00
1115400090.00,20140821T000000,610000.00,3.00,2.50,2060.00,8893.00,2.00,0.00,0.00,3.00,8.00,2060.00,0.00,1987.00,0.00,98006.00,47.56,-122.17,2650.00,8500.00
4400800061.00,20140725T000000,419000.00,4.00,2.00,2180.00,10447.00,1.00,0.00,0.00,4.00,8.00,1280.00,900.00,1969.00,0.00,98155.00,47.77,-122.28,2190.00,10987.00
4137000590.00,20140717T000000,322500.00,4.00,2.25,2140.00,9377.00,2.00,0.00,0.00,4.00,8.00,2140.00,0.00,1986.00,0.00,98092.00,47.26,-122.22,2030.00,7846.00
809000945.00,20150106T000000,563000.00,6.00,1.00,1730.00,2760.00,1.50,0.00,0.00,3.00,7.00,1250.00,480.00,1918.00,0.00,98109.00,47.63,-122.35,1630.00,3200.00
4397000100.00,20150324T000000,464000.00,4.00,2.50,3140.00,12591.00,2.00,0.00,0.00,3.00,9.00,3140.00,0.00,1993.00,0.00,98042.00,47.38,-122.15,2650.00,11720.00
3426049031.00,20140617T000000,870000.00,4.00,4.25,3010.00,4887.00,2.00,0.00,3.00,4.00,10.00,1940.00,1070.00,1951.00,1996.00,98115.00,47.69,-122.27,2540.00,9375.00
4310702775.00,20150203T000000,280000.00,2.00,1.50,800.00,1196.00,2.00,0.00,0.00,3.00,8.00,800.00,0.00,2003.00,0.00,98103.00,47.70,-122.34,1020.00,1087.00
8965450110.00,20140912T000000,850000.00,3.00,2.50,3300.00,11570.00,2.00,0.00,0.00,3.00,9.00,3300.00,0.00,1994.00,0.00,98006.00,47.56,-122.12,3280.00,11446.00
2887700805.00,20141022T000000,458950.00,2.00,1.00,1530.00,4370.00,1.00,0.00,0.00,3.00,7.00,1130.00,400.00,1946.00,0.00,98115.00,47.69,-122.31,1580.00,4275.00
1446401460.00,20150422T000000,122000.00,2.00,1.00,760.00,5280.00,1.00,0.00,0.00,3.00,6.00,760.00,0.00,1946.00,0.00,98168.00,47.48,-122.33,1710.00,6594.00
225039175.00,20140513T000000,525000.00,5.00,3.00,2450.00,4591.00,2.00,0.00,0.00,3.00,7.00,2450.00,0.00,1994.00,0.00,98117.00,47.68,-122.39,1060.00,5500.00
1151100165.00,20140716T000000,286300.00,2.00,1.00,1000.00,31838.00,1.00,0.00,0.00,3.00,7.00,1000.00,0.00,1962.00,0.00,98045.00,47.48,-121.78,1490.00,39747.00
4330600301.00,20140718T000000,218450.00,2.00,1.00,840.00,7425.00,1.00,0.00,0.00,4.00,6.00,840.00,0.00,1952.00,0.00,98166.00,47.47,-122.34,1300.00,11674.00
2767602141.00,20140905T000000,525000.00,3.00,1.50,1380.00,4290.00,1.00,0.00,0.00,3.00,7.00,1080.00,300.00,1955.00,0.00,98107.00,47.67,-122.38,1510.00,3900.00
2767602141.00,20141222T000000,650000.00,3.00,1.50,1380.00,4290.00,1.00,0.00,0.00,3.00,7.00,1080.00,300.00,1955.00,0.00,98107.00,47.67,-122.38,1510.00,3900.00
2223089048.00,20140625T000000,356000.00,4.00,2.00,2020.00,48693.00,1.50,0.00,0.00,3.00,7.00,2020.00,0.00,1949.00,0.00,98045.00,47.46,-121.76,1610.00,34900.00
3693900985.00,20140529T000000,436500.00,2.00,1.00,1260.00,5000.00,1.00,0.00,0.00,3.00,7.00,1040.00,220.00,1951.00,0.00,98117.00,47.68,-122.40,1510.00,5000.00
3574801790.00,20140807T000000,410000.00,3.00,1.75,1440.00,7112.00,1.00,0.00,0.00,3.00,7.00,1180.00,260.00,1979.00,0.00,98034.00,47.73,-122.23,1570.00,9152.00
2568800121.00,20140911T000000,512500.00,4.00,1.75,1540.00,8311.00,1.00,0.00,0.00,4.00,7.00,1540.00,0.00,1950.00,0.00,98125.00,47.70,-122.29,1890.00,7996.00
5249804560.00,20140818T000000,510000.00,4.00,1.00,1060.00,7200.00,1.00,0.00,1.00,3.00,6.00,880.00,180.00,1925.00,0.00,98118.00,47.56,-122.27,1910.00,7200.00
7811100100.00,20140918T000000,566000.00,4.00,1.75,1900.00,10297.00,1.00,0.00,0.00,4.00,8.00,1900.00,0.00,1966.00,0.00,98005.00,47.59,-122.16,2220.00,9612.00
6116500300.00,20140910T000000,525000.00,3.00,1.75,2870.00,26500.00,1.50,0.00,1.00,3.00,8.00,2870.00,0.00,1948.00,1981.00,98166.00,47.45,-122.36,2420.00,20500.00
2489200165.00,20140807T000000,435000.00,3.00,1.00,1050.00,5500.00,1.00,0.00,0.00,3.00,6.00,930.00,120.00,1920.00,0.00,98126.00,47.54,-122.38,1410.00,5834.00
425079100.00,20141231T000000,406500.00,3.00,2.75,1840.00,68479.00,1.00,0.00,2.00,3.00,8.00,1340.00,500.00,1989.00,0.00,98014.00,47.68,-121.91,2060.00,61903.00
1828001220.00,20141007T000000,550000.00,5.00,2.75,3000.00,9473.00,1.00,0.00,0.00,3.00,8.00,1500.00,1500.00,1966.00,0.00,98052.00,47.66,-122.13,2050.00,8820.00
5602000025.00,20150226T000000,251000.00,3.00,2.00,1200.00,10212.00,1.50,0.00,0.00,5.00,6.00,1200.00,0.00,1949.00,0.00,98022.00,47.21,-122.00,1280.00,10212.00
191101015.00,20141211T000000,830000.00,3.00,1.50,1840.00,10125.00,1.00,0.00,0.00,4.00,8.00,1220.00,620.00,1959.00,0.00,98040.00,47.56,-122.22,2320.00,10160.00
4249000100.00,20150414T000000,803000.00,4.00,2.50,2790.00,7673.00,2.00,0.00,0.00,3.00,9.00,2790.00,0.00,1989.00,0.00,98052.00,47.67,-122.14,2740.00,7837.00
7877400266.00,20150407T000000,206000.00,3.00,1.00,970.00,9360.00,1.00,0.00,0.00,4.00,5.00,970.00,0.00,1942.00,0.00,98002.00,47.28,-122.23,1050.00,11348.00
7657000165.00,20140730T000000,200000.00,4.00,1.00,1070.00,7467.00,1.50,0.00,0.00,3.00,7.00,1070.00,0.00,1944.00,0.00,98178.00,47.49,-122.24,1160.00,7467.00
4302200535.00,20140506T000000,219000.00,2.00,1.00,900.00,5160.00,1.00,0.00,0.00,3.00,6.00,900.00,0.00,1952.00,0.00,98106.00,47.53,-122.36,900.00,5160.00
369000881.00,20140905T000000,777000.00,4.00,4.00,2680.00,6000.00,1.00,0.00,0.00,3.00,7.00,1380.00,1300.00,1962.00,2014.00,98199.00,47.66,-122.39,1930.00,6000.00
7527200110.00,20150218T000000,593700.00,3.00,2.50,2000.00,22000.00,2.00,0.00,0.00,3.00,8.00,2000.00,0.00,1979.00,0.00,98075.00,47.59,-122.08,2180.00,19800.00
1561600025.00,20140603T000000,712500.00,3.00,1.50,1660.00,8797.00,1.00,0.00,0.00,4.00,7.00,1660.00,0.00,1956.00,0.00,98004.00,47.59,-122.20,2350.00,10053.00
2813100100.00,20140714T000000,600000.00,4.00,1.50,1770.00,6014.00,1.50,0.00,0.00,4.00,7.00,1240.00,530.00,1946.00,0.00,98116.00,47.58,-122.39,1740.00,6014.00
3179100755.00,20150330T000000,554663.00,3.00,2.00,1230.00,6802.00,1.50,0.00,0.00,3.00,7.00,1230.00,0.00,1940.00,0.00,98105.00,47.67,-122.28,1850.00,6398.00
1422700110.00,20140703T000000,267000.00,3.00,1.00,1740.00,10875.00,1.00,0.00,0.00,4.00,7.00,1020.00,720.00,1962.00,0.00,98188.00,47.47,-122.28,1470.00,8532.00
1075100090.00,20140924T000000,390000.00,3.00,2.00,1710.00,8910.00,1.00,0.00,0.00,5.00,7.00,1710.00,0.00,1953.00,0.00,98133.00,47.77,-122.34,1430.00,8493.00
7338402690.00,20150401T000000,335000.00,6.00,2.00,2020.00,7071.00,1.00,0.00,0.00,3.00,7.00,1010.00,1010.00,1979.00,0.00,98108.00,47.53,-122.29,2020.00,5000.00
5451210100.00,20150423T000000,938000.00,4.00,2.50,2410.00,9886.00,1.00,0.00,0.00,5.00,8.00,1990.00,420.00,1975.00,0.00,98040.00,47.54,-122.22,2530.00,10658.00
7523900300.00,20150407T000000,370000.00,4.00,2.75,2310.00,14745.00,1.00,0.00,0.00,3.00,7.00,1410.00,900.00,1993.00,0.00,98198.00,47.38,-122.31,2060.00,9678.00
7237300090.00,20150402T000000,335000.00,5.00,2.50,2400.00,4548.00,2.00,0.00,0.00,3.00,7.00,2400.00,0.00,2003.00,0.00,98042.00,47.37,-122.13,2200.00,4465.00
4083303815.00,20150421T000000,695000.00,5.00,2.00,3160.00,3990.00,1.50,0.00,0.00,3.00,7.00,1870.00,1290.00,1923.00,0.00,98103.00,47.65,-122.34,1780.00,4240.00
6117501015.00,20140606T000000,387500.00,3.00,1.00,1560.00,14333.00,1.00,0.00,0.00,4.00,7.00,1560.00,0.00,1953.00,0.00,98166.00,47.43,-122.35,1640.00,14333.00
6700390100.00,20150318T000000,245000.00,3.00,2.50,1770.00,6187.00,2.00,0.00,0.00,3.00,7.00,1770.00,0.00,1992.00,0.00,98031.00,47.40,-122.19,1650.00,7200.00
7334401450.00,20140729T000000,308550.00,3.00,2.00,1600.00,13200.00,1.00,0.00,0.00,3.00,7.00,1600.00,0.00,1990.00,0.00,98045.00,47.47,-121.76,1360.00,11520.00
8588000315.00,20140624T000000,225000.00,3.00,1.75,1330.00,13102.00,1.00,0.00,0.00,3.00,7.00,1330.00,0.00,1968.00,0.00,98003.00,47.32,-122.32,1270.00,11475.00
3121500100.00,20140903T000000,715000.00,4.00,2.50,2970.00,29163.00,2.00,0.00,0.00,3.00,9.00,2970.00,0.00,1993.00,0.00,98053.00,47.67,-122.03,3100.00,31105.00
726049202.00,20150506T000000,335000.00,3.00,1.00,1020.00,10200.00,1.00,0.00,0.00,4.00,7.00,1020.00,0.00,1954.00,0.00,98133.00,47.75,-122.35,1170.00,8188.00
3629760110.00,20140821T000000,634000.00,3.00,2.50,2490.00,4904.00,2.00,0.00,0.00,3.00,9.00,2490.00,0.00,2003.00,0.00,98029.00,47.55,-122.01,2370.00,4050.00
8692800025.00,20140514T000000,337500.00,5.00,2.00,1700.00,7314.00,1.00,0.00,0.00,3.00,7.00,1000.00,700.00,1956.00,0.00,98108.00,47.55,-122.31,2000.00,7176.00
4392200165.00,20140904T000000,440000.00,1.00,1.00,850.00,6567.00,1.00,0.00,0.00,4.00,6.00,850.00,0.00,1940.00,0.00,98010.00,47.33,-122.04,2160.00,9794.00
1023089228.00,20140717T000000,350000.00,3.00,1.75,1250.00,13775.00,1.00,0.00,2.00,3.00,7.00,1250.00,0.00,1990.00,0.00,98045.00,47.50,-121.77,1260.00,13707.00
7625702615.00,20150114T000000,400000.00,2.00,1.00,610.00,4560.00,1.00,0.00,0.00,3.00,5.00,610.00,0.00,1918.00,0.00,98136.00,47.55,-122.38,930.00,1392.00
8081030090.00,20140815T000000,1288000.00,4.00,3.50,3700.00,13175.00,2.00,0.00,0.00,4.00,11.00,3700.00,0.00,1989.00,0.00,98006.00,47.55,-122.13,3880.00,15508.00
2201500490.00,20150406T000000,435000.00,3.00,1.00,950.00,10080.00,1.00,0.00,0.00,4.00,7.00,950.00,0.00,1954.00,0.00,98006.00,47.57,-122.14,1060.00,10000.00
7853250090.00,20140929T000000,681000.00,4.00,2.50,3860.00,5130.00,2.00,0.00,0.00,3.00,8.00,2930.00,930.00,2004.00,0.00,98065.00,47.54,-121.88,3130.00,6163.00
7133300044.00,20140629T000000,397000.00,3.00,3.50,1360.00,1275.00,2.00,0.00,0.00,3.00,8.00,1240.00,120.00,2007.00,0.00,98144.00,47.59,-122.32,1360.00,1275.00
293700110.00,20140926T000000,775000.00,4.00,2.50,3890.00,34513.00,2.00,0.00,0.00,3.00,10.00,3890.00,0.00,1996.00,0.00,98077.00,47.77,-122.05,3600.00,28435.00
4038100110.00,20140707T000000,480000.00,3.00,2.25,1680.00,9090.00,1.00,0.00,0.00,4.00,7.00,1130.00,550.00,1959.00,0.00,98008.00,47.61,-122.13,1960.00,9090.00
7697870600.00,20140909T000000,158000.00,3.00,2.50,1520.00,7200.00,2.00,0.00,0.00,4.00,7.00,1520.00,0.00,1985.00,0.00,98030.00,47.37,-122.18,1780.00,7210.00
8847400115.00,20140723T000000,590000.00,3.00,2.00,2420.00,208652.00,1.50,0.00,0.00,3.00,8.00,2420.00,0.00,2005.00,0.00,98010.00,47.37,-121.98,3180.00,212137.00
7853240100.00,20140902T000000,772500.00,5.00,2.75,3890.00,9130.00,2.00,0.00,0.00,3.00,9.00,3890.00,0.00,2004.00,0.00,98065.00,47.54,-121.86,3450.00,8361.00
326049058.00,20150217T000000,464500.00,5.00,1.50,2940.00,13425.00,1.00,0.00,0.00,3.00,8.00,1470.00,1470.00,1955.00,0.00,98155.00,47.76,-122.29,1580.00,8200.00
8732800090.00,20150424T000000,281000.00,3.00,1.75,1350.00,8737.00,1.00,0.00,0.00,3.00,7.00,1350.00,0.00,1966.00,0.00,98188.00,47.44,-122.28,1600.00,8928.00
2526059086.00,20140722T000000,620000.00,3.00,2.25,2190.00,45738.00,1.00,0.00,0.00,3.00,8.00,2190.00,0.00,1990.00,0.00,98052.00,47.71,-122.12,2970.00,4496.00
2391600165.00,20140617T000000,475000.00,3.00,2.25,2280.00,5750.00,1.00,0.00,1.00,4.00,7.00,1150.00,1130.00,1985.00,0.00,98116.00,47.56,-122.39,1500.00,5060.00
7225000090.00,20141017T000000,245000.00,2.00,2.00,1070.00,4500.00,1.00,0.00,0.00,4.00,6.00,910.00,160.00,1932.00,0.00,98055.00,47.49,-122.20,1280.00,4500.00
1868901295.00,20140729T000000,660000.00,5.00,2.25,2540.00,3750.00,1.50,0.00,0.00,4.00,7.00,1510.00,1030.00,1925.00,0.00,98115.00,47.67,-122.30,1780.00,3750.00
6072100490.00,20141204T000000,527500.00,4.00,2.25,2270.00,8480.00,1.00,0.00,0.00,5.00,8.00,1310.00,960.00,1973.00,0.00,98006.00,47.54,-122.17,1910.00,9050.00
2522069064.00,20141027T000000,135000.00,2.00,1.00,1220.00,7250.00,1.00,0.00,0.00,4.00,6.00,1220.00,0.00,1914.00,0.00,98010.00,47.36,-121.98,1350.00,20250.00
806800090.00,20150506T000000,275000.00,3.00,1.75,1890.00,5000.00,1.00,0.00,0.00,3.00,7.00,1890.00,0.00,2003.00,0.00,98092.00,47.34,-122.18,2960.00,5421.00
7228500375.00,20150210T000000,430000.00,4.00,2.00,1990.00,4740.00,1.00,0.00,0.00,3.00,7.00,1080.00,910.00,1926.00,0.00,98122.00,47.61,-122.30,1560.00,2370.00
2891100820.00,20140825T000000,213500.00,3.00,1.00,1220.00,6000.00,1.00,0.00,0.00,4.00,7.00,1220.00,0.00,1968.00,0.00,98002.00,47.32,-122.21,1420.00,6000.00
8564850300.00,20140912T000000,535000.00,3.00,3.00,2640.00,5978.00,2.00,0.00,0.00,3.00,9.00,2640.00,0.00,2012.00,0.00,98045.00,47.48,-121.74,2680.00,6060.00
3861400061.00,20150213T000000,641000.00,3.00,1.75,1480.00,9603.00,1.00,0.00,0.00,3.00,7.00,1480.00,0.00,1952.00,0.00,98004.00,47.59,-122.20,2660.00,10766.00
3343903647.00,20141028T000000,436300.00,3.00,2.00,2320.00,9420.00,1.00,0.00,0.00,5.00,7.00,2320.00,0.00,1952.00,0.00,98056.00,47.51,-122.20,2030.00,9420.00
809002680.00,20141014T000000,1440000.00,4.00,1.75,2410.00,6000.00,1.50,0.00,0.00,3.00,8.00,2410.00,0.00,1911.00,0.00,98109.00,47.64,-122.36,1280.00,4000.00
5450300195.00,20150327T000000,830000.00,4.00,2.75,2090.00,13500.00,1.00,0.00,0.00,4.00,8.00,2090.00,0.00,1949.00,0.00,98040.00,47.57,-122.23,2130.00,13500.00
1231001110.00,20140722T000000,380000.00,3.00,1.00,920.00,3532.00,1.00,0.00,0.00,3.00,6.00,920.00,0.00,1910.00,0.00,98118.00,47.55,-122.27,1250.00,4000.00
6303401050.00,20150220T000000,132500.00,3.00,0.75,850.00,8573.00,1.00,0.00,0.00,3.00,6.00,600.00,250.00,1945.00,0.00,98146.00,47.50,-122.36,850.00,8382.00
1003400245.00,20141201T000000,179950.00,3.00,1.00,1130.00,9907.00,1.00,0.00,0.00,3.00,7.00,1130.00,0.00,1954.00,0.00,98188.00,47.44,-122.29,1320.00,9907.00
7468900245.00,20150420T000000,188200.00,3.00,1.00,1260.00,7265.00,1.00,0.00,0.00,4.00,7.00,1260.00,0.00,1954.00,0.00,98002.00,47.30,-122.22,940.00,7200.00
5021900265.00,20140702T000000,659000.00,4.00,2.00,2090.00,10800.00,1.00,0.00,0.00,4.00,7.00,2090.00,0.00,1951.00,0.00,98040.00,47.58,-122.22,2090.00,10800.00
8100900015.00,20141022T000000,317000.00,3.00,2.00,2020.00,7260.00,1.50,0.00,0.00,3.00,7.00,1180.00,840.00,1926.00,0.00,98108.00,47.55,-122.31,1400.00,5950.00
573000490.00,20141124T000000,625000.00,3.00,2.25,1970.00,4564.00,1.00,0.00,0.00,3.00,8.00,1470.00,500.00,1959.00,0.00,98199.00,47.67,-122.41,1980.00,5000.00
4022900837.00,20140613T000000,350000.00,3.00,1.75,1820.00,9545.00,1.00,0.00,0.00,3.00,7.00,1230.00,590.00,1976.00,0.00,98155.00,47.78,-122.30,1790.00,9530.00
475001295.00,20140625T000000,750000.00,3.00,1.50,1840.00,5000.00,1.50,0.00,0.00,5.00,7.00,1340.00,500.00,1915.00,0.00,98107.00,47.67,-122.36,1840.00,5000.00
5256500025.00,20140827T000000,457000.00,4.00,1.75,2100.00,10358.00,1.00,0.00,0.00,5.00,8.00,1280.00,820.00,1959.00,0.00,98133.00,47.75,-122.34,2080.00,9000.00
2767601390.00,20150304T000000,632500.00,4.00,2.00,1770.00,5000.00,2.00,0.00,0.00,4.00,7.00,1770.00,0.00,1906.00,0.00,98107.00,47.67,-122.39,1550.00,5000.00
6700400110.00,20140702T000000,223000.00,3.00,2.00,1110.00,7231.00,1.00,0.00,0.00,4.00,7.00,1110.00,0.00,1991.00,0.00,98031.00,47.40,-122.19,1550.00,7245.00
8860300300.00,20140902T000000,610000.00,4.00,2.75,2090.00,8400.00,1.00,0.00,0.00,4.00,8.00,1240.00,850.00,1976.00,0.00,98052.00,47.69,-122.12,2340.00,9000.00
3738900165.00,20141024T000000,385000.00,4.00,1.75,2080.00,8215.00,2.00,0.00,0.00,4.00,7.00,2080.00,0.00,1948.00,0.00,98155.00,47.74,-122.31,1550.00,8215.00
1314300018.00,20150324T000000,367500.00,3.00,3.25,1400.00,1343.00,2.00,0.00,0.00,3.00,7.00,1160.00,240.00,2005.00,0.00,98118.00,47.55,-122.28,1400.00,1326.00
3992700265.00,20140804T000000,385100.00,3.00,1.00,1060.00,8040.00,1.00,0.00,0.00,4.00,6.00,1060.00,0.00,1949.00,0.00,98125.00,47.71,-122.29,1300.00,7620.00
1105000296.00,20141229T000000,230000.00,2.00,1.00,720.00,5913.00,1.00,0.00,0.00,3.00,6.00,720.00,0.00,1920.00,0.00,98118.00,47.54,-122.27,1560.00,6600.00
1773100121.00,20140623T000000,286000.00,3.00,2.75,1100.00,750.00,2.00,0.00,0.00,3.00,7.00,780.00,320.00,2008.00,0.00,98106.00,47.56,-122.36,1170.00,4800.00
7585000110.00,20150326T000000,201700.00,3.00,1.00,1010.00,9576.00,1.00,0.00,0.00,4.00,7.00,1010.00,0.00,1967.00,0.00,98001.00,47.30,-122.27,1540.00,9576.00
822069112.00,20150423T000000,1350000.00,4.00,4.75,5230.00,89298.00,2.50,0.00,0.00,3.00,11.00,5230.00,0.00,2002.00,0.00,98038.00,47.41,-122.06,4110.00,107153.00
5423030300.00,20140519T000000,525000.00,4.00,1.75,2420.00,7672.00,1.00,0.00,0.00,3.00,8.00,1480.00,940.00,1979.00,0.00,98027.00,47.56,-122.09,2370.00,7699.00
1387301730.00,20150202T000000,361000.00,3.00,1.50,1200.00,7236.00,1.00,0.00,0.00,3.00,7.00,1200.00,0.00,1975.00,0.00,98011.00,47.74,-122.19,1680.00,7800.00
4447300008.00,20140923T000000,530000.00,3.00,1.50,1950.00,1963.00,3.00,0.00,0.00,3.00,8.00,1950.00,0.00,2002.00,0.00,98117.00,47.69,-122.40,1590.00,2028.00
6413600123.00,20141008T000000,455000.00,3.00,2.25,1870.00,7403.00,1.00,0.00,0.00,3.00,7.00,1870.00,0.00,1950.00,0.00,98125.00,47.72,-122.32,1630.00,7440.00
3288100100.00,20141120T000000,421000.00,4.00,2.25,1310.00,8400.00,1.00,0.00,0.00,4.00,7.00,1310.00,0.00,1966.00,0.00,98034.00,47.73,-122.18,1600.00,8400.00
6127600110.00,20140502T000000,640000.00,4.00,2.00,1520.00,6200.00,1.50,0.00,0.00,3.00,7.00,1520.00,0.00,1945.00,0.00,98115.00,47.68,-122.27,1910.00,6200.00
3423049165.00,20150331T000000,240000.00,3.00,1.00,1270.00,12733.00,1.00,0.00,0.00,3.00,7.00,1270.00,0.00,1955.00,0.00,98188.00,47.45,-122.28,1660.00,11536.00
1233100601.00,20141024T000000,360000.00,2.00,1.00,840.00,7414.00,1.00,0.00,0.00,4.00,6.00,840.00,0.00,1928.00,0.00,98033.00,47.68,-122.17,1740.00,9784.00
3422059085.00,20150324T000000,157340.00,2.00,1.00,900.00,23000.00,1.00,0.00,0.00,2.00,7.00,900.00,0.00,1953.00,0.00,98042.00,47.36,-122.16,1460.00,8265.00
9294300600.00,20150415T000000,1240000.00,4.00,3.00,3010.00,6139.00,2.00,0.00,4.00,5.00,8.00,2560.00,450.00,1950.00,1972.00,98115.00,47.68,-122.27,2100.00,6798.00
7282900025.00,20140506T000000,250000.00,3.00,1.00,1050.00,6874.00,1.00,0.00,0.00,3.00,6.00,1050.00,0.00,1954.00,0.00,98133.00,47.76,-122.36,1500.00,8954.00
2526059076.00,20150225T000000,735000.00,6.00,2.75,3360.00,84506.00,1.00,0.00,0.00,5.00,7.00,2040.00,1320.00,1962.00,0.00,98052.00,47.72,-122.12,2190.00,43124.00
5451100490.00,20150115T000000,884900.00,7.00,4.75,5370.00,10800.00,1.50,0.00,0.00,3.00,8.00,5370.00,0.00,1967.00,0.00,98040.00,47.54,-122.22,2310.00,10910.00
126059097.00,20141023T000000,775000.00,3.00,3.50,2690.00,104544.00,2.00,0.00,0.00,3.00,8.00,2690.00,0.00,1948.00,1990.00,98072.00,47.77,-122.11,2300.00,81698.00
7739100015.00,20140502T000000,463000.00,3.00,1.75,1710.00,7320.00,1.00,0.00,0.00,3.00,7.00,1710.00,0.00,1948.00,0.00,98155.00,47.75,-122.28,2260.00,8839.00
9828702251.00,20140623T000000,579000.00,3.00,2.50,1640.00,1269.00,3.00,0.00,0.00,3.00,8.00,1640.00,0.00,2009.00,0.00,98112.00,47.62,-122.30,1590.00,1231.00
9558040820.00,20140709T000000,570000.00,6.00,3.75,4000.00,6015.00,2.00,0.00,2.00,3.00,10.00,3080.00,920.00,2004.00,0.00,98058.00,47.45,-122.12,3180.00,5700.00
1437580600.00,20150331T000000,1060000.00,5.00,4.50,4140.00,7924.00,2.00,0.00,0.00,3.00,10.00,4140.00,0.00,2005.00,0.00,98074.00,47.61,-121.99,3960.00,8410.00
5469502460.00,20140909T000000,375000.00,4.00,2.75,3140.00,24800.00,1.00,0.00,0.00,4.00,8.00,2080.00,1060.00,1971.00,0.00,98042.00,47.38,-122.16,2850.00,12900.00
2919701105.00,20141209T000000,422000.00,2.00,1.75,1320.00,2609.00,1.00,0.00,0.00,4.00,7.00,920.00,400.00,1938.00,0.00,98117.00,47.69,-122.37,1200.00,4220.00
952003585.00,20150209T000000,866500.00,4.00,3.50,3080.00,4945.00,2.00,0.00,0.00,3.00,9.00,2010.00,1070.00,2014.00,0.00,98126.00,47.57,-122.38,1220.00,4945.00
3066400750.00,20150413T000000,705000.00,3.00,2.50,2500.00,10359.00,2.00,0.00,0.00,3.00,10.00,2500.00,0.00,1986.00,0.00,98074.00,47.63,-122.05,2580.00,10142.00
2607740100.00,20141029T000000,470000.00,4.00,2.50,2520.00,9684.00,2.00,0.00,0.00,3.00,8.00,2520.00,0.00,1994.00,0.00,98045.00,47.48,-121.80,2090.00,10133.00
793200100.00,20141218T000000,360000.00,3.00,1.25,2350.00,6200.00,1.00,0.00,0.00,4.00,7.00,1320.00,1030.00,1966.00,0.00,98007.00,47.60,-122.14,2140.00,9543.00
6744700900.00,20150429T000000,795000.00,4.00,2.50,2570.00,13450.00,1.00,0.00,4.00,3.00,8.00,1510.00,1060.00,1948.00,0.00,98155.00,47.74,-122.29,3470.00,12615.00
1828300100.00,20150330T000000,800000.00,4.00,2.50,3100.00,7807.00,2.00,0.00,0.00,3.00,9.00,3100.00,0.00,2003.00,0.00,98034.00,47.72,-122.23,3100.00,7807.00
1118000110.00,20140529T000000,2453500.00,4.00,3.50,4730.00,13586.00,1.50,0.00,0.00,5.00,10.00,4270.00,460.00,1935.00,0.00,98112.00,47.63,-122.29,3710.00,8828.00
9297301015.00,20150408T000000,277284.00,3.00,1.75,1030.00,4800.00,1.00,0.00,0.00,3.00,6.00,930.00,100.00,1927.00,0.00,98126.00,47.57,-122.37,1540.00,4800.00
585000008.00,20150413T000000,460000.00,2.00,1.00,1020.00,4002.00,1.00,0.00,0.00,5.00,7.00,1020.00,0.00,1953.00,0.00,98116.00,47.58,-122.40,1780.00,5000.00
4070700300.00,20150504T000000,898888.00,3.00,2.50,2080.00,3729.00,2.00,0.00,0.00,3.00,9.00,2080.00,0.00,1996.00,0.00,98033.00,47.67,-122.20,2080.00,4000.00
3026079031.00,20140806T000000,211000.00,3.00,1.00,1410.00,47916.00,1.00,0.00,0.00,3.00,7.00,1410.00,0.00,1981.00,0.00,98019.00,47.71,-121.96,1810.00,215622.00
2781250750.00,20140828T000000,222000.00,2.00,2.00,1360.00,3300.00,2.00,0.00,0.00,3.00,6.00,1360.00,0.00,2004.00,0.00,98038.00,47.35,-122.02,1310.00,3300.00
203100625.00,20140529T000000,672000.00,3.00,2.50,2620.00,21587.00,2.00,0.00,0.00,3.00,7.00,2620.00,0.00,1992.00,0.00,98053.00,47.64,-121.96,2570.00,23650.00
687600110.00,20141020T000000,778000.00,3.00,2.25,2260.00,33080.00,1.00,0.00,0.00,5.00,9.00,1690.00,570.00,1974.00,0.00,98005.00,47.64,-122.18,3020.00,35291.00
2473372250.00,20150121T000000,312500.00,3.00,1.75,1490.00,9493.00,1.00,0.00,0.00,4.00,8.00,1490.00,0.00,1976.00,0.00,98058.00,47.45,-122.13,2440.00,9600.00
7974700112.00,20140714T000000,650000.00,4.00,2.50,2530.00,6500.00,1.50,0.00,0.00,3.00,8.00,1720.00,810.00,1975.00,0.00,98115.00,47.67,-122.28,2150.00,5280.00
2330000015.00,20140826T000000,740000.00,6.00,2.25,3140.00,10250.00,1.00,0.00,0.00,4.00,8.00,1570.00,1570.00,1959.00,0.00,98005.00,47.61,-122.17,2320.00,10250.00
7230300100.00,20140826T000000,320000.00,3.00,2.00,1820.00,17600.00,1.00,0.00,0.00,5.00,7.00,1820.00,0.00,1972.00,0.00,98059.00,47.47,-122.11,2190.00,17440.00
2133010110.00,20150508T000000,455000.00,4.00,2.50,1770.00,13168.00,2.00,0.00,0.00,3.00,7.00,1770.00,0.00,1990.00,0.00,98019.00,47.73,-121.97,2050.00,14859.00
4389201250.00,20140513T000000,2450000.00,5.00,4.00,4430.00,9000.00,2.00,0.00,0.00,3.00,10.00,4430.00,0.00,2013.00,0.00,98004.00,47.62,-122.22,2470.00,9490.00
3383900057.00,20141203T000000,500000.00,3.00,3.25,1490.00,902.00,3.00,0.00,0.00,3.00,8.00,1220.00,270.00,2001.00,0.00,98102.00,47.64,-122.32,1550.00,1092.00
2424410110.00,20140611T000000,325000.00,3.00,1.75,1790.00,27427.00,1.00,0.00,0.00,3.00,7.00,1130.00,660.00,1978.00,0.00,98065.00,47.53,-121.76,1610.00,16684.00
3126049436.00,20140912T000000,416000.00,3.00,2.50,1710.00,1296.00,3.00,0.00,0.00,3.00,8.00,1510.00,200.00,2004.00,0.00,98103.00,47.70,-122.34,1610.00,1282.00
9238500100.00,20150318T000000,495000.00,4.00,2.25,2070.00,20280.00,2.00,0.00,0.00,4.00,7.00,2070.00,0.00,1968.00,0.00,98072.00,47.77,-122.13,2190.00,21560.00
9828700900.00,20140505T000000,549000.00,2.00,1.00,1140.00,5400.00,1.00,0.00,0.00,5.00,7.00,1140.00,0.00,1908.00,0.00,98112.00,47.62,-122.29,1520.00,4800.00
686400930.00,20140825T000000,589000.00,5.00,2.00,3930.00,10150.00,1.50,0.00,0.00,4.00,8.00,3070.00,860.00,1968.00,0.00,98008.00,47.63,-122.11,2200.00,8190.00
5515600088.00,20141121T000000,194820.00,3.00,1.50,1100.00,32700.00,1.00,0.00,0.00,3.00,7.00,1100.00,0.00,1967.00,0.00,98001.00,47.32,-122.29,1616.00,32700.00
1254200015.00,20141216T000000,405000.00,3.00,2.50,2260.00,5500.00,1.50,0.00,0.00,3.00,7.00,1280.00,980.00,1910.00,0.00,98117.00,47.68,-122.39,1790.00,5355.00
1254200015.00,20150408T000000,625000.00,3.00,2.50,2260.00,5500.00,1.50,0.00,0.00,3.00,7.00,1280.00,980.00,1910.00,0.00,98117.00,47.68,-122.39,1790.00,5355.00
1523049209.00,20141113T000000,205000.00,3.00,1.00,1130.00,7014.00,1.00,0.00,0.00,3.00,7.00,1130.00,0.00,1954.00,0.00,98168.00,47.47,-122.27,1440.00,9350.00
561000300.00,20140623T000000,345100.00,3.00,3.75,1950.00,8625.00,1.00,0.00,0.00,3.00,8.00,1360.00,590.00,1959.00,0.00,98178.00,47.51,-122.26,1950.00,6670.00
399000195.00,20141020T000000,200000.00,3.00,1.00,960.00,7500.00,1.00,0.00,0.00,3.00,6.00,960.00,0.00,1953.00,0.00,98178.00,47.50,-122.26,1250.00,6000.00
2540700110.00,20150212T000000,1905000.00,4.00,3.50,4210.00,18564.00,2.00,0.00,0.00,3.00,11.00,4210.00,0.00,2001.00,0.00,98039.00,47.62,-122.23,3520.00,18564.00
2523089097.00,20141029T000000,524500.00,3.00,1.50,3430.00,264844.00,1.00,0.00,2.00,3.00,7.00,2230.00,1200.00,1988.00,0.00,98045.00,47.45,-121.72,1660.00,145926.00
3026079055.00,20140826T000000,598600.00,4.00,2.75,3470.00,212639.00,2.00,0.00,0.00,3.00,7.00,2070.00,1400.00,1993.00,0.00,98019.00,47.71,-121.97,2370.00,233917.00
1105000011.00,20141209T000000,367777.00,5.00,3.00,2140.00,5937.00,1.00,0.00,0.00,3.00,7.00,1280.00,860.00,1978.00,0.00,98118.00,47.55,-122.27,1820.00,6710.00
5113400535.00,20140507T000000,750000.00,3.00,2.75,2520.00,5401.00,1.00,0.00,0.00,4.00,7.00,1360.00,1160.00,1946.00,0.00,98119.00,47.65,-122.37,1800.00,5036.00
3876301140.00,20141105T000000,575000.00,5.00,2.25,3550.00,7992.00,2.00,0.00,0.00,3.00,8.00,3550.00,0.00,1968.00,0.00,98034.00,47.73,-122.18,2110.00,7992.00
1523049188.00,20150430T000000,84000.00,2.00,1.00,700.00,20130.00,1.00,0.00,0.00,3.00,6.00,700.00,0.00,1949.00,0.00,98168.00,47.48,-122.27,1490.00,18630.00
5621100115.00,20141218T000000,255000.00,2.00,1.00,740.00,5000.00,1.00,0.00,0.00,4.00,6.00,740.00,0.00,1926.00,0.00,98118.00,47.53,-122.27,1170.00,4968.00
4219401080.00,20140520T000000,1740000.00,4.00,3.75,3300.00,4545.00,1.50,0.00,4.00,3.00,10.00,2600.00,700.00,1926.00,1999.00,98105.00,47.66,-122.27,3300.00,5000.00
2112700600.00,20150513T000000,415000.00,3.00,2.25,1640.00,5880.00,1.00,0.00,0.00,3.00,7.00,1240.00,400.00,1977.00,0.00,98106.00,47.53,-122.35,1200.00,4760.00
3222049112.00,20150507T000000,449900.00,3.00,2.50,2780.00,8225.00,2.00,0.00,1.00,3.00,9.00,2780.00,0.00,1990.00,0.00,98198.00,47.35,-122.32,720.00,9736.00
622059019.00,20140919T000000,220000.00,5.00,1.50,1830.00,94960.00,1.50,0.00,0.00,3.00,7.00,1830.00,0.00,1929.00,0.00,98031.00,47.42,-122.22,1440.00,16365.00
9348700490.00,20150410T000000,899000.00,4.00,2.50,3540.00,9349.00,2.00,0.00,0.00,3.00,10.00,3540.00,0.00,2003.00,0.00,98052.00,47.70,-122.11,3280.00,7546.00
9259900025.00,20140714T000000,430000.00,3.00,2.50,1440.00,7320.00,1.00,0.00,0.00,5.00,7.00,1440.00,0.00,1954.00,0.00,98125.00,47.72,-122.32,1160.00,6941.00
3022059066.00,20150130T000000,472500.00,4.00,2.50,2960.00,223462.00,2.00,0.00,0.00,3.00,10.00,2960.00,0.00,2001.00,0.00,98030.00,47.36,-122.21,2770.00,16482.00
1777500090.00,20141229T000000,680000.00,6.00,2.50,3180.00,9375.00,1.00,0.00,0.00,4.00,8.00,1590.00,1590.00,1967.00,0.00,98006.00,47.57,-122.13,2670.00,9625.00
3885803245.00,20150305T000000,1650000.00,5.00,4.00,3310.00,8400.00,2.00,0.00,0.00,3.00,10.00,3310.00,0.00,2000.00,0.00,98033.00,47.69,-122.21,3430.00,8400.00
8819901030.00,20141118T000000,810000.00,3.00,2.00,2390.00,8025.00,2.00,0.00,0.00,5.00,7.00,2390.00,0.00,1921.00,0.00,98105.00,47.67,-122.29,1920.00,5350.00
2623069067.00,20150305T000000,605000.00,3.00,2.50,2460.00,138085.00,2.00,0.00,0.00,4.00,9.00,2460.00,0.00,1977.00,0.00,98027.00,47.46,-122.01,2090.00,219542.00
8635700025.00,20140725T000000,522000.00,3.00,1.75,1630.00,15600.00,1.00,0.00,0.00,3.00,7.00,1630.00,0.00,1958.00,0.00,98033.00,47.68,-122.17,1830.00,10850.00
98020300.00,20150203T000000,759000.00,5.00,2.75,3490.00,8230.00,2.00,0.00,0.00,3.00,10.00,3490.00,0.00,2005.00,0.00,98075.00,47.58,-121.97,3480.00,7331.00
7243500025.00,20140519T000000,411000.00,4.00,2.75,2500.00,5257.00,2.00,0.00,0.00,3.00,8.00,2500.00,0.00,1966.00,0.00,98118.00,47.53,-122.29,1660.00,5970.00
3329510850.00,20150306T000000,286950.00,4.00,2.50,2080.00,9846.00,1.00,0.00,0.00,3.00,7.00,1240.00,840.00,1984.00,0.00,98001.00,47.33,-122.27,1890.00,7977.00
9521100855.00,20140610T000000,440000.00,3.00,1.50,1290.00,1286.00,3.00,0.00,0.00,3.00,7.00,1290.00,0.00,2000.00,0.00,98103.00,47.66,-122.35,1720.00,1286.00
723049156.00,20140523T000000,149000.00,3.00,1.00,1700.00,8645.00,1.00,0.00,0.00,3.00,6.00,1700.00,0.00,1955.00,0.00,98146.00,47.49,-122.34,1500.00,7980.00
723049156.00,20141112T000000,284700.00,3.00,1.00,1700.00,8645.00,1.00,0.00,0.00,3.00,6.00,1700.00,0.00,1955.00,0.00,98146.00,47.49,-122.34,1500.00,7980.00
5130000090.00,20140909T000000,374950.00,3.00,2.50,2540.00,11562.00,1.00,0.00,1.00,3.00,8.00,1290.00,1250.00,1964.00,0.00,98028.00,47.76,-122.23,2230.00,10310.00
8562400025.00,20140916T000000,816000.00,3.00,1.50,1180.00,8545.00,1.00,0.00,0.00,3.00,8.00,1180.00,0.00,1952.00,0.00,98004.00,47.62,-122.20,1660.00,9000.00
5706201140.00,20141121T000000,533250.00,4.00,1.75,1520.00,15398.00,1.00,0.00,0.00,4.00,7.00,1370.00,150.00,1960.00,0.00,98027.00,47.53,-122.05,1840.00,12500.00
3034200198.00,20140603T000000,689800.00,3.00,2.75,2390.00,9313.00,1.00,0.00,0.00,5.00,8.00,1390.00,1000.00,1942.00,0.00,98133.00,47.72,-122.33,2390.00,12712.00
4077800017.00,20140813T000000,775000.00,4.00,2.75,2740.00,6200.00,1.50,0.00,3.00,4.00,8.00,1820.00,920.00,1947.00,0.00,98125.00,47.71,-122.28,2430.00,6000.00
1245500099.00,20150506T000000,702000.00,3.00,2.50,2190.00,8528.00,1.00,0.00,0.00,3.00,8.00,1760.00,430.00,1991.00,0.00,98033.00,47.69,-122.21,2060.00,9811.00
4435000705.00,20140708T000000,160000.00,3.00,1.00,1350.00,8700.00,1.50,0.00,0.00,3.00,6.00,1350.00,0.00,1942.00,0.00,98188.00,47.45,-122.29,1300.00,8700.00
4435000705.00,20150309T000000,255500.00,3.00,1.00,1350.00,8700.00,1.50,0.00,0.00,3.00,6.00,1350.00,0.00,1942.00,0.00,98188.00,47.45,-122.29,1300.00,8700.00
2225059118.00,20141202T000000,949000.00,4.00,2.75,2980.00,42253.00,1.00,0.00,0.00,4.00,9.00,1860.00,1120.00,1973.00,0.00,98005.00,47.64,-122.16,2980.00,42253.00
5126900405.00,20140731T000000,169500.00,2.00,1.00,790.00,7450.00,1.00,0.00,0.00,4.00,6.00,790.00,0.00,1944.00,0.00,98058.00,47.47,-122.17,800.00,7450.00
5603800110.00,20140915T000000,586000.00,4.00,2.25,2130.00,9000.00,2.00,0.00,0.00,4.00,8.00,2130.00,0.00,1965.00,0.00,98006.00,47.57,-122.16,2110.00,10431.00
2426059076.00,20150203T000000,680000.00,4.00,2.50,2700.00,37431.00,1.00,0.00,0.00,4.00,8.00,1600.00,1100.00,1978.00,0.00,98072.00,47.73,-122.12,2290.00,37431.00
3260200110.00,20141208T000000,851500.00,3.00,2.00,3200.00,18184.00,1.00,0.00,0.00,5.00,8.00,2000.00,1200.00,1977.00,0.00,98005.00,47.60,-122.17,1670.00,7416.00
4235401055.00,20140514T000000,582500.00,2.00,1.50,1159.00,4800.00,1.00,0.00,0.00,3.00,7.00,1159.00,0.00,1948.00,0.00,98199.00,47.66,-122.40,1640.00,4800.00
1550000463.00,20140826T000000,637000.00,4.00,3.50,3080.00,118918.00,2.00,0.00,0.00,3.00,9.00,3080.00,0.00,2008.00,0.00,98019.00,47.77,-121.92,1830.00,434728.00
1823049144.00,20150128T000000,225000.00,3.00,1.00,1000.00,9295.00,1.00,0.00,0.00,3.00,7.00,1000.00,0.00,1955.00,0.00,98146.00,47.48,-122.35,1320.00,13500.00
7012200215.00,20141231T000000,795000.00,3.00,3.25,2260.00,3727.00,2.00,0.00,0.00,3.00,8.00,1880.00,380.00,2003.00,0.00,98119.00,47.64,-122.36,1600.00,4800.00
5149300100.00,20140818T000000,304999.00,4.00,2.25,2270.00,9600.00,1.00,0.00,0.00,3.00,7.00,1290.00,980.00,1976.00,0.00,98023.00,47.33,-122.36,1930.00,15000.00
7335400215.00,20150505T000000,95000.00,1.00,0.75,760.00,5746.00,1.00,0.00,0.00,4.00,5.00,760.00,0.00,1915.00,0.00,98002.00,47.30,-122.22,970.00,6696.00
7227501450.00,20141016T000000,240000.00,4.00,1.75,1420.00,5382.00,1.00,0.00,0.00,5.00,5.00,1040.00,380.00,1942.00,0.00,98056.00,47.49,-122.19,1150.00,5382.00
8146300025.00,20140813T000000,772000.00,4.00,2.50,2500.00,8680.00,1.00,0.00,0.00,4.00,7.00,1250.00,1250.00,1958.00,0.00,98004.00,47.61,-122.19,2140.00,8680.00
3530540090.00,20141113T000000,245000.00,2.00,1.50,1450.00,6258.00,1.00,0.00,0.00,4.00,8.00,1450.00,0.00,1983.00,0.00,98198.00,47.38,-122.32,1460.00,5375.00
9284802215.00,20141205T000000,430000.00,5.00,3.00,2500.00,5750.00,1.00,0.00,0.00,3.00,8.00,1430.00,1070.00,1999.00,0.00,98126.00,47.55,-122.37,1980.00,7130.00
1250202430.00,20140611T000000,799000.00,3.00,1.50,2210.00,6300.00,1.50,0.00,0.00,5.00,8.00,2210.00,0.00,1916.00,0.00,98144.00,47.59,-122.29,2700.00,6300.00
1241900028.00,20150417T000000,880000.00,5.00,2.75,3020.00,9187.00,2.00,0.00,0.00,3.00,9.00,3020.00,0.00,2007.00,0.00,98033.00,47.68,-122.17,2250.00,9675.00
8691400600.00,20141208T000000,750000.00,4.00,2.50,3290.00,7538.00,2.00,0.00,0.00,3.00,9.00,3290.00,0.00,2004.00,0.00,98075.00,47.60,-121.97,3450.00,7538.00
1118000301.00,20141219T000000,2890000.00,4.00,4.00,5780.00,7173.00,2.00,0.00,0.00,3.00,11.00,4130.00,1650.00,2008.00,0.00,98112.00,47.64,-122.29,3930.00,7994.00
3905081500.00,20140604T000000,532000.00,3.00,2.50,1820.00,4910.00,2.00,0.00,0.00,3.00,8.00,1820.00,0.00,1993.00,0.00,98029.00,47.57,-122.00,2090.00,6668.00
5611000090.00,20140805T000000,525000.00,4.00,2.75,2500.00,10330.00,1.00,0.00,0.00,4.00,8.00,1380.00,1120.00,1978.00,0.00,98155.00,47.77,-122.29,2270.00,10430.00
2013800705.00,20141117T000000,239000.00,2.00,1.00,1210.00,9375.00,1.00,0.00,1.00,4.00,7.00,1210.00,0.00,1952.00,0.00,98198.00,47.39,-122.32,1680.00,8400.00
9276200850.00,20140616T000000,460000.00,2.00,1.50,1090.00,4000.00,1.00,0.00,0.00,3.00,8.00,970.00,120.00,1951.00,0.00,98116.00,47.58,-122.39,1700.00,4000.00
2785000110.00,20140605T000000,540000.00,4.00,2.25,1330.00,8400.00,1.50,0.00,0.00,3.00,8.00,1330.00,0.00,1962.00,0.00,98005.00,47.61,-122.17,2270.00,10146.00
2919702655.00,20140606T000000,475000.00,2.00,1.00,890.00,4590.00,1.00,0.00,0.00,3.00,7.00,890.00,0.00,1923.00,0.00,98117.00,47.69,-122.36,1310.00,4590.00
3942900115.00,20150421T000000,445000.00,3.00,1.75,1360.00,4998.00,1.00,0.00,0.00,3.00,8.00,1360.00,0.00,1968.00,2014.00,98108.00,47.55,-122.30,1350.00,4998.00
5452301810.00,20140905T000000,1575000.00,5.00,3.75,4220.00,9240.00,2.00,0.00,2.00,5.00,11.00,3420.00,800.00,1991.00,0.00,98040.00,47.59,-122.23,3380.00,9240.00
5104511730.00,20150409T000000,549950.00,4.00,2.50,3780.00,6800.00,2.00,0.00,0.00,3.00,8.00,3780.00,0.00,2004.00,0.00,98038.00,47.35,-122.01,3640.00,7326.00
3923400123.00,20141017T000000,294950.00,4.00,2.00,2610.00,14321.00,1.50,0.00,0.00,4.00,6.00,1690.00,920.00,1940.00,0.00,98188.00,47.47,-122.30,1630.00,8599.00
2249500367.00,20141021T000000,736000.00,3.00,2.50,1980.00,2975.00,3.00,0.00,2.00,3.00,8.00,1980.00,0.00,1993.00,0.00,98109.00,47.63,-122.34,1980.00,3144.00
2916600110.00,20150430T000000,214946.00,3.00,1.75,1290.00,8688.00,1.00,0.00,0.00,4.00,7.00,1290.00,0.00,1980.00,0.00,98042.00,47.37,-122.08,1750.00,9090.00
3629921140.00,20141030T000000,856000.00,5.00,3.25,3620.00,5500.00,2.00,0.00,2.00,3.00,9.00,3620.00,0.00,2003.00,0.00,98029.00,47.54,-122.00,3260.00,5500.00
8682250090.00,20140504T000000,775000.00,2.00,2.50,2680.00,7392.00,1.00,0.00,0.00,3.00,9.00,2680.00,0.00,2004.00,0.00,98053.00,47.72,-122.03,2315.00,7045.00
6929602605.00,20150203T000000,205000.00,3.00,1.75,1200.00,8631.00,1.00,0.00,0.00,3.00,7.00,1200.00,0.00,1959.00,0.00,98198.00,47.39,-122.31,1564.00,8115.00
8550001515.00,20141001T000000,429592.00,2.00,2.75,1992.00,10946.00,1.50,1.00,4.00,5.00,6.00,1288.00,704.00,1903.00,0.00,98070.00,47.36,-122.48,1110.00,8328.00
1775800740.00,20150206T000000,414250.00,4.00,1.75,1640.00,13566.00,1.00,0.00,0.00,4.00,7.00,1120.00,520.00,1977.00,0.00,98072.00,47.74,-122.10,1470.00,13530.00
1773101340.00,20150202T000000,399950.00,4.00,2.75,1920.00,4400.00,1.00,0.00,0.00,4.00,6.00,960.00,960.00,1906.00,0.00,98106.00,47.55,-122.37,1040.00,4400.00
5561710110.00,20141014T000000,319990.00,3.00,2.25,1840.00,7326.00,1.00,0.00,0.00,5.00,7.00,1370.00,470.00,1979.00,0.00,98031.00,47.40,-122.17,2050.00,7475.00
1115800110.00,20150109T000000,524000.00,3.00,1.50,1310.00,9471.00,1.00,0.00,0.00,4.00,8.00,1310.00,0.00,1970.00,0.00,98052.00,47.66,-122.15,2100.00,9449.00
2131701240.00,20150108T000000,349950.00,2.00,1.00,1050.00,6317.00,1.50,0.00,0.00,4.00,7.00,1050.00,0.00,1913.00,0.00,98019.00,47.74,-121.98,1600.00,9616.00
8827901450.00,20141031T000000,889000.00,4.00,2.50,2570.00,4480.00,1.50,0.00,0.00,4.00,8.00,1580.00,990.00,1927.00,0.00,98105.00,47.67,-122.29,2070.00,4480.00
4302200336.00,20140707T000000,300000.00,3.00,1.00,930.00,5160.00,1.50,0.00,0.00,5.00,6.00,930.00,0.00,1919.00,0.00,98106.00,47.53,-122.36,1060.00,5160.00
7550800916.00,20140602T000000,395000.00,1.00,1.00,730.00,3000.00,1.00,0.00,0.00,3.00,7.00,730.00,0.00,1911.00,0.00,98107.00,47.67,-122.40,1520.00,5000.00
534000112.00,20150203T000000,348000.00,2.00,2.50,1270.00,1242.00,3.00,0.00,0.00,3.00,7.00,1270.00,0.00,2008.00,0.00,98117.00,47.70,-122.36,1280.00,1199.00
3885801450.00,20150226T000000,830000.00,2.00,1.00,1150.00,6000.00,1.00,0.00,1.00,4.00,7.00,710.00,440.00,1921.00,0.00,98033.00,47.68,-122.21,2450.00,7200.00
522059013.00,20140612T000000,173000.00,2.00,1.00,820.00,10450.00,1.00,0.00,0.00,4.00,7.00,820.00,0.00,1965.00,0.00,98055.00,47.43,-122.20,1240.00,11200.00
3342700405.00,20140522T000000,585000.00,4.00,1.75,3000.00,42200.00,1.00,0.00,3.00,3.00,7.00,1500.00,1500.00,1950.00,0.00,98056.00,47.53,-122.20,2500.00,9821.00
9276201140.00,20150213T000000,576750.00,3.00,2.00,2220.00,5000.00,1.00,0.00,0.00,4.00,7.00,1110.00,1110.00,1966.00,0.00,98116.00,47.58,-122.39,1450.00,5000.00
7972601280.00,20150504T000000,495000.00,5.00,3.25,2500.00,7620.00,1.00,0.00,3.00,3.00,7.00,1250.00,1250.00,1962.00,0.00,98106.00,47.53,-122.34,2020.00,7620.00
2734100734.00,20141015T000000,216650.00,3.00,3.50,1540.00,1427.00,2.00,0.00,0.00,3.00,7.00,1360.00,180.00,2007.00,0.00,98109.00,47.54,-122.32,1220.00,4000.00
4022900077.00,20150413T000000,615000.00,4.00,2.75,2750.00,15450.00,1.00,0.00,0.00,3.00,8.00,1800.00,950.00,1978.00,0.00,98155.00,47.77,-122.28,2750.00,10620.00
1777600490.00,20141024T000000,675000.00,4.00,2.50,3130.00,12463.00,1.00,0.00,0.00,4.00,8.00,1620.00,1510.00,1978.00,0.00,98006.00,47.57,-122.13,2740.00,11779.00
2193310300.00,20150401T000000,510000.00,3.00,2.00,1430.00,9250.00,1.00,0.00,0.00,4.00,8.00,990.00,440.00,1983.00,0.00,98052.00,47.70,-122.10,1830.00,8003.00
2322069168.00,20140507T000000,630000.00,3.00,2.50,2680.00,327135.00,2.00,0.00,0.00,3.00,8.00,2680.00,0.00,1995.00,0.00,98010.00,47.38,-122.00,2020.00,60080.00
7885800900.00,20140801T000000,359950.00,4.00,2.50,3010.00,5701.00,2.00,0.00,0.00,3.00,8.00,3010.00,0.00,2003.00,0.00,98042.00,47.35,-122.15,3010.00,5772.00
1545800090.00,20141003T000000,265000.00,3.00,1.50,1530.00,7500.00,1.50,0.00,0.00,3.00,7.00,1530.00,0.00,1986.00,0.00,98038.00,47.36,-122.06,2080.00,11250.00
7131300025.00,20140521T000000,210000.00,3.00,1.00,1240.00,4842.00,1.00,0.00,0.00,4.00,6.00,1240.00,0.00,1916.00,0.00,98118.00,47.52,-122.27,1540.00,5110.00
3221079055.00,20150325T000000,367000.00,3.00,2.50,2260.00,93218.00,1.00,0.00,2.00,4.00,6.00,2260.00,0.00,1998.00,0.00,98022.00,47.26,-121.94,2180.00,111078.00
9184700535.00,20150413T000000,1075000.00,4.00,2.25,2820.00,5000.00,1.50,0.00,2.00,4.00,9.00,1800.00,1020.00,1926.00,0.00,98122.00,47.61,-122.29,2880.00,6000.00
1877500090.00,20150211T000000,756000.00,3.00,2.50,3560.00,8297.00,1.00,0.00,2.00,4.00,8.00,1650.00,1910.00,1948.00,0.00,98199.00,47.65,-122.41,2760.00,8297.00
723049476.00,20140724T000000,203000.00,3.00,2.25,1630.00,9145.00,1.00,0.00,0.00,3.00,7.00,1630.00,0.00,1960.00,0.00,98146.00,47.50,-122.35,1630.00,9206.00
8556800100.00,20150121T000000,535000.00,4.00,2.50,2880.00,23994.00,2.00,0.00,3.00,3.00,9.00,2880.00,0.00,2002.00,0.00,98022.00,47.21,-122.01,2470.00,17009.00
9830200475.00,20150323T000000,525000.00,3.00,3.25,2200.00,7440.00,2.00,0.00,0.00,4.00,7.00,1710.00,490.00,1947.00,0.00,98118.00,47.54,-122.27,1260.00,6765.00
2525000690.00,20150309T000000,347500.00,3.00,1.75,1620.00,7500.00,1.00,0.00,0.00,3.00,7.00,1220.00,400.00,1981.00,0.00,98059.00,47.48,-122.16,1470.00,7938.00
1891100090.00,20140505T000000,620000.00,3.00,1.75,1480.00,2185.00,2.50,0.00,0.00,3.00,9.00,1480.00,0.00,2005.00,0.00,98034.00,47.69,-122.17,1480.00,2441.00
3447000100.00,20150422T000000,645000.00,4.00,2.50,2250.00,10696.00,2.00,0.00,0.00,3.00,8.00,2250.00,0.00,1996.00,0.00,98006.00,47.57,-122.13,2340.00,13286.00
1118001295.00,20141203T000000,2200000.00,4.00,3.00,3540.00,11098.00,2.00,0.00,0.00,3.00,10.00,3000.00,540.00,1940.00,0.00,98112.00,47.63,-122.29,3430.00,8214.00
7968460110.00,20140619T000000,280000.00,3.00,2.00,1790.00,42399.00,1.00,0.00,0.00,4.00,7.00,1790.00,0.00,1990.00,0.00,98092.00,47.31,-122.13,1330.00,40015.00
5101406489.00,20150501T000000,432000.00,3.00,2.00,1400.00,6380.00,1.00,0.00,0.00,4.00,7.00,700.00,700.00,1924.00,0.00,98125.00,47.70,-122.32,1690.00,5800.00
9275702350.00,20141222T000000,790000.00,3.00,1.50,2390.00,4452.00,2.00,0.00,1.00,3.00,9.00,1790.00,600.00,1929.00,0.00,98126.00,47.58,-122.38,2610.00,5000.00
7752000090.00,20150113T000000,635000.00,4.00,1.75,2400.00,10050.00,1.00,0.00,0.00,5.00,8.00,2400.00,0.00,1957.00,0.00,98008.00,47.63,-122.12,1680.00,10050.00
293000165.00,20140819T000000,442000.00,3.00,1.50,2050.00,6384.00,1.00,0.00,0.00,3.00,7.00,1350.00,700.00,1958.00,0.00,98126.00,47.53,-122.38,1590.00,7214.00
7852100110.00,20150422T000000,490000.00,4.00,3.00,2640.00,5267.00,2.00,0.00,0.00,3.00,7.00,2640.00,0.00,2001.00,0.00,98065.00,47.53,-121.88,2640.00,5670.00
1311000600.00,20140925T000000,250000.00,5.00,1.75,2320.00,7700.00,1.00,0.00,0.00,5.00,7.00,1290.00,1030.00,1962.00,0.00,98001.00,47.34,-122.29,1740.00,7210.00
1732800820.00,20140619T000000,1325000.00,4.00,2.50,2440.00,3600.00,2.50,0.00,0.00,4.00,8.00,2440.00,0.00,1902.00,0.00,98119.00,47.63,-122.36,2440.00,5440.00
7893203565.00,20141027T000000,120000.00,3.00,1.00,1260.00,7500.00,1.00,0.00,0.00,3.00,6.00,1260.00,0.00,1954.00,0.00,98198.00,47.42,-122.33,1260.00,7500.00
2524049166.00,20140918T000000,2950000.00,5.00,4.75,6240.00,47480.00,1.00,0.00,3.00,3.00,11.00,4610.00,1630.00,2003.00,0.00,98040.00,47.53,-122.23,4170.00,17668.00
9406550100.00,20140923T000000,325000.00,4.00,2.50,1930.00,8458.00,2.00,0.00,0.00,3.00,7.00,1930.00,0.00,1993.00,0.00,98038.00,47.36,-122.04,1670.00,9485.00
3327000090.00,20140612T000000,210000.00,4.00,1.75,1200.00,7680.00,1.00,0.00,0.00,3.00,7.00,1200.00,0.00,1968.00,0.00,98092.00,47.31,-122.19,1490.00,7800.00
1220000100.00,20150504T000000,215000.00,1.00,1.00,970.00,7639.00,1.00,0.00,0.00,4.00,5.00,570.00,400.00,1920.00,0.00,98166.00,47.47,-122.35,1360.00,7380.00
1066600025.00,20141029T000000,387000.00,3.00,1.75,1810.00,10800.00,1.00,0.00,0.00,5.00,8.00,1210.00,600.00,1968.00,0.00,98056.00,47.52,-122.18,1800.00,10800.00
3626039228.00,20140918T000000,408000.00,3.00,1.00,1380.00,7015.00,1.50,0.00,0.00,4.00,7.00,1380.00,0.00,1925.00,0.00,98117.00,47.70,-122.36,1160.00,6700.00
7635801032.00,20140710T000000,410000.00,3.00,1.00,1470.00,6500.00,1.00,0.00,0.00,4.00,7.00,1470.00,0.00,1953.00,0.00,98166.00,47.47,-122.36,1470.00,9300.00
4364700600.00,20141216T000000,216000.00,3.00,1.00,1010.00,7920.00,1.00,0.00,0.00,3.00,6.00,1010.00,0.00,1925.00,0.00,98126.00,47.52,-122.37,1520.00,7560.00
4364700600.00,20150330T000000,390000.00,3.00,1.00,1010.00,7920.00,1.00,0.00,0.00,3.00,6.00,1010.00,0.00,1925.00,0.00,98126.00,47.52,-122.37,1520.00,7560.00
7774200236.00,20141211T000000,357000.00,3.00,1.50,1340.00,11744.00,1.00,0.00,0.00,2.00,7.00,1340.00,0.00,1950.00,0.00,98146.00,47.49,-122.36,2020.00,13673.00
8025700590.00,20140519T000000,215000.00,3.00,1.00,970.00,7275.00,1.00,0.00,0.00,4.00,7.00,970.00,0.00,1970.00,0.00,98031.00,47.40,-122.19,1750.00,7200.00
7129302095.00,20150213T000000,265000.00,3.00,1.00,1122.00,6554.00,1.50,0.00,0.00,3.00,5.00,1122.00,0.00,1900.00,0.00,98118.00,47.51,-122.26,1610.00,5650.00
2997800076.00,20141209T000000,589950.00,3.00,2.75,1670.00,1350.00,3.00,0.00,0.00,3.00,9.00,1350.00,320.00,2014.00,0.00,98116.00,47.58,-122.41,1520.00,4800.00
7740100015.00,20150206T000000,440000.00,3.00,1.75,2840.00,16851.00,1.00,0.00,3.00,3.00,8.00,1600.00,1240.00,1950.00,0.00,98155.00,47.75,-122.29,2650.00,11063.00
5279100625.00,20150429T000000,248000.00,2.00,1.00,770.00,8600.00,1.00,0.00,0.00,4.00,4.00,770.00,0.00,1914.00,0.00,98027.00,47.53,-122.03,1420.00,6960.00
1126059144.00,20140911T000000,730000.00,3.00,2.25,2040.00,130680.00,2.00,0.00,0.00,3.00,9.00,2040.00,0.00,1977.00,0.00,98072.00,47.76,-122.14,3080.00,39630.00
5409800110.00,20150119T000000,425000.00,4.00,2.50,3052.00,12145.00,2.00,0.00,0.00,3.00,8.00,3052.00,0.00,2004.00,0.00,98003.00,47.26,-122.30,2767.00,8604.00
7963900100.00,20140912T000000,680000.00,3.00,2.50,2620.00,14248.00,2.00,0.00,0.00,4.00,8.00,1830.00,790.00,1977.00,0.00,98004.00,47.63,-122.19,2620.00,12343.00
9264910100.00,20150218T000000,341500.00,5.00,2.25,3120.00,10400.00,2.00,0.00,0.00,3.00,8.00,3120.00,0.00,1980.00,0.00,98023.00,47.31,-122.34,2160.00,8267.00
8819900449.00,20150508T000000,395000.00,2.00,1.00,1100.00,3975.00,1.00,0.00,0.00,3.00,7.00,900.00,200.00,1950.00,0.00,98105.00,47.67,-122.29,1110.00,4280.00
1525059160.00,20140731T000000,1225000.00,4.00,2.75,3410.00,95396.00,1.50,0.00,0.00,4.00,10.00,3410.00,0.00,1962.00,0.00,98005.00,47.65,-122.16,3721.00,35352.00
7526800100.00,20140708T000000,695500.00,5.00,2.75,2510.00,9180.00,1.00,0.00,1.00,4.00,8.00,1600.00,910.00,1975.00,0.00,98052.00,47.64,-122.10,2650.00,9780.00
6385100100.00,20141002T000000,308000.00,3.00,1.75,1680.00,8629.00,1.00,0.00,0.00,3.00,8.00,1200.00,480.00,1977.00,0.00,98198.00,47.37,-122.32,1990.00,8400.00
2085200261.00,20150218T000000,422500.00,3.00,2.00,1960.00,6450.00,1.00,0.00,0.00,4.00,7.00,1000.00,960.00,1977.00,0.00,98038.00,47.40,-122.03,1660.00,20720.00
3522900061.00,20150421T000000,418000.00,2.00,1.00,1040.00,6900.00,1.00,0.00,0.00,4.00,7.00,1040.00,0.00,1915.00,0.00,98136.00,47.54,-122.39,1620.00,6280.00
2570500090.00,20141007T000000,385000.00,5.00,1.50,1750.00,9780.00,1.50,0.00,0.00,4.00,7.00,1750.00,0.00,1961.00,0.00,98028.00,47.78,-122.24,1750.00,10295.00
5482700100.00,20140512T000000,876650.00,3.00,3.25,2170.00,12508.00,1.50,0.00,0.00,5.00,9.00,1650.00,520.00,1928.00,1970.00,98040.00,47.57,-122.23,2720.00,21070.00
567000268.00,20140821T000000,450000.00,3.00,2.50,1639.00,2710.00,2.00,0.00,0.00,3.00,8.00,1479.00,160.00,2003.00,0.00,98144.00,47.59,-122.29,1580.00,1733.00
3649100315.00,20140625T000000,418800.00,4.00,2.25,2100.00,9984.00,1.00,0.00,0.00,4.00,7.00,1290.00,810.00,1973.00,0.00,98028.00,47.74,-122.24,1930.00,10511.00
6821102352.00,20141008T000000,330000.00,2.00,1.00,880.00,1753.00,2.00,0.00,0.00,4.00,7.00,880.00,0.00,1945.00,0.00,98199.00,47.65,-122.40,1010.00,1748.00
6072300110.00,20150416T000000,550000.00,3.00,1.75,1940.00,8376.00,1.00,0.00,0.00,4.00,8.00,1290.00,650.00,1963.00,0.00,98006.00,47.56,-122.17,2400.00,8674.00
3223049131.00,20141030T000000,270000.00,4.00,2.50,2490.00,11650.00,1.00,0.00,0.00,3.00,7.00,1390.00,1100.00,1990.00,0.00,98148.00,47.44,-122.33,2010.00,10495.00
1068000110.00,20150429T000000,978500.00,3.00,2.25,2060.00,7080.00,2.00,0.00,0.00,3.00,9.00,1800.00,260.00,1940.00,0.00,98199.00,47.65,-122.41,3070.00,7500.00
2600020100.00,20140930T000000,975000.00,4.00,2.50,2720.00,10455.00,2.00,0.00,2.00,3.00,10.00,2500.00,220.00,1981.00,0.00,98006.00,47.56,-122.16,3240.00,12348.00
5422500110.00,20140725T000000,455000.00,3.00,2.25,2180.00,6850.00,1.00,0.00,0.00,3.00,7.00,1750.00,430.00,1973.00,0.00,98034.00,47.72,-122.22,1740.00,7016.00
4055700378.00,20141009T000000,1415000.00,4.00,3.25,3600.00,38016.00,2.00,0.00,2.00,3.00,11.00,3310.00,290.00,1991.00,0.00,98034.00,47.71,-122.25,2440.00,22693.00
795000820.00,20150406T000000,220000.00,2.00,1.00,840.00,9000.00,1.00,0.00,0.00,5.00,6.00,840.00,0.00,1951.00,0.00,98168.00,47.50,-122.33,1350.00,10400.00
925059113.00,20140813T000000,490000.00,3.00,2.00,2370.00,12196.00,2.00,0.00,0.00,4.00,7.00,2370.00,0.00,1970.00,0.00,98033.00,47.67,-122.18,1380.00,12196.00
3275000090.00,20150421T000000,420000.00,4.00,2.25,2270.00,9100.00,2.00,0.00,0.00,3.00,7.00,2270.00,0.00,1978.00,0.00,98034.00,47.72,-122.17,1710.00,7910.00
8946700100.00,20141208T000000,408500.00,4.00,2.50,2720.00,7043.00,2.00,0.00,0.00,3.00,9.00,2720.00,0.00,2003.00,0.00,98092.00,47.33,-122.17,2640.00,6958.00
809002485.00,20150327T000000,716000.00,3.00,1.50,1140.00,4800.00,1.50,0.00,0.00,3.00,7.00,1140.00,0.00,1915.00,0.00,98109.00,47.64,-122.35,1260.00,4800.00
5332200405.00,20140602T000000,965000.00,4.00,2.50,2460.00,5000.00,2.00,0.00,0.00,5.00,8.00,1620.00,840.00,1938.00,0.00,98112.00,47.63,-122.29,2320.00,5000.00
1775950100.00,20150113T000000,357823.00,3.00,1.50,1240.00,9196.00,1.00,0.00,0.00,3.00,8.00,1240.00,0.00,1968.00,0.00,98072.00,47.76,-122.09,1690.00,10800.00
9808700762.00,20140611T000000,7062500.00,5.00,4.50,10040.00,37325.00,2.00,1.00,2.00,3.00,11.00,7680.00,2360.00,1940.00,2001.00,98004.00,47.65,-122.21,3930.00,25449.00
1133000542.00,20140805T000000,425000.00,3.00,2.25,1670.00,9500.00,1.00,0.00,0.00,3.00,7.00,1170.00,500.00,1977.00,0.00,98125.00,47.73,-122.31,1470.00,9500.00
7905200315.00,20150416T000000,711777.00,4.00,1.75,2220.00,6731.00,1.00,0.00,0.00,4.00,7.00,1110.00,1110.00,1953.00,0.00,98116.00,47.57,-122.39,1600.00,6350.00
3949600090.00,20141201T000000,335000.00,3.00,1.00,980.00,9903.00,1.00,0.00,0.00,4.00,7.00,980.00,0.00,1966.00,0.00,98028.00,47.77,-122.24,1830.00,9903.00
9274201730.00,20140616T000000,825000.00,4.00,1.50,1890.00,6938.00,1.50,0.00,0.00,3.00,8.00,1890.00,0.00,1919.00,0.00,98116.00,47.59,-122.39,1700.00,6250.00
7883604065.00,20150501T000000,210000.00,2.00,1.00,1100.00,6000.00,1.50,0.00,0.00,4.00,6.00,1100.00,0.00,1900.00,0.00,98108.00,47.53,-122.32,1280.00,6000.00
1158700100.00,20140811T000000,575000.00,2.00,1.75,2770.00,19700.00,2.00,0.00,0.00,3.00,8.00,1780.00,990.00,1983.00,0.00,98177.00,47.76,-122.37,2360.00,9700.00
7237500110.00,20150404T000000,1208000.00,4.00,2.75,4250.00,10925.00,2.00,0.00,0.00,3.00,10.00,4250.00,0.00,2003.00,0.00,98059.00,47.53,-122.14,4650.00,11544.00
8682280490.00,20140801T000000,431500.00,2.00,2.00,1370.00,4866.00,1.00,0.00,0.00,3.00,8.00,1370.00,0.00,2005.00,0.00,98053.00,47.70,-122.01,1365.00,4784.00
224059111.00,20140903T000000,475000.00,3.00,1.50,1480.00,13457.00,1.00,0.00,0.00,3.00,7.00,1480.00,0.00,1959.00,0.00,98007.00,47.59,-122.14,2100.00,10517.00
4141800215.00,20141126T000000,1495000.00,4.00,3.75,3770.00,4000.00,2.50,0.00,0.00,5.00,9.00,2890.00,880.00,1916.00,0.00,98122.00,47.62,-122.29,2800.00,5000.00
1822069097.00,20141223T000000,540000.00,6.00,3.00,2870.00,206474.00,2.00,0.00,0.00,3.00,7.00,2330.00,540.00,1960.00,1985.00,98042.00,47.40,-122.10,2380.00,59677.00
1668500100.00,20141210T000000,775000.00,3.00,2.50,3820.00,35016.00,2.00,0.00,0.00,4.00,9.00,3820.00,0.00,1987.00,0.00,98053.00,47.65,-122.04,3010.00,35190.00
1254200615.00,20140716T000000,635000.00,3.00,2.50,1530.00,2978.00,1.00,0.00,0.00,3.00,7.00,1210.00,320.00,1997.00,0.00,98117.00,47.68,-122.39,1640.00,5100.00
7135520300.00,20150407T000000,1300000.00,3.00,2.75,4120.00,16365.00,1.00,0.00,2.00,3.00,12.00,4120.00,0.00,1999.00,0.00,98059.00,47.53,-122.15,4020.00,14110.00
1755700090.00,20140801T000000,405000.00,3.00,2.25,1590.00,7267.00,1.00,0.00,0.00,4.00,7.00,1100.00,490.00,1976.00,0.00,98133.00,47.75,-122.33,2060.00,8336.00
2414600195.00,20140721T000000,210000.00,3.00,1.00,1520.00,8600.00,1.00,0.00,0.00,3.00,6.00,1040.00,480.00,1951.00,0.00,98168.00,47.51,-122.34,1320.00,8600.00
3592500985.00,20150504T000000,880000.00,4.00,2.50,2350.00,4675.00,2.00,0.00,0.00,3.00,9.00,2150.00,200.00,1923.00,0.00,98112.00,47.63,-122.31,2240.00,3848.00
1003600056.00,20141024T000000,239000.00,4.00,2.00,1370.00,8837.00,1.50,0.00,0.00,3.00,7.00,1370.00,0.00,1955.00,0.00,98188.00,47.44,-122.29,1360.00,9000.00
9285800755.00,20140714T000000,515000.00,3.00,2.50,1540.00,6100.00,1.00,0.00,0.00,3.00,6.00,770.00,770.00,1944.00,2014.00,98126.00,47.57,-122.38,1710.00,5950.00
1269200229.00,20140723T000000,1379900.00,3.00,3.25,3786.00,38038.00,1.00,1.00,4.00,3.00,9.00,1934.00,1852.00,1978.00,2006.00,98070.00,47.39,-122.45,2850.00,33361.00
304100090.00,20140722T000000,215000.00,4.00,2.25,1500.00,5393.00,2.00,0.00,0.00,3.00,7.00,1500.00,0.00,1999.00,0.00,98001.00,47.34,-122.26,1500.00,5952.00
7227800110.00,20150409T000000,315000.00,6.00,2.00,1750.00,17685.00,1.00,0.00,0.00,4.00,5.00,1750.00,0.00,1943.00,0.00,98056.00,47.51,-122.18,1750.00,9209.00
7507500015.00,20140730T000000,442500.00,3.00,1.50,1800.00,8303.00,1.00,0.00,0.00,3.00,7.00,1200.00,600.00,1957.00,0.00,98133.00,47.77,-122.36,1800.00,8171.00
621069146.00,20140818T000000,311000.00,2.00,1.75,1180.00,55321.00,1.00,0.00,0.00,3.00,8.00,1180.00,0.00,1941.00,2004.00,98042.00,47.33,-122.09,1480.00,56192.00
263000164.00,20141217T000000,425000.00,2.00,1.00,830.00,6030.00,1.00,0.00,0.00,4.00,6.00,830.00,0.00,1925.00,0.00,98103.00,47.70,-122.35,1280.00,6030.00
263000291.00,20140904T000000,433500.00,3.00,1.75,1540.00,9450.00,1.00,0.00,0.00,4.00,6.00,1040.00,500.00,1919.00,0.00,98103.00,47.70,-122.35,1200.00,5400.00
1566100625.00,20140804T000000,450000.00,3.00,2.25,1610.00,8296.00,2.00,0.00,0.00,3.00,8.00,1610.00,0.00,1978.00,0.00,98115.00,47.70,-122.30,1610.00,8288.00
8861500015.00,20140520T000000,675000.00,3.00,2.25,1990.00,10260.00,2.00,0.00,0.00,4.00,8.00,1990.00,0.00,1987.00,0.00,98052.00,47.68,-122.12,1990.00,10260.00
8961990090.00,20140624T000000,535000.00,3.00,2.50,2070.00,4132.00,2.00,0.00,0.00,3.00,8.00,2070.00,0.00,1999.00,0.00,98074.00,47.60,-122.02,1530.00,5606.00
3584900090.00,20140613T000000,577000.00,3.00,1.75,1760.00,12874.00,1.00,0.00,0.00,4.00,7.00,1230.00,530.00,1967.00,0.00,98005.00,47.59,-122.17,1950.00,10240.00
8902000407.00,20141217T000000,480000.00,3.00,1.75,1740.00,8528.00,1.00,0.00,0.00,4.00,7.00,1290.00,450.00,1939.00,0.00,98125.00,47.71,-122.30,1610.00,8528.00
3026059014.00,20150112T000000,400000.00,3.00,1.50,1950.00,4473.00,1.00,0.00,0.00,4.00,6.00,1530.00,420.00,1914.00,0.00,98034.00,47.71,-122.23,2670.00,14256.00
7304300906.00,20140613T000000,304000.00,3.00,1.00,1280.00,8184.00,1.50,0.00,0.00,4.00,6.00,1280.00,0.00,1947.00,0.00,98155.00,47.75,-122.32,1120.00,8184.00
8155820110.00,20150325T000000,355000.00,3.00,1.75,1460.00,7203.00,1.00,0.00,0.00,3.00,7.00,1460.00,0.00,1990.00,0.00,98056.00,47.50,-122.19,1570.00,7203.00
722069232.00,20140905T000000,998000.00,4.00,3.25,3770.00,982998.00,2.00,0.00,0.00,3.00,10.00,3770.00,0.00,1992.00,0.00,98058.00,47.41,-122.09,2290.00,37141.00
1825069031.00,20140814T000000,550000.00,4.00,1.75,2410.00,8447.00,2.00,0.00,3.00,4.00,8.00,2060.00,350.00,1936.00,1980.00,98074.00,47.65,-122.09,2520.00,14789.00
1825069031.00,20141016T000000,550000.00,4.00,1.75,2410.00,8447.00,2.00,0.00,3.00,4.00,8.00,2060.00,350.00,1936.00,1980.00,98074.00,47.65,-122.09,2520.00,14789.00
3348401584.00,20140821T000000,210000.00,3.00,1.75,1400.00,7300.00,2.00,0.00,0.00,3.00,6.00,1400.00,0.00,1948.00,0.00,98178.00,47.50,-122.27,1440.00,10825.00
8029500100.00,20150226T000000,317000.00,3.00,2.50,2100.00,7587.00,2.00,0.00,0.00,3.00,9.00,2100.00,0.00,1990.00,0.00,98023.00,47.31,-122.39,2330.00,8119.00
7964410100.00,20150504T000000,700000.00,4.00,3.50,5360.00,25800.00,1.00,0.00,0.00,3.00,9.00,3270.00,2090.00,1971.00,0.00,98074.00,47.61,-122.05,2650.00,21781.00
1457500026.00,20140616T000000,265000.00,3.00,1.00,1000.00,9150.00,1.00,0.00,0.00,3.00,7.00,1000.00,0.00,1969.00,0.00,98059.00,47.48,-122.12,1490.00,10647.00
7215730590.00,20140902T000000,700000.00,4.00,3.50,3150.00,6175.00,2.00,0.00,0.00,3.00,9.00,3150.00,0.00,2001.00,0.00,98075.00,47.60,-122.02,3150.00,6986.00
7525530100.00,20140908T000000,1020000.00,5.00,3.50,4180.00,17841.00,2.00,0.00,2.00,3.00,10.00,3160.00,1020.00,1990.00,0.00,98075.00,47.56,-122.04,3260.00,12608.00
1925059194.00,20141209T000000,1145000.00,4.00,2.25,2840.00,20242.00,1.00,0.00,0.00,3.00,8.00,2240.00,600.00,1972.00,0.00,98004.00,47.64,-122.22,2840.00,20372.00
5561401110.00,20140627T000000,460000.00,4.00,2.50,2110.00,35091.00,1.00,0.00,0.00,4.00,8.00,1290.00,820.00,1985.00,0.00,98027.00,47.47,-122.01,2740.00,36427.00
7173700524.00,20140924T000000,410000.00,2.00,1.50,1660.00,4000.00,1.00,0.00,0.00,3.00,7.00,1000.00,660.00,1950.00,0.00,98115.00,47.68,-122.30,1570.00,5500.00
9828202215.00,20140905T000000,665000.00,4.00,3.00,2160.00,4400.00,1.00,0.00,0.00,5.00,7.00,1320.00,840.00,1921.00,0.00,98122.00,47.62,-122.29,1430.00,4400.00
4113800300.00,20150414T000000,600000.00,4.00,2.50,2420.00,7744.00,2.00,0.00,0.00,3.00,9.00,2420.00,0.00,1994.00,0.00,98056.00,47.53,-122.18,2820.00,11129.00
6145600855.00,20150504T000000,502000.00,4.00,1.75,1920.00,3844.00,1.00,0.00,0.00,3.00,7.00,1170.00,750.00,1967.00,0.00,98133.00,47.70,-122.35,1480.00,3844.00
2130702350.00,20140604T000000,364950.00,4.00,2.50,2310.00,8030.00,2.00,0.00,0.00,3.00,7.00,2310.00,0.00,1978.00,0.00,98019.00,47.74,-121.98,1780.00,8041.00
8815400735.00,20140529T000000,680000.00,3.00,2.25,2330.00,4000.00,1.50,0.00,2.00,5.00,7.00,1520.00,810.00,1927.00,0.00,98115.00,47.67,-122.29,1870.00,4000.00
5152600090.00,20140708T000000,235500.00,5.00,2.50,2340.00,13713.00,1.00,0.00,0.00,2.00,8.00,1670.00,670.00,1967.00,0.00,98003.00,47.33,-122.32,2080.00,11000.00
7852090750.00,20140721T000000,576000.00,4.00,2.50,2590.00,5756.00,2.00,0.00,0.00,3.00,8.00,2590.00,0.00,2001.00,0.00,98065.00,47.54,-121.88,2620.00,6109.00
2488200459.00,20140505T000000,405000.00,2.00,3.00,1410.00,1240.00,2.00,0.00,0.00,3.00,8.00,1140.00,270.00,2006.00,0.00,98136.00,47.52,-122.39,1410.00,1273.00
8035600590.00,20140716T000000,335000.00,3.00,2.75,2850.00,8039.00,1.00,0.00,0.00,4.00,8.00,1540.00,1310.00,1989.00,0.00,98031.00,47.41,-122.20,2240.00,7727.00
4438000165.00,20150420T000000,122000.00,2.00,1.00,730.00,6728.00,1.00,0.00,0.00,3.00,6.00,730.00,0.00,1953.00,0.00,98148.00,47.43,-122.32,1170.00,7034.00
6744700423.00,20140606T000000,432000.00,3.00,1.75,1470.00,6250.00,1.00,0.00,3.00,4.00,7.00,1070.00,400.00,1939.00,0.00,98155.00,47.74,-122.29,2630.00,7050.00
2473002100.00,20140827T000000,375000.00,4.00,2.25,2330.00,11400.00,1.00,0.00,0.00,4.00,8.00,2330.00,0.00,1974.00,0.00,98058.00,47.45,-122.15,2640.00,10200.00
4399200245.00,20140625T000000,276000.00,4.00,2.25,2460.00,11250.00,1.00,0.00,0.00,4.00,8.00,2460.00,0.00,1959.00,0.00,98002.00,47.32,-122.21,1630.00,10216.00
1326059085.00,20140721T000000,450000.00,3.00,2.25,2080.00,111513.00,1.50,0.00,0.00,3.00,8.00,1680.00,400.00,1977.00,0.00,98072.00,47.74,-122.11,2440.00,107157.00
6324000090.00,20150511T000000,210000.00,2.00,1.00,990.00,8140.00,1.00,0.00,0.00,1.00,6.00,990.00,0.00,1910.00,0.00,98116.00,47.58,-122.38,2150.00,5000.00
9542830600.00,20141121T000000,279000.00,3.00,2.50,1450.00,4106.00,2.00,0.00,0.00,3.00,7.00,1450.00,0.00,2011.00,0.00,98038.00,47.37,-122.02,2000.00,4000.00
2767604580.00,20150223T000000,635000.00,3.00,1.75,1340.00,3900.00,2.00,0.00,0.00,5.00,7.00,1340.00,0.00,1900.00,0.00,98107.00,47.67,-122.38,1470.00,1611.00
662310900.00,20150220T000000,350000.00,3.00,2.50,2730.00,7372.00,2.00,0.00,0.00,3.00,9.00,2730.00,0.00,1998.00,0.00,98023.00,47.28,-122.35,2710.00,8343.00
1432600100.00,20140924T000000,218000.00,3.00,1.00,1140.00,7560.00,1.00,0.00,0.00,4.00,6.00,1140.00,0.00,1958.00,0.00,98058.00,47.46,-122.19,1300.00,7560.00
8928100025.00,20150324T000000,750000.00,4.00,1.50,1950.00,6300.00,1.50,0.00,1.00,3.00,7.00,1650.00,300.00,1944.00,0.00,98115.00,47.68,-122.27,1760.00,6300.00
1221039058.00,20150213T000000,310597.00,4.00,1.75,2000.00,25700.00,1.00,0.00,0.00,4.00,7.00,1150.00,850.00,1958.00,0.00,98023.00,47.32,-122.36,2420.00,27500.00
3840700600.00,20150401T000000,355000.00,3.00,1.00,900.00,37800.00,1.00,0.00,0.00,4.00,5.00,700.00,200.00,1923.00,0.00,98034.00,47.71,-122.23,1750.00,11998.00
8691410100.00,20140527T000000,735000.00,5.00,2.75,3390.00,5211.00,2.00,0.00,0.00,3.00,9.00,3390.00,0.00,2004.00,0.00,98075.00,47.60,-121.98,3210.00,5211.00
7883607645.00,20140602T000000,155000.00,1.00,1.00,720.00,6000.00,1.00,0.00,0.00,3.00,6.00,720.00,0.00,1940.00,0.00,98108.00,47.53,-122.32,1040.00,6000.00
9435300051.00,20140611T000000,354000.00,3.00,1.00,940.00,10368.00,1.00,0.00,0.00,3.00,7.00,940.00,0.00,1965.00,0.00,98052.00,47.66,-122.13,2090.00,9620.00
6179900090.00,20150507T000000,415000.00,3.00,1.75,1770.00,10513.00,1.00,0.00,0.00,4.00,7.00,1400.00,370.00,1982.00,0.00,98028.00,47.77,-122.27,2070.00,9968.00
6840700165.00,20140701T000000,202000.00,1.00,1.00,590.00,833.00,1.00,0.00,0.00,4.00,7.00,590.00,0.00,1926.00,0.00,98122.00,47.61,-122.30,780.00,1617.00
2768301217.00,20150506T000000,580000.00,3.00,2.50,1980.00,1873.00,2.00,0.00,0.00,3.00,7.00,1470.00,510.00,1996.00,0.00,98107.00,47.67,-122.37,1500.00,1873.00
629000615.00,20141022T000000,1495000.00,4.00,3.25,3070.00,10375.00,2.00,0.00,0.00,3.00,10.00,2180.00,890.00,1962.00,2005.00,98004.00,47.59,-122.20,2500.00,11194.00
7202360600.00,20141008T000000,790000.00,4.00,2.50,3500.00,7519.00,2.00,0.00,0.00,3.00,9.00,3500.00,0.00,2004.00,0.00,98053.00,47.68,-122.02,3920.00,7982.00
7852020590.00,20150305T000000,499900.00,3.00,2.50,2100.00,5112.00,2.00,0.00,0.00,3.00,8.00,2100.00,0.00,1999.00,0.00,98065.00,47.53,-121.87,2100.00,4370.00
2023039160.00,20150423T000000,525000.00,4.00,2.25,2620.00,98881.00,1.00,0.00,0.00,3.00,7.00,1820.00,800.00,1952.00,0.00,98070.00,47.47,-122.45,1728.00,95832.00
2597520090.00,20140622T000000,810000.00,4.00,2.50,2810.00,10613.00,2.00,0.00,0.00,3.00,9.00,2810.00,0.00,1989.00,0.00,98006.00,47.54,-122.14,2800.00,9933.00
8631600025.00,20150220T000000,425000.00,4.00,1.50,2290.00,8773.00,1.00,0.00,0.00,4.00,7.00,1330.00,960.00,1947.00,0.00,98133.00,47.72,-122.33,1740.00,7058.00
8100000110.00,20141226T000000,241250.00,3.00,1.75,1350.00,7588.00,1.00,0.00,0.00,3.00,7.00,1350.00,0.00,1993.00,0.00,98010.00,47.31,-122.02,1470.00,7341.00
5151800015.00,20141112T000000,318700.00,4.00,2.50,2770.00,19116.00,1.00,0.00,0.00,4.00,8.00,1600.00,1170.00,1961.00,0.00,98003.00,47.34,-122.32,2730.00,18429.00
9521101055.00,20140827T000000,720000.00,4.00,1.75,2530.00,5000.00,1.50,0.00,2.00,5.00,8.00,2070.00,460.00,1917.00,0.00,98103.00,47.66,-122.35,1950.00,3600.00
2475901105.00,20140715T000000,291000.00,3.00,1.00,1280.00,10500.00,1.50,0.00,0.00,4.00,5.00,1280.00,0.00,1941.00,0.00,98024.00,47.57,-121.89,1410.00,10500.00
1726069202.00,20140718T000000,420000.00,3.00,1.75,1060.00,38644.00,1.00,0.00,0.00,3.00,7.00,1060.00,0.00,1983.00,0.00,98077.00,47.74,-122.07,1310.00,11416.00
3530450100.00,20140726T000000,210000.00,2.00,1.75,1000.00,3554.00,1.00,0.00,0.00,4.00,8.00,1000.00,0.00,1975.00,0.00,98198.00,47.38,-122.32,1150.00,4000.00
8941800100.00,20150427T000000,645000.00,3.00,3.25,3870.00,11000.00,2.00,0.00,2.00,3.00,9.00,2970.00,900.00,1991.00,0.00,98106.00,47.55,-122.35,2970.00,11000.00
809002215.00,20140519T000000,762000.00,5.00,2.00,3370.00,5000.00,1.50,0.00,0.00,4.00,7.00,2140.00,1230.00,1907.00,0.00,98109.00,47.64,-122.35,1920.00,3200.00
6209000165.00,20140724T000000,247500.00,4.00,1.75,2290.00,7765.00,1.00,0.00,0.00,3.00,6.00,2290.00,0.00,1936.00,1953.00,98146.00,47.50,-122.35,1240.00,8215.00
4178500100.00,20140723T000000,282500.00,3.00,2.25,1670.00,7150.00,2.00,0.00,0.00,4.00,7.00,1670.00,0.00,1990.00,0.00,98042.00,47.36,-122.09,1570.00,7040.00
1523069086.00,20140605T000000,395000.00,3.00,1.75,1460.00,22651.00,1.00,0.00,0.00,4.00,7.00,1460.00,0.00,1961.00,0.00,98027.00,47.49,-122.03,2030.00,49222.00
6121000090.00,20140616T000000,295000.00,3.00,1.75,1770.00,8235.00,1.00,0.00,0.00,3.00,7.00,1030.00,740.00,1960.00,0.00,98148.00,47.43,-122.33,1560.00,8918.00
3342100785.00,20140826T000000,235000.00,2.00,1.00,820.00,5100.00,1.00,0.00,0.00,4.00,6.00,820.00,0.00,1954.00,0.00,98056.00,47.52,-122.21,2270.00,5100.00
6012500100.00,20141001T000000,770000.00,3.00,1.75,1900.00,6334.00,1.00,0.00,2.00,3.00,8.00,1450.00,450.00,1948.00,0.00,98105.00,47.67,-122.28,1530.00,6334.00
8682291720.00,20140508T000000,559950.00,2.00,2.00,1870.00,4950.00,1.00,0.00,0.00,3.00,8.00,1870.00,0.00,2006.00,0.00,98053.00,47.72,-122.02,1670.00,4800.00
5041300100.00,20140710T000000,639000.00,4.00,2.00,1840.00,5419.00,1.00,0.00,0.00,4.00,7.00,920.00,920.00,1942.00,0.00,98199.00,47.65,-122.40,1800.00,5419.00
2473101140.00,20150428T000000,314950.00,3.00,1.00,1590.00,8470.00,1.00,0.00,0.00,4.00,7.00,1140.00,450.00,1967.00,0.00,98058.00,47.45,-122.16,1570.00,9375.00
8121100600.00,20150324T000000,525000.00,3.00,1.00,1640.00,6180.00,1.00,0.00,0.00,4.00,7.00,1640.00,0.00,1946.00,0.00,98118.00,47.57,-122.28,1540.00,6180.00
724069059.00,20140509T000000,2400000.00,3.00,2.25,3000.00,11665.00,1.50,1.00,4.00,3.00,11.00,3000.00,0.00,2001.00,0.00,98075.00,47.59,-122.09,3000.00,15959.00
2755200110.00,20140602T000000,820000.00,3.00,1.75,2160.00,6272.00,1.00,0.00,0.00,4.00,8.00,1390.00,770.00,1960.00,0.00,98115.00,47.68,-122.31,1290.00,5376.00
6169901130.00,20140911T000000,1385000.00,3.00,3.00,2490.00,3600.00,2.00,0.00,3.00,4.00,8.00,1790.00,700.00,1911.00,0.00,98119.00,47.63,-122.37,2490.00,3600.00
6385000025.00,20141017T000000,521450.00,3.00,2.00,1290.00,5700.00,1.00,0.00,0.00,5.00,7.00,1290.00,0.00,1950.00,0.00,98116.00,47.57,-122.40,1160.00,5700.00
509000090.00,20141006T000000,760750.00,3.00,2.50,3190.00,49137.00,2.00,0.00,0.00,3.00,9.00,3190.00,0.00,1988.00,0.00,98074.00,47.60,-122.04,3240.00,53143.00
622059031.00,20140604T000000,759600.00,4.00,1.00,1540.00,115434.00,1.50,0.00,0.00,4.00,7.00,1540.00,0.00,1923.00,0.00,98031.00,47.42,-122.22,2027.00,23522.00
5358300100.00,20140619T000000,346150.00,3.00,2.00,2140.00,7200.00,1.00,0.00,0.00,4.00,8.00,1480.00,660.00,1966.00,0.00,98056.00,47.51,-122.19,2070.00,7220.00
4459800100.00,20150422T000000,390000.00,2.00,1.00,980.00,3800.00,1.00,0.00,0.00,3.00,7.00,980.00,0.00,1926.00,0.00,98103.00,47.69,-122.34,1520.00,5010.00
2473371780.00,20140924T000000,359950.00,5.00,2.25,2450.00,9432.00,2.00,0.00,0.00,3.00,8.00,2450.00,0.00,1973.00,0.00,98058.00,47.45,-122.13,2310.00,9100.00
9393700110.00,20140603T000000,430000.00,3.00,2.00,1360.00,5120.00,1.50,0.00,0.00,4.00,6.00,910.00,450.00,1924.00,0.00,98116.00,47.56,-122.39,1440.00,5120.00
8691360490.00,20150424T000000,960000.00,4.00,3.50,4610.00,11676.00,2.00,0.00,0.00,3.00,10.00,4610.00,0.00,2000.00,0.00,98075.00,47.60,-121.98,3900.00,11164.00
9175600025.00,20141007T000000,800000.00,7.00,6.75,7480.00,41664.00,2.00,0.00,2.00,3.00,11.00,5080.00,2400.00,1953.00,0.00,98166.00,47.46,-122.37,2810.00,33190.00
7605800090.00,20150108T000000,1010000.00,3.00,2.50,2860.00,5805.00,2.00,0.00,0.00,3.00,9.00,2860.00,0.00,1999.00,0.00,98005.00,47.62,-122.16,2360.00,5832.00
7334500090.00,20150120T000000,290000.00,3.00,2.00,1810.00,11456.00,1.00,0.00,0.00,3.00,7.00,1810.00,0.00,1970.00,0.00,98045.00,47.46,-121.76,1360.00,12931.00
8964800930.00,20150317T000000,1350000.00,4.00,2.00,2240.00,10296.00,1.00,0.00,0.00,5.00,8.00,2240.00,0.00,1948.00,0.00,98004.00,47.62,-122.22,2500.00,10918.00
2260800110.00,20140513T000000,777000.00,3.00,3.25,3610.00,59677.00,2.00,0.00,0.00,3.00,10.00,2440.00,1170.00,2003.00,0.00,98027.00,47.55,-122.09,3130.00,65775.00
7550800945.00,20141007T000000,526000.00,2.00,1.00,1450.00,4500.00,1.50,0.00,0.00,4.00,7.00,1450.00,0.00,1921.00,0.00,98107.00,47.67,-122.40,1470.00,5000.00
1972205338.00,20150418T000000,550000.00,3.00,3.50,1450.00,1091.00,2.00,0.00,0.00,3.00,8.00,1200.00,250.00,2007.00,0.00,98119.00,47.65,-122.36,1490.00,3017.00
2946000590.00,20141223T000000,276000.00,3.00,1.50,1820.00,8750.00,1.00,0.00,0.00,4.00,7.00,1200.00,620.00,1958.00,0.00,98198.00,47.42,-122.32,1500.00,8000.00
5700003585.00,20141229T000000,2500000.00,5.00,3.25,5620.00,12672.00,2.00,0.00,0.00,4.00,11.00,4140.00,1480.00,1916.00,0.00,98144.00,47.58,-122.29,4470.00,8050.00
7129302235.00,20150122T000000,325000.00,3.00,1.75,2080.00,6554.00,1.00,0.00,0.00,3.00,7.00,1040.00,1040.00,1950.00,0.00,98118.00,47.51,-122.26,1230.00,5650.00
3278602490.00,20140926T000000,365000.00,3.00,2.50,1780.00,1754.00,3.00,0.00,0.00,3.00,8.00,1780.00,0.00,2007.00,0.00,98126.00,47.55,-122.37,1780.00,1607.00
685000115.00,20141007T000000,2150000.00,8.00,6.00,4340.00,9415.00,2.00,0.00,0.00,3.00,8.00,4340.00,0.00,1967.00,0.00,98004.00,47.63,-122.20,2050.00,9100.00
3423600025.00,20150305T000000,825050.00,4.00,3.25,2860.00,3680.00,2.00,0.00,0.00,3.00,9.00,1980.00,880.00,1925.00,1993.00,98115.00,47.68,-122.30,2010.00,3680.00
7173700518.00,20140721T000000,690000.00,3.00,1.50,2540.00,9520.00,1.00,0.00,0.00,3.00,8.00,1500.00,1040.00,1959.00,0.00,98115.00,47.68,-122.31,1870.00,6800.00
3277801450.00,20150415T000000,390000.00,4.00,1.00,1140.00,6250.00,1.50,0.00,0.00,3.00,6.00,1140.00,0.00,1958.00,0.00,98126.00,47.54,-122.38,1140.00,1370.00
1862400518.00,20150304T000000,385000.00,3.00,2.00,1320.00,1297.00,3.00,0.00,0.00,3.00,7.00,1320.00,0.00,1995.00,0.00,98117.00,47.70,-122.38,1380.00,1503.00
8078350090.00,20150331T000000,619000.00,3.00,2.50,2040.00,7503.00,2.00,0.00,0.00,3.00,8.00,2040.00,0.00,1987.00,0.00,98029.00,47.57,-122.02,2170.00,7503.00
1423089118.00,20150325T000000,494000.00,4.00,2.25,1790.00,42000.00,1.00,0.00,0.00,3.00,7.00,1170.00,620.00,1983.00,0.00,98045.00,47.48,-121.74,2060.00,50094.00
7980900011.00,20150427T000000,412450.00,3.00,2.00,1910.00,13505.00,1.00,0.00,0.00,3.00,8.00,1910.00,0.00,1955.00,0.00,98034.00,47.71,-122.23,2010.00,8000.00
5309100750.00,20150123T000000,580000.00,3.00,1.75,1460.00,2800.00,2.00,0.00,0.00,3.00,7.00,1460.00,0.00,1928.00,0.00,98117.00,47.68,-122.37,1220.00,4062.00
322059097.00,20141105T000000,269900.00,3.00,1.50,1420.00,22100.00,1.00,0.00,0.00,5.00,7.00,1420.00,0.00,1957.00,0.00,98042.00,47.42,-122.15,1540.00,21780.00
9834200165.00,20150406T000000,704300.00,4.00,1.50,1790.00,4080.00,1.50,0.00,0.00,5.00,7.00,1790.00,0.00,1928.00,0.00,98144.00,47.57,-122.29,1710.00,4080.00
2420069201.00,20141107T000000,267000.00,3.00,2.00,1390.00,6005.00,2.00,0.00,0.00,3.00,8.00,1390.00,0.00,2005.00,0.00,98022.00,47.21,-121.99,1264.00,5550.00
4167300300.00,20140813T000000,310000.00,4.00,1.75,1880.00,12150.00,1.00,0.00,0.00,3.00,7.00,1280.00,600.00,1976.00,0.00,98023.00,47.33,-122.36,1980.00,9680.00
1105000745.00,20150123T000000,227064.00,3.00,1.50,1570.00,10824.00,2.00,0.00,0.00,3.00,7.00,1570.00,0.00,1908.00,0.00,98118.00,47.54,-122.28,1530.00,8125.00
8927600100.00,20140528T000000,925000.00,3.00,2.50,2690.00,7000.00,2.00,0.00,0.00,5.00,7.00,1840.00,850.00,1943.00,0.00,98115.00,47.68,-122.28,1800.00,6435.00
8078490090.00,20150508T000000,245000.00,3.00,1.75,1670.00,11452.00,1.00,0.00,2.00,3.00,8.00,1670.00,0.00,1992.00,0.00,98022.00,47.19,-122.02,1820.00,11152.00
1736100090.00,20141214T000000,339888.00,3.00,1.00,1040.00,7490.00,1.00,0.00,0.00,3.00,7.00,1040.00,0.00,1969.00,0.00,98034.00,47.71,-122.21,1520.00,7410.00
3876200100.00,20140710T000000,439000.00,4.00,2.00,1560.00,7500.00,1.00,0.00,0.00,4.00,7.00,1560.00,0.00,1968.00,0.00,98034.00,47.73,-122.18,1730.00,7500.00
6844702290.00,20140527T000000,400000.00,2.00,1.00,1470.00,6120.00,1.00,0.00,0.00,2.00,7.00,1470.00,0.00,1940.00,0.00,98115.00,47.69,-122.29,1840.00,6120.00
4022906430.00,20140630T000000,560000.00,3.00,2.25,2070.00,15002.00,1.50,0.00,0.00,3.00,8.00,2070.00,0.00,1955.00,2013.00,98155.00,47.76,-122.27,2070.00,15002.00
5040800015.00,20141001T000000,703011.00,2.00,1.00,1370.00,5922.00,1.00,0.00,2.00,3.00,8.00,1130.00,240.00,1941.00,0.00,98199.00,47.65,-122.41,2460.00,6759.00
9297301055.00,20141209T000000,363000.00,2.00,1.00,1120.00,4800.00,1.00,0.00,0.00,3.00,7.00,770.00,350.00,1926.00,0.00,98126.00,47.57,-122.37,1510.00,4800.00
318500300.00,20140919T000000,650000.00,4.00,2.75,2640.00,6240.00,2.00,0.00,0.00,3.00,9.00,2640.00,0.00,2001.00,0.00,98075.00,47.58,-122.06,2640.00,5898.00
1839910300.00,20150106T000000,299950.00,3.00,1.00,1030.00,9916.00,1.00,0.00,0.00,4.00,7.00,1030.00,0.00,1972.00,0.00,98034.00,47.72,-122.18,1470.00,9044.00
1446400785.00,20150422T000000,228950.00,3.00,1.00,1120.00,6625.00,1.00,0.00,0.00,3.00,6.00,1120.00,0.00,1942.00,0.00,98168.00,47.49,-122.33,1120.00,6794.00
4036800015.00,20141001T000000,465000.00,4.00,1.75,1730.00,11700.00,1.00,0.00,0.00,3.00,7.00,880.00,850.00,1956.00,0.00,98008.00,47.60,-122.13,1570.00,7820.00
8965500900.00,20150213T000000,725000.00,3.00,2.50,2090.00,9847.00,2.00,0.00,2.00,3.00,9.00,2090.00,0.00,1983.00,0.00,98006.00,47.57,-122.11,2860.00,11483.00
3751603173.00,20140604T000000,212500.00,3.00,1.00,920.00,14400.00,1.00,0.00,0.00,4.00,7.00,920.00,0.00,1977.00,0.00,98001.00,47.28,-122.27,1170.00,9600.00
3423059140.00,20140910T000000,526000.00,4.00,2.25,2970.00,54450.00,2.00,0.00,0.00,3.00,8.00,2970.00,0.00,1983.00,1998.00,98058.00,47.43,-122.15,2260.00,6465.00
114101055.00,20141223T000000,383000.00,3.00,2.50,1720.00,10031.00,2.00,0.00,0.00,3.00,8.00,1720.00,0.00,1993.00,0.00,98028.00,47.77,-122.24,2280.00,5845.00
2475200590.00,20150421T000000,244000.00,3.00,1.75,1460.00,4692.00,1.00,0.00,0.00,3.00,7.00,1460.00,0.00,1988.00,0.00,98055.00,47.47,-122.19,1600.00,4557.00
3856905010.00,20140805T000000,565000.00,3.00,1.50,1540.00,3570.00,1.50,0.00,0.00,5.00,7.00,1490.00,50.00,1930.00,0.00,98105.00,47.67,-122.33,1620.00,4080.00
7226500100.00,20150219T000000,373000.00,8.00,3.00,2850.00,12714.00,1.00,0.00,0.00,3.00,7.00,2850.00,0.00,1959.00,0.00,98055.00,47.49,-122.21,1480.00,4942.00
3580900090.00,20140902T000000,300000.00,3.00,2.00,1310.00,9855.00,1.00,0.00,0.00,3.00,7.00,1310.00,0.00,1962.00,0.00,98034.00,47.73,-122.24,1310.00,8370.00
9558000100.00,20140520T000000,405000.00,5.00,2.50,2430.00,4781.00,2.00,0.00,0.00,3.00,9.00,2430.00,0.00,2001.00,0.00,98058.00,47.45,-122.12,2420.00,4770.00
1872900076.00,20140620T000000,979000.00,3.00,1.50,1700.00,14133.00,1.00,0.00,1.00,4.00,8.00,1700.00,0.00,1954.00,0.00,98004.00,47.62,-122.22,2630.00,17376.00
1221059112.00,20141116T000000,324888.00,4.00,1.75,2160.00,28750.00,2.00,0.00,0.00,4.00,8.00,2160.00,0.00,1978.00,0.00,98092.00,47.32,-122.12,1790.00,53578.00
2877102495.00,20150429T000000,445000.00,3.00,1.50,860.00,3200.00,1.00,0.00,0.00,3.00,6.00,860.00,0.00,1929.00,0.00,98117.00,47.68,-122.36,1220.00,4300.00
4400200057.00,20150221T000000,761000.00,3.00,3.50,2050.00,2020.00,2.00,0.00,0.00,3.00,8.00,1520.00,530.00,2006.00,0.00,98112.00,47.62,-122.31,1230.00,3640.00
1049010300.00,20150427T000000,435000.00,4.00,2.00,1650.00,4745.00,1.00,0.00,0.00,3.00,7.00,1130.00,520.00,1972.00,0.00,98034.00,47.74,-122.18,1650.00,5184.00
6802210090.00,20140822T000000,252000.00,3.00,2.25,1570.00,8410.00,1.00,0.00,0.00,3.00,7.00,1180.00,390.00,1991.00,0.00,98022.00,47.19,-121.99,1540.00,8410.00
726049232.00,20140623T000000,350000.00,3.00,1.75,1660.00,10150.00,1.50,0.00,0.00,3.00,7.00,1660.00,0.00,1957.00,0.00,98133.00,47.75,-122.34,1640.00,8906.00
3262300940.00,20141107T000000,875000.00,3.00,1.00,1220.00,8119.00,1.00,0.00,0.00,4.00,7.00,1220.00,0.00,1955.00,0.00,98039.00,47.63,-122.24,1910.00,8119.00
3262300940.00,20150210T000000,940000.00,3.00,1.00,1220.00,8119.00,1.00,0.00,0.00,4.00,7.00,1220.00,0.00,1955.00,0.00,98039.00,47.63,-122.24,1910.00,8119.00
1214700090.00,20140819T000000,280000.00,3.00,2.00,1780.00,11342.00,1.00,0.00,0.00,3.00,7.00,1780.00,0.00,1964.00,0.00,98148.00,47.46,-122.33,2140.00,8449.00
8564950300.00,20140919T000000,450000.00,3.00,2.50,2180.00,4226.00,2.00,0.00,0.00,3.00,8.00,2180.00,0.00,2004.00,0.00,98011.00,47.77,-122.23,2540.00,4607.00
3321069006.00,20141231T000000,905000.00,3.00,2.50,3520.00,237402.00,2.50,0.00,0.00,3.00,9.00,3520.00,0.00,2004.00,0.00,98092.00,47.27,-122.06,2310.00,165963.00
3751601501.00,20140716T000000,382450.00,3.00,2.50,2220.00,20531.00,2.00,0.00,0.00,3.00,8.00,2220.00,0.00,1998.00,0.00,98001.00,47.29,-122.26,2420.00,19249.00
1156000100.00,20141224T000000,246700.00,3.00,2.00,1610.00,13309.00,1.00,0.00,0.00,4.00,7.00,1610.00,0.00,1967.00,0.00,98042.00,47.34,-122.13,1610.00,15725.00
3972900735.00,20140814T000000,220000.00,3.00,1.50,1070.00,9331.00,1.00,0.00,0.00,3.00,6.00,1070.00,0.00,1956.00,0.00,98155.00,47.76,-122.31,1480.00,8400.00
6888900115.00,20150216T000000,555750.00,3.00,1.00,1060.00,4880.00,1.00,0.00,0.00,2.00,6.00,910.00,150.00,1913.00,0.00,98118.00,47.55,-122.29,1200.00,4880.00
3031200165.00,20140611T000000,262500.00,3.00,1.50,1160.00,8906.00,1.00,0.00,0.00,3.00,7.00,1160.00,0.00,1962.00,0.00,98118.00,47.54,-122.29,1160.00,8906.00
5683000033.00,20141201T000000,515000.00,2.00,1.00,910.00,4725.00,1.00,0.00,0.00,3.00,7.00,910.00,0.00,1949.00,0.00,98115.00,47.68,-122.28,1600.00,5200.00
7230000265.00,20140617T000000,499500.00,3.00,2.50,2970.00,21907.00,2.00,0.00,0.00,3.00,9.00,2970.00,0.00,1998.00,2006.00,98059.00,47.47,-122.10,2040.00,27917.00
985001015.00,20140604T000000,135000.00,1.00,1.00,790.00,13062.00,1.00,0.00,0.00,3.00,6.00,790.00,0.00,1942.00,0.00,98168.00,47.49,-122.31,1240.00,7137.00
2815600215.00,20141118T000000,462500.00,2.00,2.00,1540.00,7290.00,2.00,0.00,0.00,3.00,7.00,1540.00,0.00,1948.00,1983.00,98136.00,47.55,-122.40,1540.00,7072.00
3585900090.00,20150415T000000,937500.00,4.00,2.50,3130.00,21100.00,1.00,0.00,4.00,3.00,9.00,2530.00,600.00,1956.00,0.00,98177.00,47.76,-122.37,3680.00,23000.00
5101407370.00,20150422T000000,458000.00,3.00,1.50,1470.00,9570.00,1.00,0.00,0.00,3.00,7.00,1280.00,190.00,1941.00,0.00,98125.00,47.70,-122.31,1390.00,9570.00
871001105.00,20141022T000000,845000.00,4.00,2.75,3160.00,7143.00,1.50,0.00,0.00,3.00,8.00,2100.00,1060.00,1933.00,0.00,98199.00,47.65,-122.41,2200.00,6122.00
424069233.00,20140531T000000,660000.00,3.00,2.25,2675.00,40910.00,2.00,0.00,0.00,3.00,8.00,2675.00,0.00,1984.00,0.00,98075.00,47.59,-122.06,2300.00,39438.00
3830630090.00,20150417T000000,265000.00,3.00,2.00,1340.00,6783.00,1.00,0.00,0.00,4.00,7.00,1340.00,0.00,1987.00,0.00,98030.00,47.35,-122.18,1630.00,6458.00
1997200215.00,20140507T000000,599999.00,9.00,4.50,3830.00,6988.00,2.50,0.00,0.00,3.00,7.00,2450.00,1380.00,1938.00,0.00,98103.00,47.69,-122.34,1460.00,6291.00
1898310110.00,20141202T000000,280000.00,3.00,2.50,1800.00,8697.00,2.00,0.00,0.00,3.00,8.00,1800.00,0.00,1987.00,0.00,98023.00,47.31,-122.40,1770.00,8390.00
3407700047.00,20141029T000000,1055000.00,3.00,3.25,2990.00,189852.00,2.00,0.00,0.00,4.00,10.00,2990.00,0.00,1974.00,0.00,98072.00,47.75,-122.14,3500.00,48760.00
9542100165.00,20141107T000000,875000.00,4.00,3.00,3720.00,14125.00,1.00,0.00,0.00,4.00,9.00,1930.00,1790.00,1960.00,0.00,98005.00,47.59,-122.18,3160.00,15300.00
7140800100.00,20141014T000000,125000.00,3.00,1.00,920.00,7276.00,1.00,0.00,0.00,4.00,6.00,920.00,0.00,1961.00,0.00,98002.00,47.29,-122.21,1120.00,7276.00
7202340930.00,20141209T000000,634800.00,4.00,3.00,3280.00,4904.00,2.00,0.00,0.00,3.00,7.00,3280.00,0.00,2005.00,0.00,98053.00,47.68,-122.03,2600.00,5004.00
9262800057.00,20150203T000000,269950.00,4.00,1.00,1440.00,9600.00,1.00,0.00,0.00,2.00,7.00,1440.00,0.00,1964.00,0.00,98001.00,47.32,-122.26,1740.00,43560.00
1159100100.00,20140620T000000,359950.00,3.00,2.25,1940.00,11612.00,1.00,0.00,0.00,4.00,8.00,1100.00,840.00,1981.00,0.00,98178.00,47.50,-122.23,2180.00,8954.00
7230900100.00,20141215T000000,417000.00,3.00,1.75,1590.00,11454.00,1.00,0.00,0.00,4.00,8.00,1590.00,0.00,1979.00,0.00,98056.00,47.50,-122.19,1970.00,9960.00
8682301910.00,20140722T000000,389000.00,2.00,2.00,1340.00,4122.00,1.00,0.00,0.00,3.00,8.00,1340.00,0.00,2007.00,0.00,98053.00,47.72,-122.02,1350.00,4273.00
7701450110.00,20140815T000000,1038000.00,4.00,2.50,3770.00,10893.00,2.00,0.00,2.00,3.00,11.00,3770.00,0.00,1997.00,0.00,98006.00,47.56,-122.13,3710.00,9685.00
1725059209.00,20140929T000000,698000.00,6.00,2.50,2680.00,11250.00,1.00,0.00,0.00,5.00,7.00,1340.00,1340.00,1967.00,0.00,98033.00,47.66,-122.19,2200.00,9875.00
4025300195.00,20150318T000000,685000.00,4.00,2.50,2820.00,10125.00,2.00,0.00,0.00,3.00,8.00,2820.00,0.00,2008.00,0.00,98155.00,47.75,-122.30,1560.00,10125.00
985000900.00,20141105T000000,198500.00,3.00,1.75,1520.00,7137.00,1.00,0.00,0.00,3.00,5.00,1520.00,0.00,1932.00,0.00,98168.00,47.49,-122.31,1240.00,8602.00
7140700850.00,20150326T000000,350000.00,4.00,2.50,2560.00,5428.00,2.00,0.00,0.00,3.00,8.00,2560.00,0.00,2012.00,0.00,98042.00,47.38,-122.10,2620.00,5428.00
522079067.00,20150408T000000,649950.00,3.00,2.50,3310.00,387684.00,1.00,0.00,0.00,3.00,8.00,2160.00,1150.00,1919.00,1996.00,98038.00,47.42,-121.94,2340.00,189050.00
1387300940.00,20150429T000000,441000.00,3.00,1.50,1540.00,7200.00,1.00,0.00,0.00,3.00,7.00,1540.00,0.00,1968.00,0.00,98011.00,47.74,-122.20,1560.00,7500.00
8562700090.00,20141111T000000,462600.00,3.00,1.75,1430.00,11761.00,1.00,0.00,0.00,4.00,8.00,1430.00,0.00,1964.00,0.00,98052.00,47.67,-122.16,2040.00,10035.00
2122059236.00,20150306T000000,365070.00,4.00,2.50,2506.00,6232.00,2.00,0.00,0.00,3.00,7.00,2506.00,0.00,2006.00,0.00,98030.00,47.37,-122.18,2070.00,8260.00
514500090.00,20140513T000000,550000.00,4.00,2.00,2250.00,7500.00,1.00,0.00,0.00,5.00,7.00,1200.00,1050.00,1956.00,0.00,98005.00,47.59,-122.16,1440.00,7500.00
5680001095.00,20150428T000000,470000.00,5.00,1.75,2740.00,9600.00,1.00,0.00,0.00,4.00,7.00,1370.00,1370.00,1945.00,0.00,98144.00,47.57,-122.32,1990.00,4800.00
2475900855.00,20140827T000000,340000.00,3.00,1.75,1540.00,10400.00,1.00,0.00,0.00,3.00,6.00,1540.00,0.00,1977.00,0.00,98024.00,47.57,-121.89,1090.00,7500.00
8669400100.00,20140805T000000,910000.00,4.00,2.75,4190.00,38912.00,1.00,0.00,0.00,4.00,9.00,2040.00,2150.00,1965.00,0.00,98005.00,47.65,-122.16,3050.00,36884.00
3824100051.00,20150407T000000,405000.00,4.00,1.75,1690.00,8392.00,1.00,0.00,0.00,3.00,7.00,1190.00,500.00,1979.00,0.00,98028.00,47.77,-122.26,1880.00,9861.00
952004875.00,20140602T000000,661000.00,4.00,2.25,1990.00,4600.00,1.50,0.00,2.00,4.00,8.00,1420.00,570.00,1932.00,0.00,98126.00,47.56,-122.38,1810.00,5750.00
9522350090.00,20141106T000000,635000.00,4.00,2.50,2410.00,7069.00,2.00,0.00,0.00,3.00,9.00,2410.00,0.00,1993.00,0.00,98034.00,47.71,-122.23,2240.00,7184.00
1787600252.00,20150505T000000,282000.00,2.00,1.00,1150.00,6098.00,1.00,0.00,0.00,3.00,7.00,950.00,200.00,1948.00,0.00,98125.00,47.73,-122.33,1790.00,8455.00
7148000315.00,20150211T000000,235000.00,4.00,1.75,1720.00,10137.00,2.00,0.00,0.00,3.00,7.00,1720.00,0.00,1956.00,0.00,98188.00,47.44,-122.28,1350.00,10205.00
2180001080.00,20140819T000000,277500.00,3.00,2.00,1260.00,22100.00,2.00,0.00,0.00,4.00,7.00,1260.00,0.00,1981.00,0.00,98023.00,47.28,-122.35,1430.00,13000.00
1328330590.00,20150420T000000,346500.00,5.00,2.50,2020.00,8250.00,1.00,0.00,0.00,4.00,8.00,1430.00,590.00,1978.00,0.00,98058.00,47.44,-122.14,1680.00,8959.00
34001304.00,20150410T000000,480000.00,5.00,2.25,2240.00,5500.00,1.00,0.00,0.00,3.00,7.00,1490.00,750.00,1959.00,0.00,98136.00,47.53,-122.39,2010.00,6050.00
1558500100.00,20140916T000000,360000.00,4.00,2.25,1930.00,6508.00,2.00,0.00,0.00,3.00,8.00,1930.00,0.00,1996.00,0.00,98019.00,47.75,-121.98,2170.00,6548.00
2887950110.00,20141106T000000,245000.00,3.00,2.50,1820.00,6785.00,1.00,0.00,0.00,3.00,7.00,1420.00,400.00,1994.00,0.00,98092.00,47.32,-122.18,1710.00,6055.00
6852700412.00,20140919T000000,625000.00,3.00,3.50,1560.00,1490.00,2.00,0.00,0.00,3.00,8.00,1240.00,320.00,1995.00,0.00,98102.00,47.62,-122.32,1560.00,1662.00
1798000100.00,20140529T000000,750500.00,5.00,3.00,2170.00,2440.00,1.50,0.00,0.00,4.00,8.00,1450.00,720.00,1911.00,0.00,98115.00,47.67,-122.32,2070.00,4000.00
9516500100.00,20150418T000000,525000.00,3.00,1.75,1600.00,9579.00,1.00,0.00,0.00,3.00,8.00,1180.00,420.00,1977.00,0.00,98072.00,47.77,-122.16,1750.00,9829.00
203400090.00,20140729T000000,740000.00,4.00,3.50,3760.00,57063.00,2.00,0.00,0.00,3.00,9.00,2950.00,810.00,1998.00,0.00,98053.00,47.63,-121.96,2870.00,28945.00
4036800805.00,20140513T000000,523000.00,3.00,1.50,1240.00,7735.00,1.00,0.00,0.00,4.00,7.00,1240.00,0.00,1957.00,0.00,98008.00,47.60,-122.12,1260.00,7500.00
7129302615.00,20150304T000000,292000.00,3.00,1.75,1090.00,4500.00,1.50,0.00,0.00,5.00,8.00,1090.00,0.00,1929.00,0.00,98118.00,47.52,-122.26,1640.00,5225.00
7278700100.00,20150121T000000,625000.00,4.00,2.50,2740.00,9599.00,1.00,0.00,2.00,3.00,8.00,1820.00,920.00,1961.00,0.00,98177.00,47.77,-122.39,2660.00,8280.00
7852070090.00,20150116T000000,700000.00,3.00,2.50,3110.00,11727.00,2.00,0.00,2.00,3.00,9.00,3110.00,0.00,2002.00,0.00,98065.00,47.54,-121.87,4240.00,13353.00
1250200552.00,20150312T000000,399950.00,3.00,2.50,1610.00,1320.00,2.00,0.00,0.00,3.00,7.00,1280.00,330.00,2007.00,0.00,98144.00,47.60,-122.30,1480.00,1602.00
9126100608.00,20150225T000000,545000.00,4.00,3.50,1880.00,1341.00,3.00,0.00,0.00,3.00,8.00,1650.00,230.00,2007.00,0.00,98122.00,47.61,-122.31,1740.00,1883.00
396100025.00,20140807T000000,339999.00,4.00,2.00,1740.00,6369.00,1.00,0.00,0.00,5.00,6.00,870.00,870.00,1954.00,0.00,98133.00,47.75,-122.33,1560.00,7200.00
9184700600.00,20141201T000000,1210000.00,4.00,2.25,3270.00,6000.00,2.00,0.00,0.00,5.00,8.00,2180.00,1090.00,1909.00,0.00,98122.00,47.61,-122.29,2880.00,6000.00
4221250090.00,20141113T000000,545000.00,3.00,2.50,1990.00,5149.00,2.00,0.00,0.00,3.00,8.00,1990.00,0.00,2003.00,0.00,98075.00,47.59,-122.02,2280.00,4506.00
8731901810.00,20150309T000000,260000.00,4.00,1.75,1960.00,8400.00,1.00,0.00,0.00,4.00,8.00,1960.00,0.00,1967.00,0.00,98023.00,47.31,-122.38,2080.00,8400.00
7977201707.00,20140523T000000,526000.00,3.00,1.75,1680.00,3420.00,1.00,0.00,0.00,3.00,7.00,960.00,720.00,1992.00,0.00,98115.00,47.69,-122.29,1680.00,4080.00
3260350090.00,20141112T000000,701000.00,4.00,3.00,2910.00,8540.00,2.00,0.00,0.00,3.00,9.00,2910.00,0.00,2003.00,0.00,98059.00,47.52,-122.16,3040.00,6091.00
7399300850.00,20141003T000000,290000.00,3.00,2.25,1500.00,7482.00,1.00,0.00,0.00,4.00,7.00,1210.00,290.00,1968.00,0.00,98055.00,47.46,-122.19,1480.00,7308.00
461002551.00,20141004T000000,330600.00,1.00,1.00,580.00,1799.00,1.00,0.00,0.00,3.00,7.00,580.00,0.00,1908.00,2005.00,98117.00,47.68,-122.38,1260.00,4000.00
9158100090.00,20150427T000000,550500.00,3.00,1.75,2540.00,8280.00,1.00,0.00,0.00,3.00,7.00,1270.00,1270.00,1949.00,0.00,98177.00,47.72,-122.36,1950.00,8280.00
9358002305.00,20150313T000000,430000.00,2.00,1.00,950.00,6426.00,1.00,0.00,0.00,3.00,7.00,950.00,0.00,1949.00,0.00,98126.00,47.57,-122.37,1360.00,2550.00
6447300265.00,20141014T000000,4000000.00,4.00,5.50,7080.00,16573.00,2.00,0.00,0.00,3.00,12.00,5760.00,1320.00,2008.00,0.00,98039.00,47.62,-122.22,3140.00,15996.00
2235000015.00,20140804T000000,260600.00,2.00,1.00,810.00,4560.00,1.00,0.00,0.00,3.00,7.00,810.00,0.00,1928.00,0.00,98126.00,47.54,-122.38,1490.00,4560.00
9523104345.00,20141218T000000,825000.00,5.00,3.00,4080.00,7500.00,2.00,0.00,2.00,4.00,8.00,2720.00,1360.00,1961.00,0.00,98103.00,47.67,-122.35,2000.00,4545.00
6139100056.00,20141023T000000,378950.00,4.00,2.00,1820.00,8400.00,1.00,0.00,0.00,5.00,7.00,1300.00,520.00,1956.00,0.00,98155.00,47.76,-122.33,1700.00,9450.00
808300090.00,20150116T000000,435000.00,4.00,2.50,2650.00,9065.00,2.00,0.00,0.00,3.00,7.00,2650.00,0.00,2000.00,0.00,98019.00,47.73,-121.96,2590.00,13218.00
8077100031.00,20150422T000000,631000.00,3.00,2.25,1670.00,1396.00,2.00,0.00,0.00,3.00,9.00,1250.00,420.00,2015.00,0.00,98115.00,47.68,-122.29,1610.00,5191.00
1402650110.00,20140518T000000,415000.00,3.00,2.50,2480.00,8342.00,2.00,0.00,0.00,3.00,8.00,2480.00,0.00,1986.00,0.00,98058.00,47.44,-122.13,2300.00,8303.00
7985000100.00,20141021T000000,222000.00,3.00,1.75,1240.00,7560.00,1.00,0.00,0.00,3.00,8.00,1070.00,170.00,1967.00,0.00,98003.00,47.33,-122.30,1650.00,7560.00
1796350690.00,20140820T000000,245000.00,3.00,2.00,1390.00,8250.00,1.00,0.00,0.00,3.00,7.00,1390.00,0.00,1987.00,0.00,98042.00,47.37,-122.09,1390.00,7875.00
7504110110.00,20150325T000000,720000.00,3.00,2.50,2880.00,10126.00,2.00,0.00,0.00,4.00,10.00,2880.00,0.00,1985.00,0.00,98074.00,47.63,-122.04,2960.00,10514.00
4324500490.00,20141223T000000,215000.00,3.00,1.00,1060.00,9954.00,1.00,0.00,0.00,4.00,7.00,1060.00,0.00,1960.00,0.00,98032.00,47.38,-122.29,1620.00,8760.00
1257202120.00,20141030T000000,579100.00,2.00,1.00,1070.00,2754.00,1.00,0.00,0.00,3.00,7.00,830.00,240.00,1924.00,0.00,98103.00,47.68,-122.33,1760.00,4080.00
3987700115.00,20140728T000000,522500.00,4.00,1.75,1640.00,9299.00,1.50,0.00,0.00,4.00,7.00,870.00,770.00,1943.00,0.00,98056.00,47.53,-122.17,2460.00,14326.00
9137101353.00,20140919T000000,489000.00,3.00,2.00,1510.00,3000.00,1.00,0.00,0.00,4.00,7.00,910.00,600.00,1972.00,0.00,98115.00,47.68,-122.32,1620.00,4000.00
3298701066.00,20150506T000000,240000.00,3.00,1.00,1230.00,2353.00,1.50,0.00,0.00,4.00,6.00,1230.00,0.00,1925.00,0.00,98106.00,47.52,-122.35,1280.00,1572.00
8682290100.00,20150421T000000,420250.00,3.00,2.00,1510.00,3657.00,1.00,0.00,0.00,3.00,8.00,1510.00,0.00,2007.00,0.00,98053.00,47.72,-122.03,1510.00,3657.00
4055700778.00,20141114T000000,523000.00,4.00,2.50,3180.00,20870.00,2.00,0.00,0.00,3.00,8.00,2120.00,1060.00,1967.00,0.00,98034.00,47.72,-122.24,2700.00,14190.00
438000025.00,20140513T000000,628000.00,4.00,2.00,2260.00,6000.00,1.00,0.00,0.00,3.00,8.00,1430.00,830.00,1958.00,0.00,98115.00,47.69,-122.30,2030.00,5874.00
2474400300.00,20150506T000000,320000.00,4.00,2.50,1920.00,7277.00,2.00,0.00,0.00,4.00,8.00,1920.00,0.00,1990.00,0.00,98031.00,47.41,-122.19,2300.00,7645.00
87000283.00,20141118T000000,359950.00,3.00,2.50,1980.00,7800.00,2.00,0.00,0.00,3.00,8.00,1980.00,0.00,1999.00,0.00,98055.00,47.45,-122.20,1700.00,20580.00
2946001645.00,20140505T000000,232000.00,2.00,1.00,1200.00,8063.00,1.00,0.00,0.00,4.00,6.00,1200.00,0.00,1958.00,0.00,98198.00,47.42,-122.32,1200.00,7500.00
9294300495.00,20141114T000000,810000.00,4.00,2.25,2020.00,5600.00,1.00,0.00,2.00,4.00,8.00,1210.00,810.00,1961.00,0.00,98115.00,47.68,-122.27,2660.00,6050.00
492000475.00,20141211T000000,245000.00,4.00,1.50,2010.00,7561.00,1.50,0.00,0.00,4.00,7.00,1890.00,120.00,1921.00,0.00,98002.00,47.31,-122.23,1420.00,6564.00
3876540600.00,20150507T000000,273000.00,3.00,2.25,1930.00,8192.00,1.00,0.00,0.00,3.00,7.00,1470.00,460.00,1984.00,0.00,98003.00,47.26,-122.30,1510.00,8192.00
4122500100.00,20150211T000000,1191000.00,5.00,2.50,2710.00,14989.00,1.00,0.00,0.00,3.00,8.00,1720.00,990.00,1959.00,0.00,98004.00,47.64,-122.21,3180.00,16624.00
2461900945.00,20150421T000000,438000.00,5.00,1.00,1950.00,6250.00,1.50,0.00,0.00,4.00,7.00,1450.00,500.00,1917.00,0.00,98136.00,47.55,-122.39,1950.00,6250.00
7221400495.00,20140717T000000,400000.00,3.00,1.75,2110.00,19600.00,1.00,0.00,0.00,4.00,8.00,2110.00,0.00,1959.00,0.00,98055.00,47.47,-122.20,880.00,10077.00
2349300090.00,20140516T000000,340000.00,3.00,1.00,1250.00,4800.00,1.00,0.00,0.00,4.00,7.00,1250.00,0.00,1951.00,0.00,98126.00,47.55,-122.38,1404.00,4800.00
9523100459.00,20140609T000000,552000.00,2.00,2.50,1380.00,951.00,3.00,0.00,0.00,3.00,9.00,1380.00,0.00,2006.00,0.00,98103.00,47.67,-122.36,1430.00,3400.00
3856904580.00,20141125T000000,790000.00,3.00,1.75,2050.00,4080.00,2.00,0.00,0.00,3.00,8.00,2050.00,0.00,1991.00,0.00,98105.00,47.67,-122.33,1890.00,4080.00
7345600755.00,20140707T000000,360000.00,3.00,1.50,1800.00,22000.00,2.00,0.00,0.00,3.00,8.00,1800.00,0.00,1931.00,0.00,98168.00,47.49,-122.29,1440.00,16640.00
798000457.00,20150302T000000,235000.00,3.00,1.00,1310.00,15022.00,1.00,0.00,0.00,3.00,7.00,1310.00,0.00,1934.00,1984.00,98168.00,47.50,-122.33,1530.00,13154.00
7986400945.00,20141010T000000,775000.00,2.00,1.00,1010.00,3600.00,1.00,0.00,0.00,3.00,7.00,1010.00,0.00,1913.00,0.00,98107.00,47.66,-122.36,1540.00,3600.00
395300100.00,20140514T000000,489200.00,3.00,2.75,1850.00,9600.00,1.50,0.00,0.00,5.00,7.00,1850.00,0.00,1965.00,0.00,98034.00,47.73,-122.23,1250.00,10500.00
2473510090.00,20140729T000000,341000.00,3.00,2.25,1750.00,8900.00,2.00,0.00,0.00,4.00,8.00,1750.00,0.00,1977.00,0.00,98058.00,47.45,-122.14,1680.00,7910.00
1329300300.00,20141001T000000,335000.00,4.00,2.50,2154.00,6050.00,2.00,0.00,0.00,3.00,8.00,2154.00,0.00,2012.00,0.00,98030.00,47.35,-122.17,2305.00,5769.00
952007069.00,20150121T000000,393500.00,3.00,1.75,1230.00,1441.00,2.00,0.00,0.00,3.00,8.00,1010.00,220.00,2004.00,0.00,98116.00,47.56,-122.38,1170.00,1942.00
8073000265.00,20140918T000000,360000.00,3.00,2.00,1960.00,8846.00,1.00,0.00,3.00,4.00,6.00,980.00,980.00,1940.00,0.00,98178.00,47.51,-122.25,2190.00,6363.00
952004745.00,20150304T000000,400800.00,4.00,1.00,1070.00,5750.00,1.00,0.00,0.00,3.00,6.00,870.00,200.00,1923.00,0.00,98126.00,47.56,-122.38,1270.00,5750.00
1376800115.00,20141103T000000,585000.00,3.00,1.00,1450.00,5378.00,1.00,0.00,0.00,3.00,7.00,1190.00,260.00,1939.00,0.00,98199.00,47.64,-122.41,1810.00,5559.00
6613000750.00,20141001T000000,1600000.00,4.00,2.75,3680.00,5000.00,2.00,0.00,3.00,3.00,9.00,2480.00,1200.00,1936.00,0.00,98105.00,47.66,-122.27,3200.00,5000.00
2303900090.00,20140729T000000,2880500.00,4.00,2.50,5760.00,32033.00,2.00,0.00,4.00,4.00,12.00,4390.00,1370.00,1994.00,0.00,98177.00,47.73,-122.37,3420.00,28475.00
6713700025.00,20140515T000000,300000.00,3.00,1.00,1220.00,13000.00,1.00,0.00,0.00,4.00,7.00,1220.00,0.00,1955.00,0.00,98133.00,47.76,-122.35,1510.00,12600.00
4083304535.00,20141114T000000,1045000.00,4.00,2.75,2950.00,4560.00,2.00,0.00,0.00,5.00,7.00,1810.00,1140.00,1912.00,0.00,98103.00,47.65,-122.33,2000.00,4560.00
3626039403.00,20140922T000000,360000.00,3.00,1.50,1340.00,1110.00,2.00,0.00,0.00,3.00,7.00,1040.00,300.00,1999.00,0.00,98117.00,47.70,-122.37,1220.00,1110.00
254000100.00,20140620T000000,665900.00,4.00,2.25,2870.00,5453.00,2.00,0.00,1.00,4.00,8.00,2220.00,650.00,1926.00,0.00,98146.00,47.51,-122.39,1660.00,4800.00
2724049076.00,20140822T000000,470000.00,4.00,1.00,2590.00,18224.00,1.50,0.00,0.00,4.00,7.00,2000.00,590.00,1911.00,0.00,98118.00,47.53,-122.29,1800.00,7080.00
8562500690.00,20140513T000000,581000.00,4.00,1.75,2090.00,8164.00,1.00,0.00,0.00,4.00,8.00,1070.00,1020.00,1963.00,0.00,98052.00,47.67,-122.16,1310.00,7975.00
3834500195.00,20140707T000000,527000.00,6.00,3.50,3000.00,8401.00,1.00,0.00,0.00,3.00,8.00,1500.00,1500.00,1979.00,0.00,98125.00,47.72,-122.30,1400.00,8403.00
2207100405.00,20150506T000000,423000.00,4.00,1.75,1730.00,7245.00,1.00,0.00,0.00,4.00,7.00,880.00,850.00,1955.00,0.00,98007.00,47.60,-122.14,1550.00,7245.00
9482700475.00,20140927T000000,875000.00,4.00,3.50,2850.00,4416.00,1.50,0.00,0.00,3.00,7.00,2040.00,810.00,1926.00,0.00,98103.00,47.68,-122.34,1860.00,4416.00
7905200386.00,20140729T000000,410000.00,3.00,1.00,1020.00,6903.00,1.00,0.00,0.00,3.00,7.00,1020.00,0.00,1951.00,0.00,98116.00,47.57,-122.39,1440.00,6678.00
8680500090.00,20150316T000000,606000.00,3.00,2.50,2200.00,6005.00,2.00,0.00,0.00,3.00,9.00,2200.00,0.00,1997.00,0.00,98072.00,47.74,-122.17,2320.00,6098.00
3424089119.00,20150501T000000,654000.00,3.00,2.50,3240.00,60840.00,2.00,0.00,0.00,3.00,7.00,3240.00,0.00,1997.00,0.00,98045.00,47.52,-121.76,2570.00,204732.00
1437500015.00,20140709T000000,150000.00,3.00,0.75,490.00,38500.00,1.50,0.00,0.00,4.00,5.00,490.00,0.00,1959.00,0.00,98014.00,47.71,-121.32,800.00,18297.00
3298700110.00,20141109T000000,373000.00,3.00,2.50,2990.00,6771.00,1.00,0.00,0.00,3.00,7.00,1550.00,1440.00,2003.00,0.00,98106.00,47.52,-122.35,1800.00,6771.00
6300000337.00,20140529T000000,550000.00,5.00,2.00,2450.00,9488.00,1.00,0.00,0.00,4.00,7.00,1240.00,1210.00,1900.00,1955.00,98133.00,47.71,-122.34,1310.00,5693.00
8561200110.00,20140521T000000,512500.00,3.00,2.50,1900.00,7604.00,2.00,0.00,0.00,3.00,8.00,1900.00,0.00,1990.00,0.00,98033.00,47.70,-122.19,1980.00,9583.00
2781250110.00,20150428T000000,360000.00,4.00,2.50,2640.00,7388.00,2.00,0.00,0.00,3.00,7.00,2640.00,0.00,2003.00,0.00,98038.00,47.35,-122.03,2640.00,6383.00
4442800008.00,20140926T000000,369000.00,3.00,2.00,1340.00,1480.00,3.00,0.00,0.00,3.00,8.00,1340.00,0.00,1997.00,0.00,98117.00,47.69,-122.39,1340.00,1321.00
2619920110.00,20141230T000000,825000.00,4.00,2.50,3220.00,5262.00,2.00,0.00,0.00,3.00,9.00,3220.00,0.00,2003.00,0.00,98033.00,47.69,-122.16,3220.00,4921.00
7334501130.00,20141201T000000,255000.00,3.00,2.00,930.00,11475.00,1.00,0.00,0.00,3.00,7.00,930.00,0.00,1978.00,0.00,98045.00,47.46,-121.75,1280.00,11250.00
9471200115.00,20140528T000000,1285000.00,4.00,2.50,3240.00,10800.00,1.00,0.00,0.00,3.00,10.00,2260.00,980.00,1946.00,0.00,98105.00,47.67,-122.26,3490.00,10800.00
2597500090.00,20140808T000000,270000.00,5.00,2.50,2630.00,8470.00,1.50,0.00,0.00,4.00,8.00,2630.00,0.00,1968.00,0.00,98002.00,47.29,-122.20,1780.00,8575.00
8665050490.00,20140924T000000,480680.00,3.00,2.50,1730.00,4924.00,2.00,0.00,0.00,3.00,8.00,1730.00,0.00,1996.00,0.00,98029.00,47.57,-122.01,1610.00,4313.00
1736800740.00,20150303T000000,525000.00,4.00,1.75,2120.00,7725.00,1.00,0.00,0.00,3.00,8.00,1220.00,900.00,1965.00,0.00,98007.00,47.60,-122.14,2160.00,7725.00
6163901751.00,20140623T000000,291500.00,3.00,1.00,880.00,9238.00,1.50,0.00,0.00,5.00,6.00,880.00,0.00,1946.00,0.00,98155.00,47.75,-122.32,1170.00,9238.00
2323059184.00,20141230T000000,305000.00,4.00,2.00,1800.00,13551.00,1.00,0.00,0.00,4.00,7.00,1800.00,0.00,1974.00,0.00,98059.00,47.47,-122.13,1730.00,13551.00
7349650490.00,20150507T000000,285000.00,3.00,1.75,1600.00,7500.00,1.00,0.00,0.00,3.00,7.00,1600.00,0.00,1998.00,0.00,98002.00,47.28,-122.20,1620.00,7461.00
1025039086.00,20140916T000000,1875000.00,3.00,2.50,3280.00,29111.00,2.00,1.00,3.00,3.00,11.00,3280.00,0.00,1925.00,0.00,98199.00,47.67,-122.42,3530.00,21074.00
274100090.00,20150108T000000,329500.00,5.00,1.75,3290.00,8000.00,1.00,0.00,0.00,3.00,7.00,1790.00,1500.00,1968.00,0.00,98030.00,47.37,-122.21,2380.00,7000.00
3342104046.00,20140708T000000,1570000.00,4.00,2.25,2890.00,18226.00,3.00,1.00,4.00,3.00,10.00,2890.00,0.00,1984.00,0.00,98056.00,47.52,-122.21,2870.00,11151.00
7893801862.00,20140811T000000,379260.00,3.00,2.50,1730.00,7202.00,1.00,0.00,0.00,3.00,7.00,1330.00,400.00,1991.00,0.00,98198.00,47.41,-122.33,2100.00,8125.00
7852060490.00,20140709T000000,356000.00,3.00,2.50,1590.00,3411.00,2.00,0.00,0.00,3.00,7.00,1590.00,0.00,2000.00,0.00,98065.00,47.53,-121.88,1590.00,3411.00
7923300115.00,20141201T000000,571900.00,4.00,1.75,1710.00,8947.00,1.00,0.00,0.00,4.00,7.00,1710.00,0.00,1956.00,0.00,98007.00,47.59,-122.14,1360.00,10133.00
2868300115.00,20140821T000000,271500.00,3.00,1.75,1995.00,18360.00,2.00,0.00,0.00,3.00,7.00,1995.00,0.00,1957.00,0.00,98198.00,47.41,-122.32,1980.00,13640.00
9477001270.00,20150316T000000,390000.00,3.00,1.75,1300.00,10030.00,1.00,0.00,0.00,4.00,7.00,1300.00,0.00,1967.00,0.00,98034.00,47.74,-122.19,1520.00,7713.00
522069119.00,20150512T000000,550000.00,3.00,2.50,2720.00,62310.00,1.00,0.00,0.00,3.00,8.00,2040.00,680.00,1985.00,0.00,98038.00,47.42,-122.07,2770.00,204296.00
2025049175.00,20150105T000000,755000.00,2.00,2.50,1360.00,2070.00,2.00,0.00,0.00,3.00,8.00,1360.00,0.00,1999.00,0.00,98102.00,47.64,-122.33,1920.00,2092.00
2771604226.00,20141118T000000,509500.00,2.00,2.50,1590.00,1485.00,2.00,0.00,0.00,3.00,8.00,1300.00,290.00,1994.00,0.00,98199.00,47.64,-122.39,1880.00,3675.00
2917200615.00,20150325T000000,486700.00,2.00,1.00,1200.00,6278.00,1.00,0.00,0.00,3.00,7.00,1080.00,120.00,1942.00,0.00,98103.00,47.70,-122.35,1200.00,6211.00
9551201295.00,20140728T000000,527500.00,2.00,1.00,1170.00,3000.00,1.50,0.00,0.00,3.00,7.00,1170.00,0.00,1910.00,0.00,98103.00,47.67,-122.34,1530.00,4000.00
7443000985.00,20140815T000000,475000.00,5.00,2.50,2010.00,3600.00,1.50,0.00,0.00,3.00,6.00,1510.00,500.00,1912.00,0.00,98119.00,47.65,-122.37,1780.00,3600.00
3395041194.00,20140827T000000,268000.00,3.00,2.75,1880.00,1793.00,2.00,0.00,0.00,3.00,7.00,1810.00,70.00,2001.00,0.00,98108.00,47.54,-122.29,1800.00,2537.00
1024069162.00,20150416T000000,562000.00,3.00,2.00,3250.00,50529.00,2.00,0.00,0.00,4.00,8.00,3250.00,0.00,1978.00,0.00,98075.00,47.58,-122.02,2370.00,47480.00
5452800735.00,20140722T000000,780000.00,4.00,2.50,2270.00,13449.00,1.00,0.00,0.00,4.00,9.00,1310.00,960.00,1975.00,0.00,98040.00,47.54,-122.23,2810.00,13475.00
2902200015.00,20150106T000000,700000.00,9.00,3.00,3680.00,4400.00,2.00,0.00,0.00,3.00,7.00,2830.00,850.00,1908.00,0.00,98102.00,47.64,-122.32,1960.00,2450.00
1698900195.00,20140902T000000,710000.00,3.00,2.00,1880.00,3000.00,1.00,0.00,0.00,4.00,8.00,1040.00,840.00,1931.00,0.00,98109.00,47.64,-122.35,1790.00,3000.00
442000015.00,20140612T000000,445000.00,3.00,1.00,1050.00,5664.00,1.00,0.00,0.00,4.00,7.00,910.00,140.00,1947.00,0.00,98115.00,47.69,-122.29,1500.00,5664.00
222069058.00,20140915T000000,729000.00,3.00,3.25,2250.00,60548.00,1.00,0.00,0.00,3.00,9.00,2250.00,0.00,2005.00,0.00,98038.00,47.42,-122.01,2760.00,84070.00
2926049449.00,20140618T000000,384400.00,3.00,3.25,1689.00,1388.00,3.00,0.00,0.00,3.00,8.00,1689.00,0.00,2008.00,0.00,98125.00,47.72,-122.32,1459.00,1384.00
6071800100.00,20150327T000000,815000.00,6.00,3.00,2860.00,17853.00,1.00,0.00,0.00,3.00,8.00,1430.00,1430.00,1962.00,2015.00,98006.00,47.55,-122.18,1920.00,13452.00
4003000110.00,20141029T000000,865000.00,4.00,2.50,2710.00,4069.00,3.00,0.00,0.00,4.00,10.00,2710.00,0.00,1990.00,0.00,98122.00,47.60,-122.29,1810.00,3586.00
925059198.00,20140828T000000,514000.00,3.00,2.00,1770.00,7200.00,1.00,0.00,0.00,4.00,7.00,1770.00,0.00,1967.00,0.00,98033.00,47.66,-122.17,2250.00,11250.00
6072700110.00,20140520T000000,615000.00,4.00,2.75,2820.00,13193.00,1.00,0.00,0.00,3.00,8.00,1860.00,960.00,1965.00,0.00,98006.00,47.56,-122.17,2580.00,13193.00
1926069143.00,20141016T000000,865000.00,4.00,3.25,3400.00,99170.00,1.00,0.00,0.00,4.00,8.00,2000.00,1400.00,1980.00,0.00,98072.00,47.73,-122.10,3460.00,47920.00
2871000300.00,20141013T000000,755000.00,4.00,2.50,3110.00,6930.00,2.00,0.00,0.00,3.00,9.00,3110.00,0.00,2004.00,0.00,98052.00,47.70,-122.11,3090.00,7000.00
6163900301.00,20150427T000000,425000.00,4.00,1.00,1480.00,8321.00,1.00,0.00,0.00,3.00,7.00,1080.00,400.00,1953.00,0.00,98155.00,47.76,-122.32,1580.00,8502.00
4318200090.00,20140618T000000,375000.00,2.00,1.00,940.00,9839.00,1.00,0.00,0.00,3.00,6.00,940.00,0.00,1910.00,0.00,98136.00,47.54,-122.39,1330.00,8740.00
9526600090.00,20150424T000000,750000.00,4.00,2.50,2680.00,4548.00,2.00,0.00,0.00,3.00,8.00,2680.00,0.00,2009.00,0.00,98052.00,47.71,-122.11,2750.00,4548.00
629420100.00,20140926T000000,722000.00,4.00,2.75,3190.00,5408.00,2.00,0.00,0.00,3.00,9.00,3190.00,0.00,2005.00,0.00,98075.00,47.59,-121.99,3160.00,5773.00
6905200215.00,20150331T000000,1011000.00,3.00,2.50,1920.00,4480.00,2.00,0.00,1.00,3.00,9.00,1920.00,0.00,1949.00,1997.00,98119.00,47.65,-122.37,1790.00,4500.00
7202430110.00,20140625T000000,725000.00,3.00,2.50,2610.00,7510.00,2.00,0.00,0.00,3.00,9.00,2610.00,0.00,1996.00,0.00,98052.00,47.66,-122.14,2610.00,8458.00
87000245.00,20140930T000000,170000.00,3.00,0.75,1040.00,42180.00,1.00,0.00,0.00,2.00,6.00,1040.00,0.00,1947.00,0.00,98055.00,47.45,-122.20,1270.00,24090.00
6667400090.00,20150501T000000,845000.00,4.00,3.25,2880.00,35315.00,1.00,0.00,0.00,3.00,11.00,2270.00,610.00,1982.00,0.00,98005.00,47.66,-122.16,1910.00,167378.00
6802200100.00,20150115T000000,271900.00,3.00,2.00,1450.00,8771.00,2.00,0.00,0.00,4.00,7.00,1450.00,0.00,1991.00,0.00,98022.00,47.19,-121.99,1450.00,8653.00
913000315.00,20140605T000000,1300000.00,6.00,4.50,3902.00,3880.00,3.00,0.00,4.00,4.00,9.00,2782.00,1120.00,1977.00,0.00,98116.00,47.58,-122.40,1100.00,3870.00
8732030490.00,20141222T000000,261500.00,4.00,2.50,2460.00,7800.00,1.00,0.00,0.00,3.00,8.00,1500.00,960.00,1977.00,0.00,98023.00,47.31,-122.38,2210.00,7800.00
3629920600.00,20140516T000000,619500.00,3.00,2.50,2170.00,5000.00,2.00,0.00,0.00,3.00,9.00,2170.00,0.00,2003.00,0.00,98029.00,47.55,-122.00,2170.00,5000.00
1524079156.00,20140610T000000,435000.00,5.00,2.25,1970.00,15247.00,1.00,0.00,0.00,3.00,7.00,1450.00,520.00,1986.00,0.00,98024.00,47.57,-121.91,1300.00,10800.00
6450301690.00,20141003T000000,210000.00,3.00,1.00,1000.00,5454.00,1.00,0.00,0.00,3.00,7.00,1000.00,0.00,1954.00,0.00,98133.00,47.73,-122.34,1320.00,5250.00
5309101050.00,20141126T000000,489950.00,3.00,2.00,1580.00,4010.00,1.00,0.00,0.00,4.00,7.00,790.00,790.00,1909.00,0.00,98117.00,47.68,-122.37,1350.00,5350.00
8857600820.00,20140508T000000,260000.00,4.00,1.50,2130.00,8800.00,1.00,0.00,0.00,3.00,7.00,1100.00,1030.00,1962.00,0.00,98032.00,47.38,-122.29,1480.00,8120.00
3500100025.00,20140628T000000,300000.00,4.00,1.00,1370.00,8499.00,1.00,0.00,0.00,3.00,7.00,1370.00,0.00,1949.00,0.00,98155.00,47.74,-122.30,1370.00,8187.00
5152100110.00,20150422T000000,530000.00,4.00,2.00,2150.00,14161.00,1.00,0.00,2.00,3.00,8.00,1330.00,820.00,1966.00,0.00,98003.00,47.34,-122.32,2310.00,14034.00
3298600850.00,20141216T000000,235000.00,3.00,1.75,1370.00,14030.00,1.00,0.00,0.00,4.00,8.00,1370.00,0.00,1977.00,0.00,98092.00,47.30,-122.16,2100.00,15260.00
3856902250.00,20150105T000000,593500.00,3.00,1.00,1370.00,4000.00,2.00,0.00,0.00,4.00,8.00,1370.00,0.00,1918.00,0.00,98105.00,47.67,-122.32,1370.00,4000.00
8887001140.00,20140723T000000,562000.00,3.00,3.00,3290.00,80471.00,2.00,0.00,2.00,4.00,8.00,2330.00,960.00,1975.00,0.00,98070.00,47.50,-122.46,1830.00,30494.00
2621069066.00,20150427T000000,585000.00,3.00,2.00,3190.00,207346.00,2.00,0.00,0.00,3.00,9.00,3190.00,0.00,1994.00,0.00,98022.00,47.27,-122.02,2930.00,206474.00
251620090.00,20140530T000000,2400000.00,4.00,3.25,4140.00,20734.00,1.00,0.00,1.00,3.00,10.00,3300.00,840.00,1977.00,2005.00,98004.00,47.63,-122.22,4020.00,20008.00
3546000090.00,20150224T000000,199500.00,3.00,1.75,1690.00,8901.00,1.00,0.00,0.00,3.00,7.00,1690.00,0.00,1986.00,0.00,98030.00,47.35,-122.18,1690.00,7532.00
3359500755.00,20140902T000000,544500.00,5.00,1.00,1690.00,3240.00,1.50,0.00,0.00,3.00,7.00,1690.00,0.00,1914.00,0.00,98115.00,47.67,-122.33,1230.00,4500.00
3579800485.00,20150218T000000,394900.00,3.00,1.00,1430.00,13370.00,1.00,0.00,0.00,3.00,7.00,1430.00,0.00,1962.00,0.00,98034.00,47.73,-122.24,1670.00,10075.00
2919201335.00,20140731T000000,912000.00,4.00,3.75,1980.00,4095.00,2.00,0.00,0.00,3.00,9.00,1980.00,0.00,2009.00,0.00,98103.00,47.69,-122.36,1480.00,3840.00
1796370930.00,20140710T000000,260000.00,3.00,2.50,1490.00,8102.00,2.00,0.00,0.00,4.00,7.00,1490.00,0.00,1990.00,0.00,98042.00,47.37,-122.09,1640.00,7943.00
3864000090.00,20150219T000000,858000.00,5.00,3.00,3620.00,12778.00,1.00,0.00,2.00,5.00,8.00,1900.00,1720.00,1964.00,0.00,98006.00,47.55,-122.19,2930.00,10669.00
8651100110.00,20141209T000000,1275000.00,4.00,2.50,2720.00,16454.00,1.00,0.00,1.00,5.00,9.00,1870.00,850.00,1963.00,0.00,98040.00,47.55,-122.22,3560.00,15993.00
8731730590.00,20150513T000000,242150.00,4.00,1.75,1490.00,8544.00,1.00,0.00,0.00,4.00,7.00,1490.00,0.00,1970.00,0.00,98031.00,47.39,-122.17,1180.00,8372.00
1761100300.00,20141030T000000,220000.00,3.00,1.75,1230.00,7200.00,1.00,0.00,0.00,3.00,7.00,1230.00,0.00,1986.00,0.00,98023.00,47.29,-122.36,1540.00,7210.00
9542800820.00,20150430T000000,235000.00,3.00,2.00,1900.00,7980.00,1.00,0.00,0.00,4.00,7.00,1340.00,560.00,1977.00,0.00,98023.00,47.31,-122.37,1690.00,7840.00
2644900110.00,20141021T000000,370000.00,3.00,1.75,1530.00,10300.00,1.00,0.00,0.00,4.00,7.00,1530.00,0.00,1978.00,0.00,98133.00,47.78,-122.36,1940.00,9883.00
1626069198.00,20141003T000000,450000.00,3.00,1.75,2290.00,44866.00,1.00,0.00,0.00,3.00,8.00,1390.00,900.00,1981.00,0.00,98077.00,47.74,-122.04,2410.00,44866.00
5101408593.00,20140711T000000,534950.00,5.00,1.50,2240.00,6337.00,1.00,0.00,0.00,3.00,8.00,1280.00,960.00,1956.00,0.00,98125.00,47.70,-122.32,1870.00,6380.00
7853270100.00,20150315T000000,730000.00,4.00,2.50,3470.00,14271.00,2.00,0.00,0.00,3.00,9.00,3470.00,0.00,2005.00,0.00,98065.00,47.54,-121.88,3450.00,9380.00
3308030100.00,20140925T000000,465000.00,4.00,2.50,3050.00,32450.00,1.00,0.00,0.00,4.00,8.00,1550.00,1500.00,1983.00,0.00,98030.00,47.36,-122.21,2350.00,15390.00
1330280100.00,20140801T000000,178000.00,3.00,1.00,1100.00,5734.00,1.00,0.00,0.00,4.00,7.00,1100.00,0.00,1955.00,0.00,98030.00,47.36,-122.17,1770.00,6050.00
2212200090.00,20150209T000000,215000.00,3.00,1.00,1610.00,7140.00,1.00,0.00,0.00,3.00,7.00,1080.00,530.00,1976.00,0.00,98031.00,47.39,-122.19,1800.00,7600.00
9264921140.00,20150312T000000,300000.00,3.00,2.75,1910.00,15508.00,1.00,0.00,0.00,3.00,8.00,1210.00,700.00,1984.00,0.00,98023.00,47.31,-122.35,2450.00,7989.00
8902000068.00,20140515T000000,430000.00,3.00,2.00,1510.00,7066.00,1.00,0.00,2.00,3.00,7.00,1230.00,280.00,1973.00,0.00,98125.00,47.71,-122.30,1950.00,8089.00
7338000850.00,20140731T000000,183000.00,3.00,1.50,1280.00,4366.00,2.00,0.00,0.00,4.00,6.00,1280.00,0.00,1985.00,0.00,98002.00,47.34,-122.22,1280.00,4366.00
2770600853.00,20140612T000000,585000.00,3.00,2.50,1910.00,1501.00,2.50,0.00,0.00,3.00,8.00,1530.00,380.00,2007.00,0.00,98199.00,47.64,-122.39,1760.00,1750.00
4239400740.00,20140716T000000,192950.00,3.00,1.00,1170.00,3330.00,2.00,0.00,0.00,4.00,6.00,1170.00,0.00,1969.00,0.00,98092.00,47.32,-122.18,1090.00,3330.00
6184700100.00,20140926T000000,599000.00,2.00,1.00,1550.00,7713.00,1.00,0.00,0.00,3.00,7.00,1550.00,0.00,1930.00,1979.00,98117.00,47.70,-122.36,1340.00,6350.00
3157600615.00,20140708T000000,326500.00,3.00,1.00,1060.00,7920.00,1.00,0.00,0.00,4.00,7.00,1060.00,0.00,1968.00,0.00,98106.00,47.56,-122.36,1060.00,7457.00
6145601810.00,20140718T000000,358803.00,2.00,1.00,1040.00,5765.00,1.00,0.00,0.00,3.00,7.00,1040.00,0.00,1944.00,0.00,98133.00,47.70,-122.35,1040.00,3844.00
1235700042.00,20140528T000000,537000.00,3.00,2.50,1550.00,12920.00,2.00,0.00,0.00,5.00,7.00,1550.00,0.00,1999.00,0.00,98033.00,47.70,-122.19,2610.00,10800.00
7781600025.00,20141023T000000,1155000.00,3.00,2.50,2490.00,24691.00,1.00,1.00,4.00,4.00,9.00,1580.00,910.00,1961.00,0.00,98146.00,47.49,-122.36,2800.00,24121.00
7116500705.00,20150129T000000,156000.00,2.00,1.00,920.00,5889.00,1.00,0.00,0.00,4.00,6.00,920.00,0.00,1950.00,0.00,98002.00,47.30,-122.22,1210.00,6180.00
2320069206.00,20150325T000000,219000.00,3.00,1.00,1250.00,8276.00,1.50,0.00,0.00,5.00,6.00,1250.00,0.00,1939.00,0.00,98022.00,47.21,-122.00,1250.00,8792.00
1794501390.00,20150501T000000,1190000.00,3.00,1.50,2540.00,2700.00,2.00,0.00,0.00,4.00,8.00,1630.00,910.00,1922.00,0.00,98119.00,47.64,-122.36,2520.00,5400.00
2122059160.00,20150427T000000,248000.00,5.00,1.75,2190.00,16788.00,1.00,0.00,2.00,3.00,8.00,1380.00,810.00,1978.00,0.00,98030.00,47.38,-122.18,1920.00,8366.00
2421069039.00,20150209T000000,340000.00,3.00,1.75,1340.00,196020.00,1.00,0.00,0.00,4.00,7.00,1340.00,0.00,1987.00,0.00,98010.00,47.29,-121.99,2250.00,232230.00
5452800495.00,20150422T000000,899100.00,5.00,2.50,2410.00,15300.00,1.00,0.00,0.00,4.00,8.00,1400.00,1010.00,1975.00,0.00,98040.00,47.54,-122.23,2440.00,15300.00
4024100961.00,20140728T000000,346950.00,3.00,1.75,1830.00,10954.00,1.00,0.00,0.00,3.00,7.00,1830.00,0.00,1963.00,0.00,98155.00,47.76,-122.31,1850.00,8624.00
7857001560.00,20140917T000000,330000.00,3.00,1.00,1850.00,5775.00,2.00,0.00,0.00,3.00,6.00,1740.00,110.00,1928.00,0.00,98108.00,47.54,-122.30,1520.00,3578.00
9540100025.00,20140731T000000,325000.00,3.00,1.00,1410.00,8250.00,1.00,0.00,0.00,3.00,7.00,1410.00,0.00,1954.00,0.00,98177.00,47.76,-122.36,1580.00,8250.00
2473410740.00,20141027T000000,315000.00,3.00,1.75,1460.00,7884.00,1.00,0.00,0.00,3.00,8.00,1460.00,0.00,1975.00,0.00,98058.00,47.45,-122.13,2050.00,7210.00
2770604365.00,20140623T000000,649950.00,3.00,2.50,1500.00,1375.00,2.00,0.00,0.00,3.00,9.00,1200.00,300.00,2014.00,0.00,98119.00,47.65,-122.38,1680.00,1627.00
173000025.00,20140825T000000,316000.00,3.00,1.00,1130.00,7200.00,1.50,0.00,0.00,4.00,6.00,1130.00,0.00,1942.00,0.00,98133.00,47.73,-122.36,1350.00,1358.00
7853340490.00,20140617T000000,386000.00,2.00,2.50,1620.00,3196.00,2.00,0.00,0.00,3.00,8.00,1620.00,0.00,2008.00,0.00,98065.00,47.52,-121.88,1750.00,2828.00
239000115.00,20150408T000000,535000.00,2.00,1.75,2330.00,7280.00,1.00,0.00,0.00,3.00,7.00,1450.00,880.00,1982.00,0.00,98188.00,47.43,-122.28,1830.00,12178.00
9528101032.00,20150325T000000,600000.00,3.00,3.00,1520.00,1800.00,3.00,0.00,0.00,3.00,7.00,1520.00,0.00,2003.00,0.00,98115.00,47.68,-122.33,1520.00,1500.00
5416100110.00,20141118T000000,339000.00,4.00,2.50,2840.00,8746.00,2.00,0.00,0.00,3.00,8.00,2840.00,0.00,2001.00,0.00,98022.00,47.19,-122.01,2630.00,9900.00
4331000265.00,20140926T000000,167000.00,3.00,2.00,1520.00,7456.00,1.00,0.00,0.00,3.00,7.00,1520.00,0.00,1949.00,0.00,98166.00,47.47,-122.34,1740.00,8464.00
5249803885.00,20141215T000000,430000.00,3.00,1.00,1740.00,4800.00,1.00,0.00,0.00,3.00,8.00,1740.00,0.00,1952.00,0.00,98118.00,47.56,-122.27,1600.00,4800.00
7853301390.00,20140821T000000,688000.00,4.00,4.00,4000.00,9309.00,2.00,0.00,0.00,3.00,9.00,4000.00,0.00,2007.00,0.00,98065.00,47.54,-121.89,3920.00,8048.00
1376800025.00,20140908T000000,834500.00,3.00,2.25,2780.00,6000.00,1.00,0.00,3.00,4.00,9.00,1670.00,1110.00,1948.00,0.00,98199.00,47.64,-122.41,2780.00,6000.00
7639900025.00,20140628T000000,1075000.00,4.00,4.25,3500.00,8750.00,1.00,0.00,4.00,5.00,9.00,2140.00,1360.00,1951.00,0.00,98177.00,47.72,-122.37,3110.00,8750.00
2822059262.00,20141201T000000,250000.00,3.00,1.00,1060.00,52272.00,1.00,0.00,0.00,3.00,7.00,1060.00,0.00,1960.00,0.00,98030.00,47.36,-122.18,1900.00,5971.00
8113100850.00,20150410T000000,402500.00,3.00,1.00,1290.00,4000.00,1.50,0.00,0.00,3.00,7.00,1290.00,0.00,1926.00,0.00,98118.00,47.55,-122.28,1160.00,5040.00
565300110.00,20141216T000000,432500.00,3.00,2.50,2390.00,6435.00,1.00,0.00,0.00,3.00,8.00,1600.00,790.00,1978.00,0.00,98034.00,47.73,-122.19,2020.00,7300.00
1887000100.00,20140814T000000,485000.00,5.00,1.75,2460.00,14100.00,1.00,0.00,0.00,3.00,7.00,1380.00,1080.00,1972.00,0.00,98028.00,47.75,-122.22,2028.00,11078.00
8731990090.00,20140820T000000,560000.00,4.00,2.75,2930.00,22000.00,1.00,0.00,3.00,4.00,9.00,1580.00,1350.00,1978.00,0.00,98023.00,47.32,-122.38,2930.00,9758.00
3432500705.00,20141021T000000,410000.00,4.00,2.25,2200.00,8292.00,2.00,0.00,0.00,3.00,7.00,2200.00,0.00,1990.00,0.00,98155.00,47.75,-122.32,1090.00,8290.00
1015500300.00,20140515T000000,455000.00,3.00,2.50,1870.00,7344.00,1.00,0.00,0.00,3.00,8.00,1470.00,400.00,1980.00,0.00,98034.00,47.73,-122.21,1930.00,7344.00
3972300100.00,20141229T000000,459500.00,4.00,2.50,2060.00,8968.00,1.00,0.00,0.00,4.00,7.00,1190.00,870.00,1975.00,0.00,98155.00,47.77,-122.32,1350.00,8972.00
3876300600.00,20141212T000000,371000.00,4.00,1.75,1610.00,11305.00,1.00,0.00,0.00,3.00,7.00,1610.00,0.00,1968.00,0.00,98034.00,47.73,-122.18,1870.00,11850.00
2111010940.00,20150220T000000,289500.00,3.00,2.25,2120.00,3400.00,2.00,0.00,0.00,3.00,7.00,2120.00,0.00,2002.00,0.00,98092.00,47.34,-122.17,2420.00,3400.00
2771102158.00,20141021T000000,395000.00,3.00,3.50,1450.00,1263.00,2.00,0.00,0.00,3.00,8.00,1160.00,290.00,2007.00,0.00,98199.00,47.65,-122.38,1390.00,1282.00
1498304065.00,20140614T000000,496752.00,2.00,1.00,1980.00,5000.00,1.00,0.00,0.00,4.00,7.00,1090.00,890.00,1923.00,0.00,98144.00,47.59,-122.30,1720.00,5000.00
6150200375.00,20141001T000000,227000.00,2.00,1.00,860.00,6800.00,1.00,0.00,0.00,3.00,6.00,860.00,0.00,1943.00,0.00,98133.00,47.73,-122.34,1220.00,6800.00
3343901340.00,20140804T000000,330000.00,3.00,1.75,1460.00,9261.00,1.00,0.00,0.00,3.00,7.00,1460.00,0.00,1985.00,0.00,98056.00,47.52,-122.19,1550.00,8800.00
4037800015.00,20150123T000000,480000.00,5.00,2.00,2590.00,8610.00,1.00,0.00,0.00,4.00,7.00,1340.00,1250.00,1958.00,0.00,98008.00,47.61,-122.13,1750.00,8610.00
1626079066.00,20140806T000000,290000.00,2.00,1.00,1120.00,217800.00,1.00,0.00,0.00,3.00,6.00,1120.00,0.00,1976.00,0.00,98019.00,47.74,-121.91,1480.00,217800.00
6200017.00,20141112T000000,281000.00,3.00,1.00,1340.00,21336.00,1.50,0.00,0.00,4.00,5.00,1340.00,0.00,1945.00,0.00,98032.00,47.40,-122.27,1340.00,37703.00
5249805090.00,20150407T000000,705000.00,4.00,1.50,1780.00,3120.00,1.50,0.00,3.00,3.00,8.00,1780.00,0.00,1926.00,0.00,98118.00,47.56,-122.26,1710.00,3600.00
4217401055.00,20140502T000000,1400000.00,4.00,2.50,2920.00,4000.00,1.50,0.00,0.00,5.00,8.00,1910.00,1010.00,1909.00,0.00,98105.00,47.66,-122.28,2470.00,4000.00
7738500475.00,20141212T000000,485000.00,4.00,3.25,2820.00,6611.00,1.00,0.00,0.00,3.00,7.00,1410.00,1410.00,1958.00,0.00,98155.00,47.75,-122.29,2320.00,6611.00
2767603250.00,20150309T000000,622000.00,3.00,2.25,1550.00,1919.00,3.00,0.00,0.00,3.00,8.00,1550.00,0.00,2003.00,0.00,98107.00,47.67,-122.38,1550.00,2918.00
2620069113.00,20140902T000000,380000.00,3.00,2.25,1600.00,39848.00,1.00,0.00,3.00,4.00,8.00,1600.00,0.00,1958.00,0.00,98022.00,47.20,-122.01,1600.00,39848.00
3760500336.00,20141126T000000,2125000.00,4.00,2.75,3190.00,19513.00,2.00,0.00,4.00,4.00,10.00,3190.00,0.00,1982.00,0.00,98034.00,47.70,-122.24,2750.00,13496.00
5101404563.00,20140627T000000,561500.00,3.00,1.75,1960.00,6380.00,1.00,0.00,0.00,4.00,7.00,980.00,980.00,1939.00,0.00,98115.00,47.70,-122.32,1480.00,6380.00
9407000600.00,20140916T000000,242000.00,3.00,1.00,970.00,9600.00,1.00,0.00,0.00,3.00,7.00,970.00,0.00,1972.00,0.00,98045.00,47.45,-121.77,1110.00,9600.00
9353300600.00,20140624T000000,348500.00,3.00,1.50,1360.00,10726.00,1.00,0.00,0.00,4.00,7.00,1360.00,0.00,1966.00,0.00,98059.00,47.49,-122.13,1650.00,10726.00
9353300600.00,20150326T000000,370000.00,3.00,1.50,1360.00,10726.00,1.00,0.00,0.00,4.00,7.00,1360.00,0.00,1966.00,0.00,98059.00,47.49,-122.13,1650.00,10726.00
993000090.00,20150414T000000,752000.00,6.00,3.75,3810.00,6663.00,2.00,0.00,0.00,4.00,8.00,3810.00,0.00,1977.00,0.00,98103.00,47.69,-122.34,1610.00,4561.00
1796361140.00,20141031T000000,230000.00,3.00,1.75,1340.00,8250.00,1.00,0.00,0.00,3.00,7.00,1100.00,240.00,1985.00,0.00,98042.00,47.37,-122.09,1540.00,7860.00
1112000031.00,20150318T000000,715000.00,3.00,2.25,1990.00,4977.00,3.00,0.00,0.00,3.00,9.00,1990.00,0.00,2012.00,0.00,98118.00,47.54,-122.27,1280.00,5000.00
2822049160.00,20150417T000000,240415.00,3.00,1.75,1120.00,10187.00,1.00,0.00,0.00,3.00,7.00,1120.00,0.00,1968.00,0.00,98198.00,47.37,-122.31,1900.00,8736.00
3856904560.00,20141125T000000,562000.00,4.00,1.75,2060.00,4080.00,1.50,0.00,0.00,3.00,7.00,1460.00,600.00,1922.00,1996.00,98105.00,47.67,-122.33,1620.00,4080.00
2492200956.00,20140805T000000,360000.00,3.00,1.50,1170.00,4080.00,1.00,0.00,0.00,5.00,6.00,1170.00,0.00,1917.00,0.00,98126.00,47.53,-122.38,920.00,4242.00
2770604079.00,20141029T000000,659950.00,3.00,2.50,1610.00,1246.00,2.00,0.00,1.00,3.00,9.00,1080.00,530.00,2014.00,0.00,98119.00,47.64,-122.38,1610.00,1249.00
2719100042.00,20140623T000000,458500.00,3.00,2.00,1890.00,1599.00,2.00,0.00,0.00,3.00,9.00,1430.00,460.00,2012.00,0.00,98136.00,47.54,-122.39,1780.00,1562.00
7899800864.00,20150305T000000,259950.00,2.00,2.00,1070.00,649.00,2.00,0.00,0.00,3.00,9.00,720.00,350.00,2008.00,0.00,98106.00,47.52,-122.36,1070.00,928.00
9485750110.00,20140918T000000,366000.00,3.00,1.75,1680.00,6108.00,1.00,0.00,0.00,3.00,8.00,1680.00,0.00,1989.00,0.00,98055.00,47.45,-122.21,2220.00,5664.00
2024059058.00,20150428T000000,978000.00,4.00,2.75,2890.00,7821.00,2.00,0.00,0.00,3.00,9.00,2890.00,0.00,2014.00,0.00,98006.00,47.55,-122.19,2890.00,10108.00
7977201865.00,20150421T000000,525000.00,2.00,1.00,1360.00,6120.00,1.00,0.00,0.00,3.00,7.00,1060.00,300.00,1947.00,0.00,98115.00,47.68,-122.29,1800.00,5100.00
4232900940.00,20140522T000000,926300.00,3.00,1.50,1660.00,4800.00,2.00,0.00,0.00,3.00,8.00,1660.00,0.00,1907.00,0.00,98119.00,47.64,-122.36,1690.00,4000.00
3364900375.00,20150423T000000,750000.00,2.00,1.00,1620.00,6120.00,1.00,0.00,0.00,3.00,7.00,1620.00,0.00,1951.00,0.00,98115.00,47.67,-122.33,1650.00,4590.00
4151800375.00,20141204T000000,660000.00,2.00,1.00,960.00,6263.00,1.00,0.00,1.00,4.00,6.00,960.00,0.00,1942.00,0.00,98033.00,47.66,-122.20,1460.00,6054.00
2610100015.00,20140813T000000,305000.00,4.00,1.75,1000.00,7200.00,1.50,0.00,0.00,4.00,6.00,1000.00,0.00,1947.00,0.00,98155.00,47.74,-122.32,1280.00,7200.00
8682230590.00,20150426T000000,800000.00,2.00,2.50,2395.00,6143.00,1.00,0.00,0.00,3.00,8.00,2395.00,0.00,2003.00,0.00,98053.00,47.71,-122.03,2170.00,6162.00
3876100940.00,20150427T000000,600000.00,4.00,1.75,3050.00,9440.00,1.00,0.00,0.00,3.00,8.00,1800.00,1250.00,1966.00,0.00,98034.00,47.72,-122.18,2020.00,8660.00
1221079058.00,20140827T000000,435000.00,2.00,1.00,1120.00,88327.00,1.50,0.00,0.00,4.00,6.00,1120.00,0.00,1972.00,0.00,98010.00,47.32,-121.87,1640.00,136662.00
2770605550.00,20150310T000000,1135000.00,4.00,3.25,2960.00,4296.00,2.00,0.00,0.00,3.00,9.00,2190.00,770.00,2007.00,0.00,98119.00,47.65,-122.37,2150.00,6000.00
4468400214.00,20141010T000000,318000.00,3.00,2.25,1250.00,1017.00,3.00,0.00,0.00,3.00,8.00,1250.00,0.00,2008.00,0.00,98133.00,47.71,-122.33,1250.00,1017.00
2767705010.00,20141006T000000,639000.00,4.00,2.00,1940.00,5000.00,1.00,0.00,0.00,4.00,7.00,980.00,960.00,1910.00,0.00,98107.00,47.67,-122.37,1940.00,5000.00
5422560930.00,20150316T000000,453000.00,3.00,2.50,1750.00,3900.00,2.00,0.00,0.00,3.00,8.00,1750.00,0.00,1977.00,0.00,98052.00,47.66,-122.13,1750.00,5700.00
824059211.00,20141117T000000,800000.00,4.00,1.75,2150.00,9148.00,1.00,0.00,0.00,4.00,7.00,2150.00,0.00,1955.00,0.00,98004.00,47.58,-122.20,2370.00,9148.00
6825100015.00,20140604T000000,437000.00,2.00,1.75,1500.00,6800.00,1.00,0.00,0.00,4.00,7.00,910.00,590.00,1942.00,0.00,98117.00,47.70,-122.37,1450.00,6800.00
4166600115.00,20141121T000000,1150000.00,3.00,2.75,3230.00,75889.00,2.00,1.00,4.00,3.00,7.00,3230.00,0.00,1925.00,1993.00,98023.00,47.33,-122.37,2560.00,72229.00
3574801500.00,20140926T000000,490000.00,4.00,2.50,3000.00,8645.00,2.00,0.00,0.00,3.00,8.00,3000.00,0.00,1985.00,0.00,98034.00,47.73,-122.22,1930.00,8866.00
9477001140.00,20140710T000000,499950.00,4.00,1.75,1520.00,7700.00,1.00,0.00,0.00,4.00,7.00,1520.00,0.00,1967.00,0.00,98034.00,47.74,-122.19,1520.00,7500.00
3384300100.00,20141226T000000,160134.00,3.00,1.50,1190.00,10116.00,1.00,0.00,0.00,3.00,7.00,1190.00,0.00,1968.00,0.00,98042.00,47.39,-122.09,1190.00,9905.00
6123600100.00,20141215T000000,191000.00,3.00,1.00,990.00,8255.00,1.00,0.00,0.00,3.00,7.00,990.00,0.00,1953.00,0.00,98148.00,47.43,-122.33,1180.00,9750.00
1311300100.00,20150115T000000,221000.00,3.00,1.00,1250.00,7280.00,1.00,0.00,0.00,3.00,7.00,1250.00,0.00,1965.00,0.00,98001.00,47.34,-122.29,1450.00,7350.00
3812400854.00,20141028T000000,352800.00,4.00,2.00,2080.00,6360.00,1.00,0.00,0.00,3.00,7.00,1330.00,750.00,1960.00,0.00,98118.00,47.54,-122.28,2080.00,6741.00
1326069188.00,20150511T000000,350000.00,3.00,2.50,1640.00,10424.00,2.00,0.00,0.00,3.00,7.00,1640.00,0.00,1988.00,0.00,98019.00,47.73,-121.98,1560.00,10101.00
3131201865.00,20140617T000000,458000.00,4.00,1.50,1550.00,3000.00,1.50,0.00,0.00,3.00,7.00,1350.00,200.00,1918.00,0.00,98105.00,47.66,-122.32,1710.00,5535.00
321059059.00,20140519T000000,359950.00,3.00,1.00,1290.00,189486.00,1.00,0.00,0.00,4.00,7.00,1290.00,0.00,1960.00,0.00,98092.00,47.34,-122.16,2370.00,98881.00
223039330.00,20150407T000000,1050000.00,3.00,3.00,3250.00,5093.00,2.00,0.00,3.00,3.00,10.00,3250.00,0.00,2004.00,0.00,98146.00,47.51,-122.39,2820.00,7752.00
7857000900.00,20140724T000000,353000.00,3.00,1.75,1260.00,11775.00,1.00,0.00,0.00,5.00,6.00,1260.00,0.00,1942.00,0.00,98108.00,47.55,-122.30,1270.00,5480.00
8109800110.00,20140801T000000,717550.00,3.00,3.50,2840.00,4468.00,3.00,0.00,0.00,3.00,10.00,2840.00,0.00,2006.00,0.00,98052.00,47.71,-122.12,3040.00,5400.00
5422560900.00,20140807T000000,450000.00,3.00,2.25,1960.00,6500.00,2.00,0.00,0.00,4.00,8.00,1960.00,0.00,1977.00,0.00,98052.00,47.66,-122.13,1860.00,6160.00
3332000195.00,20140924T000000,167500.00,3.00,1.00,760.00,3090.00,1.00,0.00,0.00,2.00,5.00,760.00,0.00,1903.00,0.00,98118.00,47.55,-122.28,1020.00,5356.00
2423029245.00,20140617T000000,550000.00,3.00,1.75,2240.00,78225.00,2.00,0.00,0.00,5.00,8.00,2240.00,0.00,1976.00,0.00,98070.00,47.46,-122.48,2030.00,202554.00
8651600110.00,20150421T000000,939000.00,4.00,2.25,2240.00,9684.00,2.00,0.00,0.00,4.00,9.00,2240.00,0.00,1970.00,0.00,98040.00,47.55,-122.23,2440.00,9618.00
7902200015.00,20150429T000000,700000.00,3.00,1.75,1820.00,15570.00,1.00,0.00,2.00,3.00,8.00,1820.00,0.00,1948.00,0.00,98146.00,47.51,-122.39,2490.00,9480.00
3523089019.00,20140519T000000,480000.00,4.00,3.50,3370.00,435600.00,2.00,0.00,3.00,3.00,9.00,3370.00,0.00,2005.00,0.00,98045.00,47.44,-121.74,2790.00,114868.00
8827900015.00,20140829T000000,501000.00,3.00,1.00,1160.00,4360.00,1.00,0.00,0.00,4.00,8.00,1160.00,0.00,1929.00,0.00,98105.00,47.67,-122.29,1810.00,4360.00
9237800100.00,20150204T000000,580000.00,3.00,2.25,1640.00,8625.00,1.00,0.00,0.00,3.00,8.00,1320.00,320.00,1987.00,0.00,98052.00,47.68,-122.15,1770.00,9476.00
2724089019.00,20140523T000000,527550.00,1.00,0.75,820.00,59677.00,1.00,0.00,0.00,3.00,5.00,820.00,0.00,1999.00,0.00,98065.00,47.53,-121.76,1590.00,14163.00
5416501030.00,20141124T000000,399000.00,4.00,2.50,2800.00,4687.00,2.00,0.00,0.00,3.00,9.00,2800.00,0.00,2005.00,0.00,98038.00,47.36,-122.04,2750.00,4750.00
7211402305.00,20150415T000000,240000.00,3.00,1.75,1780.00,5000.00,1.50,0.00,0.00,3.00,6.00,1080.00,700.00,1957.00,0.00,98146.00,47.51,-122.36,1500.00,5000.00
1221059176.00,20150311T000000,353000.00,4.00,2.75,2200.00,268329.00,1.00,0.00,0.00,3.00,7.00,1410.00,790.00,1989.00,0.00,98092.00,47.32,-122.12,2240.00,58806.00
7549802600.00,20140528T000000,335000.00,4.00,2.00,1480.00,3132.00,1.00,0.00,0.00,5.00,6.00,740.00,740.00,1910.00,0.00,98108.00,47.55,-122.31,1480.00,6420.00
4112100165.00,20150317T000000,475000.00,3.00,3.00,2010.00,2554.00,2.00,0.00,0.00,3.00,7.00,1860.00,150.00,2001.00,0.00,98118.00,47.55,-122.27,1370.00,5100.00
7518506595.00,20140826T000000,660000.00,3.00,2.00,2880.00,5100.00,1.50,0.00,0.00,4.00,7.00,2080.00,800.00,1926.00,0.00,98117.00,47.68,-122.39,1820.00,5100.00
2767602490.00,20140724T000000,551000.00,3.00,1.00,940.00,1948.00,1.00,0.00,0.00,5.00,6.00,940.00,0.00,1900.00,0.00,98107.00,47.67,-122.38,1700.00,5000.00
3821000100.00,20150320T000000,249950.00,4.00,1.75,1620.00,10530.00,1.00,0.00,0.00,3.00,7.00,1620.00,0.00,1968.00,0.00,98030.00,47.38,-122.21,1890.00,9975.00
524069019.00,20141120T000000,1150000.00,4.00,3.25,4400.00,262666.00,2.00,0.00,0.00,3.00,11.00,4400.00,0.00,1988.00,0.00,98075.00,47.59,-122.06,3240.00,9791.00
1492800296.00,20140703T000000,575000.00,3.00,1.75,1530.00,6743.00,1.00,0.00,0.00,3.00,7.00,1410.00,120.00,1955.00,0.00,98116.00,47.57,-122.40,2040.00,6000.00
7855900110.00,20140718T000000,1088890.00,4.00,2.75,3460.00,11350.00,1.00,0.00,4.00,4.00,9.00,1780.00,1680.00,1974.00,0.00,98006.00,47.57,-122.15,3200.00,13874.00
7853290090.00,20141118T000000,515000.00,4.00,2.50,2890.00,7306.00,2.00,0.00,0.00,3.00,7.00,2890.00,0.00,2006.00,0.00,98065.00,47.54,-121.88,2850.00,6687.00
2123049175.00,20141210T000000,235000.00,3.00,1.50,1980.00,11214.00,1.00,0.00,0.00,3.00,7.00,1980.00,0.00,1959.00,0.00,98168.00,47.47,-122.30,1510.00,9072.00
2025049064.00,20140915T000000,796000.00,3.00,1.00,1980.00,3243.00,1.50,0.00,0.00,3.00,8.00,1980.00,0.00,1912.00,0.00,98102.00,47.64,-122.33,1380.00,1249.00
6046401105.00,20150423T000000,450000.00,2.00,1.50,1450.00,2550.00,1.00,0.00,0.00,3.00,7.00,820.00,630.00,1984.00,0.00,98103.00,47.69,-122.35,1450.00,5100.00
3505100756.00,20141106T000000,2050000.00,4.00,3.00,4280.00,18834.00,1.00,0.00,4.00,5.00,11.00,2180.00,2100.00,1971.00,0.00,98116.00,47.58,-122.40,2490.00,8858.00
5468730110.00,20140508T000000,270000.00,4.00,2.50,1810.00,6509.00,2.00,0.00,0.00,3.00,7.00,1810.00,0.00,1994.00,0.00,98042.00,47.35,-122.14,1760.00,7417.00
5154200015.00,20150414T000000,1705000.00,3.00,3.00,2490.00,27702.00,2.00,1.00,4.00,3.00,10.00,2490.00,0.00,2000.00,0.00,98116.00,47.56,-122.40,2580.00,12119.00
9285800590.00,20150309T000000,565000.00,3.00,1.00,1610.00,4108.00,1.50,0.00,0.00,5.00,7.00,1610.00,0.00,1928.00,0.00,98126.00,47.57,-122.38,1680.00,4467.00
4083304190.00,20140804T000000,680000.00,1.00,2.50,1820.00,3008.00,2.00,0.00,0.00,3.00,7.00,1090.00,730.00,1910.00,2004.00,98103.00,47.65,-122.34,1860.00,3420.00
2470100110.00,20140804T000000,5570000.00,5.00,5.75,9200.00,35069.00,2.00,0.00,0.00,3.00,13.00,6200.00,3000.00,2001.00,0.00,98039.00,47.63,-122.23,3560.00,24345.00
7574910490.00,20141114T000000,864500.00,4.00,2.50,3520.00,35991.00,2.00,0.00,0.00,4.00,10.00,3520.00,0.00,1992.00,0.00,98077.00,47.74,-122.04,3210.00,35991.00
868001030.00,20140915T000000,1150000.00,4.00,2.25,3740.00,18000.00,1.00,0.00,0.00,4.00,9.00,1870.00,1870.00,1951.00,0.00,98177.00,47.70,-122.38,2610.00,10902.00
8108600464.00,20140515T000000,335000.00,3.00,2.25,2150.00,30476.00,2.00,0.00,0.00,3.00,7.00,2150.00,0.00,1991.00,0.00,98188.00,47.46,-122.28,2010.00,10800.00
3295610490.00,20150504T000000,911000.00,4.00,3.25,3526.00,15958.00,2.00,0.00,0.00,3.00,10.00,3526.00,0.00,1997.00,0.00,98075.00,47.57,-122.03,3639.00,15090.00
5013500110.00,20141112T000000,425000.00,2.00,1.00,1070.00,6625.00,1.00,0.00,0.00,3.00,7.00,830.00,240.00,1950.00,0.00,98116.00,47.57,-122.39,1310.00,6625.00
3223069019.00,20141029T000000,299950.00,3.00,1.00,1410.00,81021.00,1.00,0.00,0.00,3.00,7.00,1410.00,0.00,1949.00,1981.00,98058.00,47.43,-122.07,2000.00,81021.00
2725069085.00,20141208T000000,864000.00,4.00,2.50,3190.00,49658.00,2.00,0.00,0.00,3.00,10.00,3190.00,0.00,1999.00,0.00,98074.00,47.62,-122.02,3040.00,49658.00
6821600265.00,20150305T000000,425000.00,2.00,1.00,1270.00,6000.00,1.00,0.00,0.00,3.00,7.00,1270.00,0.00,1939.00,0.00,98199.00,47.65,-122.39,1770.00,6000.00
1471701780.00,20140814T000000,374950.00,4.00,1.50,1970.00,14490.00,1.50,0.00,0.00,4.00,7.00,1970.00,0.00,1963.00,0.00,98059.00,47.46,-122.07,1880.00,14880.00
9835800750.00,20141203T000000,247000.00,3.00,2.25,1640.00,7630.00,1.00,0.00,0.00,4.00,8.00,1180.00,460.00,1968.00,0.00,98032.00,47.37,-122.29,1930.00,7630.00
8835900015.00,20141212T000000,475000.00,3.00,1.00,1600.00,7161.00,1.00,0.00,0.00,3.00,8.00,1600.00,0.00,1953.00,0.00,98118.00,47.55,-122.26,1760.00,8280.00
806800110.00,20140801T000000,275000.00,3.00,2.50,3020.00,5868.00,2.00,0.00,0.00,3.00,7.00,3020.00,0.00,2003.00,0.00,98092.00,47.34,-122.18,2710.00,5470.00
826069002.00,20141029T000000,355000.00,2.00,1.00,1350.00,368517.00,1.00,0.00,0.00,3.00,6.00,1350.00,0.00,1947.00,0.00,98077.00,47.76,-122.06,2330.00,104108.00
2222059064.00,20150318T000000,285000.00,4.00,1.75,1870.00,22072.00,1.00,0.00,0.00,3.00,7.00,1070.00,800.00,1959.00,0.00,98042.00,47.38,-122.17,2100.00,10185.00
7781600100.00,20140905T000000,1338750.00,3.00,2.75,2730.00,38869.00,1.50,1.00,4.00,3.00,9.00,1940.00,790.00,1963.00,2001.00,98146.00,47.49,-122.36,2630.00,28188.00
4047200265.00,20140811T000000,325000.00,2.00,1.00,1100.00,17817.00,1.00,0.00,0.00,3.00,7.00,620.00,480.00,1980.00,0.00,98019.00,47.77,-121.90,1790.00,20009.00
2125059013.00,20150420T000000,1670000.00,5.00,3.50,4320.00,40816.00,2.00,0.00,0.00,4.00,11.00,4320.00,0.00,1997.00,0.00,98004.00,47.64,-122.19,4320.00,44584.00
2011400583.00,20140606T000000,402000.00,3.00,2.50,2700.00,9994.00,1.00,0.00,3.00,4.00,7.00,1350.00,1350.00,1959.00,0.00,98198.00,47.40,-122.32,2470.00,10664.00
3526039160.00,20140814T000000,1100000.00,3.00,3.00,3700.00,16857.00,1.00,0.00,0.00,3.00,10.00,2170.00,1530.00,2000.00,0.00,98117.00,47.70,-122.39,2320.00,12000.00
8718500495.00,20140730T000000,375000.00,4.00,1.75,2190.00,9225.00,1.00,0.00,0.00,4.00,7.00,1250.00,940.00,1959.00,0.00,98028.00,47.74,-122.26,2190.00,9225.00
3815500165.00,20140911T000000,396000.00,5.00,2.75,2840.00,12253.00,1.00,0.00,0.00,3.00,7.00,1420.00,1420.00,1960.00,0.00,98028.00,47.76,-122.25,2210.00,11620.00
5104450690.00,20140716T000000,320000.00,4.00,2.75,2610.00,9077.00,1.00,0.00,0.00,4.00,8.00,1310.00,1300.00,1987.00,0.00,98058.00,47.46,-122.15,1900.00,10500.00
7202260300.00,20140709T000000,610000.00,3.00,2.50,2630.00,5827.00,2.00,0.00,0.00,3.00,8.00,2630.00,0.00,2001.00,0.00,98053.00,47.69,-122.04,2330.00,4715.00
1423600300.00,20141117T000000,249950.00,3.00,1.50,1090.00,7698.00,1.00,0.00,0.00,5.00,7.00,1090.00,0.00,1966.00,0.00,98058.00,47.46,-122.17,1540.00,7624.00
1796100015.00,20150423T000000,675000.00,4.00,3.50,3090.00,100835.00,2.00,0.00,0.00,3.00,9.00,3090.00,0.00,1999.00,0.00,98092.00,47.31,-122.09,2400.00,50543.00
3874900090.00,20150326T000000,448000.00,2.00,2.00,1670.00,7772.00,1.00,0.00,0.00,4.00,6.00,860.00,810.00,1919.00,0.00,98126.00,47.55,-122.38,1300.00,7770.00
4232902615.00,20150428T000000,819000.00,3.00,1.00,1300.00,3600.00,2.00,0.00,0.00,3.00,7.00,1300.00,0.00,1900.00,0.00,98119.00,47.63,-122.37,2510.00,4800.00
3585900495.00,20141110T000000,1250000.00,3.00,2.50,3670.00,18505.00,1.00,0.00,4.00,3.00,10.00,2530.00,1140.00,1983.00,0.00,98177.00,47.76,-122.38,2920.00,20000.00
3790700110.00,20141201T000000,225000.00,4.00,2.50,1700.00,6031.00,2.00,0.00,0.00,3.00,8.00,1700.00,0.00,1994.00,0.00,98030.00,47.36,-122.19,1930.00,6035.00
3626079040.00,20140730T000000,790000.00,2.00,3.00,2560.00,982278.00,1.00,0.00,0.00,3.00,8.00,2560.00,0.00,2004.00,0.00,98014.00,47.70,-121.86,1620.00,40946.00
2461900375.00,20150414T000000,685000.00,4.00,2.50,2770.00,6000.00,2.00,0.00,0.00,3.00,8.00,2400.00,370.00,1993.00,0.00,98136.00,47.55,-122.38,2120.00,6000.00
8651611690.00,20140620T000000,812000.00,3.00,3.25,3240.00,8338.00,2.00,0.00,0.00,3.00,9.00,3240.00,0.00,2001.00,0.00,98074.00,47.63,-122.06,3420.00,8405.00
8682301050.00,20141202T000000,705000.00,2.00,2.50,2300.00,6400.00,1.00,0.00,0.00,3.00,8.00,2300.00,0.00,2007.00,0.00,98053.00,47.72,-122.02,2300.00,6400.00
1858600042.00,20150429T000000,360000.00,4.00,3.00,2483.00,6870.00,2.00,0.00,0.00,3.00,8.00,2483.00,0.00,2005.00,0.00,98030.00,47.36,-122.20,1943.00,6434.00
2767604252.00,20150112T000000,344000.00,1.00,1.50,760.00,779.00,3.00,0.00,0.00,3.00,8.00,760.00,0.00,2006.00,0.00,98107.00,47.67,-122.38,1290.00,1189.00
1954700615.00,20141022T000000,825000.00,4.00,1.50,2040.00,6900.00,2.00,0.00,0.00,3.00,9.00,2040.00,0.00,1903.00,0.00,98112.00,47.62,-122.29,3150.00,8220.00
6844702690.00,20150427T000000,476500.00,3.00,1.00,1200.00,6120.00,1.00,0.00,0.00,4.00,7.00,950.00,250.00,1945.00,0.00,98115.00,47.69,-122.29,1550.00,6120.00
2695600195.00,20141124T000000,379500.00,2.00,1.00,960.00,5096.00,1.00,0.00,0.00,5.00,7.00,960.00,0.00,1949.00,0.00,98126.00,47.53,-122.38,1760.00,4488.00
426059055.00,20141003T000000,620000.00,3.00,1.75,2410.00,35236.00,1.00,0.00,0.00,3.00,8.00,2410.00,0.00,1980.00,2001.00,98072.00,47.77,-122.17,2110.00,16980.00
1769600147.00,20140731T000000,477590.00,3.00,3.25,2260.00,7701.00,2.00,0.00,0.00,3.00,8.00,1760.00,500.00,2000.00,0.00,98146.00,47.51,-122.38,1880.00,7529.00
9268200300.00,20140520T000000,490000.00,3.00,1.00,1910.00,8190.00,1.00,0.00,0.00,4.00,7.00,1010.00,900.00,1946.00,0.00,98117.00,47.70,-122.37,1600.00,5042.00
3052700855.00,20140628T000000,470000.00,3.00,1.50,1500.00,5000.00,1.50,0.00,0.00,4.00,7.00,1140.00,360.00,1927.00,0.00,98117.00,47.68,-122.37,1500.00,5000.00
9828702262.00,20140724T000000,500000.00,3.00,2.25,1360.00,1236.00,2.00,0.00,0.00,3.00,8.00,1140.00,220.00,2006.00,0.00,98112.00,47.62,-122.30,1620.00,1231.00
1568100386.00,20140630T000000,370000.00,3.00,1.00,1320.00,7341.00,1.00,0.00,0.00,3.00,7.00,1320.00,0.00,1982.00,0.00,98155.00,47.74,-122.30,1160.00,7573.00
4385700735.00,20150311T000000,790000.00,2.00,1.50,1940.00,4400.00,1.00,0.00,0.00,3.00,7.00,970.00,970.00,1923.00,0.00,98112.00,47.64,-122.28,1480.00,3080.00
3425059206.00,20140624T000000,725000.00,4.00,2.50,2650.00,18295.00,2.00,0.00,0.00,3.00,8.00,2650.00,0.00,1986.00,0.00,98005.00,47.61,-122.15,2230.00,19856.00
6848200018.00,20140528T000000,840000.00,4.00,2.75,3040.00,2800.00,2.00,0.00,0.00,3.00,9.00,2100.00,940.00,1906.00,2014.00,98102.00,47.62,-122.33,1260.00,2178.00
3023049256.00,20140604T000000,390000.00,3.00,1.00,1240.00,11108.00,1.00,0.00,0.00,4.00,7.00,1240.00,0.00,1952.00,0.00,98166.00,47.45,-122.35,2220.00,16533.00
4019301500.00,20140828T000000,507000.00,3.00,2.25,2210.00,11585.00,1.00,0.00,0.00,4.00,7.00,1510.00,700.00,1958.00,0.00,98155.00,47.76,-122.28,1870.00,14092.00
402000115.00,20141122T000000,263500.00,3.00,1.75,1540.00,6273.00,1.00,0.00,0.00,4.00,6.00,770.00,770.00,1951.00,0.00,98118.00,47.53,-122.28,1140.00,5512.00
9206950110.00,20140712T000000,369000.00,3.00,2.50,1320.00,1683.00,2.00,0.00,0.00,3.00,8.00,1270.00,50.00,2004.00,0.00,98106.00,47.54,-122.37,1320.00,2206.00
8106300820.00,20140814T000000,500000.00,3.00,2.50,3040.00,5326.00,2.00,0.00,0.00,3.00,9.00,3040.00,0.00,2008.00,0.00,98055.00,47.45,-122.21,3040.00,5442.00
8082400011.00,20150406T000000,570000.00,2.00,1.00,910.00,4301.00,1.00,0.00,0.00,4.00,7.00,910.00,0.00,1923.00,0.00,98117.00,47.68,-122.40,1810.00,4301.00
7137960110.00,20150306T000000,284000.00,4.00,3.00,2040.00,7145.00,1.00,0.00,0.00,3.00,8.00,1490.00,550.00,1994.00,0.00,98092.00,47.33,-122.17,1940.00,7145.00
546000820.00,20141110T000000,415000.00,2.00,1.00,980.00,4108.00,1.00,0.00,0.00,3.00,7.00,980.00,0.00,1947.00,0.00,98117.00,47.69,-122.38,1500.00,4046.00
3330500705.00,20140515T000000,197500.00,3.00,1.00,980.00,3090.00,1.50,0.00,0.00,3.00,6.00,980.00,0.00,1903.00,0.00,98118.00,47.55,-122.28,980.00,3090.00
1454600266.00,20141027T000000,925000.00,4.00,3.75,4420.00,9492.00,2.00,0.00,1.00,3.00,9.00,3420.00,1000.00,1962.00,2005.00,98125.00,47.72,-122.28,2880.00,9900.00
3335000025.00,20141112T000000,468000.00,3.00,2.00,1570.00,6300.00,1.00,0.00,0.00,3.00,7.00,820.00,750.00,1953.00,2005.00,98118.00,47.56,-122.28,1510.00,4281.00
1454100056.00,20140715T000000,355000.00,3.00,1.00,1600.00,5001.00,1.50,0.00,0.00,5.00,6.00,1080.00,520.00,1930.00,0.00,98125.00,47.72,-122.29,1340.00,5001.00
5035300090.00,20140812T000000,639000.00,4.00,1.75,1830.00,6000.00,1.00,0.00,0.00,4.00,7.00,930.00,900.00,1939.00,0.00,98199.00,47.65,-122.41,1540.00,6000.00
7504050090.00,20150412T000000,720000.00,3.00,2.50,2820.00,14250.00,2.00,0.00,0.00,3.00,11.00,2820.00,0.00,1991.00,0.00,98074.00,47.64,-122.05,2820.00,12600.00
408100110.00,20140612T000000,381000.00,3.00,1.75,1800.00,6000.00,1.00,0.00,0.00,5.00,6.00,900.00,900.00,1950.00,0.00,98155.00,47.75,-122.32,1060.00,6628.00
5701700011.00,20140523T000000,1050000.00,3.00,4.00,4380.00,42769.00,2.00,0.00,0.00,5.00,11.00,4380.00,0.00,1983.00,0.00,98052.00,47.72,-122.11,3630.00,35425.00
3629970930.00,20141111T000000,670000.00,3.00,3.00,2980.00,3730.00,2.00,0.00,0.00,3.00,9.00,2980.00,0.00,2005.00,0.00,98029.00,47.55,-122.00,2710.00,3640.00
7017200110.00,20141028T000000,400000.00,3.00,1.00,1690.00,6658.00,1.00,0.00,0.00,3.00,7.00,1690.00,0.00,1942.00,1982.00,98133.00,47.71,-122.35,1080.00,5925.00
4054500590.00,20140626T000000,910000.00,4.00,3.50,4040.00,50479.00,2.00,0.00,0.00,3.00,11.00,4040.00,0.00,1987.00,0.00,98077.00,47.72,-122.05,3770.00,40899.00
2126059048.00,20150402T000000,294000.00,3.00,1.00,1250.00,9427.00,1.00,0.00,0.00,3.00,6.00,1250.00,0.00,1931.00,0.00,98034.00,47.73,-122.18,1590.00,8250.00
984200590.00,20150310T000000,315001.00,3.00,1.75,1500.00,10230.00,1.00,0.00,0.00,2.00,7.00,1500.00,0.00,1968.00,0.00,98058.00,47.43,-122.17,1770.00,8374.00
9353300090.00,20140731T000000,360000.00,3.00,2.00,1630.00,10723.00,1.00,0.00,0.00,5.00,7.00,1630.00,0.00,1959.00,0.00,98059.00,47.49,-122.13,1450.00,10723.00
7600057.00,20140805T000000,520000.00,3.00,2.00,1410.00,2700.00,2.00,0.00,0.00,4.00,7.00,1410.00,0.00,1902.00,0.00,98122.00,47.60,-122.30,1750.00,4000.00
2919701944.00,20141010T000000,474000.00,3.00,1.00,1140.00,4560.00,1.00,0.00,0.00,4.00,6.00,770.00,370.00,1944.00,0.00,98117.00,47.69,-122.36,1340.00,3980.00
7202341110.00,20150313T000000,702000.00,4.00,2.50,3280.00,5876.00,2.00,0.00,0.00,3.00,7.00,3280.00,0.00,2004.00,0.00,98053.00,47.68,-122.03,2600.00,5000.00
1122069019.00,20140826T000000,728000.00,4.00,3.50,3490.00,87497.00,2.00,0.00,0.00,3.00,9.00,3490.00,0.00,2001.00,0.00,98038.00,47.40,-122.00,2400.00,55657.00
1565950090.00,20150305T000000,308000.00,4.00,2.50,2020.00,7277.00,2.00,0.00,0.00,3.00,8.00,2020.00,0.00,1993.00,0.00,98055.00,47.43,-122.19,2820.00,7284.00
1724069059.00,20140524T000000,2000000.00,5.00,4.00,4580.00,4443.00,3.00,1.00,4.00,3.00,10.00,4580.00,0.00,2004.00,0.00,98075.00,47.57,-122.06,2710.00,4443.00
4137000110.00,20140725T000000,340000.00,3.00,2.50,2270.00,7917.00,2.00,0.00,0.00,3.00,8.00,2270.00,0.00,1986.00,0.00,98092.00,47.26,-122.22,2160.00,7917.00
7849200945.00,20150401T000000,306500.00,2.00,1.75,1310.00,10200.00,1.00,0.00,0.00,4.00,6.00,1310.00,0.00,1947.00,0.00,98065.00,47.52,-121.82,1500.00,7200.00
2397101270.00,20150126T000000,716000.00,3.00,2.00,1420.00,3600.00,1.50,0.00,0.00,4.00,7.00,1420.00,0.00,1904.00,0.00,98119.00,47.64,-122.36,1250.00,3600.00
2726059100.00,20140909T000000,950000.00,4.00,3.00,2980.00,44431.00,2.00,0.00,0.00,2.00,10.00,2640.00,340.00,1981.00,0.00,98034.00,47.72,-122.16,2010.00,7332.00
7202331500.00,20140829T000000,673200.00,5.00,3.00,4180.00,8561.00,2.00,0.00,0.00,3.00,7.00,4180.00,0.00,2003.00,0.00,98053.00,47.68,-122.04,3425.00,6591.00
439000090.00,20150323T000000,564500.00,4.00,2.25,1950.00,6000.00,1.00,0.00,0.00,3.00,7.00,1350.00,600.00,1961.00,0.00,98115.00,47.69,-122.30,1980.00,6000.00
7788000100.00,20150206T000000,393000.00,4.00,1.75,1790.00,11801.00,1.00,0.00,0.00,4.00,8.00,1790.00,0.00,1974.00,0.00,98056.00,47.52,-122.17,2000.00,12988.00
8658300315.00,20150312T000000,425000.00,5.00,1.75,1400.00,5071.00,1.00,0.00,0.00,3.00,5.00,1400.00,0.00,1916.00,0.00,98014.00,47.65,-121.91,1200.00,7500.00
1723049567.00,20140730T000000,150000.00,3.00,1.00,1320.00,24684.00,1.00,0.00,0.00,3.00,7.00,1320.00,0.00,1979.00,0.00,98168.00,47.48,-122.32,1120.00,21214.00
621069039.00,20150220T000000,327000.00,4.00,2.25,1620.00,106722.00,1.00,0.00,0.00,3.00,8.00,1200.00,420.00,1980.00,0.00,98042.00,47.34,-122.09,1620.00,38400.00
6806300750.00,20150318T000000,444900.00,4.00,2.50,3120.00,7448.00,2.00,0.00,0.00,3.00,9.00,3120.00,0.00,1998.00,0.00,98042.00,47.36,-122.13,2980.00,8102.00
1898900100.00,20140722T000000,305000.00,4.00,2.50,2100.00,14773.00,2.00,0.00,0.00,3.00,8.00,2100.00,0.00,1998.00,0.00,98023.00,47.30,-122.39,2370.00,15440.00
2767603931.00,20140818T000000,469000.00,3.00,3.25,1370.00,1194.00,3.00,0.00,0.00,3.00,8.00,1370.00,0.00,2004.00,0.00,98107.00,47.67,-122.39,1800.00,2678.00
6072400820.00,20140926T000000,525000.00,3.00,1.75,1520.00,7875.00,1.00,0.00,0.00,5.00,8.00,1520.00,0.00,1969.00,0.00,98006.00,47.56,-122.18,2150.00,9428.00
1922059396.00,20150404T000000,330000.00,3.00,2.50,2410.00,17424.00,1.00,0.00,0.00,3.00,7.00,1630.00,780.00,1978.00,0.00,98030.00,47.37,-122.22,1530.00,11761.00
8818900300.00,20141002T000000,618000.00,4.00,1.00,1260.00,4080.00,1.00,0.00,0.00,4.00,7.00,1260.00,0.00,1911.00,0.00,98105.00,47.66,-122.32,1340.00,4080.00
9264910900.00,20141117T000000,295500.00,4.00,2.50,2830.00,7350.00,1.00,0.00,0.00,3.00,8.00,1690.00,1140.00,1982.00,0.00,98023.00,47.31,-122.34,2350.00,7768.00
3223039013.00,20140718T000000,567035.00,3.00,2.00,2064.00,46173.00,2.00,0.00,0.00,5.00,7.00,2064.00,0.00,1903.00,0.00,98070.00,47.45,-122.46,1640.00,21780.00
5561300750.00,20140725T000000,518000.00,4.00,2.25,2640.00,34870.00,1.00,0.00,0.00,3.00,8.00,1770.00,870.00,1977.00,0.00,98027.00,47.47,-122.01,2500.00,35580.00
9407111220.00,20150504T000000,303000.00,2.00,1.00,1020.00,9200.00,1.00,0.00,0.00,3.00,7.00,1020.00,0.00,1978.00,0.00,98045.00,47.45,-121.77,1520.00,9600.00
1332200110.00,20140708T000000,300000.00,4.00,2.50,2200.00,8065.00,2.00,0.00,0.00,3.00,7.00,2200.00,0.00,1998.00,0.00,98031.00,47.40,-122.21,2641.00,8535.00
2207200820.00,20141015T000000,413107.00,3.00,1.50,1420.00,7520.00,1.00,0.00,0.00,4.00,7.00,1420.00,0.00,1956.00,0.00,98007.00,47.60,-122.13,2000.00,7520.00
3362400615.00,20140820T000000,400000.00,3.00,1.00,1350.00,3090.00,1.50,0.00,0.00,5.00,6.00,1350.00,0.00,1914.00,0.00,98103.00,47.68,-122.35,1350.00,3090.00
3013300017.00,20150408T000000,535000.00,3.00,1.00,1290.00,6859.00,1.00,0.00,0.00,4.00,7.00,1290.00,0.00,1941.00,0.00,98136.00,47.53,-122.39,1560.00,6369.00
1982200015.00,20140919T000000,555000.00,4.00,2.00,1680.00,2600.00,1.00,0.00,0.00,5.00,7.00,840.00,840.00,1915.00,0.00,98107.00,47.66,-122.36,1680.00,3340.00
7140700300.00,20141119T000000,312000.00,3.00,2.50,2280.00,6386.00,2.00,0.00,0.00,3.00,8.00,2280.00,0.00,2008.00,0.00,98042.00,47.39,-122.10,2550.00,4835.00
9363600457.00,20140603T000000,785200.00,3.00,2.25,1840.00,3500.00,1.50,0.00,0.00,5.00,8.00,1540.00,300.00,1910.00,0.00,98122.00,47.61,-122.29,1800.00,3300.00
1245001220.00,20141016T000000,749000.00,4.00,2.00,2040.00,11850.00,1.00,0.00,2.00,3.00,7.00,1020.00,1020.00,1959.00,0.00,98033.00,47.69,-122.21,2040.00,8504.00
723049333.00,20150405T000000,285000.00,3.00,1.50,1490.00,10367.00,1.00,0.00,0.00,3.00,7.00,1010.00,480.00,1957.00,0.00,98146.00,47.50,-122.35,1000.00,8254.00
7853301220.00,20140910T000000,425000.00,4.00,2.50,2440.00,5088.00,2.00,0.00,0.00,3.00,7.00,2440.00,0.00,2007.00,0.00,98065.00,47.54,-121.89,2440.00,5762.00
8665900336.00,20140717T000000,360000.00,3.00,2.00,1930.00,15540.00,1.00,0.00,0.00,3.00,8.00,1260.00,670.00,1958.00,0.00,98155.00,47.77,-122.31,1900.00,12123.00
1591000015.00,20150505T000000,260000.00,3.00,1.00,1200.00,6615.00,1.00,0.00,0.00,4.00,7.00,1200.00,0.00,1954.00,0.00,98106.00,47.52,-122.35,1230.00,6615.00
7972601270.00,20140530T000000,369000.00,3.00,2.00,1550.00,8509.00,1.00,0.00,0.00,3.00,7.00,1150.00,400.00,1959.00,0.00,98106.00,47.53,-122.34,1840.00,7620.00
1221039156.00,20140815T000000,275000.00,4.00,2.50,2180.00,11132.00,1.00,0.00,0.00,4.00,8.00,1620.00,560.00,1978.00,0.00,98023.00,47.32,-122.37,1950.00,13801.00
993001332.00,20140903T000000,407000.00,3.00,2.25,1430.00,1448.00,3.00,0.00,0.00,3.00,8.00,1430.00,0.00,2005.00,0.00,98103.00,47.69,-122.34,1430.00,1383.00
7748000025.00,20150412T000000,575000.00,2.00,1.75,1230.00,5418.00,1.00,0.00,0.00,3.00,8.00,990.00,240.00,1949.00,0.00,98117.00,47.68,-122.38,1330.00,5074.00
7871500485.00,20150427T000000,1236000.00,3.00,1.50,1670.00,3852.00,2.00,0.00,3.00,4.00,8.00,1670.00,0.00,1928.00,0.00,98119.00,47.64,-122.37,2320.00,4572.00
1370802540.00,20150108T000000,875000.00,2.00,2.50,2720.00,4913.00,1.00,0.00,1.00,4.00,8.00,1700.00,1020.00,1936.00,0.00,98199.00,47.64,-122.40,2520.00,5303.00
1839500115.00,20140712T000000,320000.00,4.00,1.50,2220.00,6811.00,1.00,0.00,0.00,4.00,7.00,1270.00,950.00,1961.00,0.00,98056.00,47.51,-122.19,1800.00,7350.00
4389201064.00,20140703T000000,810000.00,3.00,1.50,1520.00,9041.00,1.00,0.00,0.00,4.00,7.00,1520.00,0.00,1954.00,0.00,98004.00,47.62,-122.21,3260.00,10020.00
1545805820.00,20150414T000000,274000.00,3.00,1.75,1590.00,7620.00,1.00,0.00,0.00,4.00,7.00,1090.00,500.00,1984.00,0.00,98038.00,47.37,-122.05,1590.00,7620.00
273800100.00,20141219T000000,239900.00,4.00,1.75,1480.00,9523.00,1.00,0.00,0.00,3.00,7.00,1120.00,360.00,1959.00,0.00,98030.00,47.37,-122.22,1590.00,8300.00
7663700654.00,20141214T000000,450000.00,4.00,1.50,1860.00,7808.00,1.00,0.00,0.00,3.00,7.00,1080.00,780.00,1953.00,0.00,98125.00,47.73,-122.30,1530.00,7884.00
3751606513.00,20140630T000000,263400.00,4.00,2.00,1360.00,60548.00,1.00,0.00,0.00,3.00,6.00,960.00,400.00,1960.00,0.00,98001.00,47.27,-122.27,1930.00,28800.00
399000025.00,20150415T000000,265000.00,3.00,1.00,1360.00,5967.00,1.00,0.00,0.00,3.00,6.00,1360.00,0.00,1954.00,0.00,98178.00,47.50,-122.26,1360.00,6052.00
7130300785.00,20140616T000000,418000.00,4.00,3.00,2360.00,6250.00,1.00,0.00,2.00,3.00,7.00,1460.00,900.00,1960.00,0.00,98118.00,47.51,-122.25,2500.00,6250.00
3818700123.00,20140813T000000,390000.00,3.00,2.00,2360.00,5737.00,2.00,0.00,0.00,3.00,8.00,2360.00,0.00,2003.00,0.00,98028.00,47.76,-122.26,1600.00,9163.00
7891600245.00,20150422T000000,430000.00,3.00,2.00,1860.00,7500.00,1.00,0.00,0.00,3.00,7.00,930.00,930.00,1909.00,1950.00,98106.00,47.57,-122.36,1000.00,5000.00
5556300076.00,20150423T000000,1442500.00,3.00,2.25,2630.00,9705.00,2.50,0.00,2.00,4.00,8.00,2630.00,0.00,1987.00,0.00,98052.00,47.65,-122.12,2640.00,14284.00
3421069118.00,20141120T000000,297000.00,2.00,1.75,1280.00,37373.00,1.00,0.00,0.00,4.00,7.00,1280.00,0.00,1996.00,0.00,98022.00,47.26,-122.02,2180.00,48351.00
7280300042.00,20150401T000000,650000.00,4.00,2.25,2330.00,7220.00,2.00,0.00,1.00,3.00,8.00,1600.00,730.00,1988.00,0.00,98177.00,47.78,-122.39,2220.00,9100.00
9368700031.00,20140509T000000,195000.00,2.00,1.00,720.00,18000.00,1.00,0.00,0.00,3.00,6.00,720.00,0.00,1950.00,0.00,98178.00,47.51,-122.26,1250.00,7925.00
3223069118.00,20140616T000000,554000.00,3.00,3.50,3380.00,108900.00,2.00,0.00,0.00,3.00,9.00,2700.00,680.00,1999.00,0.00,98058.00,47.43,-122.08,2250.00,130680.00
2522029039.00,20140929T000000,550000.00,3.00,2.00,3650.00,843309.00,2.00,0.00,0.00,4.00,7.00,3650.00,0.00,1991.00,0.00,98070.00,47.36,-122.50,1870.00,273992.00
7977200590.00,20150219T000000,700000.00,3.00,1.75,1640.00,4590.00,1.50,0.00,0.00,5.00,7.00,1640.00,0.00,1951.00,0.00,98115.00,47.68,-122.29,1760.00,5100.00
3124089086.00,20141002T000000,300000.00,4.00,1.00,1730.00,177657.00,1.50,0.00,0.00,3.00,5.00,1730.00,0.00,1948.00,0.00,98065.00,47.52,-121.83,1400.00,45175.00
1568100215.00,20141007T000000,315000.00,2.00,1.00,1030.00,8576.00,1.50,0.00,0.00,5.00,6.00,1030.00,0.00,1952.00,0.00,98155.00,47.74,-122.30,1310.00,8504.00
5364200649.00,20141008T000000,603000.00,3.00,1.00,1790.00,5250.00,1.00,0.00,0.00,3.00,7.00,1400.00,390.00,1943.00,0.00,98105.00,47.66,-122.28,1790.00,5250.00
2771601730.00,20140629T000000,530000.00,2.00,1.00,840.00,3400.00,1.00,0.00,2.00,4.00,7.00,840.00,0.00,1924.00,0.00,98119.00,47.64,-122.37,2000.00,4000.00
7201800300.00,20140909T000000,397500.00,3.00,1.75,1300.00,8480.00,1.00,0.00,0.00,3.00,7.00,1300.00,0.00,1969.00,0.00,98052.00,47.70,-122.13,1740.00,7280.00
7224500300.00,20150325T000000,221000.00,3.00,1.00,1240.00,5250.00,1.50,0.00,0.00,4.00,6.00,1240.00,0.00,1904.00,0.00,98055.00,47.49,-122.21,1240.00,5250.00
3876312350.00,20141202T000000,466000.00,4.00,2.25,2170.00,8050.00,1.00,0.00,0.00,3.00,7.00,1220.00,950.00,1976.00,0.00,98072.00,47.74,-122.17,1820.00,7700.00
853000261.00,20140619T000000,197500.00,3.00,1.00,1330.00,5412.00,2.00,0.00,0.00,5.00,7.00,1330.00,0.00,1905.00,0.00,98022.00,47.21,-121.99,1710.00,10825.00
7165700110.00,20150507T000000,280000.00,3.00,3.00,1390.00,1080.00,2.00,0.00,0.00,3.00,7.00,1140.00,250.00,2006.00,0.00,98118.00,47.53,-122.28,1450.00,1461.00
5708500208.00,20141003T000000,412000.00,2.00,1.50,1240.00,3873.00,1.00,0.00,0.00,4.00,6.00,860.00,380.00,1909.00,0.00,98116.00,47.58,-122.39,1240.00,4336.00
5014000215.00,20140818T000000,454000.00,2.00,1.00,880.00,6731.00,1.00,0.00,0.00,4.00,7.00,880.00,0.00,1950.00,0.00,98116.00,47.57,-122.40,1240.00,6731.00
2126079014.00,20140512T000000,540000.00,4.00,2.25,2540.00,228254.00,1.00,0.00,0.00,3.00,8.00,1450.00,1090.00,1990.00,0.00,98019.00,47.72,-121.91,1780.00,59241.00
5595900090.00,20140609T000000,250000.00,5.00,1.50,2520.00,5753.00,1.50,0.00,0.00,4.00,7.00,1510.00,1010.00,1928.00,0.00,98022.00,47.21,-122.00,1620.00,6875.00
1445500100.00,20150511T000000,900000.00,5.00,2.25,2510.00,35691.00,1.00,0.00,0.00,3.00,9.00,2510.00,0.00,1967.00,0.00,98005.00,47.64,-122.15,3160.00,35037.00
4270600025.00,20140513T000000,245000.00,5.00,1.75,2020.00,7902.00,1.00,0.00,0.00,3.00,7.00,1220.00,800.00,1962.00,0.00,98168.00,47.51,-122.33,2220.00,8819.00
3546000490.00,20141007T000000,290000.00,3.00,1.75,2060.00,7251.00,1.00,0.00,0.00,3.00,7.00,1350.00,710.00,1987.00,0.00,98030.00,47.36,-122.18,1520.00,7582.00
423049067.00,20150205T000000,160000.00,2.00,1.00,930.00,7742.00,1.00,0.00,0.00,3.00,6.00,930.00,0.00,1933.00,0.00,98168.00,47.51,-122.30,2240.00,8723.00
9272201250.00,20150330T000000,1260000.00,2.00,1.50,2700.00,7225.00,1.50,0.00,4.00,3.00,8.00,1660.00,1040.00,1910.00,2008.00,98116.00,47.59,-122.38,2970.00,5150.00
3226049184.00,20150327T000000,325000.00,2.00,1.00,1060.00,6050.00,1.00,0.00,0.00,3.00,7.00,940.00,120.00,1939.00,0.00,98125.00,47.70,-122.32,1540.00,5279.00
5381000082.00,20150108T000000,185000.00,2.00,1.00,670.00,6750.00,1.00,0.00,0.00,4.00,5.00,670.00,0.00,1947.00,0.00,98188.00,47.45,-122.28,1700.00,11520.00
475000750.00,20140925T000000,477000.00,3.00,2.00,1750.00,4990.00,1.00,0.00,0.00,3.00,7.00,950.00,800.00,1916.00,0.00,98107.00,47.67,-122.36,1700.00,5000.00
1900000195.00,20140630T000000,100000.00,2.00,1.00,930.00,7623.00,1.00,0.00,0.00,2.00,6.00,930.00,0.00,1942.00,0.00,98166.00,47.47,-122.35,1300.00,7641.00
5162100820.00,20150504T000000,345000.00,4.00,2.50,2420.00,11481.00,1.00,0.00,0.00,3.00,8.00,1370.00,1050.00,1985.00,0.00,98003.00,47.34,-122.32,2290.00,8985.00
6113400047.00,20150331T000000,530000.00,4.00,2.25,2410.00,14985.00,1.00,0.00,1.00,4.00,7.00,1950.00,460.00,1965.00,0.00,98166.00,47.43,-122.34,2510.00,15256.00
7460000015.00,20140620T000000,203000.00,3.00,1.00,1150.00,7156.00,1.00,0.00,0.00,4.00,6.00,1150.00,0.00,1953.00,0.00,98168.00,47.49,-122.32,1210.00,7156.00
7202340820.00,20141028T000000,599000.00,4.00,2.50,2480.00,5000.00,2.00,0.00,0.00,3.00,7.00,2480.00,0.00,2004.00,0.00,98053.00,47.68,-122.04,2410.00,5000.00
5393601690.00,20140720T000000,370000.00,4.00,1.00,1310.00,6000.00,1.50,0.00,0.00,3.00,7.00,1310.00,0.00,1940.00,0.00,98144.00,47.58,-122.30,1630.00,6000.00
7686203275.00,20150227T000000,140000.00,3.00,1.00,1240.00,8000.00,1.00,0.00,0.00,4.00,6.00,1040.00,200.00,1954.00,0.00,98198.00,47.42,-122.32,1240.00,8000.00
2490200165.00,20140623T000000,500000.00,3.00,1.00,1150.00,5100.00,2.00,0.00,0.00,3.00,8.00,1150.00,0.00,1911.00,2005.00,98136.00,47.53,-122.38,1440.00,5100.00
597000195.00,20150203T000000,527200.00,3.00,1.75,1460.00,4000.00,1.00,0.00,2.00,4.00,7.00,730.00,730.00,1929.00,0.00,98144.00,47.58,-122.31,1360.00,4000.00
5119010090.00,20140510T000000,549900.00,5.00,2.75,3060.00,7015.00,1.00,0.00,0.00,5.00,8.00,1600.00,1460.00,1979.00,0.00,98146.00,47.51,-122.37,2190.00,7600.00
1873100490.00,20150502T000000,760000.00,4.00,2.50,3520.00,8095.00,2.00,0.00,0.00,3.00,9.00,3520.00,0.00,2006.00,0.00,98052.00,47.71,-122.11,2460.00,4676.00
3336001911.00,20140728T000000,319000.00,2.00,1.00,960.00,4400.00,1.00,0.00,0.00,4.00,7.00,960.00,0.00,1951.00,0.00,98118.00,47.53,-122.26,1520.00,5000.00
1922059445.00,20140623T000000,362300.00,3.00,2.50,2430.00,15264.00,2.00,0.00,0.00,3.00,8.00,2430.00,0.00,1997.00,0.00,98030.00,47.38,-122.21,2260.00,10416.00
7203600750.00,20150427T000000,421000.00,3.00,2.50,1930.00,4505.00,1.00,0.00,3.00,4.00,7.00,1440.00,490.00,1973.00,0.00,98198.00,47.35,-122.33,1550.00,4505.00
6021503740.00,20150304T000000,690000.00,3.00,1.00,1090.00,4000.00,1.50,0.00,0.00,4.00,7.00,1090.00,0.00,1945.00,0.00,98117.00,47.68,-122.39,1520.00,4000.00
3324069058.00,20140828T000000,640000.00,3.00,2.50,2790.00,31798.00,1.00,0.00,0.00,5.00,8.00,1650.00,1140.00,1953.00,0.00,98027.00,47.52,-122.04,1400.00,14849.00
7345310100.00,20141208T000000,238000.00,4.00,1.75,1650.00,6900.00,1.00,0.00,0.00,3.00,7.00,910.00,740.00,1978.00,1993.00,98002.00,47.28,-122.21,1540.00,7645.00
6398000011.00,20140602T000000,789000.00,3.00,3.00,3740.00,39640.00,2.00,0.00,2.00,3.00,10.00,3740.00,0.00,1991.00,0.00,98070.00,47.40,-122.46,2930.00,26136.00
5460600110.00,20150423T000000,1050000.00,6.00,4.00,5310.00,12741.00,2.00,0.00,2.00,3.00,10.00,3600.00,1710.00,1967.00,0.00,98040.00,47.57,-122.21,4190.00,12632.00
9478500590.00,20150408T000000,302500.00,3.00,2.50,1690.00,4476.00,2.00,0.00,0.00,3.00,7.00,1690.00,0.00,2008.00,0.00,98042.00,47.37,-122.11,2250.00,4488.00
8645501091.00,20150311T000000,259950.00,4.00,1.75,1400.00,7920.00,1.00,0.00,0.00,3.00,7.00,1400.00,0.00,1963.00,0.00,98058.00,47.47,-122.18,1910.00,7700.00
8099800590.00,20140620T000000,456000.00,3.00,1.50,1440.00,28516.00,1.00,0.00,0.00,4.00,7.00,1440.00,0.00,1975.00,0.00,98075.00,47.58,-122.01,2080.00,27049.00
339600090.00,20140925T000000,369950.00,3.00,2.50,1360.00,3718.00,2.00,0.00,0.00,3.00,7.00,1360.00,0.00,1987.00,0.00,98052.00,47.68,-122.10,1090.00,3718.00
3522029031.00,20140516T000000,363750.00,3.00,1.75,1726.00,197326.00,2.00,0.00,0.00,4.00,7.00,1726.00,0.00,1982.00,0.00,98070.00,47.35,-122.51,2114.00,99316.00
725079058.00,20140811T000000,585000.00,3.00,1.75,2220.00,216493.00,1.00,0.00,2.00,3.00,8.00,2220.00,0.00,1989.00,0.00,98014.00,47.66,-121.95,2900.00,169884.00
104530110.00,20141008T000000,268000.00,3.00,2.50,1850.00,6676.00,2.00,0.00,0.00,3.00,7.00,1850.00,0.00,1986.00,0.00,98023.00,47.31,-122.36,1700.00,6663.00
6852700246.00,20140923T000000,1200000.00,5.00,2.50,2860.00,4000.00,2.00,0.00,0.00,4.00,8.00,2160.00,700.00,1910.00,0.00,98102.00,47.62,-122.32,1340.00,1224.00
2124700015.00,20140716T000000,345000.00,3.00,1.00,1120.00,10176.00,1.00,0.00,0.00,3.00,6.00,920.00,200.00,1905.00,0.00,98118.00,47.52,-122.28,1350.00,7500.00
8665900291.00,20150225T000000,539000.00,4.00,2.50,2340.00,19850.00,2.00,0.00,0.00,3.00,9.00,2340.00,0.00,1993.00,0.00,98155.00,47.77,-122.31,1930.00,15439.00
8965500820.00,20140702T000000,851000.00,5.00,3.25,3760.00,9792.00,2.00,0.00,0.00,3.00,9.00,2550.00,1210.00,1984.00,0.00,98006.00,47.57,-122.12,2960.00,16500.00
1024000100.00,20150408T000000,900000.00,3.00,2.50,1920.00,7200.00,2.00,0.00,2.00,3.00,10.00,1780.00,140.00,1997.00,0.00,98116.00,47.57,-122.41,2080.00,5000.00
6132600165.00,20140703T000000,850000.00,3.00,2.50,3230.00,5000.00,2.00,0.00,2.00,5.00,8.00,2430.00,800.00,1945.00,0.00,98117.00,47.70,-122.39,1820.00,5000.00
4040800090.00,20140506T000000,390000.00,3.00,1.75,1260.00,6500.00,1.00,0.00,0.00,4.00,7.00,1260.00,0.00,1966.00,0.00,98008.00,47.62,-122.12,1500.00,7700.00
3432500215.00,20140610T000000,345000.00,3.00,1.75,1540.00,6909.00,1.00,0.00,0.00,4.00,7.00,920.00,620.00,1955.00,0.00,98155.00,47.75,-122.31,1130.00,6908.00
3630030110.00,20140616T000000,534500.00,3.00,2.50,1700.00,3150.00,2.00,0.00,0.00,3.00,8.00,1700.00,0.00,2005.00,0.00,98029.00,47.55,-122.00,1700.00,3600.00
9297300740.00,20141118T000000,643500.00,6.00,5.25,3600.00,3960.00,2.00,0.00,0.00,3.00,7.00,2400.00,1200.00,1971.00,0.00,98126.00,47.57,-122.37,1450.00,4600.00
3592500866.00,20150402T000000,1206500.00,3.00,2.75,3150.00,5520.00,1.50,0.00,0.00,4.00,8.00,2130.00,1020.00,1925.00,0.00,98112.00,47.63,-122.30,3160.00,6200.00
5019500215.00,20150115T000000,495000.00,2.00,1.75,1280.00,4000.00,1.00,0.00,0.00,4.00,7.00,730.00,550.00,1929.00,0.00,98116.00,47.58,-122.38,2250.00,5382.00
3290800215.00,20140730T000000,535000.00,2.00,1.00,980.00,4120.00,1.00,0.00,0.00,3.00,7.00,830.00,150.00,1950.00,2014.00,98115.00,47.68,-122.29,1760.00,4120.00
7853230590.00,20141029T000000,435000.00,4.00,2.50,2190.00,6578.00,2.00,0.00,0.00,3.00,7.00,2190.00,0.00,2004.00,0.00,98065.00,47.53,-121.85,2190.00,5416.00
1221000490.00,20141113T000000,305000.00,4.00,2.00,2470.00,1831.00,2.00,0.00,0.00,3.00,7.00,1970.00,500.00,2009.00,0.00,98166.00,47.46,-122.34,1310.00,7500.00
5210200077.00,20140619T000000,799000.00,4.00,2.50,2590.00,7910.00,2.00,0.00,0.00,3.00,9.00,2590.00,0.00,2001.00,0.00,98115.00,47.70,-122.28,1700.00,7488.00
3275880100.00,20141113T000000,700000.00,4.00,2.50,2580.00,15031.00,2.00,0.00,0.00,3.00,9.00,2580.00,0.00,1999.00,0.00,98052.00,47.69,-122.09,3030.00,10361.00
2767704345.00,20140520T000000,467000.00,3.00,2.25,1270.00,1213.00,2.00,0.00,0.00,3.00,8.00,1040.00,230.00,2005.00,0.00,98107.00,47.67,-122.38,1410.00,1265.00
1432701380.00,20150407T000000,263000.00,3.00,1.00,1250.00,7560.00,1.00,0.00,0.00,3.00,6.00,1250.00,0.00,1959.00,0.00,98058.00,47.45,-122.17,1270.00,7615.00
1564000740.00,20140820T000000,760000.00,4.00,2.50,4660.00,7157.00,2.00,0.00,0.00,3.00,9.00,3020.00,1640.00,2003.00,0.00,98059.00,47.54,-122.16,3300.00,7047.00
8141300300.00,20150207T000000,293000.00,4.00,2.50,2019.00,4435.00,2.00,0.00,3.00,3.00,8.00,2019.00,0.00,2008.00,0.00,98022.00,47.20,-121.97,1950.00,4800.00
1388600110.00,20140821T000000,245000.00,3.00,2.00,1490.00,7929.00,1.00,0.00,0.00,3.00,7.00,1490.00,0.00,1989.00,0.00,98002.00,47.29,-122.22,1650.00,7929.00
3523029059.00,20140731T000000,181000.00,2.00,1.50,1560.00,10807.00,1.00,0.00,0.00,2.00,7.00,1560.00,0.00,1949.00,0.00,98070.00,47.44,-122.51,1660.00,196591.00
1061500110.00,20150423T000000,240000.00,3.00,1.00,1030.00,15264.00,1.00,0.00,0.00,4.00,7.00,1030.00,0.00,1962.00,0.00,98056.00,47.50,-122.17,1430.00,14840.00
7555210100.00,20141117T000000,880000.00,4.00,2.75,2560.00,7961.00,1.00,0.00,2.00,4.00,8.00,1450.00,1110.00,1975.00,0.00,98033.00,47.65,-122.20,2500.00,9009.00
9407150100.00,20140625T000000,285000.00,3.00,2.00,1460.00,6377.00,1.00,0.00,0.00,3.00,7.00,1460.00,0.00,1995.00,0.00,98038.00,47.37,-122.02,1600.00,6250.00
6414100721.00,20150416T000000,407500.00,2.00,1.00,770.00,6017.00,1.00,0.00,0.00,3.00,7.00,770.00,0.00,1950.00,0.00,98125.00,47.72,-122.32,1670.00,7500.00
4307340490.00,20140812T000000,325000.00,4.00,2.50,1960.00,3543.00,2.00,0.00,0.00,3.00,7.00,1960.00,0.00,2004.00,0.00,98056.00,47.48,-122.18,2420.00,3646.00
4022900569.00,20141017T000000,405000.00,3.00,1.75,1900.00,10454.00,1.00,0.00,0.00,3.00,7.00,1390.00,510.00,1978.00,0.00,98155.00,47.77,-122.29,2000.00,12000.00
2114700115.00,20150407T000000,291700.00,3.00,2.50,1970.00,4120.00,1.50,0.00,0.00,3.00,6.00,1230.00,740.00,1927.00,0.00,98106.00,47.53,-122.35,1470.00,4080.00
2320069364.00,20141016T000000,370000.00,3.00,2.50,2490.00,18525.00,2.00,0.00,3.00,3.00,8.00,2490.00,0.00,1995.00,0.00,98022.00,47.21,-122.00,1850.00,9516.00
4331400090.00,20140528T000000,270000.00,3.00,1.50,1430.00,8960.00,1.00,0.00,0.00,4.00,6.00,1430.00,0.00,1953.00,0.00,98166.00,47.48,-122.35,1560.00,10125.00
3886902870.00,20140527T000000,800000.00,4.00,2.50,2680.00,7200.00,1.00,0.00,0.00,3.00,8.00,1380.00,1300.00,1952.00,2013.00,98033.00,47.68,-122.19,1950.00,8520.00
9136102680.00,20140923T000000,626500.00,3.00,1.75,1610.00,3210.00,1.00,0.00,0.00,5.00,7.00,910.00,700.00,1928.00,0.00,98103.00,47.67,-122.34,1420.00,3210.00
2581900165.00,20141021T000000,1130000.00,4.00,3.50,4300.00,8406.00,2.00,0.00,1.00,3.00,11.00,3580.00,720.00,1987.00,0.00,98040.00,47.54,-122.21,2770.00,10006.00
3793501050.00,20140822T000000,399950.00,4.00,2.50,3200.00,7545.00,2.00,0.00,0.00,3.00,7.00,3200.00,0.00,2003.00,0.00,98038.00,47.37,-122.03,2840.00,7137.00
619000100.00,20140724T000000,419000.00,3.00,1.75,2140.00,15030.00,1.00,0.00,0.00,4.00,7.00,1570.00,570.00,1958.00,0.00,98166.00,47.42,-122.34,2170.00,15030.00
4178700100.00,20140715T000000,1160000.00,4.00,2.50,4240.00,43995.00,2.00,0.00,0.00,3.00,10.00,4240.00,0.00,1989.00,0.00,98075.00,47.60,-122.04,3720.00,59522.00
3225059223.00,20140519T000000,1405000.00,4.00,3.50,3410.00,10769.00,2.00,0.00,0.00,3.00,10.00,3410.00,0.00,2008.00,0.00,98004.00,47.61,-122.20,2650.00,10058.00
3885805325.00,20140731T000000,710000.00,4.00,2.75,2090.00,8064.00,2.00,0.00,0.00,5.00,7.00,2090.00,0.00,1967.00,0.00,98033.00,47.68,-122.20,1460.00,8400.00
4151800195.00,20150330T000000,650000.00,3.00,1.00,1410.00,4840.00,1.00,0.00,2.00,4.00,6.00,1230.00,180.00,1942.00,0.00,98033.00,47.66,-122.20,1410.00,5400.00
1137300690.00,20150220T000000,369900.00,4.00,2.50,2820.00,33750.00,2.00,0.00,0.00,4.00,9.00,2820.00,0.00,1984.00,0.00,98072.00,47.74,-122.10,2510.00,36180.00
203600590.00,20140627T000000,641000.00,4.00,2.50,2770.00,63118.00,2.00,0.00,0.00,3.00,9.00,2770.00,0.00,1997.00,0.00,98014.00,47.66,-121.96,2770.00,44224.00
7745500015.00,20150318T000000,403000.00,3.00,1.00,1400.00,6879.00,1.00,0.00,0.00,3.00,7.00,1400.00,0.00,1951.00,0.00,98155.00,47.75,-122.29,1950.00,7400.00
1370802600.00,20140703T000000,1015000.00,3.00,3.25,3620.00,4000.00,2.00,0.00,0.00,3.00,10.00,2730.00,890.00,2005.00,0.00,98199.00,47.64,-122.40,1910.00,5000.00
5452800645.00,20140922T000000,865000.00,4.00,2.50,2260.00,13600.00,1.00,0.00,0.00,4.00,8.00,1770.00,490.00,1974.00,0.00,98040.00,47.54,-122.23,2630.00,13995.00
1324049015.00,20141111T000000,2485000.00,4.00,2.50,3440.00,23954.00,1.50,1.00,3.00,5.00,10.00,2260.00,1180.00,1931.00,0.00,98040.00,47.56,-122.23,4230.00,18723.00
7645900165.00,20141016T000000,810000.00,4.00,1.00,2150.00,3588.00,2.00,0.00,3.00,4.00,8.00,1850.00,300.00,1926.00,0.00,98126.00,47.58,-122.38,1950.00,3588.00
6798100652.00,20140715T000000,316750.00,3.00,2.50,1256.00,1154.00,3.00,0.00,0.00,3.00,7.00,1256.00,0.00,2005.00,0.00,98125.00,47.71,-122.31,1309.00,1232.00
1023079147.00,20140820T000000,652500.00,4.00,2.25,2220.00,130244.00,2.00,0.00,0.00,3.00,8.00,2220.00,0.00,1989.00,0.00,98027.00,47.50,-121.90,2680.00,130680.00
7972601250.00,20150204T000000,360000.00,6.00,2.75,2850.00,15240.00,1.00,0.00,0.00,3.00,7.00,1850.00,1000.00,1962.00,0.00,98106.00,47.53,-122.35,2090.00,7620.00
421000215.00,20150416T000000,208000.00,2.00,1.00,700.00,5100.00,1.00,0.00,0.00,4.00,5.00,700.00,0.00,1953.00,0.00,98056.00,47.50,-122.17,970.00,5811.00
4054520100.00,20150210T000000,898000.00,4.00,2.50,3700.00,63991.00,2.00,0.00,0.00,3.00,10.00,3700.00,0.00,1992.00,0.00,98077.00,47.73,-122.05,3210.00,47215.00
3579700015.00,20150227T000000,295000.00,4.00,1.75,1400.00,11934.00,1.00,0.00,0.00,3.00,7.00,1050.00,350.00,1961.00,0.00,98028.00,47.73,-122.24,2080.00,10400.00
9310300215.00,20150506T000000,652500.00,4.00,1.75,3130.00,18253.00,2.00,0.00,0.00,3.00,7.00,3130.00,0.00,1978.00,0.00,98133.00,47.74,-122.35,1850.00,12220.00
3905081800.00,20140725T000000,560000.00,4.00,3.00,2170.00,5764.00,2.00,0.00,0.00,3.00,8.00,2170.00,0.00,1992.00,0.00,98029.00,47.57,-122.00,2010.00,5681.00
7236100025.00,20150504T000000,280000.00,3.00,1.00,1020.00,8400.00,1.00,0.00,0.00,4.00,7.00,1020.00,0.00,1957.00,0.00,98056.00,47.49,-122.18,1690.00,8030.00
2023049206.00,20140630T000000,289950.00,3.00,2.50,1760.00,8584.00,1.50,0.00,0.00,5.00,7.00,1760.00,0.00,1937.00,0.00,98148.00,47.46,-122.33,2160.00,8584.00
3223059015.00,20150410T000000,397500.00,3.00,2.50,1860.00,44093.00,1.00,0.00,0.00,3.00,7.00,1860.00,0.00,1978.00,0.00,98055.00,47.44,-122.19,1900.00,6130.00
1726069064.00,20150324T000000,380000.00,2.00,1.00,1140.00,75132.00,1.00,0.00,0.00,3.00,7.00,1140.00,0.00,1956.00,0.00,98077.00,47.73,-122.07,2570.00,35200.00
1423089162.00,20141031T000000,415900.00,3.00,2.50,1670.00,22703.00,1.00,0.00,0.00,3.00,7.00,1310.00,360.00,1988.00,0.00,98045.00,47.47,-121.76,1510.00,16817.00
8024201503.00,20140716T000000,475000.00,2.00,1.75,1710.00,8645.00,1.00,0.00,0.00,4.00,7.00,1510.00,200.00,1923.00,0.00,98115.00,47.70,-122.31,1280.00,5366.00
859000110.00,20141002T000000,125000.00,1.00,1.00,500.00,7440.00,1.00,0.00,0.00,1.00,5.00,500.00,0.00,1928.00,0.00,98106.00,47.53,-122.36,1350.00,7440.00
2322059039.00,20140821T000000,238000.00,3.00,1.00,1470.00,32670.00,1.00,0.00,0.00,3.00,7.00,1020.00,450.00,1958.00,0.00,98042.00,47.38,-122.14,2640.00,24100.00
2023049245.00,20140820T000000,296000.00,4.00,1.50,1370.00,9750.00,1.00,0.00,0.00,3.00,7.00,1070.00,300.00,1953.00,0.00,98168.00,47.47,-122.32,1540.00,9789.00
114100745.00,20140506T000000,475000.00,6.00,3.00,3470.00,117612.00,1.50,0.00,0.00,3.00,7.00,3470.00,0.00,1924.00,0.00,98028.00,47.77,-122.23,2120.00,17100.00
2391601380.00,20150223T000000,390000.00,3.00,2.25,1650.00,6250.00,1.50,0.00,0.00,3.00,7.00,1650.00,0.00,1910.00,0.00,98116.00,47.56,-122.40,2060.00,6250.00
2313900740.00,20141119T000000,425000.00,3.00,1.00,1180.00,3750.00,1.00,0.00,0.00,3.00,6.00,1030.00,150.00,1940.00,0.00,98116.00,47.57,-122.38,1280.00,3750.00
9521101015.00,20140626T000000,725000.00,6.00,3.00,3110.00,5000.00,1.50,0.00,0.00,5.00,7.00,1810.00,1300.00,1921.00,0.00,98103.00,47.66,-122.35,1600.00,4000.00
1036400110.00,20140702T000000,605000.00,3.00,2.25,2080.00,12134.00,1.00,0.00,0.00,4.00,8.00,1530.00,550.00,1973.00,0.00,98052.00,47.63,-122.10,2320.00,12400.00
2572400100.00,20141105T000000,302000.00,3.00,1.00,1600.00,1950.00,2.00,0.00,0.00,2.00,7.00,1600.00,0.00,1906.00,0.00,98122.00,47.60,-122.31,1310.00,1138.00
6821600300.00,20150318T000000,886000.00,3.00,2.25,2380.00,6000.00,2.00,0.00,0.00,5.00,9.00,1650.00,730.00,1931.00,0.00,98199.00,47.65,-122.39,2000.00,6000.00
9547205225.00,20140814T000000,540000.00,4.00,1.75,1630.00,6120.00,1.00,0.00,0.00,5.00,7.00,980.00,650.00,1918.00,0.00,98115.00,47.68,-122.31,1630.00,4080.00
3876312490.00,20150414T000000,435000.00,4.00,2.25,1910.00,8400.00,2.00,0.00,0.00,3.00,7.00,1910.00,0.00,1975.00,0.00,98072.00,47.74,-122.18,1910.00,8400.00
1591600044.00,20141010T000000,409000.00,4.00,3.25,3140.00,10752.00,2.00,0.00,0.00,3.00,7.00,2300.00,840.00,1992.00,0.00,98146.00,47.50,-122.36,1300.00,9920.00
7201800090.00,20150106T000000,405000.00,3.00,1.00,1250.00,7280.00,1.00,0.00,0.00,3.00,7.00,1250.00,0.00,1975.00,0.00,98052.00,47.70,-122.13,1690.00,7280.00
4221270100.00,20140611T000000,560200.00,3.00,2.50,1990.00,3984.00,2.00,0.00,0.00,3.00,8.00,1990.00,0.00,2004.00,0.00,98075.00,47.59,-122.02,2320.00,3984.00
2473410690.00,20140623T000000,324000.00,4.00,1.75,2110.00,7208.00,1.00,0.00,0.00,3.00,8.00,1170.00,940.00,1975.00,0.00,98058.00,47.45,-122.13,1820.00,7208.00
7300410110.00,20140519T000000,390000.00,4.00,2.50,2490.00,8290.00,2.00,0.00,0.00,3.00,9.00,2490.00,0.00,1999.00,0.00,98092.00,47.33,-122.17,2690.00,7008.00
7224500090.00,20150407T000000,414000.00,2.00,1.00,800.00,5000.00,1.00,0.00,0.00,3.00,6.00,800.00,0.00,1938.00,0.00,98055.00,47.49,-122.20,1220.00,5000.00
7852000110.00,20140903T000000,441500.00,3.00,2.50,2360.00,4670.00,2.00,0.00,0.00,3.00,7.00,2360.00,0.00,1998.00,0.00,98065.00,47.54,-121.87,2420.00,5620.00
4302200590.00,20150309T000000,375000.00,3.00,2.50,1770.00,5146.00,2.00,0.00,0.00,3.00,7.00,1770.00,0.00,1992.00,0.00,98106.00,47.53,-122.36,1230.00,5160.00
8635750090.00,20140602T000000,668500.00,4.00,2.50,2710.00,5500.00,2.00,0.00,0.00,3.00,9.00,2710.00,0.00,1999.00,0.00,98074.00,47.60,-122.02,2710.00,6242.00
1133000100.00,20141007T000000,540000.00,5.00,1.50,1940.00,10202.00,1.50,0.00,0.00,4.00,7.00,1940.00,0.00,1940.00,0.00,98125.00,47.72,-122.31,1900.00,8000.00
7631800025.00,20140606T000000,1035000.00,4.00,3.25,3450.00,11240.00,2.00,0.00,3.00,4.00,10.00,2430.00,1020.00,1960.00,2001.00,98166.00,47.46,-122.37,2412.00,19499.00
2998800110.00,20150325T000000,1345000.00,4.00,3.25,3440.00,4920.00,2.00,0.00,4.00,3.00,10.00,2520.00,920.00,2014.00,0.00,98116.00,47.57,-122.41,2350.00,5166.00
2432000110.00,20140507T000000,758000.00,4.00,2.75,2410.00,9549.00,1.00,0.00,0.00,4.00,7.00,1780.00,630.00,1956.00,0.00,98033.00,47.65,-122.20,2090.00,9549.00
824059140.00,20140527T000000,949880.00,4.00,2.25,2290.00,10687.00,2.00,0.00,0.00,3.00,9.00,2290.00,0.00,1978.00,0.00,98004.00,47.59,-122.20,2290.00,10300.00
4229400015.00,20150507T000000,570000.00,3.00,1.00,1030.00,4089.00,1.50,0.00,0.00,3.00,7.00,1030.00,0.00,1927.00,0.00,98116.00,47.57,-122.39,1440.00,4917.00
7805450110.00,20140506T000000,736000.00,4.00,2.50,2290.00,12047.00,2.00,0.00,0.00,4.00,9.00,2290.00,0.00,1988.00,0.00,98006.00,47.56,-122.11,3130.00,15666.00
9839301055.00,20140626T000000,670000.00,3.00,1.50,1490.00,4400.00,1.50,0.00,0.00,4.00,7.00,1490.00,0.00,1906.00,0.00,98122.00,47.61,-122.29,1560.00,4400.00
9471201110.00,20150406T000000,1130000.00,4.00,1.75,2370.00,8400.00,1.00,0.00,0.00,5.00,9.00,1270.00,1100.00,1949.00,0.00,98105.00,47.67,-122.26,2370.00,8400.00
1189000645.00,20141022T000000,650000.00,4.00,2.00,1930.00,3976.00,1.50,0.00,0.00,4.00,8.00,1930.00,0.00,1914.00,0.00,98122.00,47.61,-122.30,1470.00,4080.00
6788201015.00,20140616T000000,690000.00,2.00,1.75,1600.00,4000.00,1.00,0.00,0.00,5.00,7.00,850.00,750.00,1918.00,0.00,98112.00,47.64,-122.30,1860.00,4000.00
425069147.00,20150313T000000,610000.00,4.00,2.25,2240.00,45738.00,2.00,0.00,0.00,3.00,7.00,2240.00,0.00,1988.00,0.00,98053.00,47.69,-122.05,3180.00,45738.00
9268200600.00,20140519T000000,413500.00,2.00,1.00,770.00,4000.00,1.00,0.00,0.00,5.00,5.00,770.00,0.00,1924.00,0.00,98117.00,47.70,-122.36,1420.00,5040.00
9201000100.00,20150414T000000,765000.00,3.00,2.50,2300.00,9752.00,2.00,0.00,2.00,3.00,8.00,2300.00,0.00,1968.00,2003.00,98075.00,47.58,-122.08,2640.00,10764.00
4140930110.00,20141210T000000,828200.00,4.00,2.75,3400.00,7081.00,2.00,0.00,0.00,3.00,9.00,3400.00,0.00,2001.00,0.00,98006.00,47.57,-122.12,3060.00,7081.00
7226000110.00,20140726T000000,205000.00,2.00,1.00,900.00,4397.00,1.00,0.00,0.00,3.00,6.00,900.00,0.00,1918.00,0.00,98055.00,47.49,-122.21,1430.00,4500.00
4358700100.00,20141202T000000,465000.00,3.00,2.50,1450.00,5175.00,1.00,0.00,0.00,3.00,8.00,1030.00,420.00,1995.00,0.00,98133.00,47.71,-122.34,1740.00,9250.00
2228900195.00,20150311T000000,556000.00,4.00,2.50,2240.00,5402.00,2.00,0.00,0.00,3.00,8.00,2240.00,0.00,2005.00,0.00,98133.00,47.77,-122.35,2240.00,7560.00
3905100740.00,20140608T000000,540000.00,4.00,2.50,1780.00,4169.00,2.00,0.00,0.00,3.00,8.00,1780.00,0.00,1994.00,0.00,98029.00,47.57,-122.01,1830.00,4164.00
3295900490.00,20140729T000000,423000.00,4.00,2.50,2320.00,4254.00,2.00,0.00,0.00,3.00,8.00,2320.00,0.00,2004.00,0.00,98059.00,47.48,-122.14,2330.00,4602.00
7379700051.00,20150410T000000,375000.00,3.00,1.75,1590.00,14766.00,1.00,0.00,0.00,3.00,8.00,1590.00,0.00,1963.00,0.00,98007.00,47.59,-122.15,2040.00,10190.00
7348200195.00,20141209T000000,173250.00,3.00,1.00,990.00,12696.00,1.50,0.00,0.00,3.00,7.00,990.00,0.00,1936.00,0.00,98168.00,47.48,-122.28,1260.00,8937.00
4047200300.00,20150205T000000,599900.00,3.00,1.50,2605.00,12030.00,1.00,0.00,0.00,3.00,8.00,1355.00,1250.00,2003.00,0.00,98019.00,47.77,-121.90,1590.00,15242.00
4242900215.00,20140618T000000,646000.00,5.00,2.75,2870.00,4461.00,1.00,0.00,0.00,3.00,7.00,1650.00,1220.00,1976.00,0.00,98107.00,47.68,-122.39,1890.00,4196.00
7851980100.00,20140605T000000,1075000.00,5.00,4.75,5180.00,17811.00,2.00,0.00,2.00,3.00,11.00,4070.00,1110.00,2001.00,0.00,98065.00,47.54,-121.87,3960.00,15103.00
9126101645.00,20140610T000000,558000.00,4.00,2.00,2180.00,3870.00,1.00,0.00,0.00,3.00,7.00,1020.00,1160.00,1900.00,0.00,98122.00,47.61,-122.30,1520.00,2580.00
2695600375.00,20141110T000000,354000.00,2.00,1.00,850.00,5225.00,1.00,0.00,0.00,3.00,7.00,850.00,0.00,1949.00,0.00,98126.00,47.53,-122.38,1230.00,5225.00
6648150090.00,20150108T000000,1195000.00,4.00,4.00,4050.00,9517.00,2.00,0.00,0.00,3.00,11.00,3360.00,690.00,1990.00,0.00,98040.00,47.58,-122.22,3330.00,9436.00
1189000245.00,20150331T000000,670000.00,4.00,2.00,2250.00,4200.00,1.50,0.00,0.00,3.00,7.00,1650.00,600.00,1909.00,0.00,98122.00,47.61,-122.30,1200.00,3360.00
1169000057.00,20141006T000000,1125000.00,6.00,4.25,3100.00,9378.00,3.00,0.00,2.00,3.00,11.00,3100.00,0.00,1978.00,0.00,98112.00,47.64,-122.31,3270.00,6334.00
4013800131.00,20140807T000000,267500.00,2.00,1.00,1747.00,12250.00,2.50,0.00,0.00,4.00,6.00,1747.00,0.00,1948.00,0.00,98001.00,47.33,-122.29,1620.00,10300.00
1787270090.00,20150225T000000,299800.00,4.00,2.50,2410.00,4708.00,2.00,0.00,0.00,3.00,8.00,2410.00,0.00,2002.00,0.00,98092.00,47.32,-122.18,2517.00,5290.00
4037200735.00,20150414T000000,430000.00,4.00,1.75,2070.00,9120.00,1.00,0.00,0.00,4.00,7.00,1250.00,820.00,1958.00,0.00,98008.00,47.60,-122.12,1650.00,8400.00
4083302370.00,20150313T000000,775000.00,5.00,1.00,1860.00,3040.00,1.50,0.00,0.00,3.00,7.00,1530.00,330.00,1921.00,0.00,98103.00,47.66,-122.34,1910.00,3600.00
4319200820.00,20150122T000000,333000.00,3.00,1.00,950.00,5214.00,1.00,0.00,0.00,3.00,7.00,830.00,120.00,1944.00,0.00,98126.00,47.54,-122.38,1490.00,7636.00
7663700551.00,20150407T000000,336000.00,3.00,2.00,1060.00,11765.00,1.00,0.00,0.00,4.00,6.00,1060.00,0.00,1951.00,0.00,98125.00,47.73,-122.30,1500.00,9151.00
6821102350.00,20150109T000000,323000.00,2.00,1.00,880.00,1712.00,2.00,0.00,0.00,4.00,7.00,880.00,0.00,1945.00,0.00,98199.00,47.65,-122.40,1360.00,1748.00
723069089.00,20140715T000000,575000.00,4.00,2.50,2550.00,56628.00,2.00,0.00,0.00,3.00,9.00,2550.00,0.00,2001.00,0.00,98027.00,47.49,-122.08,1870.00,56628.00
8165500110.00,20141205T000000,328000.00,2.00,2.25,1550.00,2079.00,2.00,0.00,0.00,3.00,8.00,1550.00,0.00,2008.00,0.00,98106.00,47.54,-122.37,1420.00,1977.00
8081900195.00,20141210T000000,572500.00,3.00,1.00,1590.00,4600.00,1.50,0.00,0.00,4.00,7.00,1290.00,300.00,1926.00,0.00,98117.00,47.68,-122.40,1770.00,4350.00
2878601425.00,20140522T000000,600000.00,3.00,1.75,1650.00,5100.00,1.00,0.00,0.00,5.00,7.00,1040.00,610.00,1908.00,0.00,98115.00,47.69,-122.32,1540.00,5100.00
5104512070.00,20150420T000000,412000.00,4.00,3.00,2430.00,7242.00,2.00,0.00,0.00,3.00,8.00,2430.00,0.00,2003.00,0.00,98038.00,47.35,-122.02,2430.00,7242.00
3885802970.00,20141203T000000,827500.00,3.00,2.50,1810.00,7200.00,1.00,0.00,0.00,5.00,7.00,1310.00,500.00,1960.00,0.00,98033.00,47.69,-122.21,2050.00,7200.00
3021049140.00,20150325T000000,300000.00,4.00,2.50,2890.00,17349.00,2.00,0.00,0.00,3.00,8.00,2890.00,0.00,1994.00,0.00,98023.00,47.28,-122.34,2330.00,22356.00
5249801720.00,20141113T000000,415000.00,3.00,2.50,1280.00,5040.00,2.00,0.00,0.00,4.00,7.00,1280.00,0.00,1985.00,0.00,98118.00,47.56,-122.28,1500.00,5040.00
2025049006.00,20141112T000000,750000.00,7.00,2.75,3410.00,4056.00,1.50,0.00,0.00,4.00,8.00,2130.00,1280.00,1906.00,0.00,98102.00,47.65,-122.32,2510.00,4056.00
7575700015.00,20140710T000000,800000.00,3.00,2.75,2220.00,4000.00,2.00,0.00,0.00,3.00,8.00,1700.00,520.00,1914.00,2000.00,98122.00,47.62,-122.29,1800.00,4000.00
2724049146.00,20150317T000000,420000.00,3.00,1.00,1060.00,6000.00,1.00,0.00,0.00,3.00,8.00,1060.00,0.00,1954.00,0.00,98118.00,47.54,-122.28,1240.00,7874.00
8074200100.00,20141015T000000,266000.00,3.00,1.50,1120.00,8250.00,1.00,0.00,0.00,4.00,7.00,1120.00,0.00,1957.00,0.00,98056.00,47.49,-122.18,1320.00,8400.00
1517900100.00,20141021T000000,499000.00,4.00,2.50,2680.00,10590.00,2.00,0.00,0.00,3.00,8.00,2680.00,0.00,2004.00,0.00,98019.00,47.74,-121.97,2330.00,5566.00
2391602250.00,20140626T000000,440000.00,4.00,1.50,1770.00,5750.00,2.00,0.00,0.00,3.00,7.00,1770.00,0.00,1947.00,0.00,98116.00,47.56,-122.39,970.00,5750.00
7635801311.00,20140623T000000,495000.00,3.00,2.00,2950.00,12196.00,2.00,0.00,0.00,4.00,7.00,2310.00,640.00,1918.00,0.00,98166.00,47.47,-122.37,2320.00,19844.00
3362401295.00,20150330T000000,630000.00,2.00,1.75,1260.00,5300.00,1.00,0.00,0.00,4.00,7.00,840.00,420.00,1951.00,0.00,98103.00,47.68,-122.35,1280.00,3000.00
3303230110.00,20140804T000000,424000.00,3.00,1.75,1430.00,6818.00,1.00,0.00,0.00,5.00,7.00,1430.00,0.00,1972.00,0.00,98034.00,47.73,-122.20,1480.00,7210.00
1522600100.00,20140604T000000,760000.00,4.00,2.50,2730.00,36183.00,2.00,0.00,0.00,3.00,9.00,2730.00,0.00,1986.00,0.00,98052.00,47.70,-122.13,2710.00,5964.00
6646200090.00,20140819T000000,650000.00,4.00,3.50,3270.00,15704.00,2.00,0.00,0.00,3.00,9.00,2110.00,1160.00,1990.00,0.00,98074.00,47.63,-122.04,3020.00,8582.00
2522059112.00,20140507T000000,248500.00,4.00,1.75,1720.00,10018.00,1.00,0.00,0.00,5.00,7.00,1720.00,0.00,1960.00,0.00,98042.00,47.36,-122.12,1220.00,10018.00
3205100110.00,20150421T000000,379600.00,3.00,1.75,1270.00,12420.00,1.00,0.00,0.00,4.00,7.00,1270.00,0.00,1962.00,0.00,98056.00,47.54,-122.18,1560.00,9910.00
6414100025.00,20140721T000000,538000.00,4.00,2.50,3260.00,10032.00,1.00,0.00,0.00,3.00,8.00,1960.00,1300.00,1978.00,0.00,98125.00,47.72,-122.32,1802.00,7249.00
3529000930.00,20140616T000000,530000.00,4.00,2.50,2050.00,6360.00,2.00,0.00,0.00,3.00,8.00,2050.00,0.00,1988.00,0.00,98029.00,47.56,-122.01,2070.00,7541.00
4141400100.00,20150120T000000,545000.00,4.00,2.25,2050.00,9720.00,2.00,0.00,0.00,3.00,8.00,2050.00,0.00,1967.00,0.00,98008.00,47.59,-122.12,2310.00,9680.00
9562200090.00,20140624T000000,925000.00,4.00,3.00,3580.00,35261.00,1.50,0.00,0.00,3.00,10.00,3580.00,0.00,1985.00,0.00,98072.00,47.76,-122.13,3540.00,36750.00
7399800110.00,20141209T000000,565000.00,4.00,2.75,1960.00,48787.00,1.50,0.00,0.00,4.00,9.00,1960.00,0.00,1983.00,0.00,98072.00,47.75,-122.11,1970.00,36425.00
6917700356.00,20140514T000000,405100.00,2.00,1.00,840.00,3522.00,1.00,0.00,0.00,3.00,6.00,840.00,0.00,1947.00,0.00,98199.00,47.66,-122.40,1390.00,4800.00
4040800600.00,20140609T000000,502000.00,3.00,1.75,1300.00,8800.00,1.00,0.00,0.00,4.00,8.00,1300.00,0.00,1963.00,0.00,98008.00,47.62,-122.12,1350.00,8800.00
3629920300.00,20141103T000000,425000.00,3.00,2.25,1260.00,3000.00,2.00,0.00,0.00,3.00,7.00,1260.00,0.00,2003.00,0.00,98029.00,47.55,-122.00,1630.00,3042.00
8944290090.00,20140623T000000,233500.00,3.00,2.25,1650.00,2958.00,2.00,0.00,0.00,3.00,7.00,1650.00,0.00,1985.00,0.00,98031.00,47.39,-122.17,1510.00,3788.00
8091410930.00,20150323T000000,287000.00,3.00,2.50,1710.00,10341.00,2.00,0.00,2.00,3.00,7.00,1710.00,0.00,1986.00,0.00,98030.00,47.35,-122.17,1830.00,9358.00
3313600266.00,20150213T000000,190000.00,3.00,1.00,1180.00,8775.00,1.00,0.00,0.00,3.00,7.00,1180.00,0.00,1966.00,0.00,98002.00,47.28,-122.22,1300.00,8100.00
9508850100.00,20141103T000000,666000.00,3.00,2.25,2780.00,31510.00,2.00,0.00,0.00,3.00,8.00,2780.00,0.00,1979.00,0.00,98053.00,47.67,-122.02,2890.00,36400.00
3330501545.00,20141201T000000,330000.00,2.00,1.00,950.00,3090.00,1.00,0.00,0.00,4.00,6.00,950.00,0.00,1909.00,0.00,98118.00,47.55,-122.28,1230.00,4120.00
31000165.00,20140911T000000,1490000.00,5.00,3.50,3620.00,7821.00,2.00,0.00,2.00,3.00,10.00,2790.00,830.00,1958.00,2010.00,98040.00,47.57,-122.22,2690.00,9757.00
4123810090.00,20140909T000000,393000.00,3.00,2.25,2140.00,10256.00,2.00,0.00,0.00,3.00,8.00,2140.00,0.00,1987.00,0.00,98038.00,47.38,-122.04,2040.00,11717.00
1180500100.00,20140924T000000,353000.00,4.00,2.75,1920.00,4627.00,1.00,0.00,0.00,3.00,8.00,1010.00,910.00,1998.00,0.00,98178.00,47.50,-122.23,1910.00,7210.00
7549801140.00,20141020T000000,260000.00,2.00,1.00,750.00,6720.00,1.00,0.00,0.00,3.00,6.00,750.00,0.00,1916.00,0.00,98108.00,47.55,-122.31,920.00,6720.00
7254000100.00,20141215T000000,680000.00,3.00,2.50,2060.00,2551.00,2.00,0.00,0.00,3.00,8.00,1900.00,160.00,2001.00,0.00,98005.00,47.59,-122.17,2060.00,2936.00
644200090.00,20140715T000000,921000.00,3.00,2.25,2380.00,11200.00,1.00,0.00,0.00,4.00,8.00,2380.00,0.00,1963.00,0.00,98004.00,47.59,-122.19,2010.00,11200.00
5101407305.00,20141218T000000,319000.00,2.00,1.00,750.00,6380.00,1.00,0.00,0.00,3.00,7.00,750.00,0.00,1949.00,0.00,98125.00,47.70,-122.31,1690.00,6495.00
6817801030.00,20150422T000000,280000.00,3.00,1.00,1160.00,10881.00,1.00,0.00,0.00,2.00,7.00,920.00,240.00,1983.00,0.00,98074.00,47.63,-122.03,1280.00,10843.00
7454001280.00,20140611T000000,220000.00,3.00,1.00,1050.00,6300.00,1.00,0.00,0.00,3.00,6.00,1050.00,0.00,1942.00,0.00,98146.00,47.51,-122.37,740.00,6300.00
8651440740.00,20150121T000000,219000.00,3.00,1.50,1740.00,5200.00,1.00,0.00,0.00,4.00,7.00,1060.00,680.00,1977.00,0.00,98042.00,47.37,-122.09,1540.00,5200.00
1954430190.00,20140808T000000,528000.00,4.00,2.75,2050.00,7171.00,1.00,0.00,0.00,3.00,8.00,1540.00,510.00,1988.00,0.00,98074.00,47.62,-122.04,1960.00,7110.00
4292300010.00,20140527T000000,405000.00,3.00,1.75,1980.00,8100.00,1.00,0.00,0.00,4.00,7.00,1310.00,670.00,1949.00,0.00,98133.00,47.74,-122.33,1450.00,8212.00
8929000290.00,20140514T000000,372977.00,3.00,2.50,1690.00,1618.00,2.00,0.00,0.00,3.00,8.00,1150.00,540.00,2014.00,0.00,98029.00,47.55,-122.00,1690.00,1618.00
1250201680.00,20150507T000000,934550.00,4.00,3.25,2320.00,5900.00,1.50,0.00,2.00,4.00,9.00,2320.00,0.00,1910.00,0.00,98144.00,47.60,-122.29,2320.00,6240.00
868001705.00,20150206T000000,1465000.00,3.00,1.50,2480.00,9900.00,2.00,0.00,3.00,3.00,10.00,2130.00,350.00,1940.00,0.00,98177.00,47.70,-122.38,2860.00,9288.00
1370801585.00,20140603T000000,975000.00,4.00,2.25,2290.00,5350.00,2.00,0.00,0.00,4.00,9.00,2120.00,170.00,1958.00,0.00,98199.00,47.64,-122.41,2910.00,5350.00
7501000130.00,20140505T000000,800866.00,5.00,2.50,3180.00,13806.00,2.00,0.00,0.00,4.00,10.00,3180.00,0.00,1990.00,0.00,98033.00,47.65,-122.18,3180.00,13798.00
4178300130.00,20150413T000000,950000.00,7.00,3.50,3470.00,16264.00,2.00,0.00,0.00,4.00,9.00,3470.00,0.00,1980.00,0.00,98007.00,47.62,-122.15,3040.00,13500.00
7550801206.00,20140904T000000,624000.00,4.00,3.00,1540.00,4140.00,1.50,0.00,0.00,5.00,7.00,1540.00,0.00,1902.00,0.00,98107.00,47.67,-122.40,1460.00,5000.00
9201300050.00,20140814T000000,1850000.00,5.00,2.25,2800.00,8442.00,2.00,1.00,4.00,3.00,9.00,2800.00,0.00,1963.00,2001.00,98075.00,47.58,-122.08,3220.00,9156.00
3816300095.00,20140514T000000,310000.00,3.00,1.00,1050.00,9876.00,1.00,0.00,0.00,3.00,7.00,1050.00,0.00,1953.00,0.00,98028.00,47.76,-122.26,1760.00,9403.00
7399301100.00,20141204T000000,315000.00,3.00,1.75,1480.00,6800.00,1.00,0.00,0.00,4.00,7.00,1480.00,0.00,1968.00,0.00,98055.00,47.46,-122.19,1500.00,7900.00
4151800470.00,20140820T000000,675000.00,3.00,2.00,1010.00,5973.00,1.00,0.00,0.00,5.00,6.00,1010.00,0.00,1942.00,0.00,98033.00,47.67,-122.20,1920.00,6015.00
7811000020.00,20141113T000000,490000.00,3.00,1.75,1660.00,8208.00,1.00,0.00,0.00,4.00,8.00,1660.00,0.00,1965.00,0.00,98005.00,47.59,-122.15,2210.00,11000.00
5166700050.00,20150211T000000,600000.00,5.00,2.25,2760.00,6350.00,1.00,0.00,0.00,3.00,7.00,1380.00,1380.00,1958.00,0.00,98126.00,47.56,-122.38,2060.00,6342.00
4045500130.00,20140909T000000,154000.00,2.00,1.00,1040.00,20524.00,1.00,0.00,3.00,3.00,6.00,1040.00,0.00,1949.00,1989.00,98014.00,47.70,-121.88,1880.00,38996.00
2927600675.00,20140609T000000,480000.00,4.00,1.75,2220.00,6500.00,2.00,0.00,3.00,4.00,8.00,2220.00,0.00,1964.00,0.00,98166.00,47.45,-122.38,2430.00,11600.00
7686202580.00,20150213T000000,196900.00,3.00,1.00,1270.00,7500.00,1.00,0.00,0.00,3.00,6.00,1270.00,0.00,1954.00,0.00,98198.00,47.42,-122.32,1250.00,8000.00
5690500095.00,20140826T000000,735000.00,3.00,3.25,2960.00,39370.00,2.00,0.00,0.00,3.00,10.00,2960.00,0.00,1989.00,0.00,98011.00,47.75,-122.20,2960.00,56628.00
3876540630.00,20150227T000000,205500.00,3.00,2.00,1330.00,8748.00,1.00,0.00,0.00,3.00,7.00,1330.00,0.00,1986.00,0.00,98003.00,47.26,-122.30,1510.00,8584.00
8929000170.00,20140616T000000,357186.00,2.00,1.75,1210.00,1040.00,2.00,0.00,0.00,3.00,8.00,1210.00,0.00,2014.00,0.00,98029.00,47.55,-122.00,1210.00,1090.00
2621400080.00,20150128T000000,275000.00,4.00,2.50,2120.00,6754.00,2.00,0.00,0.00,3.00,7.00,2120.00,0.00,1998.00,0.00,98030.00,47.36,-122.18,2120.00,6937.00
8154100020.00,20140906T000000,248500.00,3.00,1.75,2090.00,12026.00,1.00,0.00,0.00,4.00,7.00,2090.00,0.00,1948.00,0.00,98002.00,47.31,-122.22,1700.00,9496.00
8097000190.00,20140602T000000,350000.00,3.00,2.50,2680.00,7836.00,2.00,0.00,0.00,3.00,8.00,2680.00,0.00,1990.00,2009.00,98092.00,47.32,-122.19,2340.00,8040.00
2624089181.00,20140812T000000,390000.00,4.00,2.75,1790.00,47250.00,1.00,0.00,0.00,3.00,7.00,1220.00,570.00,1987.00,0.00,98045.00,47.53,-121.75,1250.00,43791.00
8718500275.00,20140715T000000,390000.00,3.00,2.75,1950.00,12240.00,1.00,0.00,0.00,3.00,7.00,1250.00,700.00,1956.00,0.00,98028.00,47.74,-122.26,1880.00,12000.00
3575305495.00,20150413T000000,660000.00,5.00,2.25,3740.00,14913.00,1.50,0.00,0.00,4.00,9.00,3740.00,0.00,1979.00,0.00,98074.00,47.62,-122.06,2180.00,7600.00
411100020.00,20141117T000000,310000.00,3.00,1.75,1140.00,8263.00,1.00,0.00,0.00,5.00,7.00,1140.00,0.00,1950.00,0.00,98155.00,47.74,-122.33,1140.00,6770.00
9113200020.00,20140612T000000,717000.00,3.00,2.50,2480.00,5137.00,2.00,0.00,0.00,3.00,9.00,2480.00,0.00,2000.00,0.00,98052.00,47.68,-122.16,2480.00,6023.00
2011400019.00,20141230T000000,260000.00,5.00,2.50,2580.00,11250.00,1.00,0.00,0.00,3.00,7.00,1410.00,1170.00,1964.00,0.00,98198.00,47.40,-122.31,2240.00,11780.00
3912000020.00,20150430T000000,745000.00,3.00,2.00,2290.00,5001.00,1.00,0.00,0.00,4.00,7.00,1490.00,800.00,1960.00,0.00,98103.00,47.69,-122.34,1230.00,5001.00
8078370010.00,20150218T000000,470000.00,4.00,2.50,2320.00,12042.00,1.00,0.00,0.00,4.00,7.00,1320.00,1000.00,1975.00,0.00,98072.00,47.76,-122.16,2160.00,7054.00
5104650020.00,20150505T000000,429000.00,3.00,2.50,2530.00,8820.00,2.00,0.00,0.00,3.00,8.00,2530.00,0.00,1997.00,0.00,98031.00,47.42,-122.21,2340.00,9472.00
7417700664.00,20150408T000000,220000.00,4.00,2.00,1400.00,7140.00,1.00,0.00,0.00,3.00,7.00,1400.00,0.00,1969.00,0.00,98155.00,47.77,-122.31,1610.00,10500.00
2770604920.00,20140903T000000,497000.00,3.00,3.00,2060.00,1850.00,2.00,0.00,0.00,3.00,8.00,1400.00,660.00,2007.00,0.00,98119.00,47.65,-122.37,1910.00,2951.00
1930300190.00,20140714T000000,716100.00,3.00,1.00,1640.00,4000.00,1.50,0.00,0.00,5.00,7.00,1640.00,0.00,1909.00,0.00,98103.00,47.66,-122.35,2140.00,4000.00
3024079069.00,20140911T000000,371000.00,4.00,1.00,1960.00,94525.00,1.50,0.00,0.00,3.00,6.00,1960.00,0.00,1979.00,0.00,98027.00,47.54,-121.96,2430.00,188564.00
723069049.00,20140724T000000,379000.00,5.00,2.75,3000.00,25175.00,1.00,0.00,0.00,4.00,7.00,1500.00,1500.00,1961.00,0.00,98027.00,47.50,-122.09,2170.00,40523.00
2210500019.00,20150324T000000,937500.00,3.00,1.00,1320.00,8500.00,1.00,0.00,0.00,4.00,7.00,1320.00,0.00,1954.00,0.00,98039.00,47.62,-122.23,2790.00,10800.00
3856901435.00,20141027T000000,720000.00,4.00,2.00,1760.00,4500.00,1.50,0.00,0.00,5.00,7.00,1760.00,0.00,1906.00,0.00,98103.00,47.67,-122.33,1740.00,4220.00
3948900050.00,20150427T000000,616000.00,3.00,3.25,2130.00,2306.00,2.00,0.00,1.00,5.00,7.00,1420.00,710.00,1924.00,0.00,98136.00,47.54,-122.39,1560.00,4500.00
5412400170.00,20150414T000000,259000.00,3.00,2.00,1390.00,7120.00,1.00,0.00,0.00,3.00,7.00,1390.00,0.00,1988.00,0.00,98030.00,47.38,-122.18,1530.00,7688.00
2856102280.00,20140514T000000,538000.00,3.00,1.75,1400.00,3825.00,1.50,0.00,0.00,4.00,6.00,1100.00,300.00,1904.00,0.00,98117.00,47.68,-122.39,1720.00,5100.00
3288100290.00,20150507T000000,605000.00,3.00,2.75,3230.00,9576.00,1.50,0.00,0.00,4.00,8.00,3230.00,0.00,1966.00,0.00,98034.00,47.73,-122.18,2820.00,9576.00
5145000190.00,20141103T000000,369950.00,3.00,1.00,1110.00,7603.00,1.00,0.00,0.00,3.00,7.00,1110.00,0.00,1967.00,0.00,98034.00,47.73,-122.22,1260.00,8094.00
6679000170.00,20150414T000000,310000.00,3.00,2.50,1670.00,4220.00,2.00,0.00,0.00,3.00,7.00,1670.00,0.00,2002.00,0.00,98038.00,47.38,-122.03,1670.00,4238.00
9536601045.00,20150428T000000,227500.00,3.00,1.00,1540.00,9450.00,1.00,0.00,0.00,4.00,7.00,1540.00,0.00,1960.00,0.00,98198.00,47.36,-122.32,1210.00,9450.00
8731981410.00,20141121T000000,274000.00,4.00,2.25,2090.00,7400.00,1.00,0.00,0.00,3.00,9.00,1670.00,420.00,1973.00,0.00,98023.00,47.32,-122.38,2260.00,8000.00
3574801350.00,20141120T000000,410000.00,3.00,2.00,1410.00,8088.00,1.00,0.00,0.00,3.00,7.00,1410.00,0.00,1987.00,0.00,98034.00,47.73,-122.23,1770.00,7401.00
1922069099.00,20140523T000000,354800.00,3.00,2.00,1370.00,78408.00,1.00,0.00,0.00,5.00,7.00,1370.00,0.00,1964.00,0.00,98042.00,47.39,-122.08,1620.00,9690.00
871001735.00,20140911T000000,650000.00,4.00,2.25,1910.00,5120.00,1.00,0.00,0.00,3.00,8.00,1300.00,610.00,1954.00,0.00,98199.00,47.65,-122.41,1810.00,5153.00
2022059308.00,20150505T000000,353000.00,3.00,2.00,1678.00,13862.00,1.00,0.00,0.00,3.00,7.00,1678.00,0.00,1994.00,0.00,98030.00,47.37,-122.19,1550.00,11753.00
2525300480.00,20150304T000000,224975.00,3.00,1.00,960.00,12745.00,1.00,0.00,0.00,4.00,6.00,960.00,0.00,1977.00,0.00,98038.00,47.36,-122.03,1160.00,10488.00
7979900440.00,20150512T000000,600000.00,2.00,1.75,2080.00,13054.00,1.00,0.00,1.00,3.00,7.00,2080.00,0.00,1951.00,0.00,98155.00,47.74,-122.29,2440.00,13054.00
2558660290.00,20150218T000000,437500.00,3.00,2.25,1790.00,7700.00,1.00,0.00,0.00,4.00,7.00,1340.00,450.00,1976.00,0.00,98034.00,47.72,-122.17,1610.00,7350.00
8650300190.00,20140521T000000,567000.00,3.00,2.50,2540.00,6093.00,2.00,0.00,0.00,3.00,9.00,2540.00,0.00,1999.00,0.00,98034.00,47.70,-122.24,2540.00,5924.00
8643000225.00,20150506T000000,225000.00,5.00,1.50,1790.00,11656.00,2.00,0.00,0.00,3.00,7.00,1790.00,0.00,1963.00,0.00,98198.00,47.40,-122.31,2040.00,9790.00
1105000233.00,20140906T000000,255000.00,2.00,1.00,940.00,9330.00,1.00,0.00,0.00,3.00,6.00,940.00,0.00,1941.00,0.00,98118.00,47.54,-122.27,1900.00,6145.00
9831200500.00,20150304T000000,2479000.00,5.00,3.75,6810.00,7500.00,2.50,0.00,0.00,3.00,13.00,6110.00,700.00,1922.00,0.00,98102.00,47.63,-122.32,2660.00,7500.00
945000250.00,20140613T000000,370000.00,2.00,1.00,900.00,4600.00,1.00,0.00,0.00,3.00,6.00,900.00,0.00,1951.00,0.00,98117.00,47.69,-122.36,1060.00,4600.00
4101410050.00,20150421T000000,675000.00,4.00,1.75,1900.00,8800.00,1.00,0.00,0.00,3.00,8.00,1140.00,760.00,1975.00,0.00,98033.00,47.66,-122.20,2280.00,8800.00
1571100130.00,20140904T000000,285000.00,3.00,1.00,1440.00,4268.00,1.00,0.00,0.00,3.00,7.00,1040.00,400.00,1953.00,0.00,98108.00,47.55,-122.29,1370.00,4268.00
7932000078.00,20140507T000000,310000.00,3.00,1.75,2070.00,37904.00,1.00,0.00,0.00,4.00,7.00,1420.00,650.00,1973.00,0.00,98058.00,47.43,-122.19,2011.00,19110.00
2592400170.00,20141202T000000,475000.00,4.00,2.50,2240.00,7245.00,1.00,0.00,0.00,4.00,7.00,1140.00,1100.00,1972.00,0.00,98034.00,47.72,-122.17,1740.00,7350.00
2517010630.00,20150508T000000,410000.00,4.00,2.50,3320.00,5034.00,2.00,0.00,0.00,4.00,7.00,3320.00,0.00,2006.00,0.00,98042.00,47.40,-122.16,2580.00,4950.00
6926700225.00,20140702T000000,895000.00,4.00,2.25,1950.00,5950.00,1.00,0.00,0.00,3.00,8.00,1330.00,620.00,1947.00,0.00,98109.00,47.64,-122.35,2600.00,5593.00
8820902905.00,20140822T000000,375000.00,3.00,1.50,1240.00,7733.00,1.00,0.00,0.00,3.00,6.00,790.00,450.00,1941.00,0.00,98125.00,47.71,-122.28,1130.00,7733.00
5104510190.00,20150427T000000,349000.00,4.00,2.50,1830.00,4694.00,2.00,0.00,0.00,3.00,7.00,1830.00,0.00,2003.00,0.00,98038.00,47.36,-122.02,1830.00,5175.00
9839301060.00,20150406T000000,650500.00,3.00,1.75,1740.00,4400.00,1.50,0.00,0.00,3.00,8.00,1740.00,0.00,1903.00,0.00,98122.00,47.61,-122.29,1740.00,4400.00
2425700005.00,20150428T000000,760000.00,3.00,1.75,1410.00,15120.00,1.00,0.00,0.00,4.00,7.00,1410.00,0.00,1950.00,0.00,98004.00,47.60,-122.20,1880.00,15120.00
9276201190.00,20140520T000000,480000.00,4.00,2.75,2050.00,3960.00,1.00,0.00,0.00,4.00,7.00,1180.00,870.00,1986.00,0.00,98116.00,47.58,-122.39,1440.00,5040.00
8644210050.00,20140926T000000,689000.00,4.00,2.75,3220.00,16145.00,2.00,0.00,0.00,3.00,10.00,3220.00,0.00,1993.00,0.00,98075.00,47.58,-122.00,3200.00,12921.00
2741100280.00,20140513T000000,415000.00,3.00,1.75,1960.00,5000.00,1.00,0.00,0.00,5.00,6.00,980.00,980.00,1911.00,0.00,98108.00,47.56,-122.32,1790.00,5000.00
2891000680.00,20150427T000000,195000.00,3.00,1.75,1070.00,6110.00,1.00,0.00,0.00,4.00,7.00,1070.00,0.00,1968.00,0.00,98002.00,47.32,-122.21,1350.00,6148.00
7366100080.00,20140731T000000,318000.00,5.00,2.50,2820.00,9956.00,1.00,0.00,0.00,4.00,7.00,1410.00,1410.00,1967.00,0.00,98168.00,47.47,-122.33,2700.00,9956.00
3211270170.00,20140523T000000,404000.00,4.00,3.00,4060.00,35621.00,1.00,0.00,0.00,3.00,9.00,2030.00,2030.00,1989.00,0.00,98092.00,47.31,-122.11,2950.00,35259.00
3330500920.00,20141030T000000,339950.00,2.00,1.00,800.00,3090.00,1.00,0.00,0.00,4.00,6.00,800.00,0.00,1925.00,0.00,98118.00,47.55,-122.28,1400.00,3090.00
5437820080.00,20141124T000000,215000.00,3.00,1.00,1260.00,7897.00,1.00,0.00,0.00,3.00,7.00,1260.00,0.00,1979.00,0.00,98022.00,47.19,-122.00,1560.00,8285.00
8097000380.00,20140818T000000,339900.00,3.00,2.50,2420.00,7423.00,2.00,0.00,0.00,3.00,8.00,2420.00,0.00,1990.00,0.00,98092.00,47.32,-122.19,2260.00,7629.00
2591010290.00,20140519T000000,285000.00,1.00,1.50,810.00,3211.00,2.00,0.00,0.00,4.00,7.00,810.00,0.00,1982.00,0.00,98033.00,47.69,-122.18,1320.00,3298.00
1324300380.00,20140716T000000,550000.00,3.00,1.00,1600.00,5000.00,1.50,0.00,0.00,3.00,7.00,1110.00,490.00,1947.00,0.00,98107.00,47.66,-122.36,1380.00,5000.00
3226049478.00,20140725T000000,430000.00,4.00,1.00,1350.00,9000.00,1.50,0.00,0.00,4.00,7.00,1350.00,0.00,1964.00,0.00,98103.00,47.70,-122.33,1940.00,8000.00
7941500170.00,20141202T000000,219000.00,3.00,1.00,970.00,7790.00,1.00,0.00,0.00,3.00,6.00,970.00,0.00,1967.00,0.00,98003.00,47.32,-122.33,1150.00,8160.00
7522500005.00,20140815T000000,555000.00,2.00,1.50,1780.00,4750.00,1.00,0.00,0.00,4.00,7.00,1080.00,700.00,1947.00,0.00,98117.00,47.69,-122.40,1690.00,5962.00
1545801630.00,20140721T000000,233000.00,3.00,2.00,1350.00,7686.00,1.00,0.00,0.00,3.00,7.00,1350.00,0.00,1989.00,0.00,98038.00,47.36,-122.05,1470.00,7686.00
5151600480.00,20150402T000000,248000.00,3.00,1.75,1840.00,19501.00,1.00,0.00,0.00,4.00,8.00,1270.00,570.00,1972.00,0.00,98003.00,47.34,-122.32,1910.00,12000.00
2731600080.00,20150422T000000,454000.00,5.00,2.25,2550.00,9200.00,1.00,0.00,0.00,4.00,8.00,1580.00,970.00,1975.00,0.00,98166.00,47.47,-122.36,2090.00,9200.00
2804600010.00,20150331T000000,950000.00,4.00,2.50,1700.00,4418.00,2.00,0.00,0.00,3.00,8.00,1700.00,0.00,1931.00,2000.00,98112.00,47.64,-122.30,2090.00,4174.00
8899210680.00,20140915T000000,359000.00,3.00,2.50,2430.00,7857.00,2.00,0.00,0.00,5.00,8.00,1730.00,700.00,1980.00,0.00,98055.00,47.45,-122.21,2160.00,8740.00
6649300190.00,20140903T000000,407500.00,5.00,2.00,2740.00,8230.00,1.50,0.00,0.00,3.00,7.00,2210.00,530.00,1962.00,0.00,98155.00,47.74,-122.30,2130.00,8232.00
1312200080.00,20140528T000000,224000.00,3.00,1.50,1560.00,7300.00,1.00,0.00,0.00,4.00,7.00,1040.00,520.00,1964.00,0.00,98001.00,47.34,-122.28,1460.00,7910.00
1721801025.00,20140718T000000,210000.00,2.00,1.00,1040.00,4590.00,1.00,0.00,0.00,3.00,7.00,1040.00,0.00,1954.00,0.00,98146.00,47.51,-122.34,1040.00,6120.00
7942200050.00,20150123T000000,261000.00,4.00,1.75,1820.00,9824.00,1.00,0.00,0.00,5.00,7.00,1820.00,0.00,1968.00,0.00,98042.00,47.38,-122.09,1410.00,11013.00
9528100963.00,20140806T000000,719000.00,3.00,3.00,1833.00,1706.00,3.00,0.00,0.00,3.00,9.00,1833.00,0.00,1998.00,0.00,98115.00,47.68,-122.33,1466.00,1455.00
9297301495.00,20150203T000000,440000.00,3.00,2.50,2160.00,3738.00,2.00,0.00,0.00,3.00,8.00,2160.00,0.00,1994.00,0.00,98126.00,47.57,-122.38,1500.00,4000.00
192300020.00,20140521T000000,525000.00,3.00,2.75,2100.00,10362.00,2.00,0.00,0.00,3.00,9.00,1510.00,590.00,1998.00,0.00,98045.00,47.43,-121.42,2240.00,11842.00
9477100170.00,20140721T000000,375000.00,3.00,1.50,1370.00,9720.00,2.00,0.00,0.00,3.00,7.00,1370.00,0.00,1968.00,0.00,98034.00,47.73,-122.20,1510.00,8775.00
6705120280.00,20150331T000000,428000.00,2.00,2.50,1414.00,1960.00,2.00,0.00,0.00,3.00,8.00,1414.00,0.00,1986.00,0.00,98006.00,47.54,-122.19,1414.00,2511.00
7203220050.00,20141118T000000,988830.00,5.00,3.25,4115.00,7910.00,2.00,0.00,0.00,3.00,9.00,4115.00,0.00,2014.00,0.00,98053.00,47.68,-122.02,3950.00,6765.00
6858700225.00,20141004T000000,199950.00,3.00,1.75,1550.00,6225.00,1.00,0.00,0.00,4.00,7.00,1550.00,0.00,1949.00,0.00,98002.00,47.31,-122.22,1760.00,9496.00
8712100605.00,20141028T000000,840000.00,4.00,2.25,2100.00,3671.00,1.50,0.00,0.00,3.00,8.00,1750.00,350.00,1929.00,0.00,98112.00,47.64,-122.30,1800.00,4560.00
5702380500.00,20140908T000000,285000.00,3.00,1.75,1160.00,7006.00,1.00,0.00,0.00,4.00,7.00,1160.00,0.00,1992.00,0.00,98022.00,47.19,-121.98,1670.00,7750.00
6181430280.00,20140915T000000,330000.00,5.00,2.50,3597.00,4972.00,2.00,0.00,0.00,3.00,7.00,3597.00,0.00,2006.00,0.00,98001.00,47.30,-122.28,3193.00,6000.00
7138000170.00,20150102T000000,147500.00,3.00,1.50,1230.00,10125.00,1.00,0.00,0.00,3.00,7.00,1230.00,0.00,1960.00,0.00,98198.00,47.40,-122.30,1970.00,10125.00
6669010290.00,20141107T000000,320000.00,4.00,2.50,2190.00,7125.00,2.00,0.00,0.00,5.00,8.00,2190.00,0.00,1978.00,0.00,98032.00,47.37,-122.29,2190.00,8075.00
5706200280.00,20140701T000000,382500.00,3.00,1.75,1040.00,9000.00,1.00,0.00,0.00,4.00,7.00,1040.00,0.00,1967.00,0.00,98027.00,47.53,-122.04,1750.00,10878.00
1338300170.00,20150324T000000,2048000.00,5.00,4.00,4690.00,8208.00,2.00,0.00,0.00,3.00,9.00,3040.00,1650.00,1926.00,0.00,98112.00,47.63,-122.30,3300.00,8001.00
8562800250.00,20140814T000000,596000.00,4.00,2.25,2270.00,10000.00,1.00,0.00,0.00,5.00,8.00,1720.00,550.00,1974.00,0.00,98006.00,47.56,-122.14,2270.00,10148.00
109210280.00,20141111T000000,220000.00,4.00,2.25,1950.00,7280.00,2.00,0.00,0.00,4.00,8.00,1950.00,0.00,1979.00,0.00,98023.00,47.30,-122.37,1910.00,7280.00
3216900080.00,20140925T000000,325000.00,3.00,2.50,1880.00,6818.00,2.00,0.00,0.00,3.00,8.00,1880.00,0.00,1993.00,0.00,98031.00,47.42,-122.18,1970.00,7000.00
629500170.00,20150326T000000,679950.00,4.00,2.50,2850.00,5664.00,2.00,0.00,0.00,3.00,9.00,2850.00,0.00,2001.00,0.00,98075.00,47.58,-122.00,2850.00,5475.00
5272200005.00,20150218T000000,175000.00,2.00,1.00,1160.00,6911.00,1.00,0.00,0.00,3.00,7.00,1160.00,0.00,1947.00,0.00,98125.00,47.71,-122.32,1120.00,6948.00
7205000080.00,20141201T000000,268000.00,3.00,1.75,1370.00,10050.00,1.00,0.00,1.00,4.00,7.00,1370.00,0.00,1966.00,0.00,98023.00,47.33,-122.34,1720.00,10050.00
1117200170.00,20140919T000000,715000.00,4.00,3.50,3260.00,110579.00,2.00,0.00,0.00,3.00,10.00,3260.00,0.00,1997.00,0.00,98053.00,47.64,-122.00,3470.00,97895.00
5561300480.00,20150408T000000,600000.00,7.00,2.25,3170.00,36384.00,2.00,0.00,0.00,3.00,8.00,3170.00,0.00,1969.00,0.00,98027.00,47.47,-122.00,2460.00,38370.00
6896300380.00,20141002T000000,228000.00,0.00,1.00,390.00,5900.00,1.00,0.00,0.00,2.00,4.00,390.00,0.00,1953.00,0.00,98118.00,47.53,-122.26,2170.00,6000.00
3293400010.00,20150304T000000,950000.00,5.00,2.50,3450.00,35880.00,2.00,0.00,0.00,3.00,11.00,3450.00,0.00,1992.00,0.00,98052.00,47.72,-122.10,3450.00,26820.00
3421059049.00,20140610T000000,475000.00,2.00,1.75,1490.00,224334.00,1.00,0.00,2.00,3.00,8.00,1490.00,0.00,1983.00,0.00,98092.00,47.26,-122.16,2350.00,213879.00
524069049.00,20150402T000000,700000.00,3.00,1.50,1460.00,78408.00,1.00,0.00,0.00,4.00,7.00,1460.00,0.00,1963.00,0.00,98075.00,47.59,-122.06,3320.00,7787.00
1524079093.00,20140827T000000,275000.00,3.00,1.75,1300.00,20700.00,1.00,0.00,0.00,3.00,7.00,1300.00,0.00,1962.00,0.00,98024.00,47.56,-121.90,1930.00,37638.00
1524079093.00,20150318T000000,369500.00,3.00,1.75,1300.00,20700.00,1.00,0.00,0.00,3.00,7.00,1300.00,0.00,1962.00,0.00,98024.00,47.56,-121.90,1930.00,37638.00
3832710680.00,20140721T000000,215000.00,4.00,2.00,1540.00,7575.00,1.00,0.00,0.00,4.00,7.00,1040.00,500.00,1978.00,0.00,98032.00,47.37,-122.28,1720.00,7575.00
686200840.00,20150422T000000,593450.00,4.00,2.25,2130.00,7172.00,2.00,0.00,0.00,4.00,8.00,2130.00,0.00,1964.00,0.00,98008.00,47.63,-122.11,1910.00,7653.00
8682310460.00,20140709T000000,498800.00,2.00,1.75,1350.00,4614.00,1.00,0.00,0.00,3.00,8.00,1350.00,0.00,2008.00,0.00,98053.00,47.71,-122.02,1680.00,4775.00
446000190.00,20141208T000000,849000.00,5.00,3.25,2450.00,6534.00,2.00,0.00,0.00,3.00,8.00,1770.00,680.00,1951.00,2014.00,98115.00,47.69,-122.28,1620.00,6534.00
8805900430.00,20141229T000000,1151250.00,4.00,2.50,1940.00,4875.00,2.00,0.00,0.00,4.00,9.00,1940.00,0.00,1925.00,0.00,98112.00,47.64,-122.30,1790.00,4875.00
3629921060.00,20140715T000000,825000.00,5.00,2.50,2890.00,5110.00,2.00,0.00,2.00,3.00,9.00,2890.00,0.00,2003.00,0.00,98029.00,47.55,-122.00,3010.00,5110.00
8856890020.00,20150224T000000,265000.00,3.00,1.75,1680.00,9769.00,1.00,0.00,0.00,3.00,8.00,1340.00,340.00,1989.00,0.00,98058.00,47.46,-122.13,1730.00,9686.00
2115510470.00,20141223T000000,285000.00,4.00,2.25,1960.00,10400.00,1.00,0.00,0.00,4.00,8.00,1220.00,740.00,1985.00,0.00,98023.00,47.32,-122.39,1650.00,8660.00
1545803890.00,20141231T000000,240000.00,3.00,1.75,1590.00,7931.00,1.00,0.00,0.00,3.00,7.00,1190.00,400.00,1979.00,0.00,98038.00,47.36,-122.05,1680.00,7931.00
3322049126.00,20140721T000000,261000.00,4.00,1.00,1390.00,17739.00,1.00,0.00,0.00,3.00,7.00,1390.00,0.00,1958.00,0.00,98003.00,47.35,-122.30,1230.00,7840.00
6669020500.00,20140627T000000,330000.00,4.00,1.75,2440.00,7350.00,1.00,0.00,0.00,3.00,8.00,1610.00,830.00,1978.00,0.00,98032.00,47.37,-122.29,2180.00,7680.00
3832710840.00,20140602T000000,250000.00,4.00,2.00,1850.00,7560.00,1.00,0.00,0.00,4.00,7.00,1540.00,310.00,1978.00,0.00,98032.00,47.37,-122.28,1620.00,7658.00
7212651950.00,20140710T000000,350000.00,4.00,2.50,2800.00,9538.00,2.00,0.00,0.00,3.00,8.00,2800.00,0.00,1993.00,0.00,98003.00,47.27,-122.31,1970.00,7750.00
1331900020.00,20140925T000000,930000.00,3.00,2.50,3780.00,35273.00,1.50,0.00,0.00,3.00,10.00,3780.00,0.00,1986.00,0.00,98072.00,47.75,-122.12,3450.00,35273.00
7140200380.00,20141030T000000,275000.00,3.00,2.00,1910.00,8050.00,1.00,0.00,0.00,4.00,7.00,1000.00,910.00,1980.00,0.00,98030.00,47.37,-122.17,1780.00,7344.00
7972601235.00,20150223T000000,325000.00,4.00,2.25,2460.00,7620.00,1.00,0.00,0.00,3.00,7.00,1230.00,1230.00,1969.00,0.00,98106.00,47.53,-122.35,2090.00,7620.00
2848700585.00,20150424T000000,255000.00,1.00,1.00,810.00,5000.00,1.00,0.00,1.00,3.00,7.00,590.00,220.00,1936.00,0.00,98106.00,47.57,-122.36,1920.00,5000.00
6132600380.00,20150320T000000,562200.00,3.00,1.50,1900.00,5250.00,1.00,0.00,0.00,4.00,7.00,1500.00,400.00,1943.00,0.00,98117.00,47.70,-122.39,1810.00,5250.00
2424059127.00,20140820T000000,952000.00,2.00,1.75,3490.00,88909.00,1.00,0.00,3.00,3.00,10.00,2320.00,1170.00,1980.00,0.00,98006.00,47.55,-122.11,3490.00,40185.00
2591830130.00,20140504T000000,365000.00,3.00,2.50,2200.00,7350.00,1.00,0.00,0.00,5.00,8.00,1570.00,630.00,1988.00,0.00,98058.00,47.44,-122.16,2350.00,7557.00
1771100130.00,20150316T000000,332900.00,3.00,1.50,1190.00,11996.00,1.00,0.00,0.00,4.00,7.00,1190.00,0.00,1969.00,0.00,98077.00,47.76,-122.07,1190.00,9756.00
8856700190.00,20150423T000000,721000.00,3.00,2.25,2040.00,18360.00,2.00,0.00,0.00,4.00,8.00,2040.00,0.00,1983.00,0.00,98052.00,47.70,-122.14,2590.00,21315.00
7852040080.00,20150421T000000,487275.00,4.00,2.50,2400.00,3986.00,2.00,0.00,0.00,3.00,8.00,2400.00,0.00,1999.00,0.00,98065.00,47.53,-121.88,2070.00,3986.00
5648600190.00,20150429T000000,310000.00,3.00,2.50,1670.00,5791.00,2.00,0.00,0.00,3.00,7.00,1670.00,0.00,1995.00,0.00,98055.00,47.44,-122.19,1610.00,6034.00
4154300275.00,20150115T000000,245000.00,2.00,1.00,990.00,4800.00,1.00,0.00,0.00,3.00,6.00,990.00,0.00,1908.00,0.00,98118.00,47.56,-122.28,1700.00,5400.00
5438000280.00,20150415T000000,325000.00,3.00,1.75,2920.00,10573.00,1.00,0.00,0.00,4.00,7.00,2920.00,0.00,1964.00,0.00,98055.00,47.44,-122.20,1560.00,10572.00
9201000480.00,20141112T000000,550000.00,3.00,1.75,1840.00,9401.00,1.00,0.00,0.00,3.00,8.00,1840.00,0.00,1971.00,0.00,98075.00,47.58,-122.08,2850.00,14323.00
1604600660.00,20140512T000000,350000.00,2.00,1.00,910.00,4500.00,1.50,0.00,0.00,4.00,7.00,910.00,0.00,1906.00,0.00,98118.00,47.56,-122.29,1270.00,3500.00
522069022.00,20140714T000000,599000.00,5.00,2.50,2950.00,72309.00,2.00,0.00,0.00,3.00,8.00,2950.00,0.00,2006.00,0.00,98058.00,47.42,-122.08,1480.00,56192.00
4331400190.00,20141112T000000,259950.00,3.00,1.50,1240.00,9500.00,1.00,0.00,0.00,4.00,7.00,1240.00,0.00,1955.00,0.00,98166.00,47.48,-122.35,1845.00,10125.00
9407150130.00,20141201T000000,240000.00,4.00,2.50,1980.00,7264.00,2.00,0.00,0.00,3.00,7.00,1980.00,0.00,1996.00,0.00,98038.00,47.37,-122.02,1600.00,6380.00
2212900470.00,20150211T000000,186000.00,3.00,1.00,1200.00,10080.00,1.00,0.00,0.00,4.00,7.00,1200.00,0.00,1969.00,0.00,98042.00,47.33,-122.14,1230.00,9800.00
6600220080.00,20150204T000000,395000.00,3.00,1.50,1280.00,15028.00,1.00,0.00,0.00,3.00,7.00,1280.00,0.00,1982.00,0.00,98074.00,47.63,-122.04,1470.00,13698.00
9558050020.00,20140915T000000,475000.00,4.00,2.50,3150.00,5757.00,2.00,0.00,0.00,3.00,9.00,3150.00,0.00,2004.00,0.00,98058.00,47.46,-122.12,3100.00,5757.00
8691300420.00,20140804T000000,815000.00,5.00,3.50,3500.00,10794.00,2.00,0.00,0.00,3.00,10.00,3500.00,0.00,1996.00,0.00,98075.00,47.59,-121.97,3110.00,10837.00
5450300010.00,20140902T000000,572000.00,3.00,1.50,1680.00,13751.00,1.00,0.00,0.00,4.00,7.00,1680.00,0.00,1951.00,0.00,98040.00,47.57,-122.23,1760.00,13500.00
339600460.00,20141017T000000,419500.00,3.00,2.50,1360.00,3188.00,2.00,0.00,0.00,3.00,7.00,1360.00,0.00,1986.00,0.00,98052.00,47.68,-122.10,1090.00,3188.00
9264910920.00,20140903T000000,298700.00,3.00,2.25,2110.00,7350.00,1.00,0.00,0.00,3.00,8.00,1530.00,580.00,1980.00,0.00,98023.00,47.31,-122.34,2640.00,7777.00
121029034.00,20140624T000000,549000.00,2.00,1.00,2034.00,13392.00,1.00,1.00,4.00,5.00,7.00,1159.00,875.00,1947.00,0.00,98070.00,47.33,-122.50,1156.00,15961.00
2123049420.00,20150422T000000,278000.00,3.00,1.50,1900.00,9994.00,1.00,0.00,0.00,3.00,7.00,1120.00,780.00,1960.00,0.00,98168.00,47.47,-122.30,1900.00,9994.00
7950302890.00,20141230T000000,455000.00,4.00,2.00,2380.00,4500.00,1.50,0.00,0.00,3.00,6.00,1470.00,910.00,1926.00,2014.00,98118.00,47.57,-122.28,1300.00,4500.00
6117500430.00,20140819T000000,925000.00,5.00,3.50,4050.00,13495.00,1.00,0.00,2.00,4.00,9.00,2230.00,1820.00,1988.00,0.00,98166.00,47.44,-122.35,3210.00,13495.00
1972200660.00,20150415T000000,465000.00,2.00,1.50,1120.00,1201.00,3.00,0.00,0.00,3.00,8.00,1120.00,0.00,1999.00,0.00,98103.00,47.65,-122.35,1370.00,1298.00
3629830050.00,20141001T000000,620000.00,4.00,4.00,2850.00,2970.00,2.00,0.00,0.00,3.00,8.00,2120.00,730.00,1999.00,0.00,98029.00,47.55,-122.01,2380.00,3559.00
9257900010.00,20150422T000000,499900.00,4.00,2.25,2360.00,7650.00,1.00,0.00,0.00,3.00,8.00,1640.00,720.00,1963.00,0.00,98155.00,47.75,-122.29,2320.00,11060.00
6072000440.00,20150206T000000,620000.00,5.00,3.00,2540.00,11422.00,1.00,0.00,0.00,3.00,8.00,1270.00,1270.00,1962.00,2014.00,98006.00,47.55,-122.18,2090.00,10741.00
6844702630.00,20141108T000000,450000.00,3.00,1.75,1160.00,6120.00,1.00,0.00,0.00,3.00,7.00,1040.00,120.00,1941.00,0.00,98115.00,47.69,-122.29,1530.00,6120.00
3630090050.00,20150220T000000,690000.00,4.00,3.50,2710.00,2147.00,2.00,0.00,0.00,3.00,10.00,2220.00,490.00,2007.00,0.00,98029.00,47.55,-121.99,2650.00,2252.00
9809000020.00,20140513T000000,1895000.00,5.00,2.25,3120.00,16672.00,2.00,0.00,0.00,4.00,9.00,3120.00,0.00,1969.00,0.00,98004.00,47.65,-122.22,3740.00,17853.00
9809000020.00,20150313T000000,1940000.00,5.00,2.25,3120.00,16672.00,2.00,0.00,0.00,4.00,9.00,3120.00,0.00,1969.00,0.00,98004.00,47.65,-122.22,3740.00,17853.00
5021900050.00,20140818T000000,832500.00,3.00,2.00,1870.00,9527.00,1.00,0.00,0.00,4.00,7.00,1870.00,0.00,1951.00,1997.00,98040.00,47.58,-122.22,1970.00,11904.00
1003600080.00,20141107T000000,245000.00,3.00,1.00,1010.00,9678.00,1.00,0.00,0.00,5.00,7.00,1010.00,0.00,1955.00,0.00,98188.00,47.44,-122.29,1010.00,9375.00
7701960130.00,20141017T000000,820000.00,3.00,2.50,2980.00,18935.00,1.50,0.00,0.00,3.00,11.00,2980.00,0.00,1990.00,0.00,98077.00,47.71,-122.08,3670.00,18225.00
2395710020.00,20140807T000000,369000.00,4.00,2.75,2420.00,6495.00,2.00,0.00,0.00,3.00,8.00,2420.00,0.00,2005.00,0.00,98038.00,47.38,-122.03,2420.00,6200.00
7203230010.00,20141015T000000,1050000.00,4.00,3.25,3830.00,8331.00,2.00,0.00,0.00,3.00,9.00,3830.00,0.00,2014.00,0.00,98053.00,47.69,-122.02,4080.00,8425.00
9830200380.00,20140917T000000,653000.00,3.00,3.00,3040.00,5067.00,3.00,0.00,2.00,3.00,10.00,3040.00,0.00,1993.00,0.00,98118.00,47.54,-122.27,1820.00,5998.00
9407111100.00,20150422T000000,220650.00,2.00,1.75,1460.00,10500.00,1.00,0.00,0.00,3.00,7.00,1460.00,0.00,1980.00,0.00,98045.00,47.45,-121.77,1340.00,9600.00
9572000080.00,20140616T000000,300000.00,5.00,3.00,1940.00,6355.00,1.00,0.00,0.00,3.00,8.00,1200.00,740.00,2007.00,0.00,98168.00,47.50,-122.32,1940.00,5033.00
3629870420.00,20140912T000000,970000.00,4.00,3.50,3780.00,20023.00,2.00,0.00,2.00,3.00,10.00,3780.00,0.00,2001.00,0.00,98029.00,47.55,-122.01,2150.00,3675.00
2459970020.00,20141124T000000,360000.00,4.00,2.50,1950.00,5451.00,2.00,0.00,0.00,3.00,7.00,1950.00,0.00,2004.00,0.00,98058.00,47.43,-122.14,2240.00,6221.00
5547700190.00,20150330T000000,672500.00,3.00,2.50,2450.00,5760.00,2.00,0.00,0.00,3.00,9.00,2450.00,0.00,2000.00,0.00,98074.00,47.61,-122.03,2450.00,5762.00
421000285.00,20150423T000000,268000.00,4.00,1.50,1730.00,7020.00,1.50,0.00,0.00,4.00,5.00,1730.00,0.00,1953.00,0.00,98056.00,47.49,-122.17,1110.00,7020.00
3277801640.00,20141202T000000,440000.00,4.00,1.50,1690.00,3245.00,1.50,0.00,0.00,3.00,8.00,1690.00,0.00,1929.00,0.00,98126.00,47.54,-122.38,1380.00,1590.00
1250203070.00,20140514T000000,1400000.00,3.00,2.50,2550.00,7200.00,2.00,0.00,2.00,3.00,10.00,2550.00,0.00,1981.00,2013.00,98144.00,47.60,-122.29,2030.00,3500.00
8077200470.00,20140718T000000,590000.00,4.00,2.50,2290.00,11072.00,2.00,0.00,0.00,3.00,9.00,2290.00,0.00,1986.00,0.00,98074.00,47.63,-122.03,2340.00,9774.00
302000545.00,20150127T000000,359000.00,4.00,2.25,2710.00,22860.00,1.00,0.00,0.00,4.00,7.00,1850.00,860.00,1962.00,0.00,98001.00,47.32,-122.27,1700.00,22860.00
9542801990.00,20140529T000000,266500.00,4.00,1.75,1880.00,7632.00,1.00,0.00,0.00,4.00,7.00,1180.00,700.00,1978.00,0.00,98023.00,47.31,-122.37,1840.00,8528.00
3343901403.00,20141216T000000,635000.00,4.00,2.50,2930.00,8679.00,2.00,0.00,0.00,3.00,8.00,2930.00,0.00,2014.00,0.00,98056.00,47.52,-122.19,2030.00,7264.00
1121059030.00,20141013T000000,559000.00,3.00,2.50,3110.00,217800.00,2.00,0.00,0.00,3.00,9.00,3110.00,0.00,2001.00,0.00,98092.00,47.33,-122.12,2220.00,217800.00
9290850950.00,20141218T000000,895000.00,4.00,2.50,3480.00,38985.00,2.00,0.00,0.00,3.00,10.00,3480.00,0.00,1989.00,0.00,98053.00,47.69,-122.05,3630.00,36290.00
1136100006.00,20150127T000000,625000.00,2.00,1.50,1110.00,118047.00,1.00,0.00,0.00,3.00,7.00,1110.00,0.00,1961.00,0.00,98072.00,47.75,-122.13,2970.00,43500.00
7923300285.00,20150312T000000,650000.00,4.00,2.25,2440.00,9320.00,1.00,0.00,0.00,4.00,7.00,1880.00,560.00,1957.00,0.00,98007.00,47.59,-122.14,1530.00,9335.00
1823059028.00,20150224T000000,312500.00,4.00,1.75,2280.00,7840.00,1.00,0.00,0.00,3.00,7.00,1280.00,1000.00,1957.00,0.00,98055.00,47.48,-122.22,2120.00,7260.00
8864000440.00,20140925T000000,225000.00,3.00,1.00,900.00,6099.00,1.00,0.00,0.00,3.00,6.00,790.00,110.00,1944.00,0.00,98168.00,47.48,-122.29,1240.00,6099.00
9512500680.00,20141119T000000,425000.00,4.00,1.75,1980.00,8400.00,1.00,0.00,0.00,3.00,7.00,1330.00,650.00,1968.00,0.00,98052.00,47.67,-122.15,1920.00,8400.00
3421069120.00,20150219T000000,329999.00,3.00,2.75,3360.00,41250.00,1.00,0.00,0.00,4.00,7.00,1820.00,1540.00,1988.00,0.00,98022.00,47.26,-122.02,2580.00,98881.00
4376700430.00,20140716T000000,572000.00,5.00,2.25,2340.00,9225.00,2.00,0.00,0.00,3.00,8.00,2340.00,0.00,1973.00,0.00,98052.00,47.64,-122.10,2140.00,9348.00
8562890430.00,20150407T000000,386500.00,4.00,2.50,3110.00,5048.00,2.00,0.00,0.00,3.00,8.00,3110.00,0.00,2002.00,0.00,98042.00,47.38,-122.13,3110.00,5190.00
452002005.00,20150121T000000,452000.00,2.00,1.00,980.00,5000.00,1.00,0.00,0.00,3.00,6.00,980.00,0.00,1904.00,0.00,98107.00,47.67,-122.37,1270.00,4500.00
7228500094.00,20141212T000000,278000.00,4.00,2.00,1480.00,6324.00,1.00,0.00,0.00,3.00,7.00,1480.00,0.00,1943.00,0.00,98122.00,47.61,-122.30,1480.00,3600.00
8078700020.00,20140603T000000,474900.00,3.00,2.25,1800.00,43647.00,1.00,0.00,0.00,4.00,8.00,1800.00,0.00,1976.00,0.00,98072.00,47.78,-122.13,2480.00,25608.00
5035300255.00,20150414T000000,450000.00,2.00,1.75,2130.00,6574.00,1.00,0.00,0.00,3.00,8.00,1500.00,630.00,1946.00,0.00,98199.00,47.65,-122.41,2130.00,6275.00
9528104985.00,20141104T000000,611000.00,2.00,1.00,1270.00,5100.00,1.00,0.00,0.00,3.00,7.00,1100.00,170.00,1900.00,0.00,98115.00,47.68,-122.33,1670.00,3900.00
7237590010.00,20140605T000000,214100.00,2.00,2.50,1150.00,2064.00,2.00,0.00,0.00,3.00,7.00,1150.00,0.00,2004.00,0.00,98001.00,47.35,-122.29,1880.00,2855.00
3158500250.00,20140514T000000,317000.00,3.00,2.50,1840.00,5011.00,2.00,0.00,0.00,3.00,8.00,1840.00,0.00,2012.00,0.00,98038.00,47.36,-122.05,2000.00,4793.00
868001402.00,20150305T000000,1000000.00,4.00,3.50,3180.00,12528.00,2.00,0.00,1.00,4.00,9.00,2060.00,1120.00,1979.00,0.00,98177.00,47.71,-122.38,2850.00,11410.00
5606000233.00,20150424T000000,1000000.00,5.00,2.75,1510.00,5700.00,2.00,0.00,1.00,4.00,7.00,1510.00,0.00,1946.00,0.00,98105.00,47.67,-122.27,2190.00,5700.00
5214500660.00,20150505T000000,525000.00,4.00,2.50,3070.00,7200.00,2.00,0.00,0.00,3.00,8.00,3070.00,0.00,2005.00,0.00,98059.00,47.49,-122.14,2590.00,7200.00
3578110020.00,20141001T000000,436000.00,3.00,2.25,1800.00,6680.00,2.00,0.00,0.00,3.00,8.00,1800.00,0.00,1983.00,0.00,98034.00,47.73,-122.22,1630.00,8621.00
3578401330.00,20140718T000000,450000.00,3.00,1.75,1540.00,9154.00,1.00,0.00,0.00,3.00,8.00,1540.00,0.00,1983.00,0.00,98074.00,47.62,-122.04,1990.00,10273.00
7525000080.00,20140502T000000,588500.00,3.00,1.75,2330.00,14892.00,1.00,0.00,0.00,3.00,8.00,1970.00,360.00,1980.00,0.00,98074.00,47.63,-122.05,2570.00,14217.00
4273000095.00,20150511T000000,340000.00,4.00,1.75,1400.00,8374.00,1.00,0.00,0.00,3.00,7.00,1400.00,0.00,1953.00,0.00,98166.00,47.47,-122.34,1420.00,8360.00
4014400190.00,20140714T000000,482000.00,4.00,2.50,2846.00,85377.00,1.50,0.00,0.00,3.00,8.00,1976.00,870.00,2000.00,0.00,98001.00,47.32,-122.28,1696.00,57934.00
8678500020.00,20141213T000000,1575000.00,4.00,3.50,5830.00,131116.00,2.00,0.00,0.00,3.00,11.00,5830.00,0.00,2005.00,0.00,98024.00,47.60,-121.95,5340.00,207206.00
6918700130.00,20140811T000000,749000.00,3.00,2.50,3380.00,7126.00,2.00,0.00,0.00,3.00,8.00,3380.00,0.00,1965.00,2003.00,98008.00,47.63,-122.12,1810.00,7308.00
2473350470.00,20150511T000000,330000.00,3.00,1.50,1440.00,7875.00,1.00,0.00,0.00,4.00,8.00,1440.00,0.00,1968.00,0.00,98058.00,47.46,-122.15,1800.00,8964.00
9274200314.00,20140821T000000,568000.00,3.00,2.50,1740.00,1279.00,3.00,0.00,0.00,3.00,8.00,1740.00,0.00,2008.00,0.00,98116.00,47.59,-122.39,1740.00,1280.00
2938100010.00,20140924T000000,239000.00,3.00,1.75,1470.00,8925.00,1.00,0.00,0.00,4.00,7.00,1470.00,0.00,1957.00,0.00,98022.00,47.20,-122.00,1430.00,9282.00
8564950250.00,20150107T000000,528000.00,3.00,2.50,2810.00,4932.00,2.00,0.00,0.00,3.00,8.00,2810.00,0.00,2003.00,0.00,98011.00,47.77,-122.23,2470.00,4919.00
3438502715.00,20140730T000000,385000.00,4.00,3.00,2090.00,5102.00,1.00,0.00,0.00,3.00,7.00,1350.00,740.00,1994.00,0.00,98106.00,47.54,-122.36,2090.00,5102.00
280610020.00,20140902T000000,825000.00,4.00,3.25,4110.00,14219.00,2.00,0.00,2.00,4.00,10.00,2570.00,1540.00,1979.00,0.00,98028.00,47.74,-122.26,2760.00,12283.00
2487200938.00,20141126T000000,815000.00,5.00,3.25,3230.00,5000.00,2.00,0.00,1.00,3.00,9.00,2350.00,880.00,2002.00,0.00,98136.00,47.52,-122.39,1520.00,5000.00
1775500362.00,20141013T000000,625000.00,4.00,2.50,2601.00,34335.00,2.00,0.00,0.00,3.00,9.00,2601.00,0.00,1995.00,0.00,98072.00,47.74,-122.09,2080.00,32336.00
2483200010.00,20141007T000000,690000.00,3.00,1.75,2070.00,6000.00,1.00,0.00,3.00,3.00,8.00,1340.00,730.00,1955.00,0.00,98136.00,47.52,-122.38,2200.00,6000.00
4365700130.00,20150325T000000,210000.00,3.00,1.00,1660.00,7440.00,1.00,0.00,0.00,3.00,7.00,1270.00,390.00,1957.00,0.00,98106.00,47.52,-122.36,1540.00,7440.00
9136101271.00,20150416T000000,599000.00,4.00,1.00,1590.00,4280.00,1.50,0.00,0.00,3.00,7.00,1590.00,0.00,1924.00,0.00,98103.00,47.67,-122.34,2230.00,4280.00
1370804295.00,20150212T000000,860000.00,3.00,1.75,1860.00,5584.00,1.00,0.00,0.00,3.00,8.00,1310.00,550.00,1951.00,0.00,98199.00,47.64,-122.40,1630.00,6022.00
422049178.00,20150212T000000,147200.00,3.00,1.00,1420.00,9600.00,1.00,0.00,0.00,4.00,6.00,1420.00,0.00,1954.00,0.00,98188.00,47.42,-122.29,1400.00,8415.00
9161100795.00,20150506T000000,476900.00,3.00,1.00,1240.00,5758.00,1.50,0.00,0.00,4.00,6.00,960.00,280.00,1910.00,0.00,98116.00,47.57,-122.40,1460.00,5750.00
5561300380.00,20140807T000000,450000.00,4.00,2.50,2500.00,36254.00,1.00,0.00,0.00,4.00,8.00,1590.00,910.00,1978.00,0.00,98027.00,47.47,-122.00,2360.00,36254.00
1443550020.00,20150506T000000,570000.00,4.00,2.50,2640.00,11816.00,2.00,0.00,0.00,3.00,8.00,2640.00,0.00,1999.00,0.00,98019.00,47.73,-121.97,2400.00,11816.00
9547201155.00,20141016T000000,567500.00,3.00,1.00,1440.00,3060.00,1.50,0.00,0.00,4.00,7.00,1440.00,0.00,1910.00,0.00,98115.00,47.68,-122.31,1440.00,3570.00
3625059120.00,20141023T000000,790000.00,5.00,3.25,3030.00,20446.00,2.00,0.00,2.00,3.00,9.00,2130.00,900.00,1976.00,0.00,98008.00,47.61,-122.11,2890.00,20908.00
644000185.00,20140707T000000,875000.00,3.00,1.50,1820.00,12686.00,1.00,0.00,0.00,4.00,7.00,1820.00,0.00,1952.00,0.00,98004.00,47.59,-122.20,3020.00,11550.00
5710500010.00,20140610T000000,490000.00,3.00,2.00,2220.00,10275.00,2.00,0.00,0.00,3.00,9.00,1640.00,580.00,1980.00,0.00,98027.00,47.53,-122.06,2300.00,9975.00
2482410130.00,20140610T000000,335000.00,3.00,1.75,2430.00,9133.00,1.00,0.00,0.00,4.00,7.00,1410.00,1020.00,1978.00,0.00,98059.00,47.51,-122.16,1980.00,9592.00
6071900130.00,20150415T000000,550000.00,3.00,1.75,1670.00,10798.00,1.00,0.00,0.00,4.00,8.00,1670.00,0.00,1962.00,0.00,98006.00,47.55,-122.17,2290.00,10798.00
6817800630.00,20140516T000000,385000.00,3.00,1.75,1180.00,10541.00,1.00,0.00,0.00,4.00,7.00,940.00,240.00,1981.00,0.00,98074.00,47.63,-122.03,1230.00,10879.00
6204400130.00,20140718T000000,395000.00,3.00,1.75,1620.00,8085.00,1.00,0.00,0.00,3.00,7.00,1210.00,410.00,1976.00,0.00,98011.00,47.73,-122.20,1700.00,8085.00
9274203190.00,20140611T000000,650000.00,2.00,1.00,1030.00,5750.00,1.00,0.00,0.00,5.00,8.00,1030.00,0.00,1928.00,0.00,98116.00,47.59,-122.39,1570.00,5750.00
293610020.00,20150304T000000,637000.00,4.00,2.75,2900.00,5803.00,2.00,0.00,0.00,3.00,9.00,2900.00,0.00,2007.00,0.00,98028.00,47.74,-122.23,2900.00,6212.00
3583400130.00,20141014T000000,692500.00,3.00,2.25,3420.00,9900.00,1.00,0.00,0.00,3.00,9.00,1710.00,1710.00,1963.00,2004.00,98028.00,47.74,-122.26,2290.00,10700.00
7230400430.00,20140930T000000,322400.00,3.00,1.75,1710.00,15844.00,1.00,0.00,0.00,4.00,8.00,1710.00,0.00,1964.00,0.00,98059.00,47.47,-122.10,1990.00,20359.00
7140600190.00,20140905T000000,233500.00,3.00,1.50,1580.00,10517.00,1.00,0.00,0.00,4.00,6.00,1580.00,0.00,1957.00,0.00,98002.00,47.29,-122.21,1400.00,10658.00
6817801410.00,20140624T000000,400000.00,3.00,2.00,1230.00,11413.00,1.00,0.00,0.00,3.00,7.00,990.00,240.00,1984.00,0.00,98074.00,47.63,-122.03,1570.00,11517.00
6430500010.00,20140620T000000,547000.00,5.00,2.50,2200.00,4080.00,1.50,0.00,0.00,5.00,7.00,1420.00,780.00,1916.00,0.00,98103.00,47.69,-122.35,1300.00,4080.00
3023049215.00,20140702T000000,519000.00,5.00,2.25,2570.00,13054.00,1.00,0.00,1.00,3.00,8.00,1470.00,1100.00,1950.00,1992.00,98166.00,47.45,-122.35,2570.00,19807.00
3625710080.00,20140626T000000,1025000.00,4.00,3.50,3320.00,19850.00,1.00,0.00,2.00,4.00,10.00,2040.00,1280.00,1977.00,0.00,98040.00,47.53,-122.23,3240.00,15470.00
3390600010.00,20140502T000000,365000.00,3.00,1.00,1090.00,6435.00,1.00,0.00,0.00,4.00,7.00,1090.00,0.00,1955.00,0.00,98106.00,47.53,-122.37,1340.00,6435.00
9238480020.00,20150319T000000,699000.00,5.00,2.75,2970.00,36817.00,2.00,0.00,0.00,4.00,8.00,2970.00,0.00,1978.00,0.00,98072.00,47.77,-122.14,2730.00,29150.00
1036000080.00,20141009T000000,525000.00,3.00,1.75,1970.00,8000.00,1.00,0.00,0.00,4.00,8.00,1970.00,0.00,1968.00,0.00,98052.00,47.63,-122.10,1910.00,8000.00
1561930020.00,20140522T000000,430000.00,4.00,3.00,3220.00,8936.00,2.00,0.00,0.00,3.00,9.00,2450.00,770.00,1990.00,0.00,98031.00,47.42,-122.21,2810.00,10500.00
3876100080.00,20141215T000000,325000.00,3.00,1.00,1600.00,7500.00,1.00,0.00,0.00,3.00,7.00,1600.00,0.00,1966.00,0.00,98034.00,47.72,-122.18,2050.00,7200.00
7454000605.00,20140710T000000,279000.00,2.00,1.00,670.00,6300.00,1.00,0.00,0.00,5.00,6.00,670.00,0.00,1942.00,0.00,98126.00,47.52,-122.37,760.00,6300.00
1870400635.00,20150311T000000,805000.00,4.00,1.75,2360.00,4750.00,2.00,0.00,0.00,5.00,7.00,1660.00,700.00,1911.00,0.00,98115.00,47.67,-122.29,1810.00,4750.00
8820900299.00,20150204T000000,419950.00,3.00,3.00,2150.00,3962.00,1.50,0.00,0.00,3.00,7.00,1540.00,610.00,1949.00,0.00,98125.00,47.72,-122.29,1730.00,4609.00
8132700185.00,20150416T000000,425000.00,2.00,1.00,620.00,4455.00,1.00,0.00,0.00,3.00,6.00,620.00,0.00,1927.00,0.00,98117.00,47.69,-122.40,1180.00,5000.00
6413600275.00,20140724T000000,446000.00,4.00,1.75,1730.00,5922.00,2.00,0.00,0.00,5.00,7.00,1730.00,0.00,1949.00,0.00,98125.00,47.72,-122.32,1700.00,6127.00
2888000020.00,20150302T000000,455000.00,5.00,2.00,2500.00,7860.00,1.00,0.00,0.00,3.00,7.00,1040.00,1460.00,1963.00,0.00,98034.00,47.72,-122.23,2060.00,9684.00
3298700426.00,20140709T000000,226550.00,3.00,1.00,990.00,4440.00,1.00,0.00,0.00,3.00,6.00,990.00,0.00,1943.00,0.00,98106.00,47.52,-122.35,990.00,6771.00
3362401815.00,20140930T000000,764000.00,3.00,2.00,1420.00,4080.00,1.50,0.00,0.00,5.00,8.00,1420.00,0.00,1904.00,0.00,98103.00,47.68,-122.35,1220.00,3060.00
5469500020.00,20150505T000000,439950.00,3.00,2.25,2170.00,15000.00,2.00,0.00,0.00,4.00,8.00,2170.00,0.00,1978.00,0.00,98042.00,47.39,-122.16,2430.00,14256.00
6430000280.00,20141216T000000,453000.00,4.00,2.00,1880.00,5100.00,1.00,0.00,0.00,3.00,8.00,1880.00,0.00,1952.00,0.00,98103.00,47.69,-122.35,1610.00,4590.00
1140000190.00,20150206T000000,219950.00,3.00,1.00,1300.00,9620.00,1.00,0.00,0.00,3.00,7.00,1300.00,0.00,1971.00,0.00,98003.00,47.28,-122.33,1420.00,9620.00
8021700715.00,20140514T000000,702500.00,3.00,1.50,2360.00,6750.00,2.00,0.00,0.00,5.00,7.00,1930.00,430.00,1926.00,0.00,98103.00,47.69,-122.33,1320.00,4500.00
5151600170.00,20141016T000000,285000.00,3.00,1.50,1780.00,12231.00,1.00,0.00,0.00,4.00,8.00,1780.00,0.00,1956.00,0.00,98003.00,47.34,-122.32,2460.00,12663.00
8129700255.00,20150213T000000,798750.00,2.00,2.25,2160.00,2578.00,3.00,0.00,0.00,3.00,8.00,2160.00,0.00,2005.00,0.00,98103.00,47.66,-122.35,1800.00,2142.00
9285800345.00,20140626T000000,320000.00,2.00,1.00,950.00,5316.00,1.00,0.00,2.00,3.00,7.00,950.00,0.00,1948.00,0.00,98126.00,47.57,-122.38,1620.00,6085.00
5706200170.00,20141216T000000,425000.00,3.00,1.75,1680.00,14630.00,1.50,0.00,0.00,3.00,8.00,1680.00,0.00,1985.00,0.00,98027.00,47.53,-122.04,1920.00,14630.00
5536500020.00,20140716T000000,540000.00,4.00,2.50,2290.00,4450.00,2.00,0.00,0.00,3.00,9.00,2290.00,0.00,2004.00,0.00,98072.00,47.74,-122.17,2570.00,5096.00
98000950.00,20141210T000000,1060000.00,4.00,5.25,4140.00,14757.00,2.00,0.00,2.00,3.00,11.00,4140.00,0.00,2005.00,0.00,98075.00,47.59,-121.97,4440.00,15523.00
3362401611.00,20150325T000000,1165000.00,4.00,3.75,3920.00,4500.00,3.00,0.00,0.00,3.00,8.00,3920.00,0.00,2013.00,0.00,98103.00,47.68,-122.35,2040.00,3000.00
6205500280.00,20150421T000000,576000.00,3.00,1.75,1500.00,13891.00,1.00,0.00,0.00,4.00,7.00,1500.00,0.00,1951.00,0.00,98005.00,47.59,-122.18,2020.00,13891.00
7199330010.00,20150417T000000,525000.00,3.00,1.75,1720.00,7200.00,1.00,0.00,0.00,3.00,7.00,1140.00,580.00,1977.00,0.00,98052.00,47.70,-122.13,1700.00,8400.00
1332200130.00,20140822T000000,324950.00,4.00,2.50,2641.00,8615.00,2.00,0.00,0.00,3.00,7.00,2641.00,0.00,1998.00,0.00,98031.00,47.40,-122.21,2641.00,8091.00
3244500078.00,20140822T000000,600000.00,3.00,2.50,4930.00,77536.00,2.00,0.00,0.00,3.00,9.00,3930.00,1000.00,1981.00,0.00,98072.00,47.76,-122.14,2760.00,7351.00
3342102880.00,20140811T000000,464000.00,3.00,2.50,2460.00,5400.00,1.00,0.00,0.00,4.00,8.00,1520.00,940.00,2001.00,0.00,98056.00,47.52,-122.20,1745.00,5400.00
2557000630.00,20140707T000000,266000.00,4.00,2.25,1995.00,7102.00,2.00,0.00,0.00,4.00,8.00,1995.00,0.00,1981.00,0.00,98023.00,47.30,-122.37,1880.00,7950.00
1117200190.00,20140804T000000,775000.00,3.00,2.50,3010.00,74390.00,2.00,0.00,0.00,3.00,10.00,3010.00,0.00,1998.00,0.00,98053.00,47.64,-122.00,3240.00,109771.00
8122100130.00,20140618T000000,415000.00,3.00,1.75,1270.00,4800.00,1.00,0.00,0.00,3.00,7.00,1270.00,0.00,1952.00,2014.00,98126.00,47.54,-122.38,1220.00,4800.00
9558040050.00,20140919T000000,550000.00,4.00,2.75,3080.00,6731.00,2.00,0.00,3.00,3.00,9.00,3080.00,0.00,2003.00,0.00,98058.00,47.45,-122.12,3080.00,6731.00
5702380630.00,20150114T000000,235000.00,3.00,2.25,1670.00,7606.00,2.00,0.00,0.00,3.00,7.00,1670.00,0.00,1990.00,0.00,98022.00,47.19,-121.98,1670.00,7433.00
3300790670.00,20140620T000000,280000.00,3.00,2.00,1470.00,8089.00,1.00,0.00,0.00,3.00,7.00,1470.00,0.00,1987.00,0.00,98198.00,47.39,-122.32,1530.00,7721.00
2558660190.00,20141030T000000,459000.00,3.00,1.75,1730.00,7807.00,1.00,0.00,0.00,3.00,7.00,1260.00,470.00,1976.00,0.00,98034.00,47.72,-122.17,1800.00,7650.00
4388000460.00,20141014T000000,195000.00,3.00,1.00,1070.00,7615.00,1.00,0.00,0.00,4.00,7.00,1070.00,0.00,1969.00,0.00,98023.00,47.32,-122.37,1240.00,6906.00
3224800010.00,20141112T000000,235000.00,3.00,1.50,1660.00,8738.00,1.00,0.00,0.00,4.00,7.00,1080.00,580.00,1959.00,0.00,98002.00,47.31,-122.21,1500.00,8466.00
1672000020.00,20141126T000000,711800.00,4.00,2.25,2410.00,16650.00,1.00,0.00,0.00,4.00,8.00,2410.00,0.00,1965.00,0.00,98006.00,47.57,-122.16,2720.00,11141.00
2767701416.00,20150116T000000,440000.00,3.00,2.50,1040.00,1032.00,3.00,0.00,0.00,3.00,7.00,1040.00,0.00,2007.00,0.00,98107.00,47.67,-122.38,1290.00,1275.00
7821200307.00,20150217T000000,515000.00,2.00,1.00,970.00,3300.00,1.00,0.00,0.00,4.00,7.00,970.00,0.00,1916.00,0.00,98103.00,47.66,-122.34,1060.00,3600.00
4219400290.00,20140502T000000,1200000.00,5.00,2.75,2910.00,9480.00,1.50,0.00,0.00,3.00,8.00,2910.00,0.00,1939.00,0.00,98105.00,47.66,-122.28,2940.00,6600.00
6072650290.00,20150406T000000,560000.00,3.00,1.75,2340.00,12443.00,1.50,0.00,0.00,4.00,8.00,2340.00,0.00,1965.00,0.00,98006.00,47.54,-122.18,1970.00,9600.00
5647900670.00,20140620T000000,340000.00,3.00,1.75,1880.00,11249.00,1.00,0.00,0.00,3.00,7.00,1330.00,550.00,1985.00,0.00,98001.00,47.33,-122.26,1870.00,14547.00
1965200010.00,20141110T000000,600000.00,2.00,1.00,1110.00,3500.00,1.50,0.00,0.00,3.00,6.00,970.00,140.00,1912.00,0.00,98102.00,47.65,-122.33,1884.00,1778.00
319500080.00,20140618T000000,764000.00,4.00,2.50,2790.00,7938.00,2.00,0.00,0.00,3.00,9.00,2790.00,0.00,1997.00,0.00,98074.00,47.62,-122.03,2780.00,7779.00
9526500080.00,20140729T000000,337000.00,4.00,2.00,1590.00,8779.00,1.00,0.00,0.00,3.00,8.00,1590.00,0.00,2001.00,0.00,98019.00,47.74,-121.97,2090.00,9600.00
7856410430.00,20140530T000000,1385000.00,6.00,2.75,5700.00,20000.00,1.00,0.00,4.00,4.00,10.00,2850.00,2850.00,1977.00,0.00,98006.00,47.56,-122.16,3690.00,15700.00
8128700005.00,20141119T000000,249000.00,4.00,1.00,1200.00,7552.00,1.00,0.00,0.00,3.00,6.00,1060.00,140.00,1919.00,0.00,98126.00,47.53,-122.37,1580.00,7680.00
3444910020.00,20140715T000000,350000.00,3.00,3.00,3200.00,35782.00,1.00,0.00,0.00,3.00,8.00,2360.00,840.00,1978.00,0.00,98042.00,47.41,-122.15,3090.00,37887.00
2025700130.00,20150129T000000,269950.00,3.00,2.25,1510.00,6000.00,1.00,0.00,0.00,4.00,7.00,1150.00,360.00,1993.00,0.00,98038.00,47.35,-122.04,1510.00,6000.00
224069134.00,20150225T000000,735000.00,3.00,1.75,1880.00,108900.00,1.00,0.00,0.00,3.00,7.00,1880.00,0.00,1978.00,0.00,98075.00,47.59,-122.01,2730.00,37731.00
4217400305.00,20150331T000000,1295000.00,4.00,2.50,3070.00,4000.00,2.00,0.00,0.00,4.00,8.00,2070.00,1000.00,1940.00,0.00,98105.00,47.66,-122.28,2560.00,4000.00
3288301410.00,20140911T000000,475000.00,4.00,2.25,2110.00,7560.00,2.00,0.00,0.00,4.00,8.00,2110.00,0.00,1974.00,0.00,98034.00,47.73,-122.18,2110.00,7560.00
9264950660.00,20150310T000000,339000.00,3.00,2.00,2350.00,8459.00,1.50,0.00,0.00,3.00,9.00,2350.00,0.00,1989.00,0.00,98023.00,47.30,-122.35,2430.00,8459.00
6744700285.00,20150311T000000,600000.00,4.00,3.50,3270.00,15160.00,1.00,0.00,2.00,3.00,8.00,1660.00,1610.00,1997.00,0.00,98155.00,47.74,-122.29,2790.00,15160.00
7750500275.00,20140807T000000,397500.00,4.00,1.75,2220.00,4760.00,1.00,0.00,0.00,3.00,7.00,1320.00,900.00,1918.00,0.00,98106.00,47.52,-122.35,940.00,4760.00
1125069153.00,20140822T000000,1525000.00,4.00,3.50,5990.00,111078.00,2.00,0.00,0.00,3.00,11.00,5990.00,0.00,2004.00,0.00,98053.00,47.67,-121.99,4690.00,118918.00
1425059178.00,20140507T000000,460000.00,3.00,2.00,1760.00,9055.00,2.00,0.00,0.00,4.00,7.00,1760.00,0.00,1985.00,0.00,98052.00,47.65,-122.13,2010.00,9383.00
6671900130.00,20141216T000000,370000.00,4.00,2.75,2200.00,5207.00,1.00,0.00,0.00,5.00,7.00,1120.00,1080.00,1951.00,0.00,98133.00,47.74,-122.34,1210.00,6008.00
3172600151.00,20150325T000000,250000.00,4.00,1.00,1550.00,7296.00,1.50,0.00,0.00,3.00,6.00,1550.00,0.00,1957.00,0.00,98106.00,47.52,-122.37,1370.00,7680.00
7237550020.00,20140703T000000,1100000.00,4.00,3.75,5070.00,60123.00,2.00,0.00,0.00,3.00,11.00,5070.00,0.00,2000.00,0.00,98053.00,47.66,-122.00,4920.00,101930.00
1934800078.00,20140930T000000,430000.00,2.00,2.25,1040.00,1516.00,2.00,0.00,0.00,3.00,8.00,1040.00,0.00,2008.00,0.00,98122.00,47.60,-122.31,1560.00,1920.00
4385700660.00,20140807T000000,1085000.00,3.00,1.50,2560.00,4000.00,1.50,0.00,0.00,5.00,8.00,1660.00,900.00,1927.00,0.00,98112.00,47.64,-122.28,2560.00,4000.00
923000414.00,20150419T000000,670000.00,3.00,1.75,1850.00,8160.00,1.00,0.00,0.00,3.00,8.00,1850.00,0.00,1952.00,0.00,98177.00,47.72,-122.36,1600.00,8160.00
2624049167.00,20150423T000000,461550.00,3.00,1.50,2090.00,11895.00,1.00,0.00,0.00,3.00,7.00,1790.00,300.00,1954.00,0.00,98118.00,47.54,-122.27,2180.00,11072.00
8929000380.00,20140805T000000,479990.00,3.00,2.50,2010.00,2386.00,2.00,0.00,0.00,3.00,8.00,1390.00,620.00,2014.00,0.00,98029.00,47.55,-122.00,1690.00,1870.00
4221250010.00,20150414T000000,643000.00,4.00,2.50,2518.00,4663.00,2.00,0.00,0.00,3.00,8.00,2518.00,0.00,2005.00,0.00,98075.00,47.59,-122.02,2280.00,4525.00
8861500080.00,20140930T000000,607000.00,3.00,2.75,2810.00,12813.00,2.00,0.00,0.00,3.00,8.00,2040.00,770.00,1988.00,0.00,98052.00,47.68,-122.11,1890.00,10336.00
1592000780.00,20140523T000000,625000.00,3.00,2.50,2600.00,10092.00,1.00,0.00,0.00,3.00,9.00,2600.00,0.00,1984.00,0.00,98074.00,47.62,-122.03,2440.00,9298.00
2484200080.00,20140729T000000,731100.00,3.00,2.50,2060.00,8778.00,1.00,0.00,0.00,3.00,8.00,1160.00,900.00,1953.00,2010.00,98136.00,47.52,-122.38,1990.00,7560.00
2322059136.00,20150309T000000,859000.00,3.00,2.50,2920.00,434728.00,2.00,0.00,3.00,4.00,8.00,2920.00,0.00,1999.00,0.00,98042.00,47.38,-122.13,3150.00,55216.00
2591820080.00,20141103T000000,435000.00,4.00,2.50,2130.00,10375.00,2.00,0.00,0.00,4.00,8.00,2130.00,0.00,1986.00,0.00,98058.00,47.44,-122.16,2220.00,8508.00
5729000080.00,20141029T000000,465000.00,3.00,3.00,2290.00,15600.00,1.00,0.00,0.00,3.00,8.00,1420.00,870.00,1948.00,1990.00,98001.00,47.36,-122.29,1890.00,14143.00
5100402764.00,20150415T000000,740000.00,3.00,1.00,1230.00,6380.00,1.50,0.00,0.00,3.00,7.00,1230.00,0.00,1927.00,0.00,98115.00,47.69,-122.32,1250.00,6380.00
5454000010.00,20141210T000000,740000.00,3.00,1.75,2020.00,9478.00,1.00,0.00,0.00,4.00,9.00,2020.00,0.00,1961.00,0.00,98040.00,47.54,-122.24,3050.00,15594.00
5412300130.00,20141119T000000,250000.00,3.00,2.00,1430.00,7280.00,1.00,0.00,0.00,3.00,7.00,990.00,440.00,1980.00,0.00,98030.00,47.37,-122.18,1430.00,7280.00
6873000190.00,20150311T000000,656000.00,2.00,2.50,2270.00,1763.00,3.00,0.00,0.00,3.00,7.00,1820.00,450.00,2009.00,0.00,98052.00,47.68,-122.12,2180.00,1763.00
9485300190.00,20141009T000000,300000.00,4.00,2.50,1910.00,8058.00,2.00,0.00,0.00,3.00,8.00,1910.00,0.00,1992.00,0.00,98031.00,47.39,-122.17,1910.00,6500.00
326069132.00,20150220T000000,643000.00,3.00,1.50,1780.00,214315.00,1.00,0.00,0.00,3.00,7.00,1780.00,0.00,1954.00,0.00,98077.00,47.76,-122.03,2740.00,133419.00
3832061060.00,20140807T000000,311000.00,4.00,2.50,2690.00,6124.00,2.00,0.00,0.00,3.00,7.00,2690.00,0.00,2007.00,0.00,98042.00,47.33,-122.06,2300.00,6002.00
6918730130.00,20140721T000000,360000.00,3.00,1.75,1330.00,7482.00,1.00,0.00,0.00,4.00,7.00,1330.00,0.00,1975.00,0.00,98034.00,47.73,-122.21,1480.00,8096.00
7952800010.00,20140519T000000,475000.00,4.00,2.50,3060.00,10043.00,1.00,0.00,0.00,4.00,8.00,1700.00,1360.00,1968.00,0.00,98133.00,47.74,-122.34,1630.00,8296.00
3834500417.00,20140809T000000,469950.00,3.00,3.25,1760.00,1778.00,3.00,0.00,0.00,3.00,8.00,1760.00,0.00,2008.00,0.00,98125.00,47.72,-122.30,1520.00,1615.00
5071700020.00,20140703T000000,240000.00,3.00,1.75,1570.00,8750.00,1.00,0.00,0.00,3.00,7.00,1570.00,0.00,1960.00,0.00,98148.00,47.44,-122.33,1890.00,8825.00
3826000470.00,20140929T000000,232000.00,2.00,1.00,960.00,8100.00,1.00,0.00,0.00,3.00,6.00,810.00,150.00,1936.00,0.00,98168.00,47.49,-122.30,960.00,12150.00
921059132.00,20140813T000000,350000.00,3.00,2.00,1680.00,81893.00,1.00,0.00,0.00,3.00,7.00,1680.00,0.00,1991.00,0.00,98092.00,47.32,-122.18,2480.00,38637.00
1926059027.00,20150109T000000,803000.00,2.00,1.00,1440.00,33747.00,1.50,0.00,0.00,3.00,7.00,1440.00,0.00,1928.00,0.00,98034.00,47.72,-122.21,1980.00,8400.00
1328320440.00,20141210T000000,355000.00,3.00,2.25,1960.00,7000.00,1.00,0.00,0.00,3.00,8.00,1600.00,360.00,1980.00,0.00,98058.00,47.44,-122.13,1980.00,7140.00
1972202005.00,20140521T000000,475000.00,4.00,2.00,1790.00,2250.00,1.00,0.00,2.00,4.00,7.00,840.00,950.00,1909.00,0.00,98103.00,47.65,-122.35,1440.00,1545.00
2592201350.00,20150324T000000,823000.00,3.00,2.50,2560.00,9825.00,2.00,0.00,0.00,4.00,9.00,2560.00,0.00,1988.00,0.00,98006.00,47.55,-122.15,2710.00,12034.00
6430500293.00,20141112T000000,395000.00,2.00,1.50,1010.00,3060.00,1.00,0.00,0.00,4.00,7.00,1010.00,0.00,1918.00,0.00,98103.00,47.69,-122.35,1160.00,4080.00
6450300840.00,20150427T000000,499000.00,4.00,3.75,2560.00,5250.00,2.00,0.00,0.00,3.00,7.00,1900.00,660.00,1963.00,2006.00,98133.00,47.73,-122.34,1400.00,5250.00
1189000225.00,20150402T000000,420000.00,2.00,1.75,1200.00,3136.00,1.00,0.00,0.00,3.00,7.00,800.00,400.00,1904.00,2005.00,98122.00,47.61,-122.30,1330.00,3164.00
7804700020.00,20140812T000000,961500.00,3.00,2.50,3910.00,14000.00,2.00,0.00,0.00,3.00,10.00,3910.00,0.00,1999.00,0.00,98008.00,47.64,-122.12,2280.00,14000.00
9542300430.00,20150331T000000,833000.00,4.00,1.75,2260.00,12238.00,1.00,0.00,0.00,3.00,9.00,2260.00,0.00,1967.00,0.00,98005.00,47.60,-122.18,2430.00,10204.00
1775930440.00,20140623T000000,479000.00,3.00,2.25,2110.00,11319.00,2.00,0.00,0.00,4.00,8.00,2110.00,0.00,1978.00,0.00,98072.00,47.74,-122.11,1860.00,11319.00
1725059182.00,20140701T000000,1150000.00,4.00,2.50,3340.00,10422.00,2.00,0.00,0.00,3.00,10.00,3340.00,0.00,1996.00,0.00,98033.00,47.65,-122.20,1770.00,9490.00
3992700130.00,20140708T000000,267000.00,3.00,1.00,1400.00,8100.00,1.50,0.00,0.00,3.00,6.00,1400.00,0.00,1944.00,0.00,98125.00,47.71,-122.29,1420.00,8100.00
824069193.00,20140911T000000,555000.00,4.00,1.75,1760.00,94525.00,1.50,0.00,0.00,3.00,7.00,1760.00,0.00,1988.00,0.00,98075.00,47.59,-122.07,3030.00,34848.00
3904910480.00,20140731T000000,490000.00,3.00,2.50,2010.00,9725.00,2.00,0.00,0.00,4.00,8.00,2010.00,0.00,1987.00,0.00,98029.00,47.57,-122.02,1850.00,6858.00
2877102651.00,20140529T000000,619000.00,4.00,2.00,2300.00,3400.00,1.50,0.00,0.00,5.00,8.00,1550.00,750.00,1915.00,0.00,98117.00,47.68,-122.36,1670.00,4200.00
9289100170.00,20141031T000000,569950.00,5.00,2.75,2510.00,28185.00,1.00,0.00,0.00,4.00,7.00,1600.00,910.00,1963.00,0.00,98155.00,47.77,-122.28,2910.00,14880.00
3797000680.00,20141125T000000,549000.00,3.00,2.00,1340.00,3000.00,2.00,0.00,0.00,5.00,7.00,1340.00,0.00,1905.00,0.00,98103.00,47.69,-122.35,1120.00,3000.00
3378900020.00,20141023T000000,422500.00,3.00,1.75,1560.00,7245.00,1.50,0.00,0.00,3.00,7.00,1560.00,0.00,1962.00,1985.00,98052.00,47.69,-122.12,2220.00,8502.00
4180300050.00,20140801T000000,400000.00,4.00,3.50,3350.00,9681.00,1.00,0.00,1.00,3.00,7.00,2140.00,1210.00,1980.00,0.00,98198.00,47.40,-122.32,2580.00,9681.00
7852010670.00,20140709T000000,692500.00,4.00,2.75,3710.00,7984.00,2.00,0.00,0.00,3.00,9.00,3710.00,0.00,1999.00,0.00,98065.00,47.54,-121.87,2950.00,7984.00
8562890280.00,20140626T000000,310000.00,4.00,2.50,2430.00,5499.00,2.00,0.00,0.00,3.00,8.00,2430.00,0.00,2002.00,0.00,98042.00,47.38,-122.13,2890.00,5190.00
3991400080.00,20141216T000000,499900.00,3.00,1.75,2430.00,8820.00,1.00,0.00,2.00,3.00,8.00,1630.00,800.00,1977.00,0.00,98178.00,47.50,-122.23,2390.00,10050.00
8651510020.00,20140827T000000,492000.00,3.00,2.25,2100.00,7335.00,2.00,0.00,0.00,3.00,8.00,2100.00,0.00,1983.00,0.00,98074.00,47.65,-122.06,2050.00,8930.00
3924500130.00,20150506T000000,460000.00,2.00,2.50,1880.00,40575.00,1.00,0.00,0.00,3.00,9.00,1880.00,0.00,1987.00,0.00,98024.00,47.56,-121.90,1930.00,32935.00
2533300130.00,20140716T000000,800000.00,3.00,2.50,1630.00,2640.00,2.00,0.00,0.00,5.00,8.00,1630.00,0.00,1919.00,0.00,98119.00,47.65,-122.37,1630.00,3000.00
510002995.00,20150407T000000,832600.00,4.00,1.00,1640.00,4200.00,1.50,0.00,0.00,3.00,7.00,1640.00,0.00,1925.00,0.00,98103.00,47.66,-122.33,1730.00,3990.00
3825500080.00,20150318T000000,470000.00,4.00,2.75,2310.00,7350.00,1.00,0.00,0.00,3.00,8.00,1670.00,640.00,1989.00,0.00,98011.00,47.75,-122.18,2600.00,6077.00
8682231190.00,20141021T000000,542000.00,2.00,2.00,1930.00,4500.00,1.00,0.00,0.00,3.00,8.00,1930.00,0.00,2003.00,0.00,98053.00,47.71,-122.03,1670.00,5200.00
9412400185.00,20140619T000000,1309500.00,4.00,4.50,4750.00,13912.00,2.00,0.00,2.00,3.00,10.00,3600.00,1150.00,2005.00,0.00,98118.00,47.53,-122.27,3600.00,22124.00
7893804790.00,20141010T000000,308130.00,4.00,2.50,2300.00,7500.00,1.00,0.00,3.00,2.00,7.00,1650.00,650.00,1959.00,0.00,98198.00,47.41,-122.33,2300.00,7500.00
3630070010.00,20150311T000000,310000.00,2.00,1.00,1050.00,2699.00,1.00,0.00,0.00,3.00,7.00,1050.00,0.00,2005.00,0.00,98029.00,47.55,-122.00,1240.00,2671.00
723049132.00,20141022T000000,235000.00,2.00,1.00,1500.00,8015.00,1.00,0.00,0.00,3.00,6.00,1500.00,0.00,1947.00,0.00,98146.00,47.50,-122.35,1130.00,8015.00
1432600415.00,20140919T000000,215000.00,3.00,1.00,1150.00,7560.00,1.00,0.00,0.00,4.00,6.00,1150.00,0.00,1958.00,0.00,98058.00,47.46,-122.18,1230.00,7560.00
3306200010.00,20140605T000000,210000.00,4.00,1.50,1920.00,10403.00,1.00,0.00,0.00,3.00,7.00,1370.00,550.00,1959.00,0.00,98023.00,47.30,-122.37,1550.00,9619.00
425069102.00,20141126T000000,730000.00,4.00,2.75,3660.00,150282.00,2.00,0.00,0.00,3.00,10.00,3660.00,0.00,1990.00,0.00,98053.00,47.68,-122.05,3090.00,53578.00
1683600130.00,20141210T000000,245000.00,3.00,1.75,1720.00,9342.00,1.00,0.00,0.00,4.00,7.00,1140.00,580.00,1981.00,0.00,98092.00,47.32,-122.18,1330.00,7540.00
3741600020.00,20140915T000000,540000.00,3.00,2.25,2100.00,20018.00,1.00,0.00,4.00,3.00,8.00,1470.00,630.00,1948.00,0.00,98166.00,47.45,-122.37,2410.00,17196.00
5412101150.00,20150203T000000,299000.00,4.00,2.50,2400.00,6078.00,2.00,0.00,0.00,3.00,8.00,2400.00,0.00,2001.00,0.00,98001.00,47.26,-122.29,2406.00,7642.00
509000020.00,20141118T000000,510000.00,3.00,2.50,2540.00,40106.00,2.00,0.00,0.00,3.00,10.00,2540.00,0.00,1991.00,0.00,98074.00,47.60,-122.04,3190.00,71797.00
1311500020.00,20140703T000000,198000.00,4.00,1.75,2080.00,7200.00,1.00,0.00,0.00,4.00,7.00,1050.00,1030.00,1966.00,0.00,98001.00,47.34,-122.28,1500.00,7350.00
662350050.00,20140523T000000,950000.00,5.00,3.25,3400.00,7452.00,2.00,0.00,0.00,3.00,10.00,3400.00,0.00,1999.00,0.00,98007.00,47.61,-122.14,2650.00,8749.00
3327020290.00,20150220T000000,300000.00,4.00,1.75,2200.00,7600.00,2.00,0.00,0.00,3.00,8.00,2200.00,0.00,1978.00,0.00,98092.00,47.31,-122.19,1910.00,7600.00
1086100130.00,20140904T000000,528000.00,5.00,1.75,2140.00,8580.00,1.00,0.00,0.00,3.00,7.00,1200.00,940.00,1962.00,0.00,98033.00,47.66,-122.18,1600.00,9206.00
2111011060.00,20140618T000000,507000.00,5.00,3.25,3850.00,16249.00,2.00,0.00,2.00,3.00,9.00,3030.00,820.00,2002.00,0.00,98092.00,47.33,-122.17,2640.00,7393.00
7852090280.00,20150219T000000,770000.00,4.00,3.25,4270.00,6384.00,2.00,0.00,0.00,3.00,9.00,3060.00,1210.00,2001.00,0.00,98065.00,47.54,-121.87,2850.00,6285.00
2873000780.00,20150220T000000,255000.00,3.00,1.75,1340.00,7210.00,1.00,0.00,0.00,4.00,7.00,1340.00,0.00,1975.00,0.00,98031.00,47.42,-122.17,1370.00,7210.00
3530470190.00,20150505T000000,220000.00,1.00,1.50,1100.00,3451.00,1.50,0.00,0.00,4.00,8.00,1100.00,0.00,1978.00,0.00,98198.00,47.38,-122.32,1400.00,4560.00
5014600440.00,20150223T000000,690700.00,5.00,2.75,2870.00,5349.00,2.00,0.00,0.00,3.00,9.00,2870.00,0.00,2005.00,0.00,98059.00,47.54,-122.19,2800.00,5000.00
5049800005.00,20140627T000000,447000.00,2.00,1.00,1320.00,8380.00,1.00,0.00,0.00,3.00,7.00,1320.00,0.00,1953.00,0.00,98177.00,47.71,-122.37,1290.00,8025.00
7443001470.00,20140520T000000,755000.00,6.00,2.00,2150.00,4505.00,1.00,0.00,0.00,3.00,7.00,1270.00,880.00,1952.00,0.00,98119.00,47.65,-122.37,1740.00,4505.00
2771604640.00,20150313T000000,700000.00,4.00,1.50,2470.00,6000.00,1.50,0.00,0.00,3.00,7.00,1480.00,990.00,1940.00,0.00,98199.00,47.64,-122.39,2140.00,4000.00
7140200280.00,20140715T000000,250000.00,4.00,2.75,1910.00,7700.00,1.00,0.00,0.00,4.00,7.00,1000.00,910.00,1980.00,0.00,98030.00,47.37,-122.17,1880.00,7875.00
3793500780.00,20140510T000000,320000.00,3.00,2.50,2130.00,6969.00,2.00,0.00,0.00,3.00,7.00,2130.00,0.00,2003.00,0.00,98038.00,47.37,-122.03,1670.00,9545.00
5525400420.00,20140514T000000,565000.00,4.00,2.50,2240.00,14667.00,2.00,0.00,0.00,4.00,9.00,2240.00,0.00,1989.00,0.00,98059.00,47.53,-122.16,2410.00,11243.00
7986400305.00,20150424T000000,754300.00,5.00,2.75,1800.00,4500.00,2.00,0.00,0.00,4.00,7.00,1680.00,120.00,1939.00,0.00,98107.00,47.66,-122.36,1730.00,4500.00
3619600143.00,20140505T000000,650000.00,3.00,1.50,2160.00,9000.00,1.00,0.00,2.00,4.00,8.00,1400.00,760.00,1949.00,0.00,98177.00,47.72,-122.37,3010.00,9000.00
7787890050.00,20150218T000000,529888.00,4.00,2.50,3140.00,8455.00,2.00,0.00,0.00,3.00,8.00,3140.00,0.00,2003.00,0.00,98059.00,47.49,-122.15,3140.00,7391.00
2780700050.00,20141106T000000,432000.00,3.00,2.50,1920.00,9812.00,2.00,0.00,0.00,3.00,8.00,1920.00,0.00,2000.00,0.00,98028.00,47.76,-122.24,1830.00,10534.00
5595900280.00,20150318T000000,235000.00,3.00,1.00,1050.00,7670.00,1.50,0.00,0.00,5.00,7.00,1050.00,0.00,1955.00,0.00,98022.00,47.20,-122.00,1220.00,7670.00
7203220130.00,20150127T000000,994900.00,4.00,3.50,3695.00,6556.00,2.00,0.00,0.00,3.00,9.00,3695.00,0.00,2014.00,0.00,98053.00,47.68,-122.02,4160.00,6786.00
9406540130.00,20150403T000000,489000.00,4.00,2.50,3910.00,8442.00,2.00,0.00,0.00,3.00,9.00,2710.00,1200.00,2000.00,0.00,98038.00,47.38,-122.03,2650.00,7576.00
9526600250.00,20150420T000000,800000.00,4.00,2.75,3010.00,7427.00,2.00,0.00,0.00,3.00,8.00,3010.00,0.00,2010.00,0.00,98052.00,47.71,-122.11,3000.00,4929.00
9542900190.00,20140516T000000,370000.00,4.00,1.50,1370.00,9957.00,1.00,0.00,0.00,3.00,7.00,900.00,470.00,1972.00,0.00,98034.00,47.72,-122.18,1510.00,8088.00
3840700653.00,20141212T000000,436000.00,4.00,2.75,2080.00,9600.00,1.00,0.00,0.00,3.00,8.00,1240.00,840.00,1979.00,0.00,98034.00,47.71,-122.24,1880.00,9525.00
6084200080.00,20140528T000000,395000.00,3.00,2.50,2250.00,3757.00,2.00,0.00,0.00,3.00,7.00,2250.00,0.00,2006.00,0.00,98059.00,47.48,-122.13,2250.00,4556.00
3705900130.00,20140523T000000,377691.00,5.00,1.75,2120.00,8399.00,1.00,0.00,0.00,4.00,7.00,1320.00,800.00,1942.00,0.00,98133.00,47.76,-122.34,2120.00,8398.00
3333002385.00,20150417T000000,370000.00,5.00,3.00,2220.00,5185.00,2.00,0.00,3.00,3.00,7.00,2220.00,0.00,2003.00,0.00,98118.00,47.54,-122.29,2340.00,6316.00
3904910050.00,20141023T000000,515000.00,3.00,2.50,1440.00,4394.00,1.00,0.00,0.00,5.00,8.00,1440.00,0.00,1987.00,0.00,98029.00,47.57,-122.02,1900.00,5893.00
5556900080.00,20140926T000000,169000.00,3.00,1.00,910.00,7686.00,1.00,0.00,0.00,3.00,7.00,910.00,0.00,1969.00,0.00,98001.00,47.34,-122.29,1020.00,7686.00
4443800415.00,20150321T000000,475000.00,3.00,1.00,1270.00,4268.00,1.00,0.00,0.00,3.00,7.00,1270.00,0.00,1921.00,0.00,98117.00,47.68,-122.39,1310.00,4080.00
3791400250.00,20150425T000000,420000.00,3.00,2.50,2480.00,6180.00,2.00,0.00,0.00,3.00,9.00,2480.00,0.00,1999.00,0.00,98031.00,47.40,-122.21,2870.00,6180.00
9551201585.00,20140701T000000,1297000.00,6.00,2.75,2630.00,9420.00,2.00,0.00,0.00,5.00,9.00,2510.00,120.00,1900.00,0.00,98103.00,47.67,-122.34,1540.00,4969.00
7856620050.00,20150225T000000,822000.00,3.00,2.00,2410.00,13300.00,2.00,0.00,0.00,3.00,9.00,1840.00,570.00,1985.00,0.00,98006.00,47.56,-122.15,2930.00,10900.00
9320200050.00,20141216T000000,1500000.00,4.00,2.75,2930.00,25697.00,1.00,0.00,0.00,4.00,9.00,2310.00,620.00,1964.00,0.00,98004.00,47.63,-122.23,3810.00,20681.00
1954420380.00,20150330T000000,485000.00,3.00,2.25,1570.00,6810.00,1.00,0.00,0.00,3.00,8.00,1180.00,390.00,1988.00,0.00,98074.00,47.62,-122.04,1620.00,6584.00
740500010.00,20140807T000000,270000.00,4.00,1.00,1900.00,8505.00,1.00,0.00,0.00,3.00,7.00,1200.00,700.00,1956.00,0.00,98055.00,47.44,-122.20,1440.00,8505.00
6673050020.00,20150401T000000,300000.00,6.00,2.50,2590.00,11250.00,1.00,0.00,0.00,4.00,8.00,1390.00,1200.00,1978.00,0.00,98055.00,47.46,-122.20,2270.00,8360.00
1853081060.00,20150416T000000,878000.00,4.00,2.50,3810.00,7728.00,2.00,0.00,0.00,3.00,9.00,3810.00,0.00,2007.00,0.00,98074.00,47.59,-122.06,3290.00,7728.00
6308000020.00,20150403T000000,590000.00,3.00,2.50,2290.00,4203.00,2.00,0.00,0.00,3.00,9.00,2290.00,0.00,2001.00,0.00,98006.00,47.54,-122.17,2290.00,5089.00
1720800305.00,20141119T000000,611900.00,1.00,2.25,1220.00,2100.00,2.00,0.00,2.00,4.00,8.00,1220.00,0.00,1946.00,1979.00,98033.00,47.67,-122.20,3150.00,6000.00
1682000280.00,20150319T000000,240000.00,3.00,1.75,1100.00,7373.00,1.00,0.00,0.00,4.00,7.00,1100.00,0.00,1968.00,0.00,98092.00,47.31,-122.18,1430.00,8415.00
3814800280.00,20150417T000000,395000.00,4.00,2.50,2810.00,10951.00,2.00,0.00,0.00,3.00,8.00,2810.00,0.00,2003.00,0.00,98092.00,47.32,-122.19,1680.00,6625.00
3352402195.00,20140716T000000,169000.00,3.00,1.00,890.00,7110.00,1.00,0.00,0.00,3.00,6.00,890.00,0.00,1957.00,0.00,98178.00,47.50,-122.26,1100.00,8375.00
9320600170.00,20150324T000000,200500.00,3.00,2.00,1280.00,14972.00,1.00,0.00,0.00,3.00,7.00,1280.00,0.00,1963.00,0.00,98031.00,47.41,-122.21,1800.00,9698.00
5205000250.00,20150410T000000,308000.00,3.00,2.50,2320.00,7140.00,2.00,0.00,0.00,3.00,8.00,2320.00,0.00,1990.00,0.00,98003.00,47.28,-122.30,2360.00,7955.00
9264920250.00,20140710T000000,290256.00,3.00,2.25,1720.00,7885.00,2.00,0.00,0.00,3.00,8.00,1720.00,0.00,1983.00,0.00,98023.00,47.31,-122.34,2340.00,7885.00
2473101190.00,20150427T000000,279950.00,3.00,1.75,1530.00,8800.00,1.00,0.00,0.00,4.00,7.00,1040.00,490.00,1967.00,0.00,98058.00,47.45,-122.16,1530.00,8690.00
5437820020.00,20140807T000000,195000.00,3.00,1.75,1580.00,7875.00,1.00,0.00,0.00,3.00,7.00,1580.00,0.00,1979.00,0.00,98022.00,47.20,-122.00,1560.00,8314.00
4067600275.00,20140826T000000,630000.00,3.00,1.00,1360.00,13000.00,1.00,0.00,0.00,5.00,6.00,1360.00,0.00,1945.00,0.00,98010.00,47.34,-122.03,1890.00,19650.00
6447300345.00,20150406T000000,1160000.00,4.00,3.00,2680.00,15438.00,2.00,0.00,2.00,3.00,8.00,2680.00,0.00,1902.00,1956.00,98039.00,47.61,-122.23,4480.00,14406.00
3905100280.00,20140701T000000,478000.00,3.00,2.25,1640.00,3896.00,2.00,0.00,0.00,3.00,8.00,1640.00,0.00,1994.00,0.00,98029.00,47.57,-122.01,1780.00,3999.00
9285800275.00,20140814T000000,835000.00,3.00,2.25,2520.00,6690.00,2.00,0.00,2.00,5.00,8.00,1700.00,820.00,1944.00,1990.00,98126.00,47.57,-122.38,1990.00,5792.00
1891100130.00,20150417T000000,639000.00,3.00,2.25,1400.00,2421.00,2.00,0.00,0.00,3.00,9.00,1400.00,0.00,2005.00,0.00,98034.00,47.70,-122.17,1500.00,2743.00
1592000250.00,20141013T000000,623000.00,4.00,2.75,2300.00,12633.00,2.00,0.00,0.00,3.00,9.00,2300.00,0.00,1984.00,0.00,98074.00,47.62,-122.03,2240.00,9246.00
2328800130.00,20141217T000000,220000.00,3.00,1.75,1900.00,7680.00,1.00,0.00,0.00,3.00,7.00,1260.00,640.00,1959.00,0.00,98178.00,47.51,-122.27,2000.00,7740.00
6067910130.00,20150325T000000,526000.00,3.00,2.25,2000.00,18099.00,1.00,0.00,0.00,4.00,8.00,1250.00,750.00,1978.00,0.00,98006.00,47.54,-122.18,2060.00,12000.00
3333002790.00,20150123T000000,243500.00,2.00,1.00,900.00,5016.00,1.00,0.00,0.00,3.00,6.00,900.00,0.00,1948.00,0.00,98118.00,47.54,-122.28,1420.00,5184.00
9478400080.00,20140512T000000,750000.00,4.00,2.50,2980.00,4930.00,2.00,0.00,0.00,3.00,9.00,2890.00,90.00,2000.00,0.00,98006.00,47.54,-122.12,2980.00,6099.00
3450300020.00,20150318T000000,329000.00,4.00,2.00,1850.00,9126.00,1.00,0.00,0.00,5.00,7.00,1850.00,0.00,1963.00,0.00,98059.00,47.50,-122.16,1730.00,9110.00
2663000050.00,20140926T000000,525000.00,4.00,1.00,1570.00,4000.00,1.50,0.00,0.00,3.00,7.00,1570.00,0.00,1920.00,0.00,98102.00,47.63,-122.32,1610.00,4000.00
3145600250.00,20150317T000000,190000.00,2.00,1.00,670.00,3101.00,1.00,0.00,0.00,4.00,6.00,670.00,0.00,1948.00,0.00,98118.00,47.55,-122.27,1660.00,4100.00
6206100130.00,20140626T000000,772650.00,4.00,2.50,2660.00,10800.00,1.00,0.00,0.00,3.00,7.00,2660.00,0.00,1955.00,2014.00,98005.00,47.59,-122.17,2640.00,10800.00
8944320420.00,20140710T000000,355000.00,3.00,2.50,2110.00,4038.00,2.00,0.00,0.00,4.00,8.00,2110.00,0.00,1989.00,0.00,98042.00,47.39,-122.15,2110.00,3727.00
224069145.00,20150401T000000,650000.00,3.00,1.75,1970.00,54450.00,1.00,0.00,0.00,3.00,8.00,1570.00,400.00,1980.00,0.00,98075.00,47.59,-122.01,2460.00,36677.00
3363900280.00,20150311T000000,678500.00,3.00,2.75,1210.00,3600.00,1.50,0.00,2.00,5.00,7.00,1210.00,0.00,1910.00,0.00,98103.00,47.68,-122.35,1630.00,3910.00
7504110050.00,20140626T000000,669950.00,4.00,2.50,2670.00,11877.00,2.00,0.00,0.00,3.00,9.00,2670.00,0.00,1996.00,0.00,98074.00,47.63,-122.04,2430.00,11333.00
624100950.00,20150311T000000,850000.00,3.00,2.25,3000.00,18450.00,1.00,0.00,0.00,3.00,10.00,3000.00,0.00,1983.00,0.00,98077.00,47.73,-122.06,2980.00,12304.00
9416400020.00,20140827T000000,572000.00,3.00,2.75,2200.00,3885.00,2.00,0.00,0.00,3.00,8.00,2200.00,0.00,2002.00,0.00,98074.00,47.62,-122.03,2710.00,6000.00
3578400950.00,20140801T000000,492450.00,3.00,1.75,1540.00,13002.00,1.00,0.00,0.00,2.00,8.00,1200.00,340.00,1984.00,0.00,98074.00,47.62,-122.04,1620.00,10098.00
4100000050.00,20141030T000000,813000.00,3.00,1.75,2080.00,11866.00,1.00,0.00,0.00,3.00,8.00,2080.00,0.00,1960.00,0.00,98005.00,47.59,-122.17,2240.00,10696.00
3475000080.00,20140828T000000,710000.00,3.00,2.00,1780.00,9732.00,1.00,0.00,0.00,3.00,8.00,1780.00,0.00,1967.00,0.00,98040.00,47.58,-122.23,1900.00,10200.00
7871500345.00,20141202T000000,792500.00,3.00,1.50,1960.00,2400.00,2.00,0.00,0.00,3.00,8.00,1330.00,630.00,1911.00,0.00,98119.00,47.64,-122.37,2090.00,4000.00
8857600680.00,20150313T000000,285900.00,5.00,1.50,1690.00,7725.00,1.50,0.00,0.00,4.00,7.00,1690.00,0.00,1961.00,0.00,98032.00,47.39,-122.29,1690.00,7739.00
2817100430.00,20150511T000000,389000.00,3.00,2.00,2080.00,12972.00,1.00,0.00,0.00,4.00,7.00,1250.00,830.00,1981.00,0.00,98070.00,47.37,-122.43,1530.00,10089.00
7649400170.00,20141205T000000,675000.00,3.00,2.25,2070.00,2833.00,2.00,0.00,2.00,3.00,8.00,1490.00,580.00,1966.00,0.00,98136.00,47.55,-122.40,1940.00,3794.00
4048400185.00,20141022T000000,352000.00,2.00,0.75,760.00,33801.00,1.00,0.00,0.00,4.00,4.00,760.00,0.00,1931.00,0.00,98059.00,47.47,-122.08,1100.00,39504.00
3303960250.00,20150507T000000,1050000.00,4.00,3.25,4020.00,11588.00,2.00,0.00,0.00,3.00,11.00,4020.00,0.00,2000.00,0.00,98059.00,47.52,-122.16,3190.00,8066.00
2785000480.00,20150108T000000,768500.00,4.00,1.75,3620.00,10400.00,1.00,0.00,0.00,4.00,8.00,1820.00,1800.00,1965.00,0.00,98005.00,47.61,-122.17,2410.00,10400.00
2926049400.00,20141226T000000,500000.00,4.00,2.00,2330.00,7778.00,1.00,0.00,0.00,3.00,7.00,1230.00,1100.00,1961.00,0.00,98125.00,47.71,-122.32,1250.00,8160.00
5452302195.00,20141230T000000,685000.00,3.00,2.50,1460.00,8800.00,1.00,0.00,0.00,4.00,7.00,1460.00,0.00,1956.00,0.00,98040.00,47.59,-122.23,2200.00,8800.00
3528900980.00,20140523T000000,648475.00,4.00,2.75,2250.00,5700.00,1.00,0.00,0.00,3.00,8.00,1200.00,1050.00,1951.00,0.00,98109.00,47.64,-122.34,1720.00,3850.00
3886901795.00,20150422T000000,655000.00,6.00,5.00,2850.00,6600.00,2.00,0.00,0.00,3.00,7.00,2850.00,0.00,1994.00,0.00,98033.00,47.68,-122.19,1870.00,9900.00
1868900675.00,20140912T000000,895000.00,4.00,2.75,2640.00,4000.00,2.00,0.00,0.00,5.00,8.00,1730.00,910.00,1925.00,0.00,98115.00,47.67,-122.30,1530.00,3740.00
4031000290.00,20150408T000000,195000.00,3.00,1.00,1310.00,9554.00,1.00,0.00,0.00,3.00,7.00,960.00,350.00,1962.00,0.00,98001.00,47.29,-122.29,1310.00,9845.00
9264960480.00,20141208T000000,368000.00,4.00,2.50,2720.00,7350.00,2.00,0.00,0.00,3.00,9.00,2720.00,0.00,1989.00,0.00,98023.00,47.30,-122.35,2570.00,8336.00
3303980680.00,20150228T000000,997000.00,4.00,3.50,3430.00,13609.00,2.00,0.00,0.00,3.00,11.00,3430.00,0.00,2001.00,0.00,98059.00,47.52,-122.15,3880.00,11614.00
1775930010.00,20141222T000000,335000.00,3.00,2.75,1990.00,19991.00,1.00,0.00,0.00,3.00,7.00,1340.00,650.00,1977.00,0.00,98072.00,47.74,-122.11,1750.00,9775.00
3329520170.00,20140521T000000,250000.00,3.00,2.00,1170.00,7258.00,1.00,0.00,0.00,3.00,7.00,1170.00,0.00,1984.00,0.00,98001.00,47.33,-122.27,1410.00,7750.00
9321010130.00,20150312T000000,278500.00,3.00,1.75,1390.00,8980.00,1.00,0.00,0.00,4.00,8.00,1390.00,0.00,1985.00,0.00,98022.00,47.20,-122.01,1770.00,9085.00
7696600020.00,20150128T000000,260000.00,4.00,1.50,1540.00,7300.00,2.00,0.00,0.00,3.00,7.00,1540.00,0.00,1973.00,0.00,98001.00,47.33,-122.28,1580.00,7650.00
2690600005.00,20141001T000000,162500.00,2.00,1.00,760.00,6141.00,1.00,0.00,0.00,2.00,6.00,760.00,0.00,1920.00,0.00,98118.00,47.55,-122.28,900.00,4120.00
923049323.00,20140714T000000,239000.00,4.00,1.00,1280.00,8316.00,1.00,0.00,0.00,3.00,6.00,1280.00,0.00,1950.00,0.00,98168.00,47.50,-122.30,1310.00,7830.00
6705870080.00,20141121T000000,600000.00,4.00,2.50,2990.00,5122.00,2.00,0.00,0.00,3.00,8.00,2990.00,0.00,2004.00,0.00,98075.00,47.58,-122.06,3140.00,7875.00
3797710010.00,20150428T000000,350000.00,4.00,2.25,1770.00,7778.00,2.00,0.00,0.00,3.00,7.00,1770.00,0.00,1998.00,0.00,98031.00,47.42,-122.20,1770.00,7591.00
98030630.00,20141215T000000,852500.00,5.00,3.75,3830.00,8131.00,2.00,0.00,0.00,3.00,10.00,3830.00,0.00,2005.00,0.00,98075.00,47.58,-121.97,3570.00,7290.00
8106300840.00,20140721T000000,485000.00,3.00,2.50,2870.00,5490.00,2.00,0.00,0.00,3.00,9.00,2870.00,0.00,2008.00,0.00,98055.00,47.45,-122.21,3040.00,5442.00
1074100020.00,20141007T000000,299000.00,3.00,1.00,1520.00,8320.00,1.00,0.00,0.00,3.00,6.00,1520.00,0.00,1953.00,0.00,98133.00,47.77,-122.34,1500.00,8320.00
418000010.00,20150422T000000,227450.00,2.00,1.00,660.00,6509.00,1.00,0.00,0.00,4.00,5.00,660.00,0.00,1952.00,0.00,98056.00,47.49,-122.17,970.00,5713.00
1782000130.00,20140523T000000,383000.00,3.00,1.00,1800.00,5612.00,1.00,0.00,0.00,4.00,7.00,1200.00,600.00,1942.00,0.00,98126.00,47.53,-122.38,1450.00,5250.00
2124079093.00,20150112T000000,835000.00,2.00,3.25,3570.00,392475.00,1.00,0.00,0.00,3.00,9.00,2370.00,1200.00,1998.00,0.00,98024.00,47.54,-121.93,3190.00,217800.00
9828702890.00,20150211T000000,760000.00,5.00,1.50,3050.00,2992.00,1.50,0.00,0.00,4.00,8.00,1920.00,1130.00,1931.00,0.00,98112.00,47.62,-122.30,1200.00,1209.00
3797001815.00,20150217T000000,532500.00,2.00,1.00,820.00,3000.00,1.00,0.00,0.00,4.00,7.00,820.00,0.00,1924.00,0.00,98103.00,47.68,-122.35,1490.00,3000.00
6979900080.00,20141125T000000,635000.00,3.00,2.50,3610.00,26359.00,1.00,0.00,0.00,3.00,8.00,1950.00,1660.00,1998.00,0.00,98053.00,47.63,-121.97,2620.00,26427.00
7319900345.00,20140825T000000,438500.00,3.00,2.00,1490.00,3072.00,1.00,0.00,0.00,5.00,7.00,770.00,720.00,1912.00,0.00,98144.00,47.58,-122.31,1320.00,3072.00
4346300010.00,20140618T000000,545500.00,3.00,2.50,1560.00,9361.00,1.50,0.00,0.00,4.00,7.00,1360.00,200.00,1936.00,0.00,98108.00,47.56,-122.30,1670.00,6244.00
2432000130.00,20150414T000000,675000.00,3.00,1.75,1660.00,9549.00,1.00,0.00,0.00,3.00,7.00,1660.00,0.00,1956.00,0.00,98033.00,47.65,-122.20,2090.00,9549.00
9165100130.00,20140618T000000,450000.00,3.00,1.75,1180.00,4080.00,1.00,0.00,0.00,4.00,6.00,760.00,420.00,1928.00,0.00,98117.00,47.68,-122.39,1490.00,4080.00
844000425.00,20141223T000000,199999.00,3.00,1.00,960.00,10815.00,1.00,0.00,0.00,5.00,5.00,960.00,0.00,1900.00,0.00,98010.00,47.31,-122.01,1330.00,10815.00
6076500364.00,20140910T000000,375000.00,3.00,1.50,1630.00,16170.00,1.00,0.00,0.00,3.00,7.00,1630.00,0.00,1988.00,0.00,98034.00,47.71,-122.24,1630.00,9931.00
9238430430.00,20150430T000000,600000.00,4.00,2.25,2260.00,43847.00,2.00,0.00,0.00,3.00,8.00,2260.00,0.00,1982.00,0.00,98072.00,47.77,-122.13,2470.00,37304.00
2854800095.00,20140708T000000,292600.00,3.00,1.50,1520.00,7123.00,1.00,0.00,0.00,4.00,7.00,1520.00,0.00,1959.00,0.00,98056.00,47.50,-122.18,1450.00,8023.00
31200020.00,20150319T000000,1038000.00,5.00,2.75,3050.00,8904.00,1.00,0.00,0.00,4.00,8.00,1650.00,1400.00,1956.00,0.00,98040.00,47.57,-122.21,2920.00,8904.00
5364200381.00,20141010T000000,610000.00,3.00,1.00,1000.00,4959.00,1.00,0.00,0.00,3.00,8.00,1000.00,0.00,1945.00,0.00,98105.00,47.66,-122.28,2240.00,4959.00
1515910290.00,20140825T000000,397450.00,4.00,2.50,2650.00,9451.00,2.00,0.00,0.00,4.00,8.00,2650.00,0.00,1993.00,0.00,98042.00,47.37,-122.13,2510.00,8850.00
3459000020.00,20150414T000000,382000.00,3.00,2.25,1750.00,15528.00,1.00,0.00,0.00,3.00,8.00,1270.00,480.00,1963.00,0.00,98155.00,47.77,-122.27,2170.00,12000.00
3303000130.00,20150116T000000,370000.00,3.00,2.25,1770.00,7667.00,1.00,0.00,0.00,3.00,8.00,1270.00,500.00,1966.00,0.00,98177.00,47.77,-122.36,2180.00,8103.00
3303000130.00,20150428T000000,520000.00,3.00,2.25,1770.00,7667.00,1.00,0.00,0.00,3.00,8.00,1270.00,500.00,1966.00,0.00,98177.00,47.77,-122.36,2180.00,8103.00
3235100080.00,20140701T000000,260000.00,2.00,1.00,770.00,7906.00,1.00,0.00,0.00,4.00,6.00,770.00,0.00,1948.00,0.00,98155.00,47.77,-122.32,990.00,7906.00
7284900460.00,20141120T000000,890000.00,4.00,2.50,3370.00,7200.00,2.00,0.00,0.00,3.00,8.00,3370.00,0.00,2014.00,0.00,98177.00,47.77,-122.38,1880.00,7200.00
6332940020.00,20140826T000000,344000.00,5.00,2.00,2130.00,8412.00,1.00,0.00,0.00,3.00,7.00,1440.00,690.00,1946.00,2000.00,98155.00,47.74,-122.32,2310.00,7474.00
8802400415.00,20140625T000000,205000.00,3.00,1.00,1050.00,8498.00,1.00,0.00,0.00,3.00,7.00,1050.00,0.00,1958.00,0.00,98031.00,47.40,-122.20,1340.00,8498.00
4131500190.00,20150507T000000,379000.00,5.00,2.50,2803.00,8550.00,1.00,0.00,0.00,3.00,8.00,2803.00,0.00,1963.00,2011.00,98003.00,47.30,-122.31,1810.00,8550.00
7524400250.00,20140822T000000,424240.00,3.00,2.00,2080.00,12094.00,2.00,0.00,0.00,4.00,8.00,2080.00,0.00,1982.00,0.00,98052.00,47.70,-122.16,2230.00,12204.00
7524400250.00,20141124T000000,589950.00,3.00,2.00,2080.00,12094.00,2.00,0.00,0.00,4.00,8.00,2080.00,0.00,1982.00,0.00,98052.00,47.70,-122.16,2230.00,12204.00
4441300440.00,20140512T000000,582000.00,4.00,1.75,2120.00,4650.00,1.00,0.00,1.00,3.00,7.00,1190.00,930.00,1951.00,0.00,98117.00,47.70,-122.40,2070.00,6487.00
1898200080.00,20150312T000000,349000.00,3.00,2.50,2550.00,7709.00,2.00,0.00,0.00,3.00,9.00,2550.00,0.00,1989.00,0.00,98023.00,47.31,-122.39,2410.00,9250.00
1245003375.00,20150408T000000,658000.00,3.00,1.00,1290.00,12005.00,1.00,0.00,0.00,4.00,7.00,1290.00,0.00,1966.00,0.00,98033.00,47.68,-122.20,1930.00,8000.00
3574300250.00,20141029T000000,294000.00,5.00,2.75,1790.00,5000.00,1.50,0.00,0.00,4.00,7.00,1060.00,730.00,1915.00,0.00,98106.00,47.57,-122.36,1400.00,5000.00
5071400104.00,20140626T000000,690000.00,5.00,3.50,2720.00,7598.00,2.00,0.00,0.00,3.00,8.00,1860.00,860.00,1993.00,0.00,98115.00,47.69,-122.28,2430.00,7728.00
9287801150.00,20150423T000000,600000.00,3.00,1.00,1040.00,5000.00,1.50,0.00,2.00,3.00,7.00,1040.00,0.00,1912.00,0.00,98107.00,47.68,-122.36,1440.00,4400.00
8651431100.00,20150116T000000,199990.00,3.00,1.00,840.00,5200.00,1.00,0.00,0.00,3.00,6.00,840.00,0.00,1969.00,2014.00,98042.00,47.37,-122.08,870.00,5200.00
236500010.00,20141209T000000,220000.00,3.00,1.75,1650.00,8850.00,1.00,0.00,0.00,3.00,7.00,1650.00,0.00,1959.00,0.00,98188.00,47.43,-122.29,1400.00,8800.00
1441800250.00,20150126T000000,440000.00,4.00,2.25,2080.00,15750.00,1.00,0.00,0.00,3.00,8.00,1460.00,620.00,1976.00,0.00,98034.00,47.72,-122.20,1960.00,10500.00
8929000050.00,20140904T000000,439990.00,4.00,2.50,1540.00,1994.00,2.00,0.00,0.00,3.00,8.00,1540.00,0.00,2014.00,0.00,98029.00,47.55,-122.00,1540.00,1689.00
98030660.00,20150311T000000,815000.00,4.00,2.50,3880.00,7208.00,2.00,0.00,0.00,3.00,10.00,3880.00,0.00,2006.00,0.00,98075.00,47.58,-121.97,3280.00,7221.00
3905100380.00,20150421T000000,535000.00,4.00,2.25,1860.00,3766.00,2.00,0.00,0.00,3.00,8.00,1860.00,0.00,1995.00,0.00,98029.00,47.57,-122.01,1860.00,4169.00
1140000050.00,20141126T000000,215000.00,3.00,1.75,1280.00,10016.00,1.00,0.00,0.00,4.00,7.00,1280.00,0.00,1975.00,0.00,98003.00,47.28,-122.33,1670.00,9764.00
5561000010.00,20150223T000000,605000.00,3.00,2.50,3200.00,35012.00,1.50,0.00,0.00,3.00,8.00,2100.00,1100.00,1965.00,0.00,98027.00,47.47,-121.99,2690.00,35100.00
8856920250.00,20140530T000000,349900.00,3.00,2.50,2200.00,7278.00,2.00,0.00,0.00,3.00,8.00,2200.00,0.00,1990.00,0.00,98058.00,47.46,-122.13,2190.00,8580.00
5100402668.00,20150218T000000,495000.00,3.00,1.00,1570.00,5510.00,1.00,0.00,0.00,4.00,7.00,1070.00,500.00,1940.00,0.00,98115.00,47.69,-122.32,1770.00,6380.00
2426049180.00,20141014T000000,515100.00,3.00,2.50,2074.00,4900.00,2.00,0.00,0.00,3.00,8.00,2074.00,0.00,1997.00,0.00,98034.00,47.73,-122.23,1840.00,7382.00
205000010.00,20140624T000000,620000.00,4.00,2.50,2450.00,55387.00,2.00,0.00,0.00,3.00,9.00,2450.00,0.00,1994.00,0.00,98053.00,47.63,-121.99,2730.00,38827.00
7504060020.00,20150122T000000,657500.00,4.00,2.25,2520.00,10370.00,2.00,0.00,0.00,3.00,9.00,2520.00,0.00,1980.00,0.00,98074.00,47.64,-122.05,2848.00,12682.00
4204400098.00,20150119T000000,250000.00,5.00,1.75,2190.00,8250.00,1.00,0.00,2.00,3.00,7.00,1190.00,1000.00,1963.00,0.00,98055.00,47.49,-122.22,2570.00,8250.00
4204400098.00,20150421T000000,385000.00,5.00,1.75,2190.00,8250.00,1.00,0.00,2.00,3.00,7.00,1190.00,1000.00,1963.00,0.00,98055.00,47.49,-122.22,2570.00,8250.00
2131200766.00,20140522T000000,307000.00,3.00,1.50,2320.00,7500.00,1.00,0.00,0.00,3.00,7.00,2320.00,0.00,1976.00,0.00,98019.00,47.74,-121.98,1480.00,10000.00
7760400480.00,20150513T000000,288000.00,3.00,2.50,1370.00,9253.00,1.00,0.00,0.00,3.00,7.00,1090.00,280.00,1994.00,0.00,98042.00,47.37,-122.07,1470.00,9253.00
1863900225.00,20141028T000000,226450.00,3.00,1.75,1730.00,7200.00,1.50,0.00,0.00,4.00,6.00,1730.00,0.00,1944.00,0.00,98032.00,47.38,-122.24,860.00,7200.00
1787600224.00,20150310T000000,390000.00,3.00,2.50,1640.00,6991.00,1.00,0.00,0.00,3.00,7.00,1110.00,530.00,1967.00,0.00,98125.00,47.73,-122.33,1860.00,7342.00
323089134.00,20140930T000000,350000.00,3.00,1.00,1300.00,10236.00,1.00,0.00,0.00,4.00,6.00,1300.00,0.00,1971.00,0.00,98045.00,47.50,-121.77,1380.00,11325.00
7663700759.00,20141201T000000,368000.00,3.00,1.50,1560.00,7884.00,1.00,0.00,0.00,3.00,7.00,1060.00,500.00,1969.00,0.00,98125.00,47.73,-122.30,1820.00,9000.00
3856904970.00,20140818T000000,469000.00,2.00,1.00,1120.00,4284.00,1.00,0.00,0.00,3.00,6.00,730.00,390.00,1921.00,0.00,98105.00,47.67,-122.32,2050.00,4160.00
1126059007.00,20150323T000000,865000.00,3.00,2.25,2670.00,150270.00,2.00,0.00,0.00,3.00,9.00,2670.00,0.00,1985.00,0.00,98072.00,47.76,-122.13,3080.00,81054.00
2473002850.00,20150113T000000,515000.00,5.00,2.50,3810.00,15916.00,1.50,0.00,0.00,5.00,8.00,3810.00,0.00,1967.00,0.00,98058.00,47.45,-122.14,2470.00,11662.00
1112700130.00,20150123T000000,410000.00,3.00,1.75,1440.00,8560.00,1.00,0.00,0.00,4.00,7.00,1440.00,0.00,1979.00,0.00,98034.00,47.73,-122.23,1460.00,7560.00
121059007.00,20140808T000000,210000.00,4.00,1.00,1200.00,43560.00,1.00,0.00,0.00,3.00,5.00,1200.00,0.00,1968.00,0.00,98042.00,47.34,-122.12,1400.00,54450.00
2896600020.00,20150325T000000,460000.00,3.00,1.75,1520.00,7700.00,1.00,0.00,0.00,3.00,7.00,820.00,700.00,1969.00,0.00,98034.00,47.72,-122.22,1420.00,7674.00
9264900660.00,20140919T000000,241500.00,4.00,2.50,2500.00,9654.00,1.00,0.00,0.00,3.00,8.00,1830.00,670.00,1979.00,0.00,98023.00,47.31,-122.34,2500.00,8839.00
7754900280.00,20140623T000000,322200.00,4.00,2.25,2010.00,19000.00,2.00,0.00,0.00,4.00,8.00,2010.00,0.00,1975.00,0.00,98042.00,47.37,-122.12,1950.00,19626.00
9282801950.00,20140818T000000,279000.00,4.00,1.00,1210.00,6000.00,1.50,0.00,2.00,3.00,7.00,1210.00,0.00,1943.00,0.00,98178.00,47.50,-122.23,1470.00,6000.00
3123039063.00,20140908T000000,303000.00,2.00,1.00,1100.00,27007.00,1.00,0.00,0.00,4.00,6.00,1100.00,0.00,1943.00,0.00,98070.00,47.45,-122.47,1746.00,91476.00
2770606915.00,20141020T000000,420000.00,3.00,1.50,1050.00,6615.00,1.00,0.00,0.00,4.00,6.00,800.00,250.00,1950.00,0.00,98199.00,47.66,-122.39,1530.00,5250.00
5379804690.00,20140813T000000,249000.00,3.00,1.75,2120.00,18335.00,1.00,0.00,0.00,3.00,7.00,1380.00,740.00,1961.00,0.00,98188.00,47.45,-122.27,2050.00,18333.00
6855700080.00,20140714T000000,294950.00,3.00,1.00,1240.00,8840.00,1.00,0.00,0.00,3.00,6.00,1240.00,0.00,1952.00,0.00,98125.00,47.73,-122.31,1250.00,8840.00
3856900507.00,20140512T000000,1315000.00,4.00,3.50,3460.00,3997.00,2.00,0.00,0.00,3.00,10.00,2560.00,900.00,2004.00,0.00,98103.00,47.67,-122.33,1860.00,4000.00
3501600185.00,20140915T000000,335000.00,3.00,1.75,1270.00,4800.00,1.00,0.00,0.00,3.00,7.00,1270.00,0.00,1953.00,0.00,98117.00,47.69,-122.36,1490.00,4800.00
1068000235.00,20140605T000000,1155000.00,4.00,2.25,2980.00,8051.00,1.50,0.00,2.00,4.00,10.00,2020.00,960.00,1935.00,0.00,98199.00,47.64,-122.41,2760.00,5499.00
7519000585.00,20150311T000000,520000.00,2.00,1.00,1250.00,3708.00,1.50,0.00,0.00,3.00,7.00,1250.00,0.00,1926.00,0.00,98117.00,47.69,-122.36,1430.00,3708.00
1562200380.00,20140916T000000,560000.00,4.00,1.75,1740.00,8800.00,1.00,0.00,0.00,4.00,8.00,1740.00,0.00,1965.00,0.00,98007.00,47.62,-122.14,2180.00,8436.00
7523700305.00,20141012T000000,243400.00,4.00,1.50,1730.00,7464.00,2.00,0.00,0.00,4.00,7.00,1730.00,0.00,1959.00,0.00,98032.00,47.38,-122.30,1370.00,7860.00
8807810050.00,20140529T000000,405000.00,3.00,2.00,1240.00,14404.00,1.00,0.00,0.00,3.00,7.00,1240.00,0.00,1988.00,0.00,98053.00,47.66,-122.06,1350.00,9990.00
3699100130.00,20141002T000000,495000.00,2.00,1.00,1670.00,14695.00,1.50,0.00,0.00,5.00,7.00,1670.00,0.00,1930.00,0.00,98033.00,47.70,-122.20,1800.00,11355.00
2215901650.00,20150402T000000,350000.00,4.00,2.50,2140.00,7095.00,2.00,0.00,0.00,3.00,8.00,2140.00,0.00,1992.00,0.00,98038.00,47.35,-122.06,1600.00,7182.00
1099900020.00,20141211T000000,368500.00,5.00,2.75,2530.00,7601.00,1.00,0.00,0.00,3.00,7.00,1520.00,1010.00,1992.00,0.00,98188.00,47.47,-122.26,2400.00,7776.00
5128000010.00,20150105T000000,99000.00,2.00,1.00,960.00,8236.00,1.00,0.00,0.00,2.00,6.00,960.00,0.00,1948.00,0.00,98058.00,47.47,-122.17,1260.00,8236.00
3303980660.00,20140603T000000,1070000.00,4.00,3.75,4130.00,12320.00,2.00,0.00,0.00,3.00,11.00,4130.00,0.00,2001.00,0.00,98059.00,47.52,-122.15,3690.00,11227.00
1155640050.00,20140826T000000,430000.00,4.00,1.75,1710.00,7724.00,1.00,0.00,0.00,3.00,8.00,1710.00,0.00,1983.00,0.00,98155.00,47.77,-122.29,1940.00,7724.00
8087800020.00,20140515T000000,412500.00,3.00,1.50,1490.00,8475.00,1.00,0.00,0.00,4.00,7.00,1490.00,0.00,1963.00,0.00,98052.00,47.66,-122.13,1490.00,8540.00
3293200190.00,20141213T000000,1122500.00,4.00,3.25,4750.00,62365.00,2.00,0.00,0.00,3.00,11.00,4750.00,0.00,1988.00,0.00,98052.00,47.71,-122.10,3300.00,31866.00
1862000010.00,20140828T000000,915000.00,4.00,2.50,3400.00,35062.00,2.00,0.00,0.00,4.00,11.00,3400.00,0.00,1988.00,0.00,98052.00,47.72,-122.11,2880.00,9705.00
5711200170.00,20140523T000000,535000.00,3.00,2.50,2210.00,7620.00,2.00,0.00,0.00,3.00,8.00,2210.00,0.00,1994.00,0.00,98052.00,47.69,-122.13,1920.00,7440.00
8690800130.00,20141104T000000,390000.00,3.00,1.50,1650.00,8676.00,1.00,0.00,0.00,4.00,8.00,1130.00,520.00,1979.00,0.00,98133.00,47.75,-122.35,1400.00,8499.00
2768100545.00,20140908T000000,499000.00,3.00,1.50,1260.00,3135.00,1.00,0.00,0.00,4.00,7.00,780.00,480.00,1944.00,0.00,98107.00,47.67,-122.37,1540.00,3025.00
2596400050.00,20140730T000000,375000.00,3.00,1.00,1960.00,7955.00,1.00,0.00,0.00,4.00,7.00,1260.00,700.00,1963.00,0.00,98177.00,47.76,-122.36,1850.00,8219.00
2641400290.00,20141028T000000,349000.00,4.00,2.50,1800.00,7620.00,2.00,0.00,0.00,3.00,8.00,1800.00,0.00,1995.00,0.00,98055.00,47.43,-122.20,1800.00,6879.00
3210600010.00,20141031T000000,635000.00,3.00,2.25,1940.00,7482.00,1.00,0.00,0.00,4.00,7.00,1240.00,700.00,1964.00,0.00,98004.00,47.60,-122.20,2340.00,9310.00
8691370290.00,20141215T000000,682000.00,4.00,2.75,2820.00,8009.00,2.00,0.00,0.00,3.00,9.00,2820.00,0.00,2001.00,0.00,98075.00,47.60,-121.98,2820.00,7398.00
1790000080.00,20150203T000000,321027.00,4.00,2.25,2820.00,16770.00,1.00,0.00,0.00,4.00,8.00,1920.00,900.00,1966.00,0.00,98023.00,47.32,-122.36,2320.00,13850.00
7116000425.00,20141125T000000,150000.00,2.00,1.00,720.00,4120.00,1.00,0.00,0.00,5.00,5.00,720.00,0.00,1915.00,0.00,98002.00,47.30,-122.22,940.00,6180.00
8143100500.00,20141213T000000,410000.00,3.00,1.75,1640.00,17583.00,1.00,0.00,0.00,3.00,7.00,1110.00,530.00,1969.00,0.00,98034.00,47.73,-122.20,1420.00,11680.00
3735900545.00,20140523T000000,449950.00,3.00,2.00,1560.00,4080.00,2.00,0.00,0.00,3.00,7.00,1560.00,0.00,1923.00,1982.00,98115.00,47.69,-122.32,1900.00,4080.00
1443500305.00,20141013T000000,194990.00,6.00,2.50,1560.00,7144.00,1.00,0.00,0.00,3.00,6.00,1060.00,500.00,1913.00,0.00,98118.00,47.53,-122.27,1300.00,6232.00
3649100103.00,20150102T000000,475000.00,4.00,1.75,1910.00,8775.00,1.00,0.00,0.00,3.00,7.00,1210.00,700.00,1956.00,0.00,98028.00,47.74,-122.25,2210.00,8778.00
6746700605.00,20150128T000000,530000.00,5.00,1.75,1570.00,3000.00,2.00,0.00,0.00,4.00,7.00,1570.00,0.00,1908.00,0.00,98105.00,47.67,-122.32,1610.00,3000.00
7999950020.00,20140722T000000,319950.00,4.00,2.50,2038.00,7643.00,2.00,0.00,0.00,3.00,8.00,2038.00,0.00,2011.00,0.00,98092.00,47.33,-122.18,2634.00,6824.00
9211500010.00,20150327T000000,210000.00,3.00,2.25,1720.00,9435.00,1.00,0.00,0.00,4.00,7.00,1220.00,500.00,1978.00,0.00,98023.00,47.30,-122.38,1690.00,7215.00
1324300290.00,20141226T000000,485000.00,3.00,2.75,1670.00,3330.00,1.50,0.00,0.00,4.00,7.00,1670.00,0.00,1925.00,0.00,98107.00,47.66,-122.36,1370.00,5000.00
8691310380.00,20150128T000000,774000.00,4.00,2.75,2830.00,10240.00,2.00,0.00,0.00,4.00,9.00,2830.00,0.00,1998.00,0.00,98075.00,47.59,-121.99,3490.00,10240.00
4037400430.00,20141015T000000,478000.00,4.00,2.00,1690.00,8208.00,1.00,0.00,0.00,4.00,7.00,1210.00,480.00,1958.00,0.00,98008.00,47.61,-122.13,1620.00,8496.00
254000545.00,20141023T000000,385000.00,4.00,2.50,1620.00,5280.00,2.00,0.00,0.00,4.00,7.00,1620.00,0.00,1924.00,1971.00,98146.00,47.51,-122.38,1590.00,5280.00
7214780020.00,20150417T000000,595000.00,4.00,2.50,2360.00,43017.00,2.00,0.00,0.00,3.00,9.00,2360.00,0.00,1989.00,0.00,98077.00,47.77,-122.08,2750.00,40334.00
114100314.00,20150318T000000,285000.00,3.00,1.50,1480.00,7117.00,1.00,0.00,0.00,3.00,7.00,1170.00,310.00,1960.00,0.00,98028.00,47.78,-122.25,2230.00,14775.00
3629930170.00,20140514T000000,723000.00,4.00,2.50,2700.00,4004.00,2.00,0.00,0.00,3.00,9.00,2700.00,0.00,2004.00,0.00,98029.00,47.55,-122.00,2260.00,4459.00
2946002140.00,20140812T000000,279000.00,3.00,1.50,1780.00,16000.00,1.00,0.00,0.00,2.00,7.00,1240.00,540.00,1960.00,0.00,98198.00,47.42,-122.32,1860.00,9775.00
1432400525.00,20150306T000000,195000.00,3.00,1.50,1430.00,7560.00,1.00,0.00,0.00,5.00,6.00,1430.00,0.00,1958.00,0.00,98058.00,47.45,-122.18,1150.00,7560.00
7011201470.00,20141015T000000,625000.00,2.00,1.00,2160.00,2192.00,1.00,0.00,0.00,5.00,8.00,1170.00,990.00,1925.00,0.00,98119.00,47.64,-122.37,1150.00,2152.00
7697800170.00,20150428T000000,270000.00,3.00,1.75,1800.00,9314.00,2.00,0.00,0.00,3.00,8.00,1800.00,0.00,1979.00,0.00,98011.00,47.78,-122.20,2100.00,9658.00
8682291630.00,20141007T000000,559000.00,2.00,2.00,1930.00,5520.00,1.00,0.00,0.00,3.00,8.00,1930.00,0.00,2006.00,0.00,98053.00,47.72,-122.02,1640.00,4533.00
1775800420.00,20150202T000000,474000.00,4.00,2.25,1960.00,14834.00,1.00,0.00,0.00,4.00,8.00,1330.00,630.00,1976.00,0.00,98072.00,47.74,-122.10,1540.00,15000.00
2215901310.00,20141114T000000,303500.00,4.00,2.50,1920.00,7345.00,2.00,0.00,0.00,3.00,8.00,1920.00,0.00,1992.00,0.00,98038.00,47.35,-122.06,1860.00,7364.00
1440500020.00,20141226T000000,350000.00,3.00,1.75,1470.00,8645.00,1.00,0.00,0.00,3.00,6.00,1470.00,0.00,1949.00,0.00,98155.00,47.75,-122.32,1470.00,7680.00
6632900574.00,20140806T000000,367500.00,5.00,3.00,2980.00,10064.00,1.00,0.00,0.00,3.00,7.00,1680.00,1300.00,1940.00,0.00,98155.00,47.74,-122.32,1590.00,7800.00
6632900574.00,20150225T000000,595000.00,5.00,3.00,2980.00,10064.00,1.00,0.00,0.00,3.00,7.00,1680.00,1300.00,1940.00,0.00,98155.00,47.74,-122.32,1590.00,7800.00
7933510080.00,20141006T000000,589000.00,3.00,2.00,2360.00,118483.00,1.00,0.00,0.00,3.00,8.00,2360.00,0.00,1981.00,0.00,98024.00,47.56,-121.87,2660.00,91476.00
1926069063.00,20150306T000000,585000.00,3.00,1.75,1790.00,87213.00,1.00,0.00,0.00,4.00,7.00,1790.00,0.00,1974.00,0.00,98077.00,47.73,-122.08,3270.00,39586.00
973600020.00,20141002T000000,482975.00,3.00,2.25,2130.00,8801.00,1.00,0.00,0.00,3.00,8.00,1370.00,760.00,1976.00,0.00,98155.00,47.75,-122.29,2820.00,8801.00
9558010190.00,20141119T000000,365500.00,4.00,2.50,2030.00,4499.00,2.00,0.00,0.00,3.00,8.00,2030.00,0.00,2003.00,0.00,98058.00,47.45,-122.12,2030.00,4539.00
267010020.00,20140711T000000,570000.00,4.00,2.00,1790.00,7800.00,1.00,0.00,0.00,5.00,8.00,1790.00,0.00,1972.00,0.00,98008.00,47.63,-122.10,2150.00,7838.00
8097000170.00,20150202T000000,335000.00,3.00,2.50,2260.00,8040.00,2.00,0.00,0.00,3.00,8.00,2260.00,0.00,1990.00,0.00,98092.00,47.32,-122.18,2390.00,8040.00
9136100420.00,20150408T000000,767500.00,4.00,2.00,2350.00,4815.00,1.50,0.00,0.00,4.00,7.00,1450.00,900.00,1914.00,0.00,98103.00,47.67,-122.34,1640.00,4013.00
8929000280.00,20140519T000000,386591.00,3.00,2.50,1690.00,1613.00,2.00,0.00,0.00,3.00,8.00,1150.00,540.00,2014.00,0.00,98029.00,47.55,-122.00,1690.00,1662.00
7883603190.00,20140722T000000,279000.00,3.00,1.00,1320.00,5750.00,1.50,0.00,0.00,3.00,7.00,1320.00,0.00,1913.00,0.00,98108.00,47.53,-122.33,1010.00,5700.00
203600470.00,20150409T000000,620000.00,4.00,2.50,2690.00,32780.00,2.00,0.00,0.00,3.00,9.00,2690.00,0.00,1998.00,0.00,98014.00,47.66,-121.96,2840.00,36555.00
8643200020.00,20140506T000000,407000.00,4.00,2.25,2810.00,23400.00,1.00,0.00,1.00,3.00,7.00,1710.00,1100.00,1958.00,0.00,98198.00,47.40,-122.31,1860.00,14900.00
322069153.00,20140827T000000,364250.00,3.00,2.50,2280.00,213879.00,2.00,0.00,0.00,3.00,8.00,2280.00,0.00,1994.00,0.00,98038.00,47.42,-122.03,2380.00,178160.00
2473450430.00,20140527T000000,399000.00,4.00,2.50,2870.00,9292.00,2.00,0.00,0.00,3.00,8.00,2540.00,330.00,1979.00,0.00,98058.00,47.45,-122.12,2590.00,7533.00
7574910780.00,20140514T000000,766950.00,3.00,2.50,3030.00,30007.00,1.50,0.00,0.00,4.00,10.00,3030.00,0.00,1992.00,0.00,98077.00,47.74,-122.04,3360.00,34983.00
3629980780.00,20140918T000000,710000.00,4.00,2.75,2940.00,4232.00,2.00,0.00,0.00,3.00,9.00,2940.00,0.00,2004.00,0.00,98029.00,47.55,-121.99,2410.00,4000.00
3332000091.00,20150224T000000,320000.00,3.00,1.00,1190.00,4120.00,1.00,0.00,0.00,3.00,6.00,1190.00,0.00,1929.00,0.00,98118.00,47.55,-122.27,1360.00,4635.00
3395041236.00,20141023T000000,300000.00,3.00,2.50,1800.00,3253.00,2.00,0.00,0.00,3.00,7.00,1800.00,0.00,2001.00,0.00,98108.00,47.54,-122.29,1800.00,3081.00
2310030500.00,20140710T000000,263000.00,3.00,1.75,1580.00,9187.00,1.00,0.00,0.00,3.00,8.00,1180.00,400.00,1993.00,0.00,98038.00,47.35,-122.05,1620.00,6397.00
8665050080.00,20141010T000000,445000.00,3.00,2.50,1730.00,4408.00,2.00,0.00,0.00,3.00,8.00,1730.00,0.00,1996.00,0.00,98029.00,47.57,-122.01,1730.00,4408.00
4037000840.00,20150406T000000,554000.00,3.00,2.00,1910.00,9001.00,1.00,0.00,0.00,4.00,7.00,1910.00,0.00,1957.00,0.00,98008.00,47.60,-122.12,2040.00,8700.00
2856101845.00,20140724T000000,335000.00,2.00,1.75,1000.00,5100.00,1.00,0.00,0.00,3.00,6.00,940.00,60.00,1906.00,0.00,98117.00,47.68,-122.39,1900.00,5100.00
8078550250.00,20141229T000000,307000.00,4.00,2.75,2520.00,6964.00,1.00,0.00,0.00,4.00,7.00,1260.00,1260.00,1987.00,0.00,98031.00,47.40,-122.18,1930.00,6949.00
1837000010.00,20150302T000000,404000.00,3.00,1.00,1420.00,8160.00,1.00,0.00,0.00,3.00,7.00,970.00,450.00,1947.00,0.00,98125.00,47.72,-122.31,1340.00,8160.00
8691390280.00,20140731T000000,775000.00,4.00,3.50,3080.00,5250.00,2.00,0.00,0.00,3.00,9.00,3080.00,0.00,2003.00,0.00,98075.00,47.60,-121.97,2980.00,5509.00
2372800050.00,20140521T000000,220000.00,3.00,1.00,1060.00,9126.00,1.00,0.00,2.00,5.00,7.00,1060.00,0.00,1956.00,0.00,98022.00,47.20,-122.00,1300.00,9126.00
6600250050.00,20140903T000000,518000.00,4.00,2.50,2160.00,9750.00,2.00,0.00,0.00,3.00,8.00,2160.00,0.00,1983.00,0.00,98028.00,47.74,-122.25,2840.00,10535.00
7215900020.00,20141209T000000,1600000.00,4.00,3.50,4060.00,9486.00,2.00,0.00,0.00,3.00,10.00,4060.00,0.00,2005.00,0.00,98033.00,47.66,-122.20,2410.00,9486.00
6450304600.00,20141023T000000,315000.00,1.00,2.25,1940.00,2550.00,2.00,0.00,0.00,4.00,7.00,1100.00,840.00,1979.00,0.00,98133.00,47.73,-122.34,1580.00,5100.00
2541100050.00,20140731T000000,572650.00,4.00,2.50,2250.00,11349.00,2.00,0.00,0.00,3.00,8.00,2250.00,0.00,1991.00,0.00,98034.00,47.71,-122.24,2110.00,9964.00
1853200080.00,20140619T000000,350000.00,2.00,1.00,1620.00,9205.00,1.00,0.00,0.00,5.00,6.00,850.00,770.00,1921.00,0.00,98034.00,47.71,-122.23,2460.00,5469.00
3058600050.00,20140919T000000,285000.00,2.00,1.00,920.00,5850.00,1.00,0.00,0.00,4.00,6.00,920.00,0.00,1900.00,0.00,98108.00,47.54,-122.30,1640.00,5476.00
3148750050.00,20150325T000000,231000.00,3.00,2.50,1370.00,7247.00,2.00,0.00,0.00,3.00,7.00,1370.00,0.00,1995.00,0.00,98032.00,47.38,-122.30,1720.00,8085.00
8651400680.00,20140813T000000,179000.00,3.00,1.00,920.00,5200.00,1.00,0.00,0.00,4.00,6.00,920.00,0.00,1969.00,0.00,98042.00,47.36,-122.09,920.00,5200.00
4359100050.00,20150330T000000,244000.00,3.00,1.50,1360.00,9625.00,1.00,0.00,0.00,3.00,7.00,1360.00,0.00,1963.00,0.00,98030.00,47.38,-122.21,1890.00,9625.00
5379806185.00,20150306T000000,185850.00,3.00,1.50,1630.00,11662.00,1.00,0.00,0.00,3.00,7.00,1630.00,0.00,1943.00,1963.00,98188.00,47.45,-122.28,1700.00,11662.00
1737300130.00,20141222T000000,610000.00,6.00,2.50,3610.00,12033.00,2.00,0.00,0.00,3.00,8.00,3210.00,400.00,1970.00,0.00,98011.00,47.77,-122.22,2210.00,8577.00
2781200010.00,20141010T000000,419000.00,4.00,2.50,3010.00,9155.00,2.00,0.00,0.00,3.00,9.00,3010.00,0.00,2005.00,0.00,98038.00,47.35,-122.03,3010.00,5762.00
269000221.00,20140826T000000,779000.00,3.00,1.75,2320.00,6400.00,1.00,0.00,2.00,4.00,8.00,1420.00,900.00,1957.00,0.00,98199.00,47.64,-122.39,2540.00,7680.00
6421100502.00,20140915T000000,695000.00,5.00,3.00,3290.00,14134.00,1.00,0.00,0.00,3.00,7.00,1870.00,1420.00,2004.00,0.00,98052.00,47.67,-122.14,1970.00,11470.00
4136900190.00,20150320T000000,319900.00,3.00,2.50,2040.00,7580.00,2.00,0.00,2.00,3.00,8.00,2040.00,0.00,1998.00,0.00,98092.00,47.26,-122.21,1960.00,7820.00
8731980680.00,20150112T000000,329000.00,3.00,2.75,1920.00,7700.00,1.00,0.00,0.00,4.00,8.00,1320.00,600.00,1978.00,0.00,98023.00,47.32,-122.38,2040.00,8000.00
2095800250.00,20140827T000000,475226.00,3.00,2.50,2120.00,4512.00,2.00,0.00,0.00,3.00,8.00,2120.00,0.00,1988.00,0.00,98011.00,47.75,-122.18,2000.00,4553.00
3629920630.00,20150325T000000,638000.00,3.00,2.50,2170.00,5000.00,2.00,0.00,0.00,3.00,9.00,2170.00,0.00,2003.00,0.00,98029.00,47.55,-122.00,2170.00,5000.00
6817800840.00,20150325T000000,440000.00,2.00,1.50,1330.00,15873.00,1.00,0.00,0.00,3.00,7.00,900.00,430.00,1984.00,0.00,98074.00,47.64,-122.03,1610.00,12043.00
7520000440.00,20150209T000000,214000.00,3.00,2.00,1580.00,5080.00,1.00,0.00,0.00,4.00,6.00,800.00,780.00,1942.00,0.00,98146.00,47.50,-122.35,1580.00,7114.00
587550470.00,20150429T000000,600000.00,3.00,2.75,3580.00,14217.00,2.00,0.00,3.00,4.00,10.00,2210.00,1370.00,1989.00,0.00,98023.00,47.32,-122.38,3990.00,14674.00
6851700381.00,20150414T000000,935000.00,4.00,2.00,2580.00,4500.00,2.00,0.00,0.00,4.00,9.00,1850.00,730.00,1905.00,0.00,98102.00,47.62,-122.32,2590.00,4100.00
4077800029.00,20141027T000000,630000.00,4.00,1.75,1930.00,10210.00,1.50,0.00,2.00,3.00,8.00,1670.00,260.00,1941.00,0.00,98125.00,47.71,-122.28,2730.00,6600.00
7202350480.00,20140930T000000,575000.00,3.00,2.50,2120.00,4780.00,2.00,0.00,0.00,3.00,7.00,2120.00,0.00,2004.00,0.00,98053.00,47.68,-122.03,1690.00,2650.00
1021079099.00,20141106T000000,345000.00,3.00,2.50,1990.00,20466.00,1.50,0.00,0.00,4.00,8.00,1410.00,580.00,1987.00,0.00,98010.00,47.33,-121.90,1660.00,93393.00
6075000050.00,20140716T000000,323000.00,4.00,1.75,1310.00,9690.00,1.00,0.00,0.00,4.00,7.00,1310.00,0.00,1967.00,0.00,98011.00,47.76,-122.23,2280.00,9618.00
5467910020.00,20140516T000000,425000.00,3.00,2.50,2670.00,13218.00,1.00,0.00,0.00,4.00,10.00,2670.00,0.00,1988.00,0.00,98042.00,47.37,-122.15,1960.00,13130.00
322069109.00,20150505T000000,411000.00,2.00,2.25,1910.00,108900.00,1.00,0.00,0.00,4.00,7.00,1010.00,900.00,1972.00,0.00,98038.00,47.42,-122.02,2050.00,108900.00
8658300480.00,20140721T000000,299800.00,4.00,1.50,1530.00,9000.00,1.00,0.00,0.00,4.00,6.00,1530.00,0.00,1976.00,0.00,98014.00,47.65,-121.91,1520.00,8500.00
9187200285.00,20140505T000000,823000.00,6.00,1.75,2920.00,5000.00,2.50,0.00,0.00,4.00,9.00,2780.00,140.00,1908.00,0.00,98122.00,47.60,-122.30,2020.00,5000.00
3670500605.00,20140908T000000,200000.00,3.00,1.00,1010.00,8108.00,1.00,0.00,0.00,3.00,7.00,1010.00,0.00,1955.00,0.00,98155.00,47.74,-122.31,1110.00,8108.00
2141330050.00,20140520T000000,760000.00,4.00,1.75,2450.00,13300.00,1.00,0.00,2.00,4.00,9.00,1630.00,820.00,1987.00,0.00,98006.00,47.56,-122.13,3150.00,15500.00
3820350020.00,20150428T000000,359950.00,4.00,2.50,1820.00,3899.00,2.00,0.00,0.00,3.00,7.00,1820.00,0.00,1999.00,0.00,98019.00,47.74,-121.99,1820.00,3899.00
3291800780.00,20150203T000000,375000.00,4.00,2.50,2090.00,8325.00,1.00,0.00,0.00,4.00,7.00,1470.00,620.00,1983.00,0.00,98056.00,47.49,-122.18,1700.00,8025.00
2423069120.00,20140508T000000,295000.00,2.00,1.75,2200.00,89298.00,1.00,0.00,0.00,3.00,7.00,1100.00,1100.00,1973.00,0.00,98027.00,47.46,-121.98,2590.00,89298.00
6918100170.00,20150319T000000,250000.00,4.00,3.00,2250.00,7882.00,2.00,0.00,0.00,3.00,8.00,1570.00,680.00,1986.00,0.00,98198.00,47.37,-122.31,1550.00,7508.00
7169200221.00,20141023T000000,497000.00,3.00,2.25,1450.00,1387.00,3.00,0.00,0.00,3.00,8.00,1450.00,0.00,2000.00,0.00,98115.00,47.68,-122.30,1450.00,1429.00
3579000440.00,20140813T000000,520000.00,4.00,2.50,2280.00,8798.00,2.00,0.00,0.00,4.00,8.00,2280.00,0.00,1987.00,0.00,98028.00,47.75,-122.25,2180.00,8632.00
8860500130.00,20140717T000000,365000.00,4.00,3.50,2720.00,6781.00,2.00,0.00,0.00,3.00,8.00,2100.00,620.00,1999.00,0.00,98055.00,47.46,-122.22,2280.00,5942.00
1441800010.00,20141208T000000,459900.00,3.00,2.25,2250.00,8000.00,1.00,0.00,0.00,3.00,8.00,1460.00,790.00,1976.00,0.00,98034.00,47.72,-122.20,1930.00,9000.00
7129300595.00,20150506T000000,158000.00,3.00,2.00,1090.00,6090.00,1.00,0.00,0.00,3.00,7.00,940.00,150.00,1940.00,0.00,98118.00,47.51,-122.26,1840.00,6090.00
4322300010.00,20140606T000000,294700.00,3.00,2.00,1970.00,9600.00,1.00,0.00,0.00,4.00,7.00,1300.00,670.00,1967.00,0.00,98003.00,47.28,-122.30,1710.00,7703.00
7229800066.00,20140819T000000,439950.00,4.00,2.25,2780.00,15075.00,2.00,0.00,0.00,3.00,7.00,2780.00,0.00,1985.00,0.00,98059.00,47.48,-122.12,1650.00,25542.00
3625059071.00,20150108T000000,899000.00,4.00,2.25,2290.00,40946.00,1.00,0.00,3.00,4.00,8.00,1550.00,740.00,1960.00,0.00,98008.00,47.62,-122.10,2790.00,20076.00
9517200480.00,20140702T000000,535000.00,3.00,1.75,2330.00,12141.00,1.00,0.00,0.00,3.00,7.00,1390.00,940.00,1983.00,0.00,98072.00,47.76,-122.15,1850.00,12141.00
240000269.00,20150124T000000,530000.00,4.00,4.50,4060.00,10800.00,2.00,0.00,0.00,3.00,10.00,4060.00,0.00,2007.00,0.00,98188.00,47.42,-122.29,1830.00,9768.00
9835800840.00,20150204T000000,215000.00,4.00,2.00,1470.00,7000.00,1.00,0.00,0.00,4.00,8.00,1470.00,0.00,1967.00,0.00,98032.00,47.37,-122.29,1640.00,7000.00
8058500005.00,20150203T000000,290000.00,2.00,1.00,1620.00,5400.00,1.00,0.00,0.00,3.00,6.00,920.00,700.00,1926.00,0.00,98125.00,47.71,-122.30,1540.00,7245.00
2568200170.00,20150311T000000,798000.00,5.00,2.75,3220.00,5934.00,2.00,0.00,0.00,3.00,9.00,3220.00,0.00,2006.00,0.00,98052.00,47.71,-122.10,3100.00,5934.00
9545250010.00,20141107T000000,785000.00,4.00,2.50,3270.00,9578.00,2.00,0.00,0.00,3.00,9.00,3270.00,0.00,1993.00,0.00,98027.00,47.54,-122.05,3120.00,8784.00
4140090420.00,20150318T000000,433000.00,3.00,1.75,2160.00,8565.00,1.00,0.00,0.00,3.00,8.00,1730.00,430.00,1971.00,0.00,98028.00,47.77,-122.26,2910.00,9570.00
3334000050.00,20140721T000000,425000.00,2.00,1.00,1150.00,6835.00,1.00,0.00,1.00,3.00,7.00,1010.00,140.00,1922.00,0.00,98118.00,47.56,-122.27,1150.00,6561.00
5101404144.00,20140724T000000,654000.00,4.00,2.50,2240.00,7540.00,1.00,0.00,0.00,3.00,8.00,1540.00,700.00,1962.00,0.00,98115.00,47.70,-122.31,1960.00,7250.00
7338001190.00,20141017T000000,215000.00,3.00,1.50,1280.00,5065.00,2.00,0.00,0.00,4.00,6.00,1280.00,0.00,1983.00,0.00,98002.00,47.33,-122.22,1070.00,4491.00
1865810290.00,20150318T000000,232000.00,3.00,1.00,840.00,6540.00,1.00,0.00,0.00,3.00,6.00,840.00,0.00,1970.00,2014.00,98042.00,47.37,-122.12,1010.00,6600.00
2785000290.00,20140507T000000,675000.00,3.00,1.75,1680.00,10500.00,1.00,0.00,0.00,4.00,8.00,1680.00,0.00,1959.00,0.00,98005.00,47.61,-122.17,2250.00,10400.00
7955040080.00,20141104T000000,665000.00,5.00,2.75,2330.00,8000.00,1.00,0.00,0.00,4.00,7.00,1550.00,780.00,1972.00,0.00,98052.00,47.67,-122.14,1750.00,8419.00
5480900010.00,20140623T000000,835000.00,4.00,2.50,3030.00,29163.00,2.00,0.00,0.00,3.00,10.00,3030.00,0.00,1998.00,0.00,98053.00,47.66,-122.02,2780.00,40669.00
6362900080.00,20140814T000000,525000.00,6.00,3.00,2880.00,7560.00,2.00,0.00,0.00,3.00,7.00,2880.00,0.00,1980.00,0.00,98144.00,47.60,-122.30,1470.00,1815.00
4078300050.00,20150504T000000,780000.00,3.00,2.75,2910.00,3094.00,2.00,0.00,2.00,5.00,7.00,2010.00,900.00,1939.00,0.00,98125.00,47.71,-122.28,2400.00,7530.00
3528000545.00,20140815T000000,844000.00,4.00,3.25,3090.00,67518.00,2.00,0.00,0.00,3.00,10.00,3090.00,0.00,1988.00,0.00,98053.00,47.67,-122.05,3200.00,65775.00
710300010.00,20150127T000000,680000.00,4.00,2.75,2720.00,54048.00,2.00,0.00,0.00,3.00,8.00,2720.00,0.00,1985.00,0.00,98072.00,47.72,-122.09,2580.00,37721.00
3764800630.00,20140825T000000,290000.00,3.00,1.50,1310.00,8100.00,1.00,0.00,0.00,3.00,7.00,1310.00,0.00,1965.00,0.00,98034.00,47.73,-122.20,1330.00,8100.00
6383000825.00,20150325T000000,560000.00,2.00,1.00,1790.00,15783.00,1.00,0.00,0.00,4.00,8.00,1360.00,430.00,1959.00,0.00,98117.00,47.69,-122.39,1790.00,7494.00
9465900500.00,20140617T000000,605500.00,3.00,2.50,2830.00,6536.00,2.00,0.00,0.00,3.00,9.00,2830.00,0.00,1989.00,0.00,98072.00,47.75,-122.17,2710.00,6954.00
2568200290.00,20140826T000000,762500.00,4.00,2.50,3150.00,5979.00,2.00,0.00,0.00,3.00,9.00,3150.00,0.00,2005.00,0.00,98052.00,47.71,-122.10,3150.00,6595.00
3885808005.00,20150305T000000,1740000.00,5.00,3.25,3930.00,5500.00,2.00,0.00,0.00,3.00,9.00,2910.00,1020.00,2014.00,0.00,98033.00,47.68,-122.21,2040.00,5115.00
3723800086.00,20140624T000000,665000.00,6.00,2.75,2840.00,8346.00,1.00,0.00,0.00,5.00,8.00,1420.00,1420.00,1961.00,0.00,98118.00,47.55,-122.27,2250.00,8346.00
6840701150.00,20150311T000000,540000.00,5.00,1.00,2480.00,4400.00,1.50,0.00,0.00,3.00,7.00,1640.00,840.00,1919.00,0.00,98122.00,47.60,-122.30,1940.00,4400.00
7301300050.00,20141119T000000,375000.00,3.00,2.50,1930.00,6180.00,1.00,0.00,0.00,3.00,7.00,1330.00,600.00,1961.00,0.00,98155.00,47.75,-122.33,1940.00,6180.00
6381500635.00,20140516T000000,342000.00,3.00,1.00,1260.00,6826.00,1.00,0.00,0.00,3.00,6.00,720.00,540.00,1944.00,0.00,98125.00,47.73,-122.30,1300.00,6826.00
3980300020.00,20150310T000000,340000.00,3.00,1.00,670.00,23522.00,1.00,0.00,0.00,4.00,6.00,670.00,0.00,1968.00,0.00,98024.00,47.53,-121.89,1880.00,20270.00
1923000050.00,20150330T000000,1250000.00,5.00,3.25,3930.00,12719.00,2.00,0.00,2.00,4.00,10.00,2540.00,1390.00,1974.00,0.00,98040.00,47.56,-122.21,3600.00,15909.00
7215720250.00,20141210T000000,693000.00,4.00,2.50,3160.00,13063.00,2.00,0.00,0.00,3.00,10.00,3160.00,0.00,1999.00,0.00,98075.00,47.60,-122.02,3350.00,14213.00
3123049230.00,20150420T000000,638500.00,4.00,1.75,1770.00,12462.00,1.00,0.00,2.00,4.00,8.00,1770.00,0.00,1962.00,0.00,98166.00,47.44,-122.34,2310.00,14810.00
8163000020.00,20150126T000000,805000.00,5.00,3.00,2240.00,18265.00,2.00,0.00,0.00,4.00,8.00,2240.00,0.00,1963.00,0.00,98027.00,47.52,-122.03,1990.00,18265.00
7893808220.00,20140709T000000,250000.00,3.00,1.00,990.00,8062.00,1.00,0.00,0.00,4.00,7.00,990.00,0.00,1960.00,0.00,98198.00,47.42,-122.33,1420.00,8790.00
538000440.00,20150501T000000,325000.00,3.00,2.50,1580.00,4698.00,2.00,0.00,0.00,3.00,7.00,1580.00,0.00,1998.00,0.00,98038.00,47.35,-122.03,2070.00,4698.00
7883603390.00,20150401T000000,270000.00,4.00,1.75,1560.00,4290.00,2.00,0.00,0.00,3.00,7.00,1560.00,0.00,1994.00,0.00,98108.00,47.53,-122.32,1250.00,6000.00
7645900235.00,20140710T000000,880000.00,6.00,2.50,2640.00,3680.00,2.00,0.00,0.00,5.00,8.00,1760.00,880.00,1922.00,0.00,98126.00,47.58,-122.38,1960.00,3680.00
9232900050.00,20140806T000000,300000.00,2.00,1.75,2120.00,6350.00,1.00,0.00,0.00,4.00,6.00,1440.00,680.00,1924.00,0.00,98103.00,47.70,-122.36,1590.00,6350.00
7305300500.00,20141215T000000,290000.00,2.00,1.00,1200.00,8750.00,1.00,0.00,0.00,3.00,6.00,1200.00,0.00,1948.00,0.00,98155.00,47.75,-122.33,1100.00,8408.00
6065300840.00,20150501T000000,2850000.00,4.00,4.00,5040.00,17208.00,1.00,0.00,0.00,5.00,10.00,2870.00,2170.00,1976.00,0.00,98006.00,47.57,-122.19,4050.00,18647.00
7227500020.00,20150123T000000,259950.00,3.00,1.00,1460.00,5825.00,1.00,0.00,0.00,5.00,5.00,1260.00,200.00,1942.00,0.00,98056.00,47.50,-122.19,1150.00,5926.00
7237501190.00,20141010T000000,1780000.00,4.00,3.25,4890.00,13402.00,2.00,0.00,0.00,3.00,13.00,4890.00,0.00,2004.00,0.00,98059.00,47.53,-122.13,5790.00,13539.00
422000010.00,20141106T000000,299950.00,3.00,1.00,1580.00,5250.00,1.00,0.00,0.00,5.00,7.00,1580.00,0.00,1954.00,0.00,98056.00,47.50,-122.17,1180.00,5940.00
826069127.00,20150406T000000,483000.00,3.00,2.25,2100.00,43560.00,1.00,0.00,0.00,4.00,8.00,1330.00,770.00,1977.00,0.00,98077.00,47.75,-122.07,2100.00,43560.00
9413600420.00,20140612T000000,890000.00,3.00,2.25,2060.00,8640.00,1.00,0.00,0.00,4.00,8.00,2060.00,0.00,1966.00,0.00,98033.00,47.65,-122.20,2030.00,9000.00
9151600541.00,20140508T000000,719000.00,3.00,2.50,1690.00,4500.00,1.50,0.00,1.00,4.00,8.00,1690.00,0.00,1928.00,0.00,98116.00,47.58,-122.38,2140.00,7200.00
3423059153.00,20141008T000000,785000.00,4.00,3.00,3370.00,100681.00,1.00,0.00,0.00,5.00,8.00,1920.00,1450.00,1977.00,0.00,98058.00,47.43,-122.15,2440.00,43705.00
3630120190.00,20150326T000000,660000.00,3.00,2.50,2330.00,3995.00,2.00,0.00,0.00,3.00,9.00,2330.00,0.00,2006.00,0.00,98029.00,47.55,-122.00,2330.00,3740.00
2787320430.00,20140618T000000,264000.00,4.00,1.75,1820.00,8118.00,1.00,0.00,0.00,4.00,7.00,1080.00,740.00,1980.00,0.00,98031.00,47.41,-122.17,1810.00,8050.00
1672000170.00,20140908T000000,575000.00,3.00,1.75,1890.00,11141.00,1.00,0.00,0.00,4.00,8.00,1890.00,0.00,1968.00,0.00,98006.00,47.57,-122.16,2720.00,11144.00
2050000020.00,20140624T000000,1215000.00,4.00,3.75,3820.00,53574.00,1.00,0.00,0.00,3.00,10.00,3820.00,0.00,1994.00,0.00,98072.00,47.73,-122.12,3140.00,54014.00
3221079069.00,20140815T000000,475000.00,3.00,2.50,2770.00,98881.00,2.00,0.00,0.00,3.00,9.00,2770.00,0.00,1991.00,0.00,98022.00,47.26,-121.95,1830.00,74923.00
7501000080.00,20141121T000000,845800.00,4.00,3.50,3020.00,12750.00,2.00,0.00,0.00,3.00,10.00,3020.00,0.00,1990.00,0.00,98033.00,47.65,-122.18,3120.00,14351.00
3500100078.00,20140611T000000,352500.00,3.00,1.75,1170.00,8182.00,1.00,0.00,0.00,3.00,7.00,1170.00,0.00,1962.00,0.00,98155.00,47.74,-122.30,1610.00,8183.00
9493200010.00,20140623T000000,347000.00,3.00,1.00,1270.00,8400.00,1.00,0.00,0.00,3.00,7.00,1270.00,0.00,1955.00,0.00,98011.00,47.76,-122.20,1390.00,8400.00
3905081350.00,20150109T000000,560000.00,4.00,2.75,1950.00,6192.00,2.00,0.00,0.00,3.00,8.00,1950.00,0.00,1992.00,0.00,98029.00,47.57,-122.00,2040.00,5441.00
6061000010.00,20150504T000000,323000.00,4.00,2.75,2230.00,50094.00,1.00,0.00,2.00,4.00,7.00,1330.00,900.00,1977.00,0.00,98092.00,47.26,-122.10,2230.00,40770.00
7635801350.00,20150306T000000,595000.00,3.00,1.75,2220.00,22081.00,1.50,0.00,0.00,4.00,7.00,2220.00,0.00,1922.00,0.00,98166.00,47.47,-122.36,2010.00,12360.00
7806210380.00,20150220T000000,257500.00,4.00,2.00,2060.00,6400.00,1.00,0.00,0.00,3.00,7.00,1170.00,890.00,1977.00,0.00,98002.00,47.29,-122.20,1890.00,8736.00
7577700440.00,20140528T000000,450000.00,3.00,1.00,1100.00,4600.00,1.00,0.00,0.00,3.00,7.00,1100.00,0.00,1917.00,0.00,98116.00,47.57,-122.39,1200.00,5175.00
3876810190.00,20141113T000000,410000.00,4.00,1.00,1140.00,7208.00,1.00,0.00,0.00,3.00,7.00,900.00,240.00,1970.00,0.00,98072.00,47.74,-122.17,1300.00,7991.00
1224059049.00,20140613T000000,810000.00,3.00,1.75,1980.00,13503.00,1.00,0.00,2.00,4.00,9.00,1320.00,660.00,1952.00,0.00,98008.00,47.59,-122.11,2450.00,10890.00
3348401319.00,20140512T000000,372500.00,5.00,3.00,2480.00,10090.00,1.00,0.00,0.00,3.00,7.00,1300.00,1180.00,2004.00,0.00,98178.00,47.50,-122.26,2290.00,9900.00
5589300585.00,20141203T000000,325000.00,3.00,1.00,1050.00,9083.00,1.00,0.00,0.00,3.00,7.00,1050.00,0.00,1951.00,0.00,98155.00,47.75,-122.31,1440.00,9071.00
3293700221.00,20141021T000000,280000.00,3.00,1.00,1260.00,7660.00,1.00,0.00,0.00,3.00,6.00,1260.00,0.00,1947.00,0.00,98133.00,47.75,-122.35,1990.00,7861.00
2013300050.00,20140711T000000,258000.00,3.00,2.00,1680.00,19978.00,1.00,0.00,0.00,3.00,6.00,880.00,800.00,1948.00,0.00,98198.00,47.39,-122.31,2150.00,11588.00
408100050.00,20140827T000000,329950.00,4.00,1.00,1360.00,5900.00,1.50,0.00,0.00,4.00,7.00,1360.00,0.00,1949.00,0.00,98155.00,47.75,-122.32,1050.00,5900.00
4178300080.00,20141212T000000,836000.00,4.00,2.50,2450.00,12987.00,1.00,0.00,0.00,4.00,9.00,2030.00,420.00,1980.00,0.00,98007.00,47.62,-122.15,2730.00,13685.00
2310040020.00,20150409T000000,365000.00,5.00,2.50,2260.00,7040.00,2.00,0.00,0.00,3.00,8.00,2260.00,0.00,1999.00,0.00,98038.00,47.35,-122.04,2180.00,6910.00
8698100170.00,20150211T000000,111300.00,2.00,1.00,1060.00,6000.00,1.00,0.00,0.00,4.00,5.00,1060.00,0.00,1908.00,0.00,98002.00,47.31,-122.22,940.00,6000.00
1330910280.00,20150427T000000,864000.00,4.00,2.50,3720.00,105850.00,2.00,0.00,0.00,4.00,10.00,3720.00,0.00,1984.00,0.00,98053.00,47.66,-122.03,2830.00,88256.00
9413600670.00,20140623T000000,725000.00,3.00,1.75,1610.00,8613.00,1.00,0.00,0.00,5.00,7.00,1610.00,0.00,1962.00,0.00,98033.00,47.65,-122.20,2010.00,8670.00
3825500020.00,20150218T000000,550000.00,4.00,2.50,3350.00,6605.00,2.00,0.00,0.00,3.00,8.00,2670.00,680.00,1990.00,0.00,98011.00,47.75,-122.18,2730.00,5962.00
2500600289.00,20150416T000000,130000.00,2.00,1.00,790.00,7500.00,1.00,0.00,0.00,3.00,7.00,790.00,0.00,1951.00,0.00,98198.00,47.40,-122.29,1560.00,7794.00
4385701440.00,20140926T000000,765000.00,2.00,1.75,1660.00,4000.00,1.00,0.00,0.00,3.00,7.00,990.00,670.00,1940.00,0.00,98112.00,47.64,-122.28,2070.00,4000.00
8645501330.00,20150421T000000,255000.00,3.00,1.50,1420.00,7480.00,1.00,0.00,0.00,4.00,7.00,1420.00,0.00,1963.00,0.00,98058.00,47.47,-122.18,1720.00,7700.00
2323069073.00,20140622T000000,439500.00,3.00,2.50,2050.00,40003.00,1.00,0.00,0.00,4.00,8.00,1570.00,480.00,1977.00,0.00,98027.00,47.47,-122.00,2700.00,46769.00
2475200080.00,20140908T000000,268000.00,3.00,1.75,1250.00,5546.00,1.00,0.00,0.00,4.00,7.00,1250.00,0.00,1987.00,0.00,98055.00,47.47,-122.19,1640.00,4791.00
9533600185.00,20150401T000000,985000.00,3.00,1.75,1700.00,8534.00,1.00,0.00,0.00,4.00,7.00,1700.00,0.00,1953.00,0.00,98004.00,47.63,-122.21,2100.00,10443.00
4139440460.00,20141118T000000,751305.00,4.00,2.50,2660.00,8469.00,2.00,0.00,0.00,3.00,10.00,2660.00,0.00,1994.00,0.00,98006.00,47.55,-122.12,2920.00,10697.00
1443500725.00,20150423T000000,280000.00,3.00,1.00,1350.00,7553.00,1.50,0.00,0.00,3.00,6.00,1350.00,0.00,1914.00,0.00,98118.00,47.53,-122.27,1380.00,7470.00
984000780.00,20140616T000000,304000.00,4.00,2.00,1810.00,8750.00,1.00,0.00,0.00,2.00,7.00,1110.00,700.00,1967.00,0.00,98058.00,47.43,-122.17,1810.00,8750.00
7575610170.00,20150423T000000,200000.00,4.00,2.75,2210.00,13235.00,2.00,0.00,0.00,3.00,8.00,1730.00,480.00,1988.00,0.00,98003.00,47.35,-122.30,1750.00,7542.00
2025800080.00,20150220T000000,325000.00,3.00,1.50,2120.00,41325.00,1.00,0.00,0.00,4.00,7.00,1420.00,700.00,1973.00,0.00,98092.00,47.29,-122.06,1780.00,42000.00
1425059180.00,20150324T000000,736000.00,3.00,2.25,2470.00,11603.00,2.00,0.00,2.00,3.00,8.00,1540.00,930.00,1988.00,0.00,98052.00,47.66,-122.12,2850.00,11250.00
1310440280.00,20140710T000000,426500.00,4.00,2.50,2700.00,6515.00,2.00,0.00,0.00,3.00,9.00,2700.00,0.00,1998.00,0.00,98058.00,47.44,-122.11,2900.00,6710.00
2264500425.00,20140620T000000,640000.00,2.00,1.75,1760.00,4400.00,1.00,0.00,0.00,4.00,7.00,880.00,880.00,1930.00,0.00,98103.00,47.65,-122.34,1330.00,4180.00
1721800470.00,20140521T000000,230000.00,5.00,2.00,1930.00,6120.00,1.50,0.00,0.00,3.00,6.00,1930.00,0.00,1941.00,1969.00,98146.00,47.51,-122.34,1130.00,6120.00
2589300170.00,20150324T000000,366350.00,4.00,1.00,1680.00,5043.00,1.50,0.00,0.00,4.00,6.00,1680.00,0.00,1911.00,0.00,98118.00,47.54,-122.27,1560.00,5765.00
2338800161.00,20150106T000000,365000.00,2.00,1.00,1390.00,8336.00,1.00,0.00,0.00,4.00,6.00,910.00,480.00,1946.00,0.00,98166.00,47.46,-122.36,1610.00,7847.00
855700170.00,20150225T000000,482000.00,4.00,2.25,2240.00,8322.00,2.00,0.00,0.00,3.00,8.00,2240.00,0.00,1979.00,0.00,98034.00,47.73,-122.21,2240.00,6448.00
1431700250.00,20140516T000000,345000.00,4.00,1.00,1980.00,7991.00,1.50,0.00,0.00,3.00,7.00,1980.00,0.00,1962.00,0.00,98058.00,47.46,-122.17,1730.00,7700.00
7942601410.00,20140514T000000,682000.00,3.00,1.75,1830.00,5120.00,1.50,0.00,2.00,5.00,8.00,1830.00,0.00,1903.00,0.00,98122.00,47.61,-122.31,2120.00,5120.00
4151800420.00,20140815T000000,657500.00,3.00,1.75,980.00,6002.00,1.00,0.00,0.00,4.00,6.00,980.00,0.00,1942.00,0.00,98033.00,47.66,-122.20,1150.00,6054.00
5700003280.00,20150419T000000,895000.00,6.00,2.50,3550.00,6533.00,2.00,0.00,0.00,3.00,8.00,3550.00,0.00,1925.00,0.00,98144.00,47.57,-122.28,3140.00,6234.00
1105000780.00,20150403T000000,425000.00,3.00,1.50,1660.00,5665.00,1.00,0.00,0.00,5.00,7.00,920.00,740.00,1918.00,0.00,98118.00,47.54,-122.27,1530.00,5665.00
4046400440.00,20140806T000000,532500.00,4.00,2.50,2490.00,8750.00,2.00,0.00,0.00,3.00,8.00,2040.00,450.00,1976.00,0.00,98008.00,47.59,-122.12,2120.00,10240.00
1089700010.00,20141008T000000,540000.00,4.00,2.50,2329.00,9436.00,2.00,0.00,0.00,3.00,9.00,2329.00,0.00,1995.00,0.00,98011.00,47.74,-122.20,2660.00,10252.00
2600040130.00,20140711T000000,578000.00,3.00,2.25,1790.00,9580.00,2.00,0.00,0.00,3.00,8.00,1790.00,0.00,1984.00,0.00,98006.00,47.55,-122.16,2060.00,9995.00
8121100715.00,20150209T000000,1086000.00,3.00,3.00,2830.00,6041.00,2.00,0.00,3.00,3.00,8.00,1840.00,990.00,1915.00,0.00,98118.00,47.57,-122.28,3420.00,6360.00
1771000440.00,20140904T000000,322500.00,3.00,1.00,1160.00,9750.00,1.00,0.00,0.00,3.00,7.00,1160.00,0.00,1968.00,0.00,98077.00,47.74,-122.07,1160.00,10565.00
7875200005.00,20150115T000000,140000.00,3.00,1.00,1000.00,10560.00,1.00,0.00,0.00,3.00,7.00,1000.00,0.00,1955.00,0.00,98003.00,47.32,-122.32,1190.00,9375.00
1822069109.00,20140910T000000,485000.00,3.00,2.50,2540.00,51836.00,1.00,0.00,0.00,4.00,8.00,1820.00,720.00,1976.00,0.00,98042.00,47.39,-122.09,1650.00,51836.00
9283800050.00,20140819T000000,575000.00,2.00,1.50,1750.00,19709.00,1.50,0.00,0.00,4.00,8.00,1440.00,310.00,1978.00,0.00,98010.00,47.34,-122.04,1950.00,21075.00
238000244.00,20140617T000000,421000.00,3.00,2.50,2890.00,21780.00,2.00,0.00,0.00,3.00,8.00,2890.00,0.00,2000.00,0.00,98188.00,47.43,-122.29,2120.00,8117.00
7972600430.00,20150311T000000,355000.00,4.00,2.00,1870.00,3497.00,1.00,0.00,0.00,3.00,7.00,1200.00,670.00,1954.00,0.00,98106.00,47.53,-122.35,1270.00,3497.00
6204200470.00,20150318T000000,515000.00,4.00,2.25,2200.00,6967.00,2.00,0.00,0.00,3.00,8.00,2200.00,0.00,1986.00,0.00,98011.00,47.74,-122.20,1970.00,7439.00
123039420.00,20150428T000000,309000.00,3.00,1.00,1300.00,7200.00,1.00,0.00,0.00,4.00,7.00,1300.00,0.00,1952.00,0.00,98146.00,47.51,-122.37,1740.00,7100.00
1525059215.00,20150224T000000,815000.00,5.00,2.25,3410.00,35536.00,2.00,0.00,0.00,3.00,10.00,2530.00,880.00,1974.00,0.00,98005.00,47.65,-122.16,3140.00,43453.00
1787600094.00,20141106T000000,285000.00,3.00,1.00,1160.00,7875.00,1.00,0.00,0.00,3.00,7.00,1160.00,0.00,1953.00,0.00,98125.00,47.72,-122.32,1600.00,7875.00
2877101100.00,20141110T000000,700000.00,3.00,1.75,2100.00,5000.00,1.50,0.00,0.00,3.00,8.00,2100.00,0.00,1916.00,0.00,98117.00,47.68,-122.36,1830.00,4200.00
9406550050.00,20150330T000000,289000.00,3.00,2.50,1490.00,8628.00,2.00,0.00,0.00,3.00,7.00,1490.00,0.00,1994.00,0.00,98038.00,47.36,-122.04,1640.00,8514.00
826069016.00,20141212T000000,458000.00,4.00,3.00,3280.00,62726.00,1.50,0.00,0.00,3.00,7.00,3280.00,0.00,1979.00,0.00,98077.00,47.75,-122.06,3210.00,73616.00
8732030080.00,20140818T000000,230000.00,3.00,1.75,1450.00,8378.00,1.00,0.00,0.00,4.00,8.00,1450.00,0.00,1978.00,0.00,98023.00,47.31,-122.39,1860.00,8496.00
2231000020.00,20140812T000000,432500.00,3.00,2.50,1930.00,7120.00,1.00,0.00,0.00,4.00,7.00,1420.00,510.00,1961.00,0.00,98133.00,47.77,-122.34,1600.00,8352.00
9407000840.00,20140731T000000,288000.00,3.00,1.75,1660.00,10440.00,1.00,0.00,0.00,3.00,7.00,1040.00,620.00,1978.00,0.00,98045.00,47.44,-121.77,1240.00,10380.00
1775800290.00,20140801T000000,354000.00,3.00,1.75,1260.00,12330.00,1.00,0.00,0.00,3.00,7.00,1260.00,0.00,1968.00,0.00,98072.00,47.74,-122.10,1320.00,12800.00
3821200050.00,20140604T000000,119500.00,3.00,1.00,1170.00,11000.00,1.00,0.00,0.00,2.00,6.00,1170.00,0.00,1980.00,0.00,98019.00,47.73,-121.98,1590.00,10894.00
3224510080.00,20141120T000000,805000.00,4.00,3.00,3350.00,23781.00,1.00,0.00,0.00,4.00,9.00,2020.00,1330.00,1979.00,0.00,98006.00,47.56,-122.13,2870.00,12036.00
3626039415.00,20140611T000000,435000.00,3.00,2.50,1420.00,2581.00,3.00,0.00,0.00,3.00,7.00,1420.00,0.00,2004.00,0.00,98133.00,47.70,-122.36,1420.00,2509.00
9262800294.00,20140922T000000,260000.00,3.00,1.75,2170.00,10018.00,1.00,0.00,0.00,4.00,7.00,1630.00,540.00,1978.00,0.00,98001.00,47.31,-122.26,2049.00,15263.00
127100005.00,20150401T000000,377000.00,4.00,1.75,1800.00,8385.00,1.00,0.00,0.00,5.00,6.00,900.00,900.00,1950.00,0.00,98133.00,47.77,-122.34,1770.00,8385.00
3905040170.00,20150320T000000,602000.00,4.00,2.50,2000.00,7376.00,2.00,0.00,0.00,3.00,8.00,2000.00,0.00,1990.00,0.00,98029.00,47.57,-122.00,1950.00,5218.00
148000680.00,20141027T000000,530000.00,3.00,1.75,1660.00,4800.00,1.00,0.00,0.00,3.00,7.00,960.00,700.00,1941.00,1996.00,98116.00,47.57,-122.41,1510.00,4800.00
458000235.00,20150325T000000,525000.00,4.00,2.00,1540.00,3740.00,1.00,0.00,0.00,4.00,7.00,770.00,770.00,1946.00,0.00,98117.00,47.69,-122.38,1090.00,5080.00
1445200050.00,20141110T000000,250000.00,2.00,1.50,1160.00,1086.00,2.00,0.00,0.00,3.00,7.00,890.00,270.00,2006.00,0.00,98155.00,47.77,-122.32,1160.00,1086.00
7950300005.00,20140528T000000,681000.00,3.00,1.00,1700.00,6356.00,1.50,0.00,0.00,3.00,7.00,1700.00,0.00,1907.00,0.00,98118.00,47.57,-122.28,2080.00,6000.00
2726049169.00,20140905T000000,625000.00,3.00,1.75,1580.00,20588.00,1.00,0.00,0.00,3.00,8.00,1580.00,0.00,1970.00,0.00,98125.00,47.71,-122.29,2080.00,7800.00
8944550050.00,20150508T000000,448500.00,3.00,2.50,2080.00,3920.00,2.00,0.00,0.00,3.00,8.00,2080.00,0.00,2010.00,0.00,98118.00,47.54,-122.29,2110.00,3710.00
623049341.00,20141022T000000,260000.00,3.00,2.00,1030.00,7260.00,1.00,0.00,0.00,3.00,6.00,1030.00,0.00,1947.00,0.00,98146.00,47.51,-122.35,1380.00,8100.00
7922900380.00,20141030T000000,538000.00,3.00,1.75,1770.00,8050.00,1.00,0.00,0.00,4.00,7.00,1020.00,750.00,1963.00,0.00,98008.00,47.59,-122.12,2000.00,7875.00
2248000080.00,20140521T000000,385500.00,3.00,2.00,1540.00,7947.00,1.00,0.00,0.00,3.00,7.00,1120.00,420.00,1961.00,0.00,98011.00,47.76,-122.22,1910.00,7950.00
9406540050.00,20140905T000000,428400.00,4.00,2.50,2650.00,6000.00,2.00,0.00,0.00,3.00,9.00,2650.00,0.00,2000.00,0.00,98038.00,47.38,-122.03,2630.00,6381.00
5416100190.00,20140729T000000,346290.00,4.00,2.75,2690.00,9240.00,2.00,0.00,0.00,3.00,8.00,2690.00,0.00,1998.00,0.00,98022.00,47.19,-122.01,2640.00,9240.00
7215720680.00,20150203T000000,587000.00,4.00,2.75,2210.00,8430.00,2.00,0.00,0.00,3.00,9.00,2210.00,0.00,1999.00,0.00,98075.00,47.60,-122.02,2460.00,8069.00
4307330280.00,20140820T000000,355000.00,4.00,2.50,2390.00,6775.00,2.00,0.00,0.00,3.00,7.00,2390.00,0.00,2003.00,0.00,98056.00,47.48,-122.18,2560.00,6346.00
1562000050.00,20150428T000000,650000.00,5.00,2.75,2580.00,7865.00,1.00,0.00,0.00,4.00,8.00,1480.00,1100.00,1964.00,0.00,98007.00,47.62,-122.14,2140.00,8400.00
4307320280.00,20140730T000000,340000.00,4.00,2.50,2160.00,5455.00,2.00,0.00,0.00,3.00,7.00,2160.00,0.00,2003.00,0.00,98056.00,47.48,-122.18,2160.00,5257.00
569000050.00,20140703T000000,565000.00,4.00,2.50,2230.00,8624.00,1.00,0.00,0.00,4.00,8.00,1430.00,800.00,1969.00,0.00,98052.00,47.66,-122.15,1970.00,8402.00
5700000595.00,20150219T000000,630000.00,4.00,2.00,2000.00,5000.00,1.50,0.00,0.00,5.00,7.00,2000.00,0.00,1925.00,0.00,98144.00,47.58,-122.29,2200.00,5000.00
8029200190.00,20141107T000000,227000.00,3.00,1.00,1280.00,7198.00,1.00,0.00,0.00,5.00,6.00,1280.00,0.00,1916.00,1983.00,98022.00,47.21,-122.00,1260.00,7198.00
2896000680.00,20140729T000000,600000.00,4.00,2.75,2810.00,17674.00,1.00,0.00,0.00,4.00,8.00,1640.00,1170.00,1978.00,0.00,98052.00,47.67,-122.14,2400.00,11240.00
9328500680.00,20150202T000000,540400.00,4.00,1.75,1680.00,6758.00,1.00,0.00,0.00,3.00,8.00,1680.00,0.00,1974.00,0.00,98008.00,47.64,-122.11,1910.00,7000.00
3295730050.00,20141001T000000,569000.00,3.00,2.50,2150.00,8060.00,2.00,0.00,0.00,3.00,8.00,2150.00,0.00,1995.00,0.00,98033.00,47.70,-122.19,2150.00,7172.00
3629970130.00,20140710T000000,735000.00,3.00,2.50,2820.00,8159.00,2.00,0.00,0.00,3.00,9.00,2820.00,0.00,2004.00,0.00,98029.00,47.55,-121.99,2910.00,5000.00
3574801310.00,20141216T000000,434000.00,3.00,2.25,1750.00,9353.00,1.00,0.00,0.00,3.00,7.00,1210.00,540.00,1987.00,0.00,98034.00,47.73,-122.23,1930.00,8545.00
4083802195.00,20150319T000000,578888.00,2.00,2.00,1060.00,4000.00,1.00,0.00,0.00,2.00,7.00,1000.00,60.00,1914.00,0.00,98103.00,47.66,-122.34,1310.00,4000.00
9238500480.00,20140523T000000,465425.00,4.00,2.75,2430.00,20720.00,1.00,0.00,0.00,3.00,7.00,2430.00,0.00,1967.00,0.00,98072.00,47.78,-122.14,2580.00,26950.00
9264910280.00,20150422T000000,280500.00,4.00,2.75,2660.00,7754.00,1.50,0.00,0.00,3.00,8.00,1590.00,1070.00,1986.00,0.00,98023.00,47.31,-122.34,2250.00,7754.00
3630120380.00,20150205T000000,539950.00,2.00,2.00,1670.00,3507.00,1.00,0.00,0.00,3.00,9.00,1670.00,0.00,2007.00,0.00,98029.00,47.55,-122.00,2330.00,3889.00
424069088.00,20140904T000000,406430.00,3.00,2.00,1380.00,15426.00,1.00,0.00,0.00,4.00,7.00,1380.00,0.00,1968.00,0.00,98075.00,47.60,-122.04,1380.00,15426.00
2954400020.00,20150205T000000,1150000.00,4.00,3.75,4160.00,35000.00,2.00,0.00,0.00,3.00,11.00,4160.00,0.00,1991.00,0.00,98053.00,47.67,-122.07,5330.00,36446.00
2154550020.00,20141111T000000,250000.00,3.00,2.50,1790.00,6191.00,2.00,0.00,0.00,3.00,8.00,1790.00,0.00,1992.00,0.00,98031.00,47.41,-122.20,1790.00,6758.00
5420800010.00,20140508T000000,266000.00,3.00,2.50,1940.00,8547.00,1.00,0.00,0.00,3.00,7.00,1460.00,480.00,1989.00,0.00,98030.00,47.35,-122.18,1750.00,7803.00
2459950010.00,20140722T000000,258000.00,3.00,2.00,1390.00,7200.00,1.00,0.00,0.00,3.00,7.00,1390.00,0.00,1996.00,0.00,98058.00,47.43,-122.15,1630.00,7340.00
4019301300.00,20141223T000000,472000.00,3.00,2.00,2200.00,21890.00,1.00,0.00,2.00,3.00,8.00,1200.00,1000.00,1961.00,0.00,98155.00,47.76,-122.27,2600.00,15162.00
3179100480.00,20140806T000000,530000.00,3.00,2.25,1264.00,1536.00,2.00,0.00,0.00,3.00,8.00,1264.00,0.00,2003.00,0.00,98105.00,47.67,-122.28,1264.00,2067.00
7942601155.00,20140722T000000,302282.00,2.00,1.00,1095.00,5120.00,1.50,0.00,0.00,3.00,7.00,1095.00,0.00,1901.00,0.00,98122.00,47.61,-122.31,1310.00,5120.00
2493200235.00,20150311T000000,370000.00,2.00,1.00,850.00,6213.00,1.00,0.00,0.00,3.00,6.00,750.00,100.00,1916.00,0.00,98136.00,47.53,-122.38,1880.00,5500.00
6338000014.00,20141013T000000,625000.00,4.00,2.00,1760.00,5307.00,1.50,0.00,0.00,4.00,7.00,1170.00,590.00,1948.00,0.00,98105.00,47.67,-122.28,1850.00,6600.00
1735800050.00,20150409T000000,142500.00,1.00,1.00,690.00,6825.00,1.00,0.00,0.00,4.00,5.00,690.00,0.00,1917.00,0.00,98002.00,47.31,-122.23,1330.00,5381.00
2783100050.00,20150121T000000,334000.00,3.00,1.75,1400.00,7405.00,1.00,0.00,0.00,3.00,7.00,1400.00,0.00,1961.00,0.00,98133.00,47.76,-122.33,1820.00,7440.00
1604600095.00,20140708T000000,362000.00,5.00,3.00,1810.00,3000.00,2.00,0.00,0.00,3.00,7.00,1810.00,0.00,1998.00,0.00,98118.00,47.56,-122.29,1670.00,3000.00
3080000005.00,20150417T000000,181000.00,2.00,1.00,1310.00,4000.00,1.00,0.00,0.00,3.00,7.00,950.00,360.00,1942.00,0.00,98144.00,47.58,-122.31,1310.00,4000.00
2268000470.00,20141231T000000,241500.00,3.00,1.00,1400.00,10425.00,1.00,0.00,0.00,4.00,7.00,1400.00,0.00,1968.00,0.00,98003.00,47.27,-122.30,1440.00,10425.00
807800190.00,20150204T000000,245000.00,3.00,1.75,2350.00,12720.00,1.00,0.00,0.00,4.00,7.00,1180.00,1170.00,1964.00,0.00,98030.00,47.36,-122.18,1680.00,10400.00
1274500170.00,20150506T000000,227500.00,3.00,1.00,1150.00,8848.00,1.00,0.00,0.00,3.00,7.00,1150.00,0.00,1968.00,0.00,98042.00,47.36,-122.11,1220.00,9576.00
8857600780.00,20141003T000000,158550.00,5.00,1.50,1710.00,8100.00,1.50,0.00,0.00,4.00,7.00,1710.00,0.00,1961.00,0.00,98032.00,47.38,-122.29,1480.00,8025.00
5145000130.00,20140925T000000,450000.00,3.00,2.25,1660.00,10247.00,1.00,0.00,0.00,5.00,7.00,1130.00,530.00,1968.00,0.00,98034.00,47.73,-122.22,1680.00,7637.00
3288200470.00,20150204T000000,485000.00,3.00,1.75,1950.00,10080.00,1.00,0.00,0.00,4.00,7.00,1950.00,0.00,1967.00,0.00,98034.00,47.73,-122.19,2340.00,8800.00
1771000950.00,20141106T000000,353000.00,4.00,1.75,1780.00,9794.00,1.00,0.00,0.00,3.00,7.00,1780.00,0.00,1967.00,0.00,98077.00,47.74,-122.07,1160.00,9750.00
3818400050.00,20150406T000000,500000.00,4.00,3.00,2450.00,4668.00,2.00,0.00,0.00,3.00,8.00,2450.00,0.00,2004.00,0.00,98028.00,47.77,-122.24,2460.00,4895.00
537000130.00,20140908T000000,360000.00,1.00,2.25,2060.00,10600.00,1.50,0.00,0.00,3.00,7.00,1560.00,500.00,1927.00,1983.00,98003.00,47.33,-122.30,2060.00,11880.00
5127000420.00,20150223T000000,357500.00,3.00,1.50,1540.00,11858.00,1.00,0.00,0.00,4.00,7.00,1540.00,0.00,1966.00,0.00,98059.00,47.48,-122.16,1550.00,11473.00
8656300380.00,20140506T000000,272000.00,3.00,2.50,1650.00,13816.00,2.00,0.00,0.00,3.00,7.00,1650.00,0.00,1998.00,0.00,98014.00,47.66,-121.91,1650.00,15144.00
6632300161.00,20150428T000000,422000.00,3.00,1.00,1160.00,7854.00,1.00,0.00,0.00,3.00,7.00,1160.00,0.00,1960.00,0.00,98125.00,47.73,-122.31,1300.00,8317.00
622100130.00,20140917T000000,365000.00,2.00,2.00,1440.00,15000.00,1.00,0.00,0.00,3.00,7.00,1440.00,0.00,1985.00,0.00,98072.00,47.76,-122.16,1780.00,15000.00
4028900048.00,20140821T000000,450000.00,3.00,1.75,2150.00,13789.00,1.00,0.00,0.00,4.00,8.00,1610.00,540.00,1966.00,0.00,98155.00,47.76,-122.30,2150.00,15480.00
411100005.00,20140922T000000,275053.00,2.00,1.00,1060.00,6504.00,1.00,0.00,0.00,3.00,6.00,1060.00,0.00,1950.00,0.00,98155.00,47.74,-122.33,1100.00,7200.00
6447300225.00,20141106T000000,1880000.00,3.00,2.75,2620.00,17919.00,1.00,0.00,1.00,4.00,9.00,2620.00,0.00,1949.00,0.00,98039.00,47.61,-122.23,3400.00,14400.00
5739600427.00,20150311T000000,725000.00,3.00,1.75,1630.00,9000.00,1.00,0.00,0.00,3.00,7.00,960.00,670.00,1955.00,0.00,98004.00,47.60,-122.21,1880.00,9000.00
5412310080.00,20140612T000000,235000.00,3.00,1.75,1840.00,9697.00,1.00,0.00,0.00,4.00,7.00,1500.00,340.00,1985.00,0.00,98030.00,47.38,-122.18,1430.00,8079.00
2726049071.00,20141211T000000,510000.00,2.00,1.00,820.00,4206.00,1.00,0.00,0.00,3.00,5.00,820.00,0.00,1949.00,0.00,98125.00,47.71,-122.28,1810.00,7200.00
2726049071.00,20150408T000000,489950.00,2.00,1.00,820.00,4206.00,1.00,0.00,0.00,3.00,5.00,820.00,0.00,1949.00,0.00,98125.00,47.71,-122.28,1810.00,7200.00
3764650050.00,20140730T000000,463000.00,3.00,2.50,2010.00,4195.00,2.00,0.00,0.00,3.00,8.00,2010.00,0.00,1998.00,0.00,98034.00,47.73,-122.20,2010.00,5779.00
3905030480.00,20140617T000000,536000.00,4.00,2.25,1990.00,5948.00,2.00,0.00,0.00,3.00,8.00,1990.00,0.00,1991.00,0.00,98029.00,47.57,-122.00,2150.00,6459.00
2345700500.00,20141021T000000,375000.00,4.00,2.50,2990.00,6145.00,2.00,0.00,0.00,3.00,8.00,2990.00,0.00,2003.00,0.00,98003.00,47.26,-122.29,2590.00,6512.00
8650300130.00,20140908T000000,630000.00,4.00,2.50,2540.00,4727.00,2.00,0.00,0.00,3.00,9.00,2540.00,0.00,1999.00,0.00,98034.00,47.70,-122.24,3640.00,5129.00
2923049372.00,20140506T000000,362000.00,3.00,2.25,1640.00,14374.00,1.00,0.00,0.00,4.00,7.00,1140.00,500.00,1963.00,0.00,98148.00,47.45,-122.33,2020.00,10500.00
5437200080.00,20150204T000000,350000.00,4.00,2.75,2500.00,11659.00,1.00,0.00,2.00,3.00,9.00,1490.00,1010.00,1979.00,0.00,98003.00,47.34,-122.33,2830.00,9915.00
9808100185.00,20141003T000000,1691000.00,4.00,3.50,4020.00,13515.00,2.00,0.00,0.00,3.00,11.00,4020.00,0.00,2001.00,0.00,98004.00,47.65,-122.21,3930.00,13515.00
4337000285.00,20150224T000000,255000.00,3.00,2.00,1500.00,8775.00,1.00,0.00,0.00,3.00,6.00,1390.00,110.00,1943.00,0.00,98166.00,47.48,-122.34,1310.00,8775.00
2891000010.00,20140806T000000,269000.00,4.00,2.50,1594.00,7665.00,1.00,0.00,0.00,5.00,7.00,1088.00,506.00,1975.00,0.00,98002.00,47.33,-122.21,1536.00,6000.00
7224000545.00,20140825T000000,370000.00,4.00,3.00,2130.00,4838.00,1.50,0.00,0.00,4.00,7.00,2130.00,0.00,1930.00,0.00,98055.00,47.49,-122.20,1070.00,4838.00
3243100080.00,20150501T000000,270000.00,3.00,1.00,1130.00,7920.00,1.00,0.00,0.00,3.00,7.00,1130.00,0.00,1961.00,0.00,98059.00,47.49,-122.13,1390.00,8580.00
3925000020.00,20150224T000000,265000.00,3.00,2.00,1690.00,9516.00,1.00,0.00,0.00,3.00,7.00,1690.00,0.00,1997.00,0.00,98022.00,47.21,-122.00,1850.00,9516.00
546000020.00,20150429T000000,487000.00,2.00,1.00,1440.00,4046.00,1.00,0.00,0.00,3.00,7.00,960.00,480.00,1946.00,0.00,98117.00,47.69,-122.38,1400.00,4046.00
8651611060.00,20140804T000000,835000.00,4.00,3.25,3270.00,6027.00,2.00,0.00,0.00,3.00,10.00,3270.00,0.00,2001.00,0.00,98074.00,47.63,-122.06,3270.00,6546.00
3024079063.00,20140701T000000,850000.00,4.00,3.25,4350.00,112750.00,1.00,0.00,0.00,3.00,9.00,2200.00,2150.00,2006.00,0.00,98027.00,47.54,-121.97,2180.00,223027.00
3039000050.00,20141201T000000,575000.00,4.00,2.75,1610.00,11201.00,1.00,0.00,0.00,5.00,7.00,1020.00,590.00,1982.00,0.00,98033.00,47.70,-122.20,1610.00,9000.00
1839900080.00,20140712T000000,335000.00,3.00,1.00,950.00,8000.00,1.00,0.00,0.00,3.00,7.00,950.00,0.00,1968.00,0.00,98034.00,47.72,-122.18,2270.00,8540.00
4024101434.00,20140808T000000,318000.00,3.00,1.00,1010.00,7200.00,1.00,0.00,0.00,5.00,6.00,1010.00,0.00,1948.00,0.00,98155.00,47.76,-122.31,1590.00,7663.00
2824069142.00,20150409T000000,510000.00,3.00,2.00,1420.00,11325.00,1.00,0.00,0.00,3.00,7.00,1420.00,0.00,1980.00,0.00,98027.00,47.54,-122.05,2330.00,3474.00
2618300080.00,20140502T000000,242500.00,3.00,1.50,1200.00,9720.00,1.00,0.00,0.00,4.00,7.00,1200.00,0.00,1965.00,0.00,98042.00,47.42,-122.15,1380.00,10284.00
7785000010.00,20141204T000000,750000.00,5.00,2.25,2020.00,8400.00,1.00,0.00,0.00,4.00,7.00,1010.00,1010.00,1963.00,0.00,98040.00,47.58,-122.22,1890.00,9233.00
4307330050.00,20140721T000000,439900.00,5.00,3.50,3390.00,7950.00,2.00,0.00,2.00,3.00,7.00,3390.00,0.00,2003.00,0.00,98056.00,47.48,-122.18,2580.00,6900.00
2867100005.00,20150407T000000,710000.00,2.00,1.00,1700.00,3040.00,1.50,0.00,0.00,3.00,8.00,1460.00,240.00,1914.00,0.00,98119.00,47.64,-122.37,1620.00,3230.00
3880900010.00,20140604T000000,2400000.00,5.00,3.25,3410.00,9088.00,2.00,0.00,3.00,3.00,9.00,2760.00,650.00,1912.00,0.00,98119.00,47.63,-122.36,3540.00,7100.00
5255710010.00,20141215T000000,435000.00,3.00,1.75,2030.00,13700.00,1.00,0.00,0.00,3.00,8.00,1630.00,400.00,1976.00,0.00,98011.00,47.77,-122.20,2120.00,11200.00
3213200314.00,20141226T000000,874000.00,4.00,2.75,2860.00,6867.00,1.00,0.00,1.00,5.00,7.00,1560.00,1300.00,1946.00,0.00,98115.00,47.67,-122.26,2290.00,5350.00
9834200950.00,20140616T000000,385000.00,4.00,1.75,1690.00,4080.00,1.00,0.00,0.00,4.00,7.00,870.00,820.00,1984.00,0.00,98144.00,47.57,-122.29,1320.00,4080.00
3806000005.00,20141030T000000,110000.00,2.00,1.00,760.00,4746.00,1.00,0.00,0.00,3.00,5.00,760.00,0.00,1930.00,0.00,98055.00,47.48,-122.21,1360.00,7810.00
6204400170.00,20140620T000000,477000.00,3.00,1.75,1780.00,8085.00,1.00,0.00,0.00,3.00,7.00,1210.00,570.00,1976.00,0.00,98011.00,47.74,-122.20,1780.00,8085.00
2491200675.00,20140912T000000,500000.00,3.00,2.00,1550.00,6394.00,1.50,0.00,0.00,5.00,8.00,1550.00,0.00,1918.00,0.00,98126.00,47.52,-122.38,1440.00,6387.00
98020480.00,20140828T000000,885000.00,4.00,2.50,4090.00,11225.00,2.00,0.00,0.00,3.00,10.00,4090.00,0.00,2005.00,0.00,98075.00,47.58,-121.97,3510.00,8762.00
8068000585.00,20140827T000000,235000.00,2.00,1.00,880.00,5600.00,1.00,0.00,0.00,5.00,7.00,880.00,0.00,1955.00,0.00,98178.00,47.51,-122.27,1240.00,7015.00
4345000170.00,20150504T000000,210000.00,3.00,2.75,1320.00,15236.00,1.00,0.00,0.00,3.00,7.00,880.00,440.00,1995.00,0.00,98030.00,47.37,-122.18,1490.00,8351.00
3101500010.00,20150420T000000,320000.00,2.00,1.00,950.00,4000.00,1.00,0.00,0.00,3.00,6.00,950.00,0.00,1910.00,0.00,98144.00,47.57,-122.31,1480.00,4000.00
3291800660.00,20150313T000000,406000.00,3.00,1.75,1390.00,7904.00,1.00,0.00,0.00,3.00,7.00,1390.00,0.00,1985.00,0.00,98056.00,47.49,-122.18,1910.00,7904.00
3541600235.00,20141028T000000,350000.00,3.00,1.75,1900.00,10225.00,1.00,0.00,0.00,4.00,8.00,1220.00,680.00,1963.00,0.00,98166.00,47.48,-122.36,1850.00,12630.00
2923039217.00,20140610T000000,350000.00,2.00,0.75,1392.00,43710.00,1.50,0.00,0.00,4.00,7.00,1392.00,0.00,1978.00,0.00,98070.00,47.45,-122.45,1640.00,99316.00
7852010290.00,20140710T000000,720000.00,4.00,2.50,3340.00,8930.00,2.00,0.00,2.00,3.00,10.00,3340.00,0.00,1999.00,0.00,98065.00,47.54,-121.87,3160.00,7865.00
7695450010.00,20140522T000000,604700.00,4.00,2.75,2750.00,14982.00,1.00,0.00,3.00,3.00,9.00,1720.00,1030.00,1981.00,0.00,98198.00,47.36,-122.32,2860.00,16344.00
3424069145.00,20140925T000000,343000.00,3.00,1.00,1400.00,5662.00,1.50,0.00,0.00,5.00,5.00,1400.00,0.00,1920.00,0.00,98027.00,47.53,-122.04,1250.00,14375.00
3578400500.00,20141209T000000,558000.00,3.00,2.25,2220.00,15757.00,1.00,0.00,0.00,3.00,8.00,1280.00,940.00,1982.00,0.00,98074.00,47.62,-122.04,2020.00,14098.00
4365200895.00,20150417T000000,364000.00,4.00,1.00,1210.00,7740.00,1.50,0.00,0.00,3.00,7.00,1210.00,0.00,1922.00,0.00,98126.00,47.52,-122.37,1100.00,7740.00
4027700321.00,20141028T000000,420000.00,3.00,1.75,2390.00,11242.00,1.00,0.00,0.00,3.00,7.00,1290.00,1100.00,1959.00,0.00,98155.00,47.78,-122.27,2270.00,9650.00
7923600250.00,20150515T000000,450000.00,5.00,2.00,1870.00,7344.00,1.50,0.00,0.00,3.00,7.00,1870.00,0.00,1960.00,0.00,98007.00,47.60,-122.14,1870.00,7650.00
8122100290.00,20140813T000000,392000.00,2.00,1.50,940.00,5000.00,1.00,0.00,0.00,4.00,7.00,810.00,130.00,1925.00,0.00,98126.00,47.54,-122.37,940.00,5026.00
7224000980.00,20140610T000000,100000.00,4.00,1.00,1120.00,2685.00,1.00,0.00,0.00,3.00,5.00,860.00,260.00,1939.00,0.00,98055.00,47.49,-122.20,1120.00,4838.00
9521100280.00,20140612T000000,480000.00,3.00,2.50,1250.00,1103.00,3.00,0.00,2.00,3.00,8.00,1250.00,0.00,2005.00,0.00,98103.00,47.66,-122.35,1250.00,1188.00
7875400050.00,20140827T000000,212000.00,3.00,1.50,1060.00,9225.00,1.00,0.00,0.00,4.00,7.00,1060.00,0.00,1955.00,0.00,98003.00,47.32,-122.32,1270.00,9375.00
6204420290.00,20141203T000000,560000.00,5.00,2.50,2410.00,8960.00,1.00,0.00,0.00,5.00,7.00,1600.00,810.00,1978.00,0.00,98011.00,47.74,-122.20,2410.00,11514.00
1041440050.00,20150428T000000,359950.00,5.00,2.75,2844.00,3990.00,2.00,0.00,0.00,3.00,8.00,2844.00,0.00,2013.00,0.00,98092.00,47.33,-122.17,2273.00,3900.00
1626069178.00,20140910T000000,535000.00,4.00,2.50,2200.00,110642.00,1.00,0.00,0.00,5.00,7.00,1330.00,870.00,1979.00,0.00,98077.00,47.74,-122.05,2290.00,51400.00
3342101937.00,20150410T000000,980000.00,5.00,4.00,3460.00,5400.00,2.00,0.00,0.00,3.00,10.00,2830.00,630.00,2012.00,0.00,98056.00,47.52,-122.20,1890.00,5400.00
9178601630.00,20141113T000000,720000.00,2.00,1.00,1580.00,2199.00,2.00,0.00,2.00,3.00,8.00,1580.00,0.00,1921.00,1995.00,98103.00,47.65,-122.33,2170.00,4405.00
5273200080.00,20140929T000000,619950.00,2.00,1.00,1520.00,5400.00,1.00,0.00,0.00,3.00,7.00,920.00,600.00,1951.00,0.00,98115.00,47.68,-122.28,1600.00,5400.00
7701930010.00,20140530T000000,489000.00,3.00,2.50,2260.00,19821.00,2.00,0.00,0.00,3.00,9.00,2260.00,0.00,1994.00,0.00,98058.00,47.45,-122.09,2750.00,22718.00
6820100010.00,20140616T000000,415000.00,4.00,2.00,1800.00,2970.00,1.00,0.00,0.00,4.00,7.00,1000.00,800.00,1923.00,0.00,98115.00,47.68,-122.31,1690.00,3801.00
3066400130.00,20150415T000000,672500.00,4.00,2.50,2650.00,11108.00,2.00,0.00,0.00,3.00,10.00,2650.00,0.00,1987.00,0.00,98074.00,47.63,-122.05,2650.00,11585.00
339600010.00,20141017T000000,352500.00,3.00,1.00,1000.00,4171.00,1.00,0.00,0.00,3.00,7.00,1000.00,0.00,1985.00,0.00,98052.00,47.68,-122.10,1090.00,3479.00
3391900130.00,20140903T000000,258750.00,4.00,2.00,2300.00,8400.00,1.00,0.00,0.00,4.00,6.00,1150.00,1150.00,1962.00,0.00,98003.00,47.33,-122.33,1230.00,8400.00
7283900010.00,20150223T000000,350000.00,3.00,1.00,1080.00,7000.00,1.00,0.00,0.00,4.00,6.00,1080.00,0.00,1916.00,0.00,98133.00,47.76,-122.35,1410.00,7214.00
1113000430.00,20140729T000000,152000.00,3.00,1.00,902.00,10464.00,1.00,0.00,0.00,3.00,7.00,902.00,0.00,1965.00,0.00,98198.00,47.36,-122.31,1510.00,7210.00
5101405276.00,20140609T000000,378500.00,2.00,1.00,730.00,7528.00,1.00,0.00,0.00,3.00,7.00,730.00,0.00,1946.00,0.00,98115.00,47.70,-122.31,1620.00,7528.00
7796100050.00,20140730T000000,1017000.00,4.00,1.75,2600.00,41041.00,1.50,0.00,0.00,4.00,8.00,2600.00,0.00,1965.00,0.00,98033.00,47.66,-122.17,2750.00,37318.00
2207200675.00,20140502T000000,419000.00,3.00,1.50,1570.00,6700.00,1.00,0.00,0.00,4.00,7.00,1570.00,0.00,1956.00,0.00,98007.00,47.60,-122.13,1570.00,7300.00
3622910190.00,20140521T000000,895000.00,5.00,3.00,2876.00,13927.00,1.00,0.00,2.00,4.00,9.00,1970.00,906.00,1973.00,0.00,98040.00,47.55,-122.23,3500.00,14454.00
9346930250.00,20140926T000000,668500.00,4.00,2.25,2290.00,9546.00,1.00,0.00,0.00,4.00,8.00,1780.00,510.00,1976.00,0.00,98006.00,47.56,-122.13,2360.00,8864.00
3886000010.00,20140821T000000,487000.00,2.00,2.50,1470.00,2533.00,2.00,0.00,0.00,3.00,8.00,1470.00,0.00,2005.00,0.00,98033.00,47.69,-122.17,1470.00,6511.00
6326000130.00,20141202T000000,538000.00,3.00,3.50,2620.00,10137.00,2.00,0.00,0.00,3.00,8.00,1970.00,650.00,1992.00,0.00,98146.00,47.50,-122.37,1960.00,7680.00
686900010.00,20140528T000000,898000.00,5.00,1.50,2680.00,28014.00,1.00,0.00,0.00,4.00,8.00,1450.00,1230.00,1963.00,0.00,98004.00,47.63,-122.20,2900.00,22180.00
1310000130.00,20140924T000000,315000.00,4.00,2.00,2020.00,7767.00,1.00,0.00,0.00,3.00,8.00,2020.00,0.00,1995.00,0.00,98003.00,47.34,-122.31,1940.00,8239.00
139000185.00,20150428T000000,800000.00,3.00,2.50,2100.00,4440.00,2.00,0.00,4.00,3.00,7.00,2100.00,0.00,1945.00,0.00,98116.00,47.59,-122.40,2100.00,6000.00
4039000050.00,20140714T000000,516130.00,3.00,1.75,1510.00,8250.00,1.00,0.00,0.00,4.00,8.00,1510.00,0.00,1962.00,0.00,98008.00,47.62,-122.11,1770.00,8250.00
9253900417.00,20150128T000000,1600000.00,3.00,2.50,2850.00,19593.00,1.50,1.00,4.00,3.00,10.00,1790.00,1060.00,1978.00,0.00,98008.00,47.59,-122.11,2850.00,18782.00
4128500380.00,20150427T000000,1200000.00,4.00,2.50,4280.00,12796.00,2.00,0.00,0.00,3.00,11.00,3400.00,880.00,1999.00,0.00,98006.00,47.56,-122.12,3520.00,9593.00
8159300050.00,20150312T000000,355425.00,4.00,2.50,3238.00,9112.00,1.00,0.00,2.00,4.00,8.00,1678.00,1560.00,1979.00,0.00,98198.00,47.40,-122.31,3056.00,9668.00
1338600185.00,20140624T000000,1157400.00,3.00,2.50,2740.00,5925.00,2.00,0.00,2.00,3.00,10.00,2740.00,0.00,1913.00,1992.00,98112.00,47.63,-122.30,2740.00,5948.00
7625703900.00,20140926T000000,689000.00,4.00,2.50,2020.00,9600.00,2.00,0.00,0.00,4.00,7.00,2020.00,0.00,1954.00,0.00,98136.00,47.54,-122.40,2250.00,8550.00
2767700022.00,20150113T000000,500000.00,3.00,3.25,1520.00,1500.00,3.00,0.00,0.00,3.00,7.00,1520.00,0.00,2000.00,0.00,98107.00,47.67,-122.39,1520.00,1323.00
3914000095.00,20140718T000000,430000.00,5.00,2.50,3860.00,42733.00,1.00,0.00,3.00,4.00,8.00,2300.00,1560.00,1955.00,0.00,98001.00,47.31,-122.25,2520.00,19353.00
7334501410.00,20141121T000000,299500.00,4.00,2.25,1600.00,15312.00,1.00,0.00,0.00,4.00,7.00,1080.00,520.00,1979.00,0.00,98045.00,47.46,-121.74,1620.00,12375.00
2597710050.00,20140624T000000,349950.00,4.00,2.50,2090.00,5289.00,2.00,0.00,0.00,3.00,8.00,2090.00,0.00,1989.00,0.00,98058.00,47.43,-122.16,2080.00,7109.00
7933250050.00,20141028T000000,1419000.00,5.00,3.25,4020.00,4500.00,2.00,0.00,0.00,3.00,9.00,3120.00,900.00,2010.00,0.00,98004.00,47.63,-122.20,3550.00,5775.00
2600140500.00,20141216T000000,998000.00,4.00,2.25,2910.00,10189.00,2.00,0.00,0.00,3.00,9.00,2910.00,0.00,1988.00,0.00,98006.00,47.55,-122.16,2780.00,10125.00
3876810170.00,20150505T000000,329000.00,3.00,1.00,900.00,9600.00,1.00,0.00,0.00,4.00,7.00,900.00,0.00,1970.00,0.00,98072.00,47.74,-122.17,1220.00,8240.00
3740000010.00,20141009T000000,575000.00,3.00,1.75,1720.00,5956.00,2.00,0.00,0.00,3.00,8.00,1720.00,0.00,1981.00,0.00,98033.00,47.69,-122.20,1620.00,9324.00
6895300050.00,20141002T000000,529900.00,5.00,2.25,3030.00,9430.00,2.00,0.00,0.00,4.00,8.00,2600.00,430.00,1961.00,0.00,98133.00,47.75,-122.35,2230.00,8425.00
6645900010.00,20141120T000000,1470000.00,4.00,2.50,3030.00,10189.00,1.00,0.00,0.00,3.00,9.00,2380.00,650.00,2003.00,0.00,98004.00,47.64,-122.21,1940.00,10189.00
9413600380.00,20140801T000000,725000.00,4.00,1.75,2190.00,9400.00,1.00,0.00,0.00,4.00,7.00,1450.00,740.00,1962.00,0.00,98033.00,47.65,-122.20,1980.00,9000.00
2115720500.00,20141023T000000,286000.00,3.00,2.50,1680.00,5000.00,2.00,0.00,0.00,3.00,8.00,1680.00,0.00,1987.00,0.00,98023.00,47.32,-122.40,1720.00,5000.00
2202500255.00,20150305T000000,335000.00,3.00,2.00,1210.00,9926.00,1.00,0.00,0.00,4.00,7.00,1210.00,0.00,1954.00,2015.00,98006.00,47.57,-122.14,1690.00,9737.00
2207100255.00,20140515T000000,395300.00,3.00,1.50,1120.00,7000.00,1.00,0.00,0.00,3.00,7.00,1120.00,0.00,1955.00,0.00,98007.00,47.60,-122.15,1470.00,7950.00
8035350010.00,20140715T000000,510000.00,4.00,2.75,3180.00,13348.00,2.00,0.00,0.00,3.00,8.00,3020.00,160.00,2004.00,0.00,98019.00,47.74,-121.98,3020.00,10029.00
1555300010.00,20150206T000000,203000.00,3.00,1.00,920.00,7500.00,1.00,0.00,0.00,4.00,7.00,920.00,0.00,1970.00,0.00,98032.00,47.38,-122.29,1660.00,8000.00
6135300010.00,20141204T000000,248000.00,2.00,1.00,700.00,8301.00,1.00,0.00,0.00,3.00,6.00,700.00,0.00,1953.00,0.00,98155.00,47.77,-122.32,1250.00,8304.00
1321730470.00,20150127T000000,265000.00,3.00,2.25,2540.00,7216.00,2.00,0.00,0.00,3.00,8.00,2540.00,0.00,1991.00,0.00,98023.00,47.29,-122.35,2140.00,7531.00
4083306345.00,20150504T000000,1000000.00,4.00,1.50,2100.00,4560.00,1.50,0.00,0.00,4.00,8.00,2100.00,0.00,1912.00,0.00,98103.00,47.65,-122.34,1930.00,4560.00
1453602360.00,20150406T000000,1000000.00,3.00,1.00,1540.00,24500.00,1.50,0.00,0.00,3.00,7.00,1540.00,0.00,1949.00,0.00,98125.00,47.72,-122.29,1540.00,7250.00
2025600280.00,20150406T000000,241400.00,3.00,2.00,1420.00,9828.00,1.00,0.00,0.00,4.00,7.00,1420.00,0.00,1990.00,0.00,98010.00,47.33,-122.01,1550.00,7227.00
1423800380.00,20150312T000000,309950.00,4.00,1.75,1450.00,10074.00,1.00,0.00,0.00,4.00,7.00,1450.00,0.00,1966.00,0.00,98058.00,47.45,-122.18,1340.00,8023.00
2113701100.00,20140826T000000,294010.00,3.00,1.75,1550.00,4057.00,1.00,0.00,0.00,3.00,6.00,830.00,720.00,1945.00,0.00,98106.00,47.53,-122.35,1100.00,4116.00
3578401060.00,20141216T000000,345000.00,3.00,2.25,1920.00,9672.00,2.00,0.00,0.00,4.00,8.00,1920.00,0.00,1984.00,0.00,98074.00,47.62,-122.05,1950.00,10125.00
3578401060.00,20150504T000000,625000.00,3.00,2.25,1920.00,9672.00,2.00,0.00,0.00,4.00,8.00,1920.00,0.00,1984.00,0.00,98074.00,47.62,-122.05,1950.00,10125.00
7691800020.00,20140709T000000,660000.00,4.00,2.50,2510.00,4543.00,2.00,0.00,0.00,3.00,8.00,2510.00,0.00,2002.00,0.00,98075.00,47.60,-122.04,2550.00,4675.00
8682230950.00,20150317T000000,559000.00,2.00,2.00,1660.00,4500.00,1.00,0.00,0.00,3.00,8.00,1660.00,0.00,2003.00,0.00,98053.00,47.71,-122.03,1670.00,5580.00
7202360010.00,20140707T000000,866000.00,4.00,3.25,3990.00,9786.00,2.00,0.00,0.00,3.00,9.00,3990.00,0.00,2004.00,0.00,98053.00,47.68,-122.03,3920.00,8200.00
2125049120.00,20140505T000000,770000.00,3.00,2.00,2350.00,5700.00,1.50,0.00,0.00,4.00,8.00,1810.00,540.00,1939.00,0.00,98112.00,47.64,-122.31,2170.00,6000.00
5540000010.00,20140815T000000,259950.00,3.00,1.50,1350.00,7827.00,1.00,0.00,0.00,4.00,7.00,1350.00,0.00,1968.00,0.00,98030.00,47.38,-122.22,1900.00,7827.00
1552800010.00,20150311T000000,352000.00,5.00,2.75,2980.00,9838.00,1.00,0.00,0.00,3.00,7.00,1710.00,1270.00,1968.00,0.00,98030.00,47.38,-122.22,2240.00,9838.00
1118002000.00,20140624T000000,2466350.00,5.00,4.75,6390.00,13180.00,2.00,0.00,0.00,3.00,10.00,4560.00,1830.00,1940.00,0.00,98112.00,47.63,-122.29,4010.00,8137.00
8564600080.00,20141106T000000,395000.00,3.00,2.00,1590.00,10229.00,1.00,0.00,0.00,3.00,7.00,1590.00,0.00,1966.00,0.00,98034.00,47.72,-122.23,1320.00,10222.00
1446800660.00,20150316T000000,276500.00,4.00,1.75,1400.00,6650.00,1.50,0.00,0.00,4.00,6.00,1400.00,0.00,1942.00,0.00,98168.00,47.49,-122.33,1120.00,8645.00
2624079022.00,20141020T000000,530000.00,3.00,2.25,1880.00,100623.00,1.50,0.00,0.00,3.00,8.00,1880.00,0.00,1987.00,2007.00,98024.00,47.53,-121.88,2520.00,21689.00
5051800130.00,20140724T000000,798000.00,4.00,3.25,3500.00,10260.00,2.00,0.00,0.00,3.00,10.00,3500.00,0.00,1987.00,0.00,98008.00,47.59,-122.13,3500.00,10658.00
7940700190.00,20140813T000000,380000.00,2.00,2.00,1370.00,5756.00,1.00,0.00,0.00,3.00,8.00,1370.00,0.00,1986.00,0.00,98034.00,47.71,-122.21,1380.00,5444.00
5422810010.00,20140819T000000,350000.00,4.00,2.50,2810.00,10433.00,2.00,0.00,0.00,3.00,8.00,2810.00,0.00,2001.00,0.00,98022.00,47.19,-122.02,2640.00,9240.00
3529200190.00,20140514T000000,325000.00,3.00,2.50,2220.00,6049.00,2.00,0.00,0.00,4.00,8.00,2220.00,0.00,1990.00,0.00,98031.00,47.40,-122.18,1980.00,7226.00
8944320280.00,20150402T000000,336000.00,3.00,2.50,2110.00,4549.00,2.00,0.00,0.00,4.00,8.00,2110.00,0.00,1989.00,0.00,98042.00,47.39,-122.15,2110.00,4030.00
3222069153.00,20141024T000000,286900.00,3.00,2.25,1720.00,17235.00,1.00,0.00,0.00,4.00,7.00,1440.00,280.00,1974.00,0.00,98042.00,47.34,-122.07,1990.00,35048.00
7211300050.00,20140930T000000,472000.00,5.00,2.25,1780.00,7245.00,1.00,0.00,0.00,4.00,8.00,1330.00,450.00,1976.00,0.00,98052.00,47.69,-122.12,1780.00,7653.00
1545806980.00,20140630T000000,263000.00,3.00,1.75,1410.00,8100.00,2.00,0.00,0.00,3.00,7.00,1410.00,0.00,1985.00,0.00,98038.00,47.36,-122.05,1560.00,8100.00
9297300255.00,20140716T000000,565000.00,3.00,3.00,2110.00,4000.00,1.00,0.00,2.00,4.00,7.00,1110.00,1000.00,1965.00,0.00,98126.00,47.57,-122.38,1730.00,4000.00
4139400280.00,20141008T000000,765000.00,3.00,2.50,2700.00,8444.00,2.00,0.00,0.00,3.00,10.00,2700.00,0.00,1992.00,0.00,98006.00,47.56,-122.11,2840.00,9165.00
9201300020.00,20140811T000000,1517000.00,3.00,2.25,2610.00,9409.00,1.00,1.00,4.00,4.00,8.00,2610.00,0.00,1963.00,0.00,98075.00,47.58,-122.08,2970.00,9156.00
8663280080.00,20141223T000000,405000.00,3.00,2.00,1660.00,8174.00,1.00,0.00,0.00,3.00,7.00,830.00,830.00,1981.00,0.00,98034.00,47.71,-122.20,1610.00,9318.00
98000980.00,20150427T000000,1098000.00,4.00,3.50,4570.00,16219.00,2.00,0.00,0.00,3.00,11.00,4570.00,0.00,2002.00,0.00,98075.00,47.59,-121.97,4700.00,16500.00
1796100010.00,20140911T000000,555000.00,3.00,3.00,3760.00,188760.00,1.00,0.00,0.00,4.00,10.00,2640.00,1120.00,1979.00,0.00,98092.00,47.31,-122.09,2820.00,50543.00
2781280290.00,20150427T000000,305000.00,3.00,2.50,1610.00,3516.00,2.00,0.00,0.00,3.00,8.00,1610.00,0.00,2006.00,0.00,98055.00,47.45,-122.19,1610.00,3056.00
1448800010.00,20140901T000000,289950.00,3.00,2.25,1740.00,9370.00,1.00,0.00,0.00,3.00,7.00,1390.00,350.00,1992.00,0.00,98198.00,47.39,-122.32,1740.00,7555.00
1526079026.00,20140813T000000,487500.00,5.00,3.50,3530.00,218472.00,2.00,0.00,0.00,3.00,7.00,2380.00,1150.00,1999.00,0.00,98019.00,47.73,-121.91,2110.00,211404.00
1788800630.00,20141029T000000,96500.00,3.00,1.00,840.00,12091.00,1.00,0.00,0.00,3.00,6.00,840.00,0.00,1959.00,0.00,98023.00,47.33,-122.34,840.00,9324.00
1788800630.00,20150225T000000,185000.00,3.00,1.00,840.00,12091.00,1.00,0.00,0.00,3.00,6.00,840.00,0.00,1959.00,0.00,98023.00,47.33,-122.34,840.00,9324.00
8864000250.00,20140827T000000,150550.00,4.00,1.00,1470.00,6061.00,1.50,0.00,0.00,3.00,7.00,1470.00,0.00,1945.00,0.00,98168.00,47.48,-122.29,1230.00,6175.00
7972600670.00,20140624T000000,339000.00,4.00,2.00,2470.00,5080.00,1.50,0.00,0.00,3.00,6.00,1970.00,500.00,1948.00,1988.00,98106.00,47.53,-122.35,1060.00,5080.00
4077800094.00,20150202T000000,675000.00,4.00,1.75,2220.00,7230.00,1.00,0.00,1.00,3.00,8.00,1280.00,940.00,1950.00,0.00,98125.00,47.71,-122.28,2210.00,7230.00
9834200440.00,20140624T000000,615000.00,3.00,1.75,1720.00,4080.00,1.00,0.00,0.00,4.00,7.00,960.00,760.00,1924.00,0.00,98144.00,47.57,-122.29,1660.00,4080.00
1245002125.00,20140604T000000,837500.00,4.00,2.50,2700.00,9320.00,2.00,0.00,0.00,4.00,8.00,2700.00,0.00,1994.00,0.00,98033.00,47.69,-122.20,2120.00,8056.00
5634500170.00,20140819T000000,250000.00,2.00,1.00,950.00,11835.00,1.00,0.00,0.00,3.00,5.00,950.00,0.00,1932.00,0.00,98028.00,47.75,-122.24,1690.00,12586.00
1954400500.00,20140625T000000,583000.00,3.00,2.50,1790.00,8144.00,2.00,0.00,0.00,3.00,8.00,1790.00,0.00,1989.00,0.00,98074.00,47.62,-122.05,1800.00,7503.00
9528102771.00,20140904T000000,499000.00,3.00,2.50,1610.00,1728.00,3.00,0.00,0.00,3.00,8.00,1610.00,0.00,2000.00,0.00,98115.00,47.68,-122.32,1540.00,3090.00
2895600095.00,20140716T000000,550000.00,3.00,2.50,2290.00,6328.00,2.00,0.00,0.00,3.00,8.00,2290.00,0.00,2001.00,0.00,98146.00,47.51,-122.38,1600.00,6180.00
2921079027.00,20140924T000000,400000.00,4.00,2.50,2170.00,204296.00,1.00,0.00,0.00,4.00,7.00,2170.00,0.00,1980.00,0.00,98022.00,47.28,-121.93,1760.00,154202.00
524059323.00,20150219T000000,990400.00,3.00,2.50,2100.00,4097.00,2.00,0.00,0.00,3.00,9.00,2100.00,0.00,2008.00,0.00,98004.00,47.60,-122.20,1820.00,4764.00
824069173.00,20140821T000000,600000.00,3.00,2.50,2320.00,52272.00,1.50,0.00,0.00,3.00,8.00,2320.00,0.00,1974.00,0.00,98075.00,47.59,-122.07,2200.00,52272.00
2678100005.00,20150212T000000,325000.00,2.00,1.00,1120.00,6236.00,1.00,0.00,0.00,4.00,6.00,1120.00,0.00,1954.00,0.00,98155.00,47.76,-122.29,1340.00,7784.00
2025700080.00,20140710T000000,265000.00,3.00,2.50,1530.00,6000.00,2.00,0.00,0.00,4.00,7.00,1530.00,0.00,1991.00,0.00,98038.00,47.35,-122.04,1360.00,6000.00
6613000585.00,20150108T000000,1620500.00,3.00,2.50,3490.00,9362.00,1.00,0.00,3.00,5.00,9.00,1770.00,1720.00,1960.00,0.00,98105.00,47.66,-122.27,3640.00,7425.00
2597000006.00,20150309T000000,347500.00,3.00,1.50,1180.00,8353.00,1.00,0.00,0.00,3.00,7.00,1180.00,0.00,1960.00,0.00,98155.00,47.77,-122.27,1710.00,8748.00
1923300170.00,20150109T000000,629000.00,5.00,2.00,2050.00,3000.00,1.50,0.00,0.00,3.00,7.00,1470.00,580.00,1912.00,1984.00,98103.00,47.69,-122.35,1560.00,4500.00
1224049005.00,20140708T000000,1087500.00,2.00,2.00,2360.00,11340.00,1.50,0.00,0.00,3.00,9.00,2360.00,0.00,1997.00,0.00,98040.00,47.58,-122.23,3030.00,11340.00
4123840050.00,20140630T000000,397500.00,4.00,2.50,2570.00,7859.00,2.00,0.00,0.00,3.00,8.00,2570.00,0.00,1992.00,0.00,98038.00,47.37,-122.05,2150.00,7284.00
1937300280.00,20141030T000000,404500.00,2.00,1.00,1270.00,3700.00,1.50,0.00,0.00,3.00,7.00,1270.00,0.00,1909.00,0.00,98144.00,47.59,-122.31,1980.00,3200.00
9183703376.00,20140513T000000,225000.00,3.00,1.50,1250.00,7500.00,1.00,0.00,0.00,3.00,7.00,1250.00,0.00,1967.00,0.00,98030.00,47.37,-122.22,1260.00,7563.00
9542801310.00,20150513T000000,267000.00,3.00,2.25,2510.00,9900.00,1.00,0.00,0.00,3.00,8.00,1610.00,900.00,1978.00,0.00,98023.00,47.30,-122.37,1940.00,8510.00
2771104830.00,20140611T000000,800000.00,4.00,3.75,2690.00,4000.00,2.00,0.00,3.00,4.00,9.00,2120.00,570.00,1909.00,1989.00,98119.00,47.64,-122.37,2830.00,4000.00
7967650010.00,20150210T000000,339000.00,4.00,2.50,2900.00,6918.00,2.00,0.00,0.00,3.00,8.00,2900.00,0.00,2001.00,0.00,98001.00,47.35,-122.28,2720.00,10376.00
6744701310.00,20150415T000000,1850000.00,4.00,2.50,3830.00,11972.00,1.00,1.00,4.00,3.00,11.00,2370.00,1460.00,1981.00,0.00,98155.00,47.74,-122.28,3080.00,12297.00
3131201310.00,20140930T000000,525000.00,5.00,1.00,1280.00,3876.00,1.50,0.00,0.00,3.00,7.00,1280.00,0.00,1923.00,0.00,98105.00,47.66,-122.32,1420.00,3825.00
3630180500.00,20141006T000000,1150000.00,5.00,3.50,4350.00,6218.00,2.00,0.00,2.00,3.00,10.00,3520.00,830.00,2007.00,0.00,98027.00,47.54,-122.00,3260.00,5989.00
7624700050.00,20141223T000000,565000.00,1.00,1.00,1370.00,6250.00,1.50,0.00,0.00,4.00,7.00,1370.00,0.00,1921.00,0.00,98136.00,47.56,-122.39,1450.00,6250.00
3274800460.00,20140520T000000,387000.00,2.00,2.25,1230.00,1280.00,2.00,0.00,0.00,3.00,8.00,960.00,270.00,2012.00,0.00,98144.00,47.59,-122.30,1130.00,1357.00
1939000010.00,20140619T000000,720000.00,4.00,2.50,2440.00,34290.00,2.00,0.00,0.00,3.00,9.00,2440.00,0.00,1987.00,0.00,98053.00,47.67,-122.04,2860.00,38119.00
4139490190.00,20140711T000000,1500000.00,4.00,3.50,4410.00,12426.00,2.00,0.00,2.00,3.00,12.00,3420.00,990.00,1996.00,0.00,98006.00,47.55,-122.11,4090.00,12127.00
6381500170.00,20140826T000000,235000.00,2.00,1.00,910.00,7617.00,1.00,0.00,0.00,3.00,6.00,910.00,0.00,1936.00,0.00,98125.00,47.73,-122.31,1310.00,6624.00
6381500170.00,20150116T000000,365000.00,2.00,1.00,910.00,7617.00,1.00,0.00,0.00,3.00,6.00,910.00,0.00,1936.00,0.00,98125.00,47.73,-122.31,1310.00,6624.00
1954420170.00,20140521T000000,368250.00,3.00,2.50,2150.00,7484.00,2.00,0.00,0.00,3.00,8.00,2150.00,0.00,1988.00,0.00,98074.00,47.62,-122.04,2150.00,6879.00
1954420170.00,20141113T000000,580000.00,3.00,2.50,2150.00,7484.00,2.00,0.00,0.00,3.00,8.00,2150.00,0.00,1988.00,0.00,98074.00,47.62,-122.04,2150.00,6879.00
623059016.00,20140717T000000,1100000.00,4.00,3.25,3190.00,11774.00,2.00,1.00,4.00,3.00,8.00,2610.00,580.00,1956.00,1991.00,98178.00,47.50,-122.23,2240.00,8725.00
6181400470.00,20150127T000000,215000.00,4.00,2.50,2130.00,4496.00,2.00,0.00,0.00,3.00,7.00,2130.00,0.00,2004.00,0.00,98001.00,47.30,-122.28,3220.00,5400.00
3904920980.00,20140909T000000,648000.00,4.00,2.50,2740.00,9959.00,2.00,0.00,0.00,3.00,9.00,2740.00,0.00,1989.00,0.00,98029.00,47.57,-122.01,2630.00,9905.00
7215730430.00,20140903T000000,705000.00,4.00,3.00,3150.00,9318.00,2.00,0.00,0.00,3.00,9.00,3150.00,0.00,2001.00,0.00,98075.00,47.60,-122.02,3150.00,9318.00
475000190.00,20150109T000000,465000.00,3.00,2.25,1450.00,1540.00,2.00,0.00,0.00,3.00,8.00,1180.00,270.00,2005.00,0.00,98107.00,47.67,-122.37,1450.00,1540.00
2877100235.00,20141222T000000,650000.00,5.00,2.00,2400.00,3500.00,1.50,0.00,0.00,3.00,8.00,1900.00,500.00,1911.00,0.00,98103.00,47.68,-122.36,1520.00,4000.00
7893202340.00,20140721T000000,335000.00,4.00,2.25,2280.00,7500.00,1.00,0.00,0.00,4.00,7.00,1140.00,1140.00,1963.00,0.00,98198.00,47.42,-122.33,1660.00,8000.00
9238430190.00,20150428T000000,640000.00,4.00,2.00,2310.00,31850.00,1.50,0.00,0.00,4.00,8.00,2310.00,0.00,1984.00,0.00,98072.00,47.77,-122.12,2710.00,36042.00
1939120050.00,20150303T000000,638250.00,4.00,2.50,2460.00,8029.00,2.00,0.00,0.00,3.00,9.00,2460.00,0.00,1989.00,0.00,98074.00,47.63,-122.03,2420.00,7987.00
9197800010.00,20141017T000000,1460000.00,4.00,3.50,4200.00,14353.00,2.00,0.00,2.00,3.00,12.00,3640.00,560.00,1996.00,0.00,98040.00,47.53,-122.22,3750.00,16316.00
5248800250.00,20150427T000000,375000.00,4.00,2.00,1620.00,4600.00,2.00,0.00,0.00,3.00,7.00,1620.00,0.00,1909.00,0.00,98108.00,47.55,-122.31,1620.00,4500.00
4457300630.00,20140716T000000,842000.00,4.00,1.75,2170.00,9525.00,1.00,0.00,0.00,3.00,8.00,2170.00,0.00,1960.00,0.00,98040.00,47.57,-122.22,1910.00,9525.00
2228900161.00,20141008T000000,499950.00,3.00,2.25,2880.00,7200.00,1.00,0.00,0.00,3.00,8.00,1710.00,1170.00,1970.00,0.00,98133.00,47.77,-122.35,1880.00,10200.00
6817850050.00,20150217T000000,810000.00,4.00,2.50,3280.00,25211.00,2.00,0.00,3.00,3.00,11.00,3280.00,0.00,1985.00,0.00,98074.00,47.64,-122.05,3280.00,25211.00
1775800280.00,20150226T000000,310000.00,5.00,2.00,2900.00,11970.00,2.00,0.00,0.00,4.00,7.00,2900.00,0.00,1969.00,0.00,98072.00,47.74,-122.10,1260.00,12398.00
263000050.00,20141031T000000,730000.00,3.00,2.50,2160.00,8809.00,1.00,0.00,0.00,3.00,9.00,1540.00,620.00,2014.00,0.00,98103.00,47.70,-122.35,930.00,5420.00
1870400470.00,20141113T000000,637800.00,4.00,1.75,2250.00,4750.00,1.50,0.00,0.00,4.00,7.00,1420.00,830.00,1924.00,0.00,98115.00,47.67,-122.29,1930.00,4750.00
7839300185.00,20150206T000000,225000.00,3.00,1.00,1340.00,4800.00,1.50,0.00,0.00,4.00,5.00,1340.00,0.00,1903.00,0.00,98055.00,47.48,-122.21,1240.00,4800.00
2426039130.00,20140610T000000,417500.00,4.00,1.00,1390.00,10800.00,1.50,0.00,0.00,4.00,7.00,1390.00,0.00,1941.00,0.00,98177.00,47.72,-122.36,1390.00,9360.00
2938200170.00,20150320T000000,265000.00,4.00,2.00,1600.00,10160.00,1.00,0.00,0.00,4.00,7.00,1600.00,0.00,1972.00,0.00,98022.00,47.20,-122.00,1540.00,9352.00
1954440050.00,20140725T000000,550000.00,4.00,2.50,2050.00,8683.00,2.00,0.00,0.00,3.00,8.00,2050.00,0.00,1987.00,0.00,98074.00,47.62,-122.04,2010.00,8744.00
2224079001.00,20150126T000000,625700.00,3.00,2.00,2570.00,159865.00,1.00,0.00,0.00,5.00,7.00,2570.00,0.00,1968.00,0.00,98024.00,47.55,-121.89,2010.00,38322.00
200520080.00,20140801T000000,595000.00,3.00,2.50,2660.00,10637.00,2.00,0.00,0.00,3.00,9.00,2660.00,0.00,1991.00,0.00,98011.00,47.74,-122.22,2590.00,8637.00
2195900010.00,20140714T000000,270000.00,3.00,1.50,1540.00,13475.00,1.00,0.00,0.00,4.00,7.00,1540.00,0.00,1972.00,0.00,98059.00,47.48,-122.15,1550.00,13475.00
5707500050.00,20140718T000000,739375.00,5.00,3.00,2640.00,3200.00,2.00,0.00,0.00,4.00,7.00,2140.00,500.00,1906.00,0.00,98112.00,47.62,-122.31,1540.00,2242.00
8929000130.00,20140708T000000,357562.00,2.00,1.75,1210.00,1032.00,2.00,0.00,0.00,3.00,8.00,1210.00,0.00,2014.00,0.00,98029.00,47.55,-122.00,1210.00,1090.00
2944000170.00,20140611T000000,1010000.00,4.00,2.50,3760.00,29224.00,2.00,0.00,0.00,3.00,11.00,3760.00,0.00,1987.00,0.00,98052.00,47.72,-122.13,3930.00,19916.00
8682262330.00,20140930T000000,455000.00,2.00,1.75,1350.00,4286.00,1.00,0.00,0.00,3.00,8.00,1350.00,0.00,2004.00,0.00,98053.00,47.72,-122.03,1440.00,4839.00
4167800130.00,20150501T000000,310000.00,5.00,2.25,2600.00,9600.00,1.00,0.00,2.00,4.00,8.00,1810.00,790.00,1969.00,0.00,98023.00,47.33,-122.37,2070.00,9660.00
1624079088.00,20140811T000000,415000.00,3.00,2.75,3900.00,111514.00,2.00,0.00,0.00,3.00,6.00,3460.00,440.00,1967.00,2008.00,98024.00,47.56,-121.92,2460.00,217800.00
7370600050.00,20140819T000000,452000.00,2.00,1.00,1340.00,8100.00,1.00,0.00,2.00,3.00,8.00,1340.00,0.00,1950.00,0.00,98177.00,47.72,-122.36,1680.00,7752.00
2025059134.00,20150113T000000,810000.00,3.00,2.00,1760.00,16928.00,1.00,0.00,0.00,3.00,7.00,1760.00,0.00,1953.00,0.00,98004.00,47.64,-122.20,3430.00,10059.00
7522500020.00,20140527T000000,730001.00,3.00,2.00,1840.00,4750.00,1.00,0.00,0.00,5.00,7.00,1010.00,830.00,1951.00,0.00,98117.00,47.69,-122.40,1760.00,5510.00
1125069134.00,20150430T000000,825000.00,3.00,2.25,2980.00,86636.00,1.00,0.00,0.00,3.00,9.00,2230.00,750.00,1989.00,0.00,98053.00,47.66,-122.00,2980.00,107157.00
8032700010.00,20140716T000000,665000.00,3.00,2.50,1730.00,3000.00,2.00,0.00,0.00,3.00,8.00,1730.00,0.00,1996.00,0.00,98103.00,47.65,-122.34,1730.00,1774.00
2473370050.00,20140604T000000,327500.00,4.00,1.75,1650.00,7800.00,1.00,0.00,0.00,3.00,8.00,1650.00,0.00,1968.00,0.00,98058.00,47.45,-122.14,1750.00,10400.00
3276930050.00,20140728T000000,699950.00,3.00,2.50,3370.00,36218.00,2.00,0.00,0.00,4.00,9.00,3370.00,0.00,1988.00,0.00,98075.00,47.59,-121.99,2980.00,31793.00
3211230080.00,20140728T000000,424000.00,3.00,2.50,2200.00,34680.00,2.00,0.00,0.00,3.00,9.00,2200.00,0.00,1985.00,0.00,98092.00,47.31,-122.12,2560.00,35840.00
7519000471.00,20140625T000000,657000.00,4.00,2.50,2180.00,3375.00,1.50,0.00,0.00,4.00,7.00,1420.00,760.00,1926.00,0.00,98117.00,47.68,-122.36,1560.00,3375.00
8563000130.00,20140717T000000,445000.00,3.00,1.75,1490.00,10844.00,1.00,0.00,0.00,3.00,7.00,1210.00,280.00,1974.00,0.00,98008.00,47.62,-122.11,2090.00,9944.00
2770604103.00,20140731T000000,450000.00,3.00,2.50,1530.00,762.00,2.00,0.00,0.00,3.00,8.00,1050.00,480.00,2007.00,0.00,98119.00,47.64,-122.37,1610.00,1482.00
3581000020.00,20140926T000000,350000.00,3.00,1.00,1180.00,7455.00,1.00,0.00,0.00,4.00,7.00,1180.00,0.00,1964.00,0.00,98034.00,47.73,-122.24,1450.00,8154.00
9432750190.00,20141112T000000,460000.00,4.00,2.50,2080.00,17532.00,2.00,0.00,0.00,3.00,9.00,2080.00,0.00,1996.00,0.00,98059.00,47.48,-122.14,2550.00,12560.00
1622059088.00,20140626T000000,385000.00,4.00,2.50,3200.00,22651.00,1.00,0.00,0.00,5.00,8.00,1610.00,1590.00,1970.00,0.00,98031.00,47.39,-122.18,2030.00,5500.00
5559900080.00,20141104T000000,272000.00,4.00,2.25,1880.00,6160.00,2.00,0.00,0.00,3.00,7.00,1880.00,0.00,1993.00,0.00,98023.00,47.32,-122.35,1580.00,6405.00
7202260780.00,20150120T000000,535000.00,3.00,2.50,2510.00,5544.00,2.00,0.00,0.00,3.00,7.00,2510.00,0.00,2001.00,0.00,98053.00,47.69,-122.04,2660.00,5614.00
8651410950.00,20150430T000000,216500.00,2.00,1.00,1060.00,5200.00,1.00,0.00,0.00,3.00,6.00,1060.00,0.00,1969.00,0.00,98042.00,47.37,-122.08,910.00,5200.00
7843500080.00,20150225T000000,325000.00,3.00,2.50,2130.00,12245.00,2.00,0.00,0.00,3.00,8.00,2130.00,0.00,1989.00,0.00,98042.00,47.34,-122.06,1910.00,12216.00
3205400290.00,20150406T000000,420200.00,3.00,1.75,1320.00,7280.00,1.00,0.00,0.00,3.00,7.00,1320.00,0.00,1968.00,0.00,98034.00,47.72,-122.18,1370.00,7800.00
7129300420.00,20141202T000000,258000.00,3.00,1.75,1040.00,5650.00,1.00,0.00,0.00,5.00,6.00,1040.00,0.00,1951.00,0.00,98178.00,47.51,-122.26,1290.00,5650.00
263000280.00,20141202T000000,450000.00,3.00,2.00,1150.00,4500.00,1.50,0.00,0.00,3.00,7.00,1150.00,0.00,1917.00,1991.00,98103.00,47.70,-122.35,1230.00,5400.00
2919200280.00,20141208T000000,720168.00,4.00,2.25,2120.00,3794.00,2.00,0.00,0.00,4.00,7.00,1420.00,700.00,1926.00,0.00,98117.00,47.69,-122.36,1420.00,3840.00
2769602880.00,20141002T000000,652000.00,3.00,2.00,2130.00,5000.00,1.50,0.00,0.00,5.00,7.00,1330.00,800.00,1925.00,0.00,98107.00,47.67,-122.36,2010.00,5000.00
8078440050.00,20140730T000000,569500.00,4.00,2.50,2340.00,8248.00,2.00,0.00,0.00,3.00,8.00,2340.00,0.00,1989.00,0.00,98074.00,47.63,-122.03,2140.00,9963.00
1922069071.00,20150424T000000,411000.00,4.00,1.75,2250.00,292288.00,1.00,0.00,0.00,4.00,7.00,2250.00,0.00,1963.00,0.00,98042.00,47.38,-122.09,1550.00,23798.00
7518502945.00,20140519T000000,524950.00,3.00,1.75,1890.00,3825.00,1.00,0.00,0.00,3.00,7.00,1290.00,600.00,1974.00,0.00,98117.00,47.68,-122.38,1320.00,3825.00
7568700480.00,20150323T000000,153000.00,2.00,1.00,1140.00,10152.00,1.00,0.00,0.00,3.00,6.00,760.00,380.00,1942.00,0.00,98155.00,47.74,-122.32,1340.00,10141.00
9577800005.00,20141022T000000,775000.00,3.00,2.50,2780.00,5467.00,2.00,0.00,2.00,3.00,9.00,2780.00,0.00,2000.00,0.00,98126.00,47.58,-122.38,2630.00,5000.00
7436050170.00,20150112T000000,338500.00,4.00,2.50,2390.00,6111.00,2.00,0.00,0.00,3.00,8.00,2390.00,0.00,1997.00,0.00,98030.00,47.37,-122.17,2520.00,6500.00
7200001259.00,20150501T000000,570000.00,3.00,1.75,2390.00,9000.00,1.00,0.00,0.00,3.00,8.00,1500.00,890.00,1975.00,0.00,98052.00,47.68,-122.11,2040.00,9000.00
4127000095.00,20141029T000000,653000.00,3.00,2.00,2680.00,8429.00,1.00,0.00,0.00,4.00,9.00,1880.00,800.00,1950.00,1991.00,98038.00,47.37,-122.04,1570.00,8640.00
1934800086.00,20141120T000000,435000.00,2.00,2.50,1560.00,1222.00,2.00,0.00,0.00,3.00,8.00,1080.00,480.00,2008.00,0.00,98122.00,47.60,-122.31,1560.00,2081.00
3361401025.00,20141126T000000,207000.00,2.00,1.00,1130.00,8160.00,1.00,0.00,0.00,4.00,6.00,1130.00,0.00,1952.00,0.00,98168.00,47.50,-122.32,1060.00,6120.00
7430500415.00,20140725T000000,540000.00,2.00,1.00,1120.00,7500.00,1.00,0.00,2.00,4.00,7.00,1120.00,0.00,1971.00,0.00,98008.00,47.62,-122.10,3040.00,16940.00
1622049182.00,20140625T000000,386000.00,4.00,2.25,2050.00,9583.00,2.00,0.00,2.00,3.00,8.00,1770.00,280.00,1965.00,0.00,98198.00,47.40,-122.31,2230.00,9730.00
7749500250.00,20140827T000000,265000.00,5.00,2.25,2600.00,8075.00,1.50,0.00,0.00,4.00,8.00,2600.00,0.00,1969.00,0.00,98092.00,47.30,-122.19,2200.00,8800.00
1773101159.00,20150107T000000,250000.00,3.00,2.25,1050.00,572.00,2.00,0.00,0.00,3.00,7.00,740.00,310.00,2006.00,0.00,98106.00,47.55,-122.36,1260.00,1062.00
9829200250.00,20150105T000000,1697000.00,3.00,2.00,2600.00,6600.00,2.00,0.00,4.00,3.00,10.00,1930.00,670.00,1970.00,2014.00,98122.00,47.61,-122.29,2670.00,6270.00
3303860130.00,20141203T000000,455000.00,4.00,2.50,2811.00,7251.00,2.00,0.00,0.00,3.00,9.00,2811.00,0.00,2009.00,0.00,98038.00,47.37,-122.06,3040.00,7250.00
9359100500.00,20140527T000000,1795000.00,4.00,3.25,4060.00,13000.00,2.00,0.00,3.00,3.00,11.00,4060.00,0.00,2000.00,0.00,98040.00,47.58,-122.25,3220.00,13800.00
1250203860.00,20141030T000000,759000.00,3.00,2.00,2260.00,7200.00,1.00,0.00,3.00,3.00,7.00,1130.00,1130.00,1941.00,0.00,98144.00,47.59,-122.29,2260.00,6000.00
2386000170.00,20150326T000000,970000.00,4.00,2.75,4430.00,74358.00,2.00,0.00,0.00,3.00,10.00,4430.00,0.00,1990.00,0.00,98053.00,47.64,-121.99,3820.00,80875.00
5702500050.00,20141104T000000,280000.00,1.00,0.00,600.00,24501.00,1.00,0.00,0.00,2.00,3.00,600.00,0.00,1950.00,0.00,98045.00,47.53,-121.75,990.00,22549.00
2600000050.00,20140827T000000,690000.00,3.00,2.25,2430.00,8327.00,1.00,0.00,0.00,4.00,9.00,1430.00,1000.00,1978.00,0.00,98006.00,47.55,-122.16,2550.00,10427.00
7856640170.00,20140708T000000,789900.00,3.00,2.50,3420.00,25150.00,1.00,0.00,0.00,4.00,10.00,1750.00,1670.00,1987.00,0.00,98006.00,47.57,-122.15,2900.00,19604.00
5540800130.00,20150318T000000,447500.00,2.00,1.00,1180.00,5100.00,1.50,0.00,0.00,3.00,7.00,1180.00,0.00,1926.00,0.00,98103.00,47.69,-122.35,980.00,5100.00
7955060010.00,20140613T000000,440000.00,4.00,2.25,2010.00,7575.00,1.00,0.00,0.00,3.00,7.00,1220.00,790.00,1974.00,0.00,98034.00,47.73,-122.20,1820.00,7831.00
7760400470.00,20150414T000000,278000.00,3.00,2.00,1230.00,7789.00,1.00,0.00,0.00,3.00,7.00,1230.00,0.00,1994.00,0.00,98042.00,47.37,-122.07,1470.00,8670.00
9551202130.00,20140714T000000,980000.00,5.00,2.50,2750.00,6000.00,1.50,0.00,0.00,3.00,8.00,1750.00,1000.00,1904.00,1994.00,98103.00,47.67,-122.33,1520.00,4158.00
4345000050.00,20140630T000000,245000.00,3.00,2.75,1300.00,14197.00,1.00,0.00,0.00,3.00,7.00,860.00,440.00,1996.00,0.00,98030.00,47.37,-122.18,1550.00,7596.00
7334501440.00,20141021T000000,287000.00,3.00,1.50,1150.00,11475.00,1.00,0.00,0.00,3.00,7.00,1150.00,0.00,1971.00,0.00,98045.00,47.46,-121.74,1640.00,11475.00
1523069215.00,20140603T000000,435000.00,3.00,1.75,2220.00,132858.00,1.00,0.00,0.00,3.00,7.00,1110.00,1110.00,1988.00,0.00,98027.00,47.49,-122.03,2130.00,77536.00
5525400430.00,20140715T000000,585000.00,3.00,2.50,2050.00,11690.00,2.00,0.00,0.00,4.00,9.00,2050.00,0.00,1989.00,0.00,98059.00,47.53,-122.16,2410.00,10172.00
871001611.00,20140701T000000,616000.00,4.00,1.75,1700.00,5846.00,1.00,0.00,0.00,3.00,8.00,1700.00,0.00,1957.00,0.00,98199.00,47.65,-122.41,1480.00,5177.00
1685200190.00,20150115T000000,203000.00,3.00,1.75,1610.00,9000.00,1.00,0.00,0.00,4.00,7.00,1100.00,510.00,1978.00,0.00,98092.00,47.32,-122.18,1610.00,8000.00
1982200675.00,20150506T000000,860000.00,4.00,2.75,2720.00,3840.00,2.00,0.00,0.00,3.00,8.00,1790.00,930.00,1920.00,2009.00,98107.00,47.66,-122.36,1360.00,3880.00
1201500010.00,20150330T000000,833000.00,4.00,2.50,2190.00,12690.00,1.00,0.00,2.00,3.00,8.00,1170.00,1020.00,1973.00,0.00,98033.00,47.66,-122.19,2630.00,10843.00
1822360080.00,20141211T000000,565000.00,4.00,2.75,2730.00,6856.00,2.00,0.00,0.00,3.00,8.00,2730.00,0.00,2003.00,0.00,98072.00,47.77,-122.16,2520.00,5569.00
4113800500.00,20150212T000000,572500.00,3.00,2.50,2490.00,7589.00,2.00,0.00,0.00,3.00,9.00,2490.00,0.00,1991.00,0.00,98056.00,47.54,-122.18,2500.00,10386.00
4299700095.00,20140516T000000,254000.00,4.00,2.00,1510.00,4235.00,1.00,0.00,0.00,3.00,7.00,1510.00,0.00,1955.00,0.00,98108.00,47.55,-122.29,1510.00,4268.00
3585900500.00,20150402T000000,1525000.00,4.00,4.25,4720.00,21000.00,3.00,0.00,4.00,5.00,11.00,4720.00,0.00,1971.00,0.00,98177.00,47.76,-122.38,3010.00,20000.00
326069026.00,20150121T000000,900000.00,4.00,3.00,3810.00,217800.00,2.00,0.00,0.00,3.00,9.00,3810.00,0.00,2003.00,0.00,98077.00,47.77,-122.02,2580.00,217364.00
4070700290.00,20150226T000000,899000.00,3.00,2.50,1950.00,3730.00,2.00,0.00,0.00,3.00,9.00,1950.00,0.00,1996.00,0.00,98033.00,47.67,-122.20,2080.00,4000.00
7625703800.00,20150424T000000,560000.00,3.00,2.00,1300.00,6000.00,1.00,0.00,0.00,5.00,7.00,1300.00,0.00,1943.00,0.00,98136.00,47.55,-122.39,1230.00,6000.00
643400130.00,20150304T000000,512500.00,3.00,1.75,1610.00,7200.00,1.00,0.00,0.00,3.00,7.00,1180.00,430.00,1976.00,0.00,98007.00,47.60,-122.14,1520.00,7973.00
2877103070.00,20150223T000000,775000.00,4.00,2.50,2040.00,5000.00,1.50,0.00,0.00,5.00,7.00,1180.00,860.00,1924.00,0.00,98117.00,47.68,-122.36,1540.00,5000.00
421000185.00,20140611T000000,200000.00,2.00,1.00,700.00,4700.00,1.00,0.00,0.00,5.00,5.00,700.00,0.00,1953.00,0.00,98056.00,47.50,-122.17,960.00,5200.00
2113700825.00,20140731T000000,172000.00,3.00,1.00,970.00,4700.00,1.00,0.00,0.00,4.00,6.00,720.00,250.00,1943.00,0.00,98106.00,47.53,-122.35,1560.00,4600.00
623049093.00,20140522T000000,219900.00,3.00,1.00,910.00,6000.00,1.00,0.00,0.00,2.00,6.00,910.00,0.00,1956.00,0.00,98146.00,47.51,-122.34,1090.00,6957.00
4348800080.00,20140711T000000,641200.00,3.00,1.00,1060.00,9123.00,1.00,0.00,0.00,3.00,7.00,1060.00,0.00,1952.00,0.00,98004.00,47.62,-122.19,1620.00,9121.00
3762900010.00,20140715T000000,473000.00,5.00,3.25,2180.00,7200.00,2.00,0.00,0.00,4.00,7.00,2180.00,0.00,1982.00,0.00,98034.00,47.71,-122.23,1840.00,7644.00
3578401700.00,20140701T000000,540000.00,3.00,1.75,2050.00,9580.00,1.00,0.00,0.00,3.00,8.00,1400.00,650.00,1984.00,0.00,98074.00,47.62,-122.04,1740.00,11952.00
1211000280.00,20150504T000000,295000.00,2.00,1.00,750.00,4500.00,1.00,0.00,0.00,3.00,6.00,750.00,0.00,1945.00,0.00,98122.00,47.61,-122.30,1540.00,4000.00
1324300091.00,20140528T000000,370000.00,3.00,1.00,800.00,2296.00,1.00,0.00,0.00,4.00,6.00,800.00,0.00,1908.00,0.00,98103.00,47.65,-122.36,1480.00,1472.00
4141800285.00,20140714T000000,1727000.00,4.00,2.25,3470.00,8000.00,1.50,0.00,1.00,3.00,9.00,2360.00,1110.00,1906.00,2002.00,98122.00,47.61,-122.29,3010.00,8000.00
1524079088.00,20140509T000000,275000.00,3.00,1.50,1390.00,48257.00,1.00,0.00,0.00,3.00,6.00,1390.00,0.00,1922.00,2013.00,98024.00,47.56,-121.89,1440.00,45302.00
9320900420.00,20141014T000000,89000.00,3.00,1.00,900.00,4750.00,1.00,0.00,0.00,4.00,6.00,900.00,0.00,1969.00,0.00,98023.00,47.30,-122.36,900.00,3404.00
7349800780.00,20140805T000000,175000.00,2.00,1.75,1050.00,9800.00,1.50,0.00,0.00,4.00,6.00,1050.00,0.00,1975.00,0.00,98019.00,47.76,-121.47,1230.00,12726.00
1196002948.00,20150218T000000,490000.00,3.00,2.50,2410.00,11900.00,1.00,0.00,2.00,4.00,9.00,1600.00,810.00,1989.00,0.00,98023.00,47.34,-122.34,3090.00,11902.00
5631500213.00,20140515T000000,342400.00,3.00,2.25,1180.00,9630.00,2.00,0.00,0.00,3.00,7.00,1180.00,0.00,1986.00,0.00,98028.00,47.74,-122.23,2660.00,5979.00
3416601045.00,20140623T000000,345000.00,3.00,1.00,1140.00,4200.00,2.00,0.00,0.00,4.00,7.00,1140.00,0.00,1904.00,0.00,98144.00,47.60,-122.30,1510.00,4000.00
9828701650.00,20141125T000000,399000.00,2.00,1.00,700.00,3400.00,1.00,0.00,0.00,3.00,6.00,700.00,0.00,1946.00,0.00,98112.00,47.62,-122.30,1570.00,4512.00
6071300500.00,20140815T000000,550000.00,4.00,2.50,2060.00,9719.00,1.00,0.00,0.00,4.00,8.00,1320.00,740.00,1960.00,0.00,98006.00,47.55,-122.18,2050.00,9643.00
6072760670.00,20141203T000000,652450.00,3.00,2.25,2230.00,11835.00,1.00,0.00,0.00,5.00,8.00,1630.00,600.00,1974.00,0.00,98006.00,47.56,-122.18,2190.00,10384.00
9141100255.00,20150429T000000,438000.00,2.00,2.25,1950.00,29347.00,1.00,0.00,0.00,3.00,8.00,1350.00,600.00,1953.00,0.00,98133.00,47.74,-122.35,2125.00,7751.00
2824600290.00,20150403T000000,605000.00,3.00,1.75,2100.00,5058.00,1.00,0.00,2.00,3.00,7.00,1340.00,760.00,1941.00,0.00,98126.00,47.57,-122.38,1640.00,5000.00
2787720170.00,20140929T000000,395000.00,4.00,2.50,2130.00,11733.00,1.00,0.00,0.00,5.00,7.00,1330.00,800.00,1969.00,0.00,98059.00,47.51,-122.16,1800.00,9131.00
9826701735.00,20141112T000000,449950.00,3.00,2.00,1880.00,3048.00,2.00,0.00,0.00,4.00,7.00,1880.00,0.00,1902.00,0.00,98122.00,47.60,-122.30,1680.00,3600.00
1703050420.00,20150330T000000,651100.00,4.00,2.50,2310.00,5526.00,2.00,0.00,0.00,3.00,9.00,2310.00,0.00,2003.00,0.00,98074.00,47.63,-122.02,2500.00,5769.00
4060000440.00,20150204T000000,241000.00,3.00,1.00,880.00,6050.00,1.00,0.00,0.00,3.00,6.00,880.00,0.00,1945.00,0.00,98178.00,47.50,-122.25,1130.00,6050.00
2525049148.00,20141007T000000,3418800.00,5.00,5.00,5450.00,20412.00,2.00,0.00,0.00,3.00,11.00,5450.00,0.00,2014.00,0.00,98039.00,47.62,-122.24,3160.00,17825.00
8857310010.00,20141219T000000,268500.00,2.00,1.50,1290.00,1749.00,1.00,0.00,0.00,3.00,8.00,660.00,630.00,1969.00,0.00,98008.00,47.61,-122.12,1860.00,1749.00
1823049178.00,20150123T000000,200000.00,2.00,1.00,1010.00,7200.00,1.00,0.00,0.00,3.00,6.00,1010.00,0.00,1956.00,0.00,98166.00,47.48,-122.34,1290.00,9000.00
4364200250.00,20141201T000000,400375.00,4.00,1.75,1690.00,7680.00,1.00,0.00,0.00,5.00,6.00,890.00,800.00,1946.00,0.00,98126.00,47.53,-122.38,1060.00,7680.00
8682260480.00,20140528T000000,429000.00,2.00,1.75,1350.00,6315.00,1.00,0.00,0.00,3.00,8.00,1350.00,0.00,2005.00,0.00,98053.00,47.71,-122.03,1665.00,5390.00
1250200345.00,20141024T000000,230000.00,3.00,1.00,680.00,2400.00,1.00,0.00,0.00,4.00,6.00,680.00,0.00,1903.00,0.00,98144.00,47.60,-122.30,1470.00,3600.00
9808590460.00,20150218T000000,1200000.00,4.00,2.25,2860.00,10702.00,2.00,0.00,0.00,3.00,10.00,2860.00,0.00,1982.00,0.00,98004.00,47.65,-122.19,2890.00,10572.00
7818700480.00,20150409T000000,314200.00,1.00,1.00,610.00,6000.00,1.00,0.00,0.00,4.00,5.00,610.00,0.00,1918.00,0.00,98117.00,47.69,-122.37,970.00,5000.00
2792000010.00,20150423T000000,513000.00,4.00,2.50,2660.00,8887.00,1.00,0.00,0.00,4.00,8.00,1880.00,780.00,1967.00,0.00,98166.00,47.44,-122.34,1910.00,9620.00
1705400244.00,20150402T000000,535000.00,2.00,1.00,1390.00,5346.00,1.00,0.00,0.00,5.00,7.00,960.00,430.00,1908.00,0.00,98118.00,47.56,-122.28,1450.00,5040.00
9358002375.00,20150305T000000,420000.00,6.00,3.00,2290.00,6344.00,2.00,0.00,0.00,3.00,7.00,2290.00,0.00,1980.00,0.00,98126.00,47.57,-122.37,1360.00,3202.00
8944320470.00,20140623T000000,345950.00,3.00,2.50,2110.00,4118.00,2.00,0.00,0.00,3.00,8.00,2110.00,0.00,1989.00,0.00,98042.00,47.39,-122.15,2110.00,4044.00
6372000101.00,20140820T000000,483500.00,3.00,2.00,1200.00,2016.00,1.00,0.00,1.00,4.00,7.00,600.00,600.00,1931.00,0.00,98116.00,47.58,-122.40,1730.00,4520.00
2877100655.00,20141208T000000,695000.00,4.00,2.25,2360.00,2500.00,2.00,0.00,3.00,3.00,8.00,1520.00,840.00,2001.00,0.00,98117.00,47.68,-122.36,1810.00,3900.00
9378500050.00,20141006T000000,295000.00,4.00,2.50,2350.00,8906.00,2.00,0.00,0.00,3.00,7.00,2350.00,0.00,1993.00,0.00,98031.00,47.42,-122.22,2000.00,8165.00
3790600080.00,20150408T000000,434975.00,3.00,2.25,1590.00,9960.00,1.00,0.00,0.00,3.00,7.00,1060.00,530.00,1976.00,0.00,98155.00,47.77,-122.29,1860.00,9760.00
8944360080.00,20140708T000000,513000.00,3.00,2.50,1810.00,4592.00,2.00,0.00,0.00,3.00,8.00,1810.00,0.00,1992.00,0.00,98029.00,47.58,-122.00,1810.00,4758.00
7979900225.00,20150323T000000,360000.00,3.00,1.75,1900.00,11407.00,1.00,0.00,0.00,3.00,8.00,1900.00,0.00,1963.00,0.00,98155.00,47.75,-122.29,1710.00,11407.00
3163600130.00,20150317T000000,234900.00,3.00,1.00,1250.00,8000.00,1.00,0.00,0.00,3.00,7.00,1250.00,0.00,1956.00,0.00,98146.00,47.51,-122.34,1040.00,6973.00
4139380050.00,20140616T000000,963000.00,4.00,3.50,3280.00,6603.00,2.00,0.00,0.00,3.00,10.00,3280.00,0.00,2007.00,0.00,98027.00,47.56,-122.13,3280.00,7333.00
2749600095.00,20140819T000000,595000.00,2.00,1.50,870.00,4800.00,1.00,0.00,0.00,3.00,7.00,870.00,0.00,1924.00,0.00,98119.00,47.65,-122.37,2090.00,4800.00
7852160250.00,20141024T000000,942500.00,4.00,3.25,3570.00,14408.00,2.00,0.00,2.00,3.00,10.00,3570.00,0.00,2006.00,0.00,98065.00,47.54,-121.86,4100.00,14577.00
3303980500.00,20140905T000000,1029000.00,4.00,3.25,3780.00,11200.00,2.00,0.00,0.00,3.00,11.00,3780.00,0.00,2002.00,0.00,98059.00,47.52,-122.15,3720.00,11813.00
1250200605.00,20150325T000000,350000.00,3.00,1.00,1190.00,3600.00,1.50,0.00,0.00,3.00,6.00,1190.00,0.00,1904.00,0.00,98144.00,47.60,-122.30,1680.00,3600.00
8887001640.00,20141106T000000,416500.00,4.00,2.00,2280.00,39848.00,2.00,0.00,0.00,4.00,8.00,2280.00,0.00,1991.00,0.00,98070.00,47.50,-122.47,1900.00,38472.00
2122059127.00,20140916T000000,209900.00,3.00,1.00,1030.00,60720.00,1.50,0.00,0.00,3.00,5.00,1030.00,0.00,1912.00,0.00,98042.00,47.38,-122.17,1330.00,10342.00
5700001045.00,20140622T000000,802000.00,3.00,1.75,2870.00,5000.00,1.50,0.00,0.00,4.00,8.00,1840.00,1030.00,1907.00,0.00,98144.00,47.58,-122.29,2200.00,5000.00
7331900290.00,20140731T000000,230000.00,4.00,1.50,1520.00,8800.00,1.00,0.00,0.00,4.00,7.00,1520.00,0.00,1960.00,0.00,98002.00,47.31,-122.21,1370.00,8800.00
7844200415.00,20140702T000000,489000.00,3.00,3.00,3700.00,10375.00,2.00,0.00,0.00,3.00,9.00,3700.00,0.00,1982.00,0.00,98188.00,47.43,-122.29,2130.00,9132.00
4055700345.00,20140714T000000,497000.00,3.00,1.50,2240.00,28750.00,1.00,0.00,0.00,3.00,8.00,1620.00,620.00,1956.00,0.00,98034.00,47.71,-122.25,3200.00,23873.00
2923049421.00,20140702T000000,250000.00,3.00,2.25,1920.00,7738.00,1.00,0.00,0.00,3.00,8.00,1520.00,400.00,1965.00,0.00,98148.00,47.46,-122.33,2170.00,8452.00
1860600840.00,20140815T000000,925000.00,3.00,3.00,2560.00,3600.00,2.00,0.00,0.00,3.00,10.00,2110.00,450.00,1994.00,0.00,98119.00,47.63,-122.37,2160.00,3600.00
5095400460.00,20140723T000000,390000.00,4.00,2.50,1840.00,15496.00,2.00,0.00,0.00,3.00,8.00,1840.00,0.00,1991.00,0.00,98059.00,47.47,-122.07,1840.00,15040.00
3819750170.00,20150310T000000,415000.00,3.00,2.75,2080.00,9600.00,1.00,0.00,0.00,3.00,7.00,2080.00,0.00,1988.00,0.00,98028.00,47.77,-122.24,2220.00,9600.00
5021900779.00,20150404T000000,785000.00,3.00,2.00,1600.00,9638.00,1.00,0.00,0.00,5.00,7.00,1600.00,0.00,1952.00,0.00,98040.00,47.58,-122.22,1800.00,11400.00
4206901155.00,20140924T000000,575000.00,3.00,2.00,2168.00,4000.00,1.50,0.00,0.00,3.00,8.00,2168.00,0.00,1907.00,0.00,98105.00,47.66,-122.33,1770.00,4000.00
6303400290.00,20150126T000000,170000.00,2.00,1.00,860.00,8636.00,1.00,0.00,0.00,3.00,6.00,860.00,0.00,1924.00,0.00,98146.00,47.51,-122.36,1100.00,8636.00
7871500440.00,20141014T000000,750000.00,4.00,1.75,2100.00,3400.00,1.00,0.00,0.00,5.00,7.00,1100.00,1000.00,1915.00,0.00,98119.00,47.64,-122.37,1890.00,3771.00
6085000130.00,20150321T000000,230000.00,3.00,1.00,1140.00,9639.00,1.00,0.00,0.00,4.00,7.00,1140.00,0.00,1967.00,0.00,98001.00,47.31,-122.27,1140.00,9639.00
1896700080.00,20150105T000000,855000.00,4.00,3.00,3090.00,35074.00,2.00,0.00,0.00,3.00,9.00,3090.00,0.00,1978.00,0.00,98005.00,47.64,-122.16,3120.00,35150.00
6197800101.00,20140805T000000,235000.00,3.00,1.00,1330.00,45738.00,2.00,0.00,0.00,2.00,6.00,1330.00,0.00,1967.00,0.00,98058.00,47.44,-122.19,1490.00,24000.00
7802900380.00,20140908T000000,335000.00,2.00,1.00,1360.00,69260.00,1.00,0.00,0.00,4.00,5.00,1360.00,0.00,1937.00,0.00,98065.00,47.52,-121.84,1460.00,69260.00
3024059126.00,20140703T000000,1195000.00,5.00,3.00,3420.00,18129.00,2.00,0.00,0.00,3.00,9.00,2540.00,880.00,1952.00,2005.00,98040.00,47.53,-122.22,3750.00,16316.00
7128300630.00,20150330T000000,677000.00,4.00,2.00,2180.00,6000.00,1.50,0.00,0.00,3.00,8.00,2060.00,120.00,1927.00,0.00,98144.00,47.60,-122.31,1370.00,4500.00
7626200305.00,20141022T000000,575000.00,3.00,2.00,1800.00,5000.00,2.00,0.00,0.00,5.00,7.00,1600.00,200.00,1925.00,0.00,98136.00,47.54,-122.39,1640.00,5000.00
7950300670.00,20150218T000000,450000.00,2.00,1.00,1120.00,4590.00,1.00,0.00,0.00,3.00,7.00,1120.00,0.00,1924.00,0.00,98118.00,47.57,-122.29,1120.00,5100.00
1233100321.00,20150327T000000,817250.00,3.00,2.50,2980.00,7202.00,2.00,0.00,0.00,3.00,8.00,2980.00,0.00,1999.00,0.00,98033.00,47.68,-122.18,2430.00,7280.00
9238500190.00,20141202T000000,440000.00,4.00,2.25,2600.00,28600.00,1.00,0.00,0.00,3.00,8.00,1810.00,790.00,1968.00,0.00,98072.00,47.78,-122.14,2580.00,26950.00
1972201856.00,20140507T000000,526000.00,2.00,2.00,1550.00,2400.00,1.50,0.00,0.00,4.00,7.00,1550.00,0.00,1900.00,0.00,98103.00,47.65,-122.35,1180.00,1224.00
624110920.00,20140725T000000,762500.00,3.00,2.25,3330.00,15258.00,2.00,0.00,0.00,3.00,10.00,3330.00,0.00,1986.00,0.00,98077.00,47.73,-122.06,3360.00,14850.00
5003600080.00,20150414T000000,325000.00,4.00,2.50,2200.00,7719.00,2.00,0.00,0.00,3.00,8.00,2200.00,0.00,2000.00,0.00,98030.00,47.36,-122.19,2460.00,7348.00
853600020.00,20140710T000000,840000.00,4.00,3.50,3840.00,85728.00,2.00,0.00,0.00,3.00,11.00,3840.00,0.00,1998.00,0.00,98014.00,47.62,-121.95,2430.00,42643.00
7625704317.00,20150503T000000,377500.00,2.00,1.00,840.00,4500.00,1.00,0.00,0.00,3.00,6.00,840.00,0.00,1939.00,0.00,98136.00,47.54,-122.39,1300.00,5000.00
2946000912.00,20140923T000000,212500.00,3.00,1.50,1270.00,7128.00,1.00,0.00,0.00,4.00,6.00,1270.00,0.00,1954.00,0.00,98198.00,47.42,-122.32,1270.00,7986.00
4188000670.00,20140515T000000,749400.00,4.00,2.50,3240.00,20301.00,2.00,0.00,0.00,3.00,10.00,3240.00,0.00,1985.00,0.00,98052.00,47.72,-122.11,3010.00,23650.00
5215200010.00,20140626T000000,663000.00,3.00,2.50,2480.00,37843.00,1.50,1.00,3.00,4.00,8.00,2480.00,0.00,1974.00,0.00,98070.00,47.40,-122.42,2350.00,42122.00
2911700020.00,20140721T000000,1476000.00,3.00,2.25,4470.00,22518.00,2.00,0.00,2.00,3.00,9.00,3240.00,1230.00,1953.00,2004.00,98006.00,47.57,-122.18,2930.00,21837.00
185000161.00,20141015T000000,261000.00,3.00,1.00,1780.00,7800.00,1.00,0.00,0.00,3.00,7.00,1060.00,720.00,1957.00,0.00,98178.00,47.49,-122.26,1450.00,7800.00
2140700190.00,20150410T000000,515000.00,4.00,2.50,1850.00,9248.00,2.00,0.00,0.00,3.00,8.00,1850.00,0.00,1997.00,0.00,98028.00,47.74,-122.24,2080.00,8711.00
9406600050.00,20140512T000000,410000.00,3.00,2.25,2200.00,16921.00,2.00,0.00,0.00,3.00,8.00,2200.00,0.00,1987.00,0.00,98038.00,47.37,-122.05,2060.00,16921.00
2473000470.00,20140708T000000,336000.00,3.00,2.25,2760.00,10160.00,1.00,0.00,0.00,3.00,8.00,2760.00,0.00,1969.00,0.00,98058.00,47.45,-122.15,2760.00,9600.00
5100403952.00,20150225T000000,440000.00,2.00,1.00,1090.00,4128.00,1.00,0.00,0.00,3.00,7.00,1090.00,0.00,1948.00,0.00,98115.00,47.70,-122.31,1090.00,5413.00
2024059127.00,20150109T000000,908950.00,4.00,2.75,3090.00,6200.00,2.00,0.00,0.00,3.00,9.00,3090.00,0.00,2014.00,0.00,98006.00,47.55,-122.19,2890.00,10108.00
1483300430.00,20141125T000000,554000.00,2.00,1.00,820.00,3700.00,1.00,0.00,0.00,5.00,7.00,820.00,0.00,1968.00,0.00,98040.00,47.59,-122.25,1750.00,9000.00
291300170.00,20140509T000000,387000.00,3.00,2.25,1445.00,1606.00,2.00,0.00,0.00,3.00,7.00,1300.00,145.00,2003.00,0.00,98027.00,47.53,-122.07,1410.00,1286.00
9117000170.00,20150505T000000,268643.00,4.00,2.25,1810.00,9240.00,2.00,0.00,0.00,3.00,7.00,1810.00,0.00,1961.00,0.00,98055.00,47.44,-122.19,1660.00,9240.00
461004095.00,20140721T000000,514000.00,3.00,1.75,1620.00,5000.00,1.00,0.00,0.00,3.00,7.00,920.00,700.00,1954.00,0.00,98117.00,47.68,-122.37,1610.00,5000.00
9547201850.00,20140723T000000,420000.00,2.00,1.75,1060.00,4182.00,2.00,0.00,0.00,3.00,7.00,1060.00,0.00,1977.00,0.00,98115.00,47.68,-122.31,1760.00,4590.00
7942100290.00,20140910T000000,199000.00,3.00,1.75,1050.00,9871.00,1.00,0.00,0.00,5.00,7.00,1050.00,0.00,1968.00,0.00,98042.00,47.38,-122.09,1300.00,10794.00
4336000050.00,20150317T000000,225000.00,3.00,1.00,1010.00,15701.00,1.00,0.00,0.00,4.00,7.00,1010.00,0.00,1949.00,0.00,98188.00,47.45,-122.29,1260.00,9800.00
2571910420.00,20140819T000000,320000.00,4.00,2.50,2050.00,8424.00,2.00,0.00,0.00,4.00,8.00,2050.00,0.00,1993.00,0.00,98022.00,47.20,-122.01,1970.00,8448.00
8802400896.00,20141023T000000,204995.00,2.00,1.00,970.00,8185.00,1.00,0.00,0.00,5.00,6.00,970.00,0.00,1904.00,0.00,98031.00,47.40,-122.20,1500.00,12541.00
3630010020.00,20141229T000000,376000.00,3.00,2.00,1540.00,1827.00,2.00,0.00,0.00,3.00,8.00,1540.00,0.00,2005.00,0.00,98029.00,47.55,-122.00,1560.00,2058.00
6793300010.00,20141215T000000,705000.00,4.00,2.75,3000.00,6222.00,2.00,0.00,0.00,3.00,9.00,3000.00,0.00,2004.00,0.00,98029.00,47.56,-122.03,3340.00,7222.00
7852020250.00,20140602T000000,725995.00,4.00,2.50,3190.00,7869.00,2.00,0.00,2.00,3.00,9.00,3190.00,0.00,2001.00,0.00,98065.00,47.53,-121.87,2630.00,6739.00
2473400290.00,20150126T000000,285000.00,4.00,2.50,1870.00,8190.00,1.00,0.00,0.00,3.00,7.00,1100.00,770.00,1977.00,0.00,98058.00,47.45,-122.16,1590.00,9150.00
3328500250.00,20140502T000000,285000.00,4.00,2.50,2200.00,9397.00,2.00,0.00,0.00,3.00,8.00,2200.00,0.00,1987.00,0.00,98001.00,47.34,-122.27,2310.00,9176.00
629420080.00,20140820T000000,731000.00,4.00,2.50,3070.00,5936.00,2.00,0.00,0.00,3.00,9.00,3070.00,0.00,2005.00,0.00,98075.00,47.59,-121.99,3160.00,5936.00
2524049215.00,20150501T000000,1564350.00,4.00,3.75,3730.00,17000.00,2.00,0.00,3.00,4.00,10.00,2820.00,910.00,1986.00,0.00,98040.00,47.54,-122.24,3880.00,15550.00
8663310050.00,20141006T000000,510000.00,4.00,2.50,2440.00,10423.00,1.00,0.00,0.00,3.00,7.00,2440.00,0.00,1955.00,1993.00,98034.00,47.73,-122.17,1990.00,7758.00
4083304835.00,20141023T000000,620000.00,2.00,1.00,990.00,4332.00,1.00,0.00,0.00,3.00,7.00,990.00,0.00,1909.00,0.00,98103.00,47.65,-122.33,1920.00,3420.00
8155800050.00,20150422T000000,1110000.00,3.00,4.00,4160.00,31796.00,2.00,0.00,0.00,3.00,11.00,4160.00,0.00,1989.00,0.00,98053.00,47.66,-122.02,4300.00,36192.00
4403200255.00,20140722T000000,796000.00,4.00,3.50,3670.00,4960.00,2.00,0.00,0.00,3.00,9.00,2870.00,800.00,2005.00,0.00,98177.00,47.70,-122.37,1520.00,6335.00
5379800500.00,20140930T000000,255000.00,3.00,1.50,910.00,25500.00,1.00,0.00,0.00,3.00,5.00,910.00,0.00,1943.00,0.00,98188.00,47.46,-122.28,1580.00,10019.00
7010700660.00,20150428T000000,807000.00,3.00,2.50,1940.00,4000.00,2.00,0.00,0.00,4.00,9.00,1940.00,0.00,2000.00,0.00,98199.00,47.66,-122.40,1410.00,4000.00
9406540190.00,20141110T000000,315000.00,4.00,2.50,1780.00,6000.00,2.00,0.00,0.00,3.00,9.00,1780.00,0.00,2000.00,0.00,98038.00,47.38,-122.03,2650.00,6000.00
1795920250.00,20150227T000000,637000.00,3.00,2.25,2200.00,7355.00,2.00,0.00,0.00,4.00,8.00,2200.00,0.00,1986.00,0.00,98052.00,47.73,-122.10,2290.00,7868.00
5249800010.00,20141203T000000,2725000.00,4.00,4.25,6410.00,43838.00,2.50,0.00,2.00,4.00,12.00,5610.00,800.00,1906.00,0.00,98144.00,47.57,-122.28,2270.00,6630.00
8651510420.00,20141211T000000,490000.00,3.00,2.00,2070.00,10023.00,1.00,0.00,0.00,3.00,8.00,1220.00,850.00,1981.00,0.00,98074.00,47.65,-122.06,2130.00,9694.00
1422700080.00,20140610T000000,253000.00,3.00,1.75,2040.00,7281.00,1.00,0.00,0.00,3.00,7.00,1020.00,1020.00,1962.00,0.00,98188.00,47.47,-122.28,1740.00,7527.00
5468780250.00,20140508T000000,325900.00,4.00,2.50,2320.00,6270.00,2.00,0.00,0.00,3.00,8.00,2320.00,0.00,2004.00,0.00,98042.00,47.35,-122.14,2150.00,6270.00
3723800415.00,20141015T000000,425000.00,2.00,2.00,1440.00,6677.00,1.00,0.00,0.00,3.00,7.00,870.00,570.00,1952.00,0.00,98118.00,47.55,-122.26,2020.00,7642.00
1545800290.00,20140905T000000,215000.00,4.00,2.50,1700.00,6675.00,2.00,0.00,0.00,3.00,7.00,1700.00,0.00,1997.00,0.00,98038.00,47.36,-122.05,1570.00,7540.00
1545800290.00,20150408T000000,315000.00,4.00,2.50,1700.00,6675.00,2.00,0.00,0.00,3.00,7.00,1700.00,0.00,1997.00,0.00,98038.00,47.36,-122.05,1570.00,7540.00
2804100095.00,20140516T000000,724800.00,3.00,2.00,2050.00,3933.00,1.00,0.00,0.00,3.00,8.00,1180.00,870.00,1926.00,2001.00,98112.00,47.64,-122.30,1940.00,4000.00
7282300095.00,20140709T000000,295000.00,2.00,1.00,800.00,6500.00,1.00,0.00,0.00,4.00,6.00,800.00,0.00,1953.00,0.00,98133.00,47.76,-122.36,1220.00,7000.00
930000289.00,20150316T000000,509007.00,3.00,1.75,1800.00,7620.00,1.00,0.00,0.00,3.00,8.00,1350.00,450.00,1951.00,0.00,98177.00,47.72,-122.36,1770.00,7620.00
2822059181.00,20150413T000000,306000.00,5.00,2.00,1460.00,169448.00,1.50,0.00,0.00,3.00,6.00,1460.00,0.00,1910.00,0.00,98030.00,47.37,-122.18,2250.00,6059.00
1761100080.00,20140717T000000,205000.00,3.00,1.75,1290.00,7210.00,1.00,0.00,0.00,3.00,7.00,1290.00,0.00,1984.00,0.00,98023.00,47.29,-122.36,1350.00,7509.00
2953000250.00,20140731T000000,275000.00,3.00,1.50,1900.00,9737.00,1.00,0.00,0.00,4.00,7.00,1200.00,700.00,1968.00,0.00,98031.00,47.41,-122.21,1670.00,9737.00
3416600185.00,20141106T000000,685000.00,3.00,1.75,1480.00,7000.00,1.00,0.00,2.00,3.00,8.00,1480.00,0.00,1963.00,0.00,98122.00,47.60,-122.29,1850.00,4000.00
927200380.00,20150420T000000,465000.00,4.00,2.50,2090.00,12833.00,1.00,0.00,0.00,3.00,7.00,1220.00,870.00,1969.00,0.00,98034.00,47.73,-122.18,1740.00,11200.00
7922750020.00,20140708T000000,560000.00,4.00,2.25,1950.00,9800.00,1.00,0.00,0.00,3.00,8.00,1330.00,620.00,1968.00,0.00,98033.00,47.67,-122.18,2170.00,9800.00
259600050.00,20150223T000000,458500.00,3.00,1.75,1250.00,9605.00,1.00,0.00,0.00,3.00,7.00,1250.00,0.00,1964.00,0.00,98008.00,47.63,-122.12,1570.00,9605.00
3298300420.00,20150331T000000,354000.00,3.00,1.00,990.00,7590.00,1.00,0.00,0.00,3.00,6.00,990.00,0.00,1959.00,0.00,98008.00,47.62,-122.12,1100.00,7590.00
1310440470.00,20150113T000000,441000.00,3.00,2.50,2740.00,7923.00,2.00,0.00,0.00,3.00,9.00,2740.00,0.00,1998.00,0.00,98058.00,47.43,-122.11,2740.00,8815.00
3438502668.00,20140829T000000,194000.00,3.00,1.75,1260.00,10488.00,1.00,0.00,0.00,2.00,7.00,1110.00,150.00,1952.00,0.00,98106.00,47.54,-122.36,1540.00,9120.00
5591700290.00,20140515T000000,316500.00,4.00,2.50,2150.00,6807.00,2.00,0.00,0.00,4.00,8.00,2150.00,0.00,1991.00,0.00,98031.00,47.41,-122.19,1910.00,7240.00
4172100050.00,20140825T000000,524950.00,3.00,1.75,1750.00,3250.00,1.50,0.00,0.00,4.00,7.00,1230.00,520.00,1929.00,0.00,98117.00,47.68,-122.37,1480.00,3600.00
9275700005.00,20150427T000000,1052000.00,3.00,2.25,2880.00,6092.00,2.00,0.00,4.00,4.00,8.00,1920.00,960.00,1983.00,0.00,98116.00,47.59,-122.38,2880.00,5308.00
1089000190.00,20150412T000000,925000.00,4.00,2.25,2590.00,13894.00,2.00,0.00,0.00,4.00,9.00,2590.00,0.00,1975.00,0.00,98005.00,47.64,-122.17,2720.00,13894.00
9523103000.00,20141020T000000,780000.00,3.00,1.75,2430.00,4524.00,1.50,0.00,0.00,4.00,7.00,1830.00,600.00,1924.00,0.00,98103.00,47.67,-122.35,1610.00,4100.00
2781270440.00,20140519T000000,241000.00,2.00,2.00,1470.00,3128.00,2.00,0.00,0.00,3.00,6.00,1470.00,0.00,2005.00,0.00,98038.00,47.35,-122.02,1180.00,2576.00
2105200050.00,20140619T000000,519000.00,3.00,2.75,2020.00,10744.00,1.00,0.00,0.00,5.00,7.00,1270.00,750.00,1954.00,0.00,98166.00,47.44,-122.34,2020.00,11069.00
7625703637.00,20140828T000000,286000.00,2.00,1.00,610.00,4000.00,1.00,0.00,0.00,4.00,6.00,610.00,0.00,1918.00,0.00,98136.00,47.55,-122.39,870.00,5160.00
2926049408.00,20141009T000000,400000.00,3.00,2.00,3000.00,17800.00,1.00,0.00,0.00,3.00,8.00,1500.00,1500.00,1962.00,0.00,98125.00,47.71,-122.32,2400.00,8300.00
3224079005.00,20141009T000000,255000.00,2.00,1.00,920.00,43560.00,1.00,0.00,0.00,4.00,5.00,920.00,0.00,1923.00,0.00,98024.00,47.52,-121.93,1530.00,11875.00
5147600095.00,20150121T000000,152000.00,3.00,1.75,1070.00,7754.00,1.00,0.00,0.00,3.00,6.00,1070.00,0.00,1953.00,0.00,98146.00,47.51,-122.34,950.00,7740.00
2413900050.00,20141201T000000,599000.00,4.00,2.00,3410.00,15143.00,2.00,0.00,0.00,4.00,8.00,3410.00,0.00,1972.00,1987.00,98052.00,47.67,-122.05,2350.00,25936.00
3820350050.00,20141024T000000,330000.00,4.00,2.50,1820.00,3905.00,2.00,0.00,0.00,3.00,7.00,1820.00,0.00,2001.00,0.00,98019.00,47.73,-121.99,1820.00,3863.00
8910500675.00,20140519T000000,461000.00,2.00,1.00,1060.00,7193.00,1.00,0.00,0.00,3.00,7.00,1060.00,0.00,1926.00,0.00,98133.00,47.71,-122.36,1980.00,7560.00
1461200020.00,20150310T000000,620000.00,5.00,2.50,3070.00,34991.00,2.00,0.00,0.00,3.00,9.00,3070.00,0.00,1995.00,0.00,98059.00,47.47,-122.15,2150.00,19515.00
722079056.00,20141006T000000,352500.00,4.00,2.50,2300.00,219106.00,1.00,0.00,0.00,4.00,7.00,1840.00,460.00,1958.00,0.00,98038.00,47.40,-121.96,2120.00,123710.00
8663370020.00,20140806T000000,435000.00,3.00,2.00,1610.00,6911.00,1.00,0.00,0.00,3.00,7.00,1260.00,350.00,1988.00,0.00,98034.00,47.72,-122.18,1630.00,6911.00
2568200130.00,20140516T000000,725000.00,5.00,2.75,2830.00,5310.00,2.00,0.00,0.00,3.00,9.00,2830.00,0.00,2006.00,0.00,98052.00,47.71,-122.10,3150.00,6581.00
8947800080.00,20141105T000000,300000.00,3.00,1.00,970.00,12300.00,1.00,0.00,0.00,3.00,7.00,970.00,0.00,1982.00,0.00,98028.00,47.73,-122.23,2040.00,9994.00
1545803390.00,20141111T000000,252000.00,3.00,2.50,1680.00,8284.00,2.00,0.00,0.00,3.00,7.00,1680.00,0.00,1989.00,0.00,98038.00,47.36,-122.05,1550.00,8284.00
1088030010.00,20141005T000000,464625.00,4.00,2.75,2040.00,8996.00,1.00,0.00,0.00,4.00,8.00,1260.00,780.00,1974.00,0.00,98033.00,47.67,-122.19,2470.00,9180.00
1829700080.00,20141212T000000,340000.00,3.00,1.00,1450.00,9586.00,2.00,0.00,0.00,3.00,7.00,1450.00,0.00,1950.00,0.00,98155.00,47.74,-122.33,1500.00,8592.00
2125049024.00,20140620T000000,1325000.00,4.00,2.25,2870.00,6280.00,1.50,0.00,0.00,4.00,9.00,1980.00,890.00,1905.00,0.00,98112.00,47.63,-122.31,2370.00,4760.00
5706200020.00,20150206T000000,455000.00,5.00,2.00,1870.00,13970.00,1.00,0.00,0.00,4.00,7.00,1120.00,750.00,1969.00,0.00,98027.00,47.52,-122.04,1860.00,13970.00
2316400285.00,20150513T000000,495000.00,4.00,3.50,2490.00,18042.00,2.00,0.00,0.00,3.00,8.00,2490.00,0.00,2003.00,0.00,98070.00,47.42,-122.44,1960.00,21107.00
7588700080.00,20150421T000000,925000.00,4.00,2.50,3350.00,4501.00,2.00,0.00,0.00,3.00,9.00,2640.00,710.00,2002.00,0.00,98117.00,47.69,-122.38,1000.00,4500.00
7853310380.00,20141211T000000,587000.00,4.00,2.75,3190.00,8737.00,2.00,0.00,0.00,3.00,9.00,3190.00,0.00,2006.00,0.00,98065.00,47.52,-121.88,3240.00,7131.00
6821101870.00,20140505T000000,524000.00,3.00,1.75,1560.00,5520.00,1.00,0.00,0.00,4.00,6.00,780.00,780.00,1944.00,0.00,98199.00,47.65,-122.40,1470.00,6000.00
9551201660.00,20140613T000000,1030000.00,4.00,2.50,2750.00,4800.00,2.00,0.00,0.00,3.00,9.00,1960.00,790.00,1905.00,2005.00,98103.00,47.67,-122.34,2400.00,5300.00
3530500010.00,20140930T000000,176000.00,2.00,1.00,920.00,2332.00,1.00,0.00,0.00,4.00,8.00,920.00,0.00,1980.00,0.00,98198.00,47.38,-122.32,1310.00,2853.00
7387500185.00,20140521T000000,249900.00,2.00,1.00,1140.00,5500.00,1.00,0.00,0.00,3.00,6.00,1140.00,0.00,1947.00,0.00,98106.00,47.52,-122.36,1110.00,5500.00
1626079132.00,20140605T000000,499500.00,3.00,2.50,2520.00,53143.00,1.50,0.00,0.00,3.00,7.00,2520.00,0.00,1988.00,0.00,98019.00,47.74,-121.93,2020.00,56628.00
8854100130.00,20140911T000000,600000.00,5.00,3.50,3150.00,10542.00,1.00,0.00,0.00,5.00,9.00,1620.00,1530.00,1974.00,0.00,98011.00,47.75,-122.22,3150.00,11807.00
2123049142.00,20140814T000000,294000.00,4.00,2.50,2040.00,7800.00,2.00,0.00,0.00,3.00,7.00,2040.00,0.00,2003.00,0.00,98168.00,47.47,-122.29,1860.00,10954.00
3423059109.00,20150415T000000,272000.00,4.00,2.00,1780.00,19843.00,1.00,0.00,0.00,3.00,7.00,1780.00,0.00,1963.00,0.00,98058.00,47.44,-122.15,2210.00,13500.00
5631500992.00,20140515T000000,390000.00,3.00,2.50,2240.00,10800.00,2.00,0.00,0.00,3.00,8.00,2240.00,0.00,1996.00,0.00,98028.00,47.74,-122.23,1900.00,9900.00
6641800020.00,20150109T000000,700000.00,4.00,2.50,3270.00,9650.00,1.00,0.00,3.00,4.00,9.00,2320.00,950.00,1971.00,0.00,98166.00,47.41,-122.33,2340.00,17357.00
7853301700.00,20150420T000000,635000.00,5.00,2.75,3110.00,6621.00,2.00,0.00,0.00,3.00,9.00,3110.00,0.00,2006.00,0.00,98065.00,47.54,-121.89,3550.00,7953.00
2158900290.00,20150416T000000,920000.00,4.00,1.50,1850.00,3600.00,2.00,0.00,0.00,3.00,8.00,1660.00,190.00,1929.00,0.00,98112.00,47.64,-122.31,1970.00,3600.00
2273600250.00,20140804T000000,500000.00,3.00,1.75,1570.00,8530.00,1.00,0.00,0.00,4.00,7.00,1190.00,380.00,1983.00,0.00,98033.00,47.69,-122.18,1530.00,8708.00
3298700840.00,20140821T000000,263500.00,2.00,1.00,750.00,4515.00,1.00,0.00,0.00,3.00,6.00,750.00,0.00,1942.00,0.00,98106.00,47.52,-122.35,1020.00,5000.00
5450500010.00,20150313T000000,975000.00,4.00,2.25,2240.00,9990.00,2.00,0.00,0.00,4.00,10.00,2240.00,0.00,1967.00,0.00,98040.00,47.55,-122.22,2600.00,11480.00
3629870020.00,20141114T000000,575000.00,3.00,2.50,1870.00,3485.00,2.00,0.00,0.00,3.00,8.00,1870.00,0.00,2001.00,0.00,98029.00,47.55,-122.00,1940.00,3485.00
8856700130.00,20140612T000000,822000.00,4.00,2.50,2683.00,40386.00,2.00,0.00,0.00,4.00,9.00,2683.00,0.00,1987.00,0.00,98052.00,47.70,-122.14,2683.00,34800.00
6381502155.00,20150116T000000,300000.00,3.00,1.00,1490.00,7200.00,1.00,0.00,0.00,3.00,7.00,1490.00,0.00,1954.00,0.00,98125.00,47.73,-122.31,1280.00,7200.00
1443550080.00,20150330T000000,487600.00,4.00,2.50,2340.00,12080.00,2.00,0.00,0.00,3.00,8.00,2340.00,0.00,1999.00,0.00,98019.00,47.73,-121.97,2200.00,12403.00
2205700345.00,20140707T000000,500000.00,4.00,2.00,1700.00,8640.00,1.00,0.00,0.00,3.00,7.00,850.00,850.00,1955.00,2010.00,98006.00,47.58,-122.15,1620.00,9000.00
6926700660.00,20140911T000000,680000.00,2.00,2.00,1450.00,989.00,3.00,0.00,0.00,3.00,9.00,1450.00,0.00,2014.00,0.00,98109.00,47.64,-122.35,1490.00,1240.00
3279050130.00,20140910T000000,419000.00,3.00,2.50,3310.00,21096.00,2.00,0.00,2.00,3.00,9.00,3310.00,0.00,2004.00,0.00,98023.00,47.30,-122.39,3310.00,13835.00
2770606890.00,20140807T000000,450000.00,4.00,1.75,1520.00,5250.00,1.00,0.00,0.00,3.00,6.00,1520.00,0.00,1949.00,0.00,98199.00,47.66,-122.39,1530.00,5250.00
2867100190.00,20140618T000000,650000.00,5.00,1.75,1260.00,4500.00,1.50,0.00,0.00,3.00,7.00,1260.00,0.00,1926.00,0.00,98119.00,47.65,-122.37,1410.00,4388.00
8562600190.00,20140623T000000,550000.00,3.00,1.75,1840.00,8086.00,1.00,0.00,0.00,4.00,8.00,1840.00,0.00,1964.00,0.00,98052.00,47.67,-122.16,1840.00,8060.00
5680000545.00,20141203T000000,330000.00,4.00,2.00,1750.00,5202.00,1.00,0.00,1.00,4.00,6.00,1070.00,680.00,1942.00,0.00,98108.00,47.57,-122.32,2090.00,5400.00
1922059027.00,20150123T000000,282510.00,4.00,1.00,1450.00,32234.00,1.50,0.00,0.00,4.00,6.00,1450.00,0.00,1932.00,0.00,98030.00,47.38,-122.21,1530.00,10125.00
1725059316.00,20141120T000000,2385000.00,4.00,4.00,6330.00,13296.00,2.00,0.00,2.00,3.00,13.00,4900.00,1430.00,2000.00,0.00,98033.00,47.65,-122.20,2200.00,9196.00
3275300440.00,20141120T000000,230000.00,2.00,2.00,1260.00,10200.00,1.00,0.00,0.00,3.00,7.00,1020.00,240.00,1983.00,0.00,98003.00,47.26,-122.31,1560.00,10200.00
952001735.00,20141004T000000,750000.00,4.00,1.75,2100.00,6613.00,2.00,0.00,0.00,3.00,8.00,2100.00,0.00,1909.00,2004.00,98116.00,47.57,-122.39,1630.00,5750.00
1402950190.00,20140916T000000,321000.00,4.00,2.50,2430.00,5366.00,2.00,0.00,0.00,3.00,8.00,2430.00,0.00,2002.00,0.00,98092.00,47.34,-122.19,2100.00,5414.00
4045100190.00,20141027T000000,2196000.00,4.00,3.25,4250.00,18000.00,2.00,0.00,3.00,5.00,10.00,3350.00,900.00,1980.00,0.00,98040.00,47.56,-122.23,3790.00,14537.00
1207200010.00,20150318T000000,245000.00,4.00,2.00,1830.00,10416.00,1.00,0.00,0.00,3.00,7.00,1370.00,460.00,1958.00,0.00,98146.00,47.49,-122.34,1830.00,9271.00
6815100095.00,20141223T000000,510000.00,2.00,1.00,1310.00,4000.00,1.00,0.00,0.00,3.00,6.00,1310.00,0.00,1913.00,0.00,98103.00,47.69,-122.33,1550.00,4000.00
3825310130.00,20140624T000000,751000.00,4.00,3.25,3090.00,9571.00,2.00,0.00,0.00,3.00,9.00,2370.00,720.00,2004.00,0.00,98052.00,47.71,-122.13,3630.00,9110.00
3276930380.00,20140523T000000,675000.00,4.00,2.50,2560.00,36601.00,2.00,0.00,0.00,4.00,9.00,2560.00,0.00,1987.00,0.00,98075.00,47.59,-121.99,2790.00,36601.00
8937600080.00,20150126T000000,295000.00,3.00,1.75,1930.00,13350.00,1.00,0.00,0.00,3.00,8.00,1930.00,0.00,1967.00,0.00,98023.00,47.33,-122.37,2270.00,13350.00
8024200010.00,20141028T000000,312000.00,2.00,1.00,1460.00,6000.00,1.00,0.00,0.00,2.00,7.00,1260.00,200.00,1925.00,0.00,98115.00,47.70,-122.32,1580.00,6380.00
624110020.00,20140925T000000,730000.00,3.00,3.00,3460.00,13129.00,2.00,0.00,0.00,3.00,9.00,2560.00,900.00,1988.00,0.00,98077.00,47.73,-122.06,3460.00,12568.00
6192410280.00,20150102T000000,762500.00,5.00,3.50,3290.00,5880.00,2.00,0.00,0.00,3.00,9.00,2670.00,620.00,2005.00,0.00,98052.00,47.71,-122.12,3090.00,5680.00
4302201045.00,20140528T000000,150000.00,3.00,1.00,820.00,7680.00,1.50,0.00,0.00,3.00,6.00,820.00,0.00,1910.00,0.00,98106.00,47.53,-122.36,1470.00,6912.00
507100020.00,20150309T000000,270000.00,3.00,1.00,1480.00,7374.00,1.00,0.00,0.00,3.00,6.00,760.00,720.00,1954.00,0.00,98133.00,47.78,-122.34,1480.00,8934.00
259600280.00,20150406T000000,400000.00,4.00,2.00,1420.00,9301.00,1.00,0.00,0.00,4.00,7.00,1420.00,0.00,1963.00,0.00,98008.00,47.63,-122.12,1530.00,8075.00
7691800130.00,20140826T000000,650000.00,3.00,2.50,2790.00,6720.00,2.00,0.00,0.00,3.00,8.00,2790.00,0.00,2002.00,0.00,98075.00,47.60,-122.04,2620.00,6720.00
2056100275.00,20141006T000000,530000.00,2.00,1.50,1390.00,5000.00,1.00,0.00,0.00,4.00,8.00,970.00,420.00,1954.00,0.00,98116.00,47.57,-122.40,1610.00,5000.00
2202500080.00,20140630T000000,248000.00,3.00,1.00,950.00,9400.00,1.00,0.00,0.00,4.00,7.00,950.00,0.00,1954.00,0.00,98006.00,47.57,-122.14,1260.00,9400.00
3179102155.00,20150108T000000,760000.00,4.00,3.50,3000.00,5300.00,1.00,0.00,0.00,5.00,7.00,1780.00,1220.00,1949.00,0.00,98115.00,47.67,-122.28,1360.00,5450.00
937000280.00,20150220T000000,199000.00,4.00,1.00,1280.00,10521.00,1.50,0.00,0.00,3.00,7.00,1280.00,0.00,1960.00,0.00,98198.00,47.42,-122.29,1540.00,9384.00
5379805253.00,20141020T000000,240000.00,2.00,1.00,870.00,8400.00,1.00,0.00,0.00,3.00,7.00,870.00,0.00,1960.00,0.00,98188.00,47.45,-122.28,1070.00,12465.00
6821102340.00,20150504T000000,415000.00,3.00,1.50,1360.00,1795.00,2.00,0.00,0.00,3.00,7.00,1360.00,0.00,1945.00,0.00,98199.00,47.65,-122.40,1580.00,1795.00
7229900250.00,20141202T000000,228000.00,3.00,1.00,1000.00,16376.00,1.00,0.00,0.00,3.00,7.00,1000.00,0.00,1959.00,0.00,98059.00,47.48,-122.11,1420.00,16192.00
7287100177.00,20150225T000000,525000.00,4.00,2.50,2740.00,12106.00,1.00,0.00,0.00,3.00,8.00,1980.00,760.00,1992.00,0.00,98133.00,47.76,-122.36,2170.00,11156.00
8820900670.00,20140623T000000,399950.00,3.00,1.75,1560.00,5223.00,1.00,0.00,0.00,4.00,7.00,810.00,750.00,1940.00,0.00,98125.00,47.72,-122.29,1440.00,8491.00
3275850020.00,20150413T000000,781000.00,4.00,2.50,2590.00,8571.00,2.00,0.00,0.00,3.00,9.00,2590.00,0.00,1988.00,0.00,98052.00,47.69,-122.11,2360.00,8155.00
9528100899.00,20150428T000000,827000.00,3.00,2.50,1850.00,1330.00,2.50,0.00,0.00,3.00,9.00,1560.00,290.00,2004.00,0.00,98115.00,47.68,-122.33,1810.00,2071.00
7016000440.00,20140716T000000,525000.00,5.00,2.25,2500.00,8621.00,1.50,0.00,0.00,4.00,7.00,2500.00,0.00,1968.00,0.00,98034.00,47.74,-122.19,1980.00,7395.00
7202340010.00,20150224T000000,671300.00,4.00,2.50,3280.00,5232.00,2.00,0.00,0.00,3.00,7.00,3280.00,0.00,2004.00,0.00,98053.00,47.68,-122.03,2600.00,5080.00
6911700066.00,20140604T000000,175000.00,2.00,1.00,670.00,2378.00,1.00,0.00,0.00,3.00,5.00,670.00,0.00,1919.00,0.00,98126.00,47.58,-122.37,700.00,2970.00
7511000050.00,20150302T000000,1100000.00,5.00,2.75,2890.00,22547.00,1.00,0.00,0.00,4.00,10.00,2150.00,740.00,1963.00,0.00,98040.00,47.55,-122.22,3010.00,17809.00
2925059260.00,20150506T000000,800000.00,5.00,2.50,3000.00,10560.00,1.00,0.00,0.00,3.00,8.00,1500.00,1500.00,1966.00,0.00,98004.00,47.62,-122.21,2690.00,11616.00
3558000170.00,20140711T000000,329950.00,4.00,2.50,1920.00,4600.00,2.00,0.00,0.00,3.00,7.00,1920.00,0.00,2002.00,0.00,98038.00,47.38,-122.02,2200.00,6600.00
8651730290.00,20140805T000000,445000.00,4.00,3.25,1960.00,7200.00,2.00,0.00,0.00,3.00,7.00,1960.00,0.00,1979.00,0.00,98034.00,47.73,-122.22,1980.00,7529.00
9197100263.00,20140819T000000,237000.00,3.00,1.75,2000.00,12208.00,1.00,0.00,0.00,3.00,7.00,1140.00,860.00,1979.00,0.00,98032.00,47.38,-122.24,1060.00,8194.00
8941100095.00,20140923T000000,1112500.00,6.00,4.00,3600.00,6224.00,2.00,0.00,0.00,3.00,9.00,2610.00,990.00,1945.00,2006.00,98199.00,47.65,-122.41,1430.00,6224.00
2781100080.00,20141210T000000,438900.00,4.00,2.50,2740.00,5700.00,2.00,0.00,0.00,3.00,9.00,2740.00,0.00,2006.00,0.00,98038.00,47.35,-122.03,3010.00,5281.00
9822700190.00,20140808T000000,1280000.00,9.00,4.50,3650.00,5000.00,2.00,0.00,0.00,3.00,8.00,2530.00,1120.00,1915.00,2010.00,98105.00,47.66,-122.29,2510.00,5000.00
3630030290.00,20141017T000000,600000.00,4.00,2.50,2310.00,3866.00,2.00,0.00,0.00,3.00,8.00,2310.00,0.00,2005.00,0.00,98029.00,47.55,-122.00,1950.00,4023.00
9510910250.00,20150120T000000,670000.00,4.00,2.50,2095.00,4569.00,2.00,0.00,0.00,3.00,9.00,2095.00,0.00,2002.00,0.00,98052.00,47.66,-122.09,2095.00,4385.00
8682231330.00,20150504T000000,519000.00,2.00,2.00,1560.00,4823.00,1.00,0.00,0.00,3.00,8.00,1560.00,0.00,2004.00,0.00,98053.00,47.71,-122.03,1855.00,4989.00
2473480780.00,20150311T000000,320000.00,3.00,2.25,1880.00,7350.00,1.00,0.00,0.00,3.00,8.00,1390.00,490.00,1984.00,0.00,98058.00,47.45,-122.12,1910.00,8400.00
8641500280.00,20140522T000000,270000.00,2.00,1.50,840.00,867.00,2.00,0.00,0.00,3.00,7.00,840.00,0.00,2005.00,0.00,98115.00,47.70,-122.30,840.00,1322.00
7605800050.00,20140602T000000,1000000.00,3.00,2.50,2730.00,5832.00,2.00,0.00,0.00,3.00,9.00,2730.00,0.00,1998.00,0.00,98005.00,47.62,-122.16,2360.00,5832.00
9828200525.00,20140815T000000,330000.00,1.00,1.00,860.00,4800.00,1.00,0.00,0.00,3.00,6.00,860.00,0.00,1907.00,0.00,98122.00,47.61,-122.30,1380.00,4800.00
7971300050.00,20140710T000000,657500.00,3.00,2.00,2320.00,10960.00,1.00,0.00,0.00,3.00,7.00,1510.00,810.00,1956.00,0.00,98005.00,47.62,-122.17,2160.00,10960.00
126049169.00,20140828T000000,450000.00,3.00,1.75,1540.00,61419.00,1.00,0.00,0.00,3.00,7.00,1540.00,0.00,1967.00,0.00,98028.00,47.77,-122.23,3790.00,8529.00
5062300280.00,20150416T000000,150000.00,3.00,1.00,890.00,6488.00,1.50,0.00,0.00,3.00,5.00,890.00,0.00,1928.00,0.00,98014.00,47.71,-121.35,1330.00,16250.00
7167000020.00,20140616T000000,792500.00,4.00,2.50,4290.00,175421.00,2.00,0.00,0.00,3.00,10.00,4290.00,0.00,2004.00,0.00,98010.00,47.36,-121.99,3370.00,63162.00
3303910010.00,20150220T000000,540000.00,3.00,2.50,1950.00,13227.00,2.00,0.00,0.00,4.00,9.00,1950.00,0.00,1978.00,0.00,98034.00,47.72,-122.26,2650.00,12943.00
2268000050.00,20140721T000000,229900.00,3.00,1.00,1010.00,8848.00,1.00,0.00,0.00,4.00,7.00,1010.00,0.00,1968.00,0.00,98003.00,47.27,-122.30,1380.00,10650.00
8857640170.00,20150506T000000,533000.00,4.00,2.50,2830.00,6536.00,2.00,0.00,0.00,3.00,8.00,2830.00,0.00,2003.00,0.00,98038.00,47.39,-122.03,2830.00,6872.00
7806210190.00,20141222T000000,239000.00,4.00,1.75,1500.00,12560.00,1.00,0.00,0.00,4.00,7.00,1000.00,500.00,1977.00,0.00,98002.00,47.29,-122.20,1700.00,9020.00
9206700190.00,20150306T000000,713900.00,3.00,2.50,3370.00,167706.00,1.00,0.00,0.00,3.00,10.00,3370.00,0.00,2000.00,0.00,98038.00,47.44,-122.02,3350.00,213444.00
4136930190.00,20141028T000000,427500.00,4.00,2.50,3160.00,8726.00,2.00,0.00,0.00,3.00,9.00,3160.00,0.00,1999.00,0.00,98092.00,47.26,-122.22,2500.00,8648.00
5666300010.00,20140722T000000,302000.00,3.00,1.00,1110.00,7000.00,1.50,0.00,0.00,4.00,7.00,1110.00,0.00,1955.00,0.00,98133.00,47.75,-122.34,1800.00,7000.00
1424059022.00,20140708T000000,1150000.00,3.00,2.50,3830.00,48743.00,2.00,0.00,0.00,3.00,11.00,3830.00,0.00,1991.00,0.00,98006.00,47.57,-122.13,2950.00,8299.00
6204050080.00,20140528T000000,555000.00,3.00,2.50,3160.00,4270.00,2.00,0.00,0.00,3.00,8.00,2650.00,510.00,2006.00,0.00,98011.00,47.75,-122.19,2720.00,12523.00
7128300500.00,20141230T000000,495000.00,3.00,2.25,2100.00,3000.00,2.00,0.00,0.00,3.00,7.00,2100.00,0.00,1996.00,0.00,98144.00,47.60,-122.31,1650.00,4500.00
1233100642.00,20140722T000000,495000.00,3.00,1.50,2240.00,13288.00,1.00,0.00,0.00,3.00,7.00,2240.00,0.00,1953.00,0.00,98033.00,47.68,-122.17,2150.00,9900.00
222029026.00,20140917T000000,340000.00,2.00,0.75,1060.00,48292.00,1.00,1.00,2.00,5.00,6.00,560.00,500.00,1947.00,0.00,98070.00,47.43,-122.51,750.00,80201.00
9485940290.00,20150512T000000,464950.00,4.00,2.25,2350.00,36116.00,1.00,0.00,0.00,4.00,9.00,2350.00,0.00,1983.00,0.00,98042.00,47.35,-122.08,2580.00,36116.00
4136890280.00,20150327T000000,320000.00,4.00,2.50,1940.00,7040.00,2.00,0.00,0.00,3.00,8.00,1940.00,0.00,1998.00,0.00,98092.00,47.26,-122.21,2400.00,7145.00
1775500050.00,20150129T000000,440000.00,1.00,1.00,1160.00,64469.00,1.00,0.00,0.00,3.00,7.00,1160.00,0.00,2009.00,0.00,98072.00,47.74,-122.08,1580.00,48352.00
7611200086.00,20140602T000000,686000.00,3.00,1.50,1840.00,9990.00,2.00,0.00,0.00,5.00,8.00,1840.00,0.00,1961.00,0.00,98177.00,47.71,-122.37,2100.00,12474.00
3376600010.00,20141201T000000,555000.00,4.00,1.75,2260.00,11000.00,1.00,0.00,0.00,3.00,8.00,1620.00,640.00,1976.00,0.00,98008.00,47.62,-122.11,1960.00,10000.00
7519001990.00,20141027T000000,361500.00,2.00,1.00,840.00,3860.00,1.00,0.00,0.00,4.00,6.00,840.00,0.00,1909.00,0.00,98117.00,47.68,-122.37,1390.00,3860.00
7613700950.00,20140610T000000,1240000.00,5.00,3.00,2830.00,7500.00,2.00,0.00,0.00,3.00,9.00,2460.00,370.00,1923.00,0.00,98105.00,47.66,-122.28,2900.00,5000.00
3802000020.00,20140709T000000,154950.00,4.00,1.00,1600.00,10183.00,1.00,0.00,0.00,4.00,6.00,1600.00,0.00,1966.00,0.00,98002.00,47.28,-122.21,1410.00,10416.00
1796360470.00,20140617T000000,247200.00,3.00,1.75,1370.00,8719.00,1.00,0.00,0.00,3.00,7.00,1370.00,0.00,1982.00,0.00,98042.00,47.37,-122.09,1370.00,7525.00
8732160050.00,20140822T000000,250000.00,3.00,2.25,1960.00,7414.00,1.00,0.00,0.00,3.00,7.00,1490.00,470.00,1984.00,0.00,98023.00,47.30,-122.37,1580.00,8038.00
5249800345.00,20140619T000000,590300.00,3.00,1.50,1470.00,7200.00,2.00,0.00,0.00,4.00,7.00,1470.00,0.00,1907.00,0.00,98118.00,47.56,-122.28,1530.00,7200.00
6071200545.00,20140505T000000,541125.00,5.00,2.75,2740.00,8426.00,1.00,0.00,0.00,4.00,8.00,1370.00,1370.00,1960.00,0.00,98006.00,47.56,-122.18,2020.00,8783.00
291300280.00,20150218T000000,310000.00,2.00,2.50,1090.00,923.00,2.00,0.00,0.00,3.00,7.00,1090.00,0.00,2004.00,0.00,98027.00,47.53,-122.07,1410.00,1326.00
3261000080.00,20150310T000000,704111.00,4.00,2.75,2460.00,9520.00,1.00,0.00,1.00,3.00,8.00,1680.00,780.00,1976.00,0.00,98034.00,47.70,-122.23,2380.00,9600.00
321049127.00,20141028T000000,277500.00,3.00,2.25,1820.00,19602.00,1.00,0.00,0.00,4.00,7.00,1820.00,0.00,1964.00,0.00,98001.00,47.33,-122.29,1520.00,8773.00
5379804393.00,20150217T000000,325000.00,4.00,2.75,1960.00,8937.00,1.00,0.00,0.00,5.00,7.00,980.00,980.00,1954.00,0.00,98188.00,47.45,-122.28,1480.00,10016.00
1559900080.00,20141121T000000,289200.00,3.00,2.25,1760.00,7023.00,2.00,0.00,0.00,3.00,7.00,1760.00,0.00,1995.00,0.00,98019.00,47.75,-121.98,1760.00,7082.00
7135300275.00,20140904T000000,185000.00,1.00,1.00,720.00,5000.00,1.00,0.00,0.00,4.00,6.00,720.00,0.00,1908.00,0.00,98118.00,47.53,-122.27,1170.00,5000.00
1377300005.00,20150401T000000,1445000.00,4.00,3.50,3470.00,8580.00,2.00,0.00,0.00,3.00,11.00,2500.00,970.00,2007.00,0.00,98199.00,47.64,-122.40,1940.00,7920.00
6668900020.00,20150318T000000,420550.00,4.00,2.00,1370.00,8100.00,1.00,0.00,0.00,2.00,7.00,1370.00,0.00,1947.00,0.00,98155.00,47.75,-122.31,1280.00,8100.00
326049024.00,20150410T000000,603000.00,4.00,2.25,2370.00,11310.00,1.00,0.00,0.00,3.00,8.00,1550.00,820.00,1968.00,0.00,98155.00,47.77,-122.29,1890.00,8621.00
7942600006.00,20141126T000000,345000.00,3.00,1.00,1390.00,2640.00,1.50,0.00,0.00,3.00,7.00,1230.00,160.00,1903.00,0.00,98122.00,47.61,-122.31,1780.00,3920.00
6430500233.00,20150416T000000,650000.00,3.00,2.00,1840.00,3075.00,1.00,0.00,0.00,5.00,7.00,920.00,920.00,1928.00,0.00,98103.00,47.69,-122.35,1480.00,3774.00
7701800050.00,20140625T000000,589950.00,5.00,3.00,2790.00,19439.00,1.00,0.00,3.00,5.00,7.00,1500.00,1290.00,1973.00,0.00,98058.00,47.41,-122.09,1620.00,19439.00
8165501640.00,20140819T000000,309950.00,2.00,2.25,1460.00,1607.00,2.00,0.00,0.00,3.00,8.00,1460.00,0.00,2007.00,0.00,98106.00,47.54,-122.37,1460.00,1826.00
2623069069.00,20140911T000000,775000.00,3.00,2.50,2620.00,241200.00,1.50,0.00,0.00,4.00,9.00,2620.00,0.00,1998.00,0.00,98027.00,47.46,-122.01,2620.00,172933.00
8024201870.00,20141029T000000,590000.00,4.00,1.50,2230.00,5109.00,1.50,0.00,0.00,3.00,7.00,1330.00,900.00,1918.00,0.00,98115.00,47.70,-122.31,1630.00,5109.00
9126101511.00,20150428T000000,863500.00,4.00,3.00,3250.00,2760.00,2.50,0.00,0.00,3.00,8.00,2420.00,830.00,1905.00,2007.00,98122.00,47.61,-122.30,1260.00,2780.00
1377800010.00,20141119T000000,517500.00,3.00,1.00,1190.00,7000.00,1.00,0.00,0.00,3.00,7.00,1190.00,0.00,1943.00,0.00,98199.00,47.65,-122.40,1350.00,7000.00
6813600380.00,20141224T000000,700000.00,3.00,3.00,2090.00,7440.00,1.50,0.00,0.00,5.00,7.00,1290.00,800.00,1922.00,0.00,98103.00,47.69,-122.33,1570.00,4960.00
923000280.00,20140722T000000,699000.00,3.00,2.50,2580.00,8154.00,1.00,0.00,0.00,3.00,10.00,2090.00,490.00,1956.00,1997.00,98177.00,47.73,-122.36,1660.00,8155.00
255550190.00,20140722T000000,350000.00,3.00,2.50,2100.00,3574.00,2.00,0.00,0.00,3.00,7.00,1690.00,410.00,2005.00,0.00,98019.00,47.75,-121.98,1970.00,2962.00
1829300130.00,20140717T000000,795000.00,4.00,2.50,3160.00,16564.00,2.00,0.00,0.00,3.00,10.00,3160.00,0.00,1987.00,0.00,98074.00,47.64,-122.04,3160.00,12415.00
3645500050.00,20140514T000000,543000.00,3.00,2.50,2090.00,7640.00,1.00,0.00,0.00,3.00,7.00,1360.00,730.00,1962.00,2014.00,98133.00,47.74,-122.34,2090.00,7668.00
1518000080.00,20150223T000000,325000.00,3.00,2.50,1570.00,3143.00,2.00,0.00,0.00,3.00,7.00,1570.00,0.00,2001.00,0.00,98019.00,47.74,-121.97,1740.00,3591.00
7883605915.00,20150508T000000,337500.00,3.00,1.00,1020.00,6000.00,1.50,0.00,0.00,3.00,7.00,1020.00,0.00,1900.00,0.00,98108.00,47.53,-122.32,1240.00,6000.00
1112700170.00,20150227T000000,425000.00,2.00,1.00,1300.00,11080.00,1.00,0.00,0.00,4.00,7.00,1300.00,0.00,1955.00,0.00,98034.00,47.73,-122.23,1600.00,9259.00
8965500020.00,20150317T000000,780000.00,3.00,2.50,2110.00,9773.00,1.00,0.00,0.00,3.00,9.00,2110.00,0.00,1986.00,0.00,98006.00,47.56,-122.12,2560.00,11787.00
323059167.00,20140723T000000,259000.00,2.00,1.00,1210.00,17389.00,1.00,0.00,0.00,4.00,5.00,1210.00,0.00,1948.00,0.00,98059.00,47.50,-122.15,2140.00,14419.00
1951700480.00,20140813T000000,524400.00,4.00,1.75,1990.00,12950.00,1.00,0.00,0.00,4.00,8.00,1850.00,140.00,1968.00,0.00,98006.00,47.54,-122.17,2090.00,12850.00
2005950050.00,20140527T000000,260000.00,3.00,2.00,1630.00,8018.00,1.00,0.00,0.00,3.00,7.00,1630.00,0.00,2003.00,0.00,98001.00,47.26,-122.24,1610.00,8397.00
9406500480.00,20150420T000000,273000.00,2.00,2.00,1384.00,1822.00,2.00,0.00,0.00,3.00,7.00,1384.00,0.00,1990.00,0.00,98028.00,47.75,-122.24,1078.00,1315.00
3522049063.00,20150402T000000,639900.00,4.00,2.50,3380.00,75794.00,2.00,0.00,0.00,3.00,10.00,3380.00,0.00,1997.00,0.00,98001.00,47.35,-122.27,3710.00,17913.00
2085700050.00,20140826T000000,420000.00,4.00,2.50,2480.00,8626.00,2.00,0.00,0.00,3.00,10.00,2480.00,0.00,2001.00,0.00,98001.00,47.32,-122.26,2990.00,9033.00
6751300130.00,20140813T000000,510500.00,3.00,1.00,1270.00,8000.00,1.00,0.00,0.00,4.00,7.00,1270.00,0.00,1957.00,0.00,98007.00,47.59,-122.14,1470.00,8000.00
2610100020.00,20150408T000000,290000.00,4.00,1.00,1010.00,7200.00,1.50,0.00,0.00,3.00,6.00,1010.00,0.00,1947.00,0.00,98155.00,47.74,-122.33,1360.00,7200.00
9476200680.00,20150428T000000,226000.00,3.00,1.75,1490.00,6269.00,1.00,0.00,0.00,4.00,6.00,990.00,500.00,1944.00,0.00,98056.00,47.49,-122.19,1490.00,7722.00
6145600285.00,20140529T000000,300000.00,2.00,1.00,820.00,3844.00,1.00,0.00,0.00,4.00,6.00,820.00,0.00,1916.00,0.00,98133.00,47.70,-122.35,1520.00,3844.00
203900460.00,20140728T000000,407450.00,3.00,2.00,1810.00,10860.00,1.00,0.00,0.00,3.00,7.00,1810.00,0.00,1967.00,0.00,98053.00,47.64,-121.97,1420.00,11982.00
7878400022.00,20150506T000000,390000.00,4.00,2.25,3060.00,7920.00,1.00,0.00,0.00,3.00,7.00,1530.00,1530.00,1965.00,0.00,98178.00,47.49,-122.25,1850.00,7800.00
3585900460.00,20150501T000000,1058800.00,6.00,2.75,2980.00,20000.00,1.00,0.00,4.00,3.00,8.00,2130.00,850.00,1965.00,0.00,98177.00,47.76,-122.38,2730.00,20000.00
1321720170.00,20140817T000000,610000.00,3.00,2.50,3440.00,18167.00,2.00,0.00,0.00,3.00,11.00,3440.00,0.00,1991.00,0.00,98023.00,47.29,-122.34,3990.00,20239.00
236400130.00,20150123T000000,239975.00,3.00,2.50,1820.00,7242.00,1.00,0.00,0.00,3.00,7.00,1220.00,600.00,1959.00,0.00,98188.00,47.43,-122.29,1350.00,8214.00
4141680190.00,20140807T000000,375000.00,3.00,2.50,2320.00,5760.00,1.00,0.00,0.00,3.00,7.00,1480.00,840.00,1987.00,0.00,98178.00,47.50,-122.25,1660.00,5762.00
3629980440.00,20150428T000000,742500.00,4.00,2.50,2620.00,4400.00,2.00,0.00,0.00,3.00,9.00,2620.00,0.00,2004.00,0.00,98029.00,47.55,-121.99,2640.00,4554.00
1223039173.00,20150429T000000,450000.00,4.00,1.75,2190.00,11625.00,1.00,0.00,0.00,4.00,8.00,2020.00,170.00,1956.00,0.00,98146.00,47.50,-122.36,1920.00,8855.00
2473000130.00,20140626T000000,300000.00,3.00,2.25,1780.00,10395.00,1.00,0.00,0.00,3.00,8.00,1780.00,0.00,1967.00,0.00,98058.00,47.45,-122.15,2080.00,9360.00
2893000280.00,20150501T000000,216600.00,3.00,1.75,2200.00,7700.00,1.00,0.00,0.00,3.00,7.00,1240.00,960.00,1975.00,0.00,98031.00,47.41,-122.18,1770.00,7360.00
7977201845.00,20140514T000000,525000.00,3.00,1.75,1600.00,6120.00,1.50,0.00,0.00,3.00,7.00,1600.00,0.00,1924.00,0.00,98115.00,47.68,-122.29,1670.00,4590.00
4197400005.00,20140620T000000,455000.00,4.00,2.25,2450.00,21000.00,1.00,0.00,2.00,4.00,8.00,1650.00,800.00,1954.00,0.00,98166.00,47.46,-122.34,1820.00,12480.00
5561200980.00,20141003T000000,390000.00,4.00,2.25,2680.00,35218.00,2.00,0.00,0.00,3.00,8.00,2680.00,0.00,1986.00,0.00,98027.00,47.46,-122.00,2980.00,35218.00
3039000020.00,20140916T000000,450000.00,3.00,1.75,1850.00,8667.00,1.00,0.00,0.00,4.00,7.00,880.00,970.00,1982.00,0.00,98033.00,47.70,-122.20,1450.00,10530.00
6840701100.00,20141202T000000,382000.00,4.00,1.00,1740.00,4400.00,1.50,0.00,0.00,3.00,7.00,1740.00,0.00,1924.00,0.00,98122.00,47.61,-122.30,1590.00,4400.00
2130410050.00,20140513T000000,287000.00,3.00,2.25,1490.00,9600.00,1.00,0.00,0.00,4.00,7.00,1170.00,320.00,1987.00,0.00,98019.00,47.74,-121.98,1590.00,10104.00
1924079091.00,20150113T000000,460000.00,4.00,2.00,1960.00,190357.00,1.00,0.00,3.00,2.00,8.00,1960.00,0.00,1971.00,0.00,98027.00,47.55,-121.96,2560.00,189100.00
3570300080.00,20141028T000000,435000.00,3.00,2.25,1380.00,3015.00,2.00,0.00,0.00,3.00,7.00,1380.00,0.00,2009.00,0.00,98052.00,47.68,-122.16,1930.00,3612.00
2321300351.00,20140612T000000,575000.00,2.00,1.00,1510.00,4032.00,1.50,0.00,0.00,3.00,8.00,1310.00,200.00,1935.00,0.00,98199.00,47.64,-122.39,1700.00,4042.00
2652501630.00,20150504T000000,626700.00,3.00,1.50,1410.00,3600.00,1.00,0.00,0.00,3.00,7.00,1410.00,0.00,1906.00,0.00,98109.00,47.64,-122.36,1370.00,3600.00
3810000020.00,20150318T000000,352000.00,4.00,1.50,1440.00,8680.00,1.50,0.00,0.00,3.00,7.00,1440.00,0.00,1922.00,0.00,98178.00,47.50,-122.23,1440.00,9000.00
8084400010.00,20150316T000000,650000.00,3.00,1.00,920.00,6750.00,1.00,0.00,0.00,4.00,7.00,920.00,0.00,1951.00,0.00,98004.00,47.63,-122.21,1460.00,8933.00
304000380.00,20141006T000000,197000.00,3.00,1.00,1090.00,17630.00,1.00,0.00,0.00,4.00,7.00,1090.00,0.00,1962.00,0.00,98002.00,47.29,-122.20,1300.00,12000.00
1873400020.00,20140703T000000,340000.00,8.00,2.75,2790.00,6695.00,1.00,0.00,0.00,3.00,7.00,1470.00,1320.00,1977.00,0.00,98133.00,47.76,-122.33,1760.00,7624.00
4359700080.00,20140721T000000,560000.00,3.00,2.00,1840.00,14985.00,1.00,0.00,0.00,3.00,7.00,1840.00,0.00,1968.00,0.00,98033.00,47.69,-122.16,2300.00,16067.00
1727500010.00,20150107T000000,354000.00,3.00,1.75,1340.00,6300.00,1.00,0.00,0.00,3.00,7.00,1340.00,0.00,1972.00,0.00,98034.00,47.72,-122.22,1780.00,7200.00
8651610680.00,20140801T000000,670000.00,4.00,2.50,2570.00,9086.00,2.00,0.00,0.00,3.00,9.00,2570.00,0.00,1999.00,0.00,98074.00,47.64,-122.06,2760.00,6733.00
3629970190.00,20150126T000000,769000.00,4.00,3.50,3010.00,6202.00,2.00,0.00,0.00,3.00,9.00,3010.00,0.00,2005.00,0.00,98029.00,47.55,-121.99,2520.00,5001.00
9136102057.00,20140905T000000,650000.00,4.00,2.50,2160.00,3139.00,1.00,0.00,0.00,3.00,7.00,1080.00,1080.00,1940.00,0.00,98103.00,47.67,-122.34,1650.00,3740.00
1266200130.00,20140615T000000,650000.00,3.00,1.75,2140.00,9484.00,1.00,0.00,0.00,3.00,7.00,1290.00,850.00,1953.00,0.00,98004.00,47.62,-122.19,1960.00,9630.00
2787310130.00,20141212T000000,289950.00,4.00,1.75,2090.00,7416.00,1.00,0.00,0.00,4.00,7.00,1050.00,1040.00,1970.00,0.00,98031.00,47.41,-122.18,1710.00,7527.00
8645511350.00,20141201T000000,300000.00,3.00,1.75,1810.00,21138.00,1.00,0.00,0.00,4.00,7.00,1240.00,570.00,1977.00,0.00,98058.00,47.47,-122.18,1850.00,12200.00
9284801435.00,20141203T000000,471000.00,4.00,1.75,1760.00,5750.00,1.00,0.00,2.00,5.00,7.00,1070.00,690.00,1962.00,0.00,98126.00,47.55,-122.37,1860.00,5750.00
3905010010.00,20140718T000000,639000.00,4.00,2.50,2500.00,8540.00,2.00,0.00,0.00,3.00,9.00,2500.00,0.00,1990.00,0.00,98029.00,47.58,-121.99,2560.00,8475.00
4058801310.00,20141009T000000,287000.00,2.00,1.00,930.00,6900.00,1.00,0.00,2.00,3.00,7.00,930.00,0.00,1952.00,0.00,98178.00,47.51,-122.24,1910.00,7194.00
6705850020.00,20150401T000000,740000.00,4.00,2.50,3030.00,8335.00,2.00,0.00,0.00,3.00,10.00,3030.00,0.00,1992.00,0.00,98075.00,47.58,-122.06,2850.00,8678.00
1623800440.00,20150417T000000,499922.00,3.00,2.00,1460.00,3000.00,1.00,0.00,0.00,4.00,7.00,940.00,520.00,1990.00,0.00,98117.00,47.68,-122.37,1460.00,3000.00
3904902500.00,20141219T000000,675000.00,4.00,2.50,2940.00,14071.00,2.00,0.00,0.00,3.00,9.00,2940.00,0.00,1986.00,0.00,98029.00,47.56,-122.02,2670.00,10982.00
7308600050.00,20140909T000000,738515.00,5.00,2.75,3360.00,9200.00,2.00,0.00,0.00,3.00,9.00,3360.00,0.00,2014.00,0.00,98011.00,47.78,-122.17,3360.00,9713.00
5679501310.00,20141030T000000,445000.00,3.00,1.75,2110.00,4800.00,1.00,0.00,0.00,3.00,8.00,1210.00,900.00,1956.00,0.00,98108.00,47.57,-122.32,1660.00,4800.00
3935900005.00,20150501T000000,1039000.00,4.00,2.25,2740.00,11343.00,1.00,0.00,2.00,5.00,10.00,1980.00,760.00,1953.00,0.00,98125.00,47.71,-122.28,2790.00,10027.00
3726800285.00,20141001T000000,346000.00,2.00,1.00,1070.00,2196.00,1.00,0.00,0.00,4.00,7.00,880.00,190.00,1917.00,0.00,98144.00,47.57,-122.31,1160.00,3600.00
1183000005.00,20150408T000000,450000.00,3.00,2.00,1680.00,4886.00,2.00,0.00,0.00,3.00,7.00,1180.00,500.00,1940.00,0.00,98118.00,47.55,-122.29,1400.00,4900.00
5469502780.00,20140812T000000,350000.00,4.00,2.50,2260.00,13755.00,1.00,0.00,0.00,4.00,9.00,2260.00,0.00,1975.00,0.00,98042.00,47.38,-122.16,2650.00,13650.00
9185700440.00,20140728T000000,2400000.00,4.00,3.50,5860.00,7200.00,2.00,0.00,0.00,5.00,10.00,3690.00,2170.00,1907.00,0.00,98112.00,47.63,-122.29,4150.00,7200.00
629600130.00,20140801T000000,594950.00,4.00,2.25,2380.00,35008.00,1.00,0.00,0.00,3.00,8.00,2380.00,0.00,1977.00,0.00,98075.00,47.58,-122.00,2250.00,34794.00
9178601660.00,20150514T000000,1695000.00,5.00,3.00,3320.00,5354.00,2.00,0.00,0.00,3.00,9.00,3320.00,0.00,2004.00,0.00,98103.00,47.65,-122.33,2330.00,4040.00
2191600780.00,20141010T000000,219000.00,2.00,1.00,1050.00,9000.00,1.50,0.00,0.00,4.00,7.00,1050.00,0.00,1984.00,0.00,98003.00,47.29,-122.30,1550.00,9600.00
7852180430.00,20150409T000000,450000.00,4.00,2.50,2070.00,3982.00,2.00,0.00,0.00,3.00,7.00,2070.00,0.00,2004.00,0.00,98065.00,47.53,-121.85,2340.00,4067.00
8155820080.00,20150415T000000,402000.00,4.00,2.25,1790.00,7311.00,2.00,0.00,0.00,3.00,7.00,1790.00,0.00,1992.00,0.00,98056.00,47.51,-122.19,1400.00,7203.00
5248800440.00,20150217T000000,275000.00,2.00,1.00,840.00,4000.00,1.00,0.00,0.00,3.00,6.00,840.00,0.00,1942.00,0.00,98108.00,47.55,-122.31,1100.00,4000.00
9818700430.00,20141001T000000,421500.00,3.00,1.50,990.00,4500.00,1.00,0.00,0.00,5.00,7.00,990.00,0.00,1948.00,0.00,98122.00,47.61,-122.30,1490.00,4000.00
425079099.00,20140507T000000,560000.00,3.00,3.00,4120.00,60392.00,2.00,0.00,2.00,3.00,9.00,3180.00,940.00,1994.00,0.00,98014.00,47.68,-121.91,2770.00,64033.00
5127000670.00,20150318T000000,314000.00,3.00,1.75,1620.00,9600.00,1.00,0.00,0.00,4.00,7.00,1620.00,0.00,1966.00,0.00,98059.00,47.47,-122.16,1660.00,10200.00
6341000221.00,20150423T000000,287000.00,4.00,2.00,1340.00,8190.00,1.00,0.00,0.00,4.00,7.00,1340.00,0.00,1942.00,0.00,98146.00,47.49,-122.34,1410.00,9721.00
7231501665.00,20150403T000000,277000.00,4.00,1.00,1500.00,5750.00,1.50,0.00,0.00,3.00,6.00,1500.00,0.00,1925.00,0.00,98055.00,47.48,-122.21,1330.00,5750.00
5014000225.00,20141222T000000,337500.00,2.00,1.00,1300.00,6731.00,1.00,0.00,0.00,3.00,7.00,1300.00,0.00,1950.00,0.00,98116.00,47.57,-122.40,1240.00,6731.00
4401200130.00,20140819T000000,792000.00,4.00,2.75,3100.00,10245.00,2.00,0.00,0.00,3.00,10.00,3100.00,0.00,1999.00,0.00,98052.00,47.69,-122.11,3140.00,9028.00
1558500050.00,20141113T000000,435000.00,3.00,2.50,3380.00,7074.00,2.00,0.00,0.00,3.00,8.00,2200.00,1180.00,1999.00,0.00,98019.00,47.75,-121.98,2060.00,6548.00
8899000050.00,20150325T000000,313100.00,4.00,2.50,2660.00,9030.00,1.00,0.00,0.00,4.00,7.00,1450.00,1210.00,1977.00,0.00,98055.00,47.46,-122.21,1870.00,9030.00
2877102846.00,20140625T000000,575000.00,3.00,2.25,1700.00,3333.00,1.50,0.00,0.00,3.00,7.00,1100.00,600.00,1924.00,0.00,98117.00,47.68,-122.36,1700.00,3750.00
7280300080.00,20150202T000000,510000.00,4.00,2.50,1840.00,7800.00,1.00,0.00,2.00,3.00,8.00,1240.00,600.00,1972.00,0.00,98177.00,47.78,-122.38,2010.00,9100.00
3624039073.00,20150319T000000,299950.00,2.00,1.00,890.00,5200.00,1.00,0.00,0.00,4.00,6.00,890.00,0.00,1941.00,0.00,98126.00,47.53,-122.37,950.00,5200.00
3271300345.00,20150323T000000,1028000.00,3.00,3.00,2800.00,5800.00,1.00,0.00,0.00,3.00,9.00,1580.00,1220.00,1953.00,2010.00,98199.00,47.65,-122.41,2580.00,5800.00
6190701483.00,20140514T000000,364000.00,4.00,1.75,2010.00,8625.00,1.00,0.00,0.00,4.00,7.00,1340.00,670.00,1957.00,0.00,98133.00,47.75,-122.36,1500.00,8400.00
414100630.00,20140729T000000,335000.00,3.00,1.00,1380.00,7470.00,1.00,0.00,0.00,5.00,7.00,1380.00,0.00,1965.00,0.00,98133.00,47.75,-122.34,1440.00,7473.00
7686202275.00,20141209T000000,219950.00,3.00,1.00,1210.00,8000.00,1.00,0.00,0.00,3.00,6.00,1210.00,0.00,1954.00,0.00,98198.00,47.42,-122.31,1430.00,8000.00
5113260170.00,20150113T000000,215000.00,3.00,2.00,1280.00,6994.00,1.00,0.00,0.00,3.00,7.00,1280.00,0.00,1991.00,0.00,98038.00,47.39,-122.05,1290.00,7514.00
2421059090.00,20150511T000000,640000.00,4.00,2.50,4090.00,215186.00,2.00,0.00,0.00,4.00,8.00,3670.00,420.00,1979.00,0.00,98092.00,47.30,-122.12,2430.00,142005.00
2770601734.00,20140630T000000,535000.00,3.00,1.00,1580.00,6300.00,1.00,0.00,0.00,3.00,7.00,1180.00,400.00,1925.00,0.00,98199.00,47.65,-122.38,1560.00,1601.00
4222310290.00,20140819T000000,253000.00,4.00,2.00,1910.00,7826.00,1.00,0.00,0.00,4.00,7.00,1140.00,770.00,1973.00,0.00,98003.00,47.35,-122.31,1540.00,7826.00
5016001060.00,20140530T000000,650000.00,2.00,2.50,1740.00,2500.00,2.00,0.00,2.00,3.00,8.00,1210.00,530.00,1994.00,0.00,98112.00,47.62,-122.30,1640.00,2500.00
5445300050.00,20150408T000000,672000.00,3.00,2.25,1130.00,4445.00,1.50,0.00,0.00,4.00,8.00,1130.00,0.00,1930.00,0.00,98117.00,47.68,-122.38,1330.00,4445.00
7370600020.00,20141007T000000,606000.00,3.00,1.75,1970.00,8540.00,1.00,0.00,3.00,4.00,8.00,1130.00,840.00,1950.00,0.00,98177.00,47.72,-122.37,2280.00,8540.00
5127000470.00,20150305T000000,292000.00,3.00,2.25,1780.00,9720.00,1.00,0.00,0.00,3.00,8.00,1280.00,500.00,1981.00,0.00,98059.00,47.48,-122.16,1710.00,9790.00
1330250010.00,20140604T000000,289950.00,3.00,2.00,1670.00,7757.00,1.00,0.00,0.00,3.00,8.00,1670.00,0.00,1992.00,0.00,98030.00,47.38,-122.21,2290.00,7859.00
1898600050.00,20140722T000000,257500.00,4.00,1.50,1360.00,9323.00,1.00,0.00,0.00,4.00,7.00,1360.00,0.00,1968.00,0.00,98023.00,47.32,-122.40,1180.00,9611.00
9561100010.00,20141104T000000,380000.00,3.00,2.50,1840.00,6985.00,1.00,0.00,0.00,3.00,7.00,1290.00,550.00,1971.00,0.00,98133.00,47.76,-122.34,2160.00,7990.00
9524100050.00,20141222T000000,360000.00,3.00,1.75,1255.00,1113.00,3.00,0.00,0.00,3.00,8.00,1255.00,0.00,2010.00,0.00,98103.00,47.70,-122.34,1010.00,1038.00
2212200500.00,20140623T000000,269500.00,3.00,1.75,1840.00,7412.00,1.00,0.00,0.00,4.00,7.00,1240.00,600.00,1976.00,0.00,98031.00,47.39,-122.19,1980.00,7350.00
5416500680.00,20140630T000000,449000.00,4.00,2.50,2960.00,6031.00,2.00,0.00,0.00,3.00,9.00,2960.00,0.00,2005.00,0.00,98038.00,47.36,-122.04,2570.00,5012.00
6412600005.00,20141003T000000,375000.00,4.00,1.50,1430.00,7232.00,1.50,0.00,0.00,3.00,7.00,1430.00,0.00,1948.00,0.00,98125.00,47.72,-122.33,1540.00,7232.00
2024069008.00,20140619T000000,2200000.00,5.00,4.75,5990.00,10450.00,2.00,1.00,4.00,3.00,11.00,4050.00,1940.00,2002.00,0.00,98027.00,47.56,-122.08,3330.00,14810.00
2195700050.00,20140519T000000,810000.00,4.00,2.50,3480.00,59242.00,2.00,0.00,0.00,3.00,11.00,3480.00,0.00,1988.00,0.00,98072.00,47.74,-122.10,2930.00,39400.00
1437580480.00,20140918T000000,994000.00,5.00,3.25,4260.00,7861.00,2.00,0.00,0.00,3.00,10.00,4260.00,0.00,2005.00,0.00,98074.00,47.61,-121.99,4020.00,7528.00
2796100680.00,20150225T000000,275000.00,5.00,2.25,1820.00,10500.00,1.00,0.00,0.00,4.00,7.00,1080.00,740.00,1979.00,0.00,98031.00,47.41,-122.18,1820.00,7500.00
7203102140.00,20150429T000000,300000.00,2.00,1.00,1290.00,2482.00,2.00,0.00,0.00,3.00,7.00,1290.00,0.00,2008.00,0.00,98053.00,47.70,-122.03,1290.00,2482.00
40000235.00,20150414T000000,380000.00,5.00,2.50,2130.00,8428.00,2.00,0.00,0.00,3.00,7.00,2130.00,0.00,2013.00,0.00,98168.00,47.47,-122.28,1500.00,11810.00
2946000285.00,20150302T000000,200000.00,3.00,2.00,1170.00,10051.00,1.00,0.00,0.00,4.00,7.00,1170.00,0.00,1957.00,0.00,98198.00,47.42,-122.32,1440.00,9800.00
6848200221.00,20140902T000000,635000.00,3.00,3.50,1730.00,1349.00,3.00,0.00,0.00,3.00,9.00,1350.00,380.00,2009.00,0.00,98102.00,47.62,-122.33,1830.00,3300.00
952004725.00,20141106T000000,280000.00,2.00,1.00,880.00,5750.00,1.00,0.00,0.00,3.00,6.00,880.00,0.00,1939.00,0.00,98126.00,47.56,-122.38,1190.00,5750.00
7852110050.00,20140625T000000,574000.00,3.00,2.50,2380.00,6832.00,2.00,0.00,0.00,3.00,8.00,2380.00,0.00,2002.00,0.00,98065.00,47.54,-121.88,2580.00,6832.00
5536100010.00,20150204T000000,1050000.00,4.00,1.00,1330.00,9729.00,1.00,0.00,0.00,3.00,6.00,1330.00,0.00,1952.00,0.00,98004.00,47.62,-122.21,2920.00,10353.00
5703000050.00,20140508T000000,545000.00,3.00,2.25,1780.00,191228.00,2.00,0.00,2.00,3.00,8.00,1780.00,0.00,1988.00,0.00,98045.00,47.46,-121.75,2440.00,87120.00
6071800480.00,20150327T000000,271950.00,3.00,1.50,1220.00,8400.00,1.00,0.00,0.00,4.00,7.00,1220.00,0.00,1962.00,0.00,98006.00,47.55,-122.17,2110.00,9119.00
1954600050.00,20140716T000000,630000.00,5.00,1.75,2490.00,24969.00,1.00,0.00,2.00,4.00,8.00,1540.00,950.00,1959.00,0.00,98023.00,47.34,-122.35,2790.00,15600.00
3819800280.00,20140819T000000,400000.00,2.00,1.00,1180.00,10800.00,1.00,0.00,0.00,3.00,7.00,1180.00,0.00,1984.00,0.00,98011.00,47.73,-122.24,1600.00,10800.00
7300400170.00,20140910T000000,334000.00,4.00,2.50,2310.00,6200.00,2.00,0.00,0.00,3.00,8.00,2310.00,0.00,1998.00,0.00,98092.00,47.33,-122.17,2480.00,6200.00
9834201100.00,20141222T000000,332500.00,4.00,2.00,1440.00,4855.00,2.00,0.00,0.00,4.00,7.00,1440.00,0.00,1972.00,0.00,98144.00,47.57,-122.29,1300.00,4080.00
8850000509.00,20140923T000000,525000.00,2.00,1.50,1620.00,1444.00,2.00,0.00,0.00,3.00,9.00,1080.00,540.00,2007.00,0.00,98144.00,47.59,-122.31,1660.00,1642.00
4123840470.00,20150224T000000,408000.00,3.00,2.50,2620.00,8403.00,2.00,0.00,0.00,3.00,8.00,2620.00,0.00,1991.00,0.00,98038.00,47.37,-122.04,2190.00,7842.00
1150900080.00,20150427T000000,846450.00,4.00,2.50,3710.00,7491.00,2.00,0.00,0.00,3.00,9.00,3710.00,0.00,2003.00,0.00,98029.00,47.56,-122.02,3040.00,7491.00
514500235.00,20141020T000000,411100.00,3.00,1.50,1040.00,10323.00,1.00,0.00,0.00,4.00,7.00,1040.00,0.00,1958.00,0.00,98005.00,47.59,-122.16,1580.00,7200.00
1522059120.00,20140709T000000,409124.00,5.00,3.25,3320.00,11340.00,2.00,0.00,0.00,4.00,8.00,2480.00,840.00,1999.00,0.00,98042.00,47.39,-122.15,2330.00,8339.00
2895600680.00,20140707T000000,335950.00,2.00,1.50,800.00,5192.00,1.00,0.00,0.00,5.00,7.00,800.00,0.00,1951.00,0.00,98146.00,47.51,-122.39,1190.00,5320.00
8087800480.00,20150331T000000,480000.00,5.00,2.50,2040.00,9597.00,1.00,0.00,0.00,4.00,7.00,1240.00,800.00,1963.00,0.00,98052.00,47.65,-122.13,1800.00,8553.00
7931000066.00,20141224T000000,280000.00,2.00,1.75,1960.00,30144.00,1.00,0.00,0.00,3.00,7.00,980.00,980.00,1957.00,0.00,98031.00,47.42,-122.21,1960.00,10140.00
5406500480.00,20140721T000000,668000.00,4.00,2.50,2670.00,4410.00,2.00,0.00,0.00,3.00,8.00,2670.00,0.00,1999.00,0.00,98075.00,47.60,-122.04,2670.00,4410.00
2540820010.00,20150427T000000,750000.00,4.00,2.50,2930.00,8641.00,2.00,0.00,0.00,3.00,8.00,2930.00,0.00,2010.00,0.00,98034.00,47.72,-122.25,2120.00,11175.00
3300700470.00,20140514T000000,394475.00,2.00,1.00,830.00,4000.00,1.00,0.00,0.00,3.00,6.00,830.00,0.00,1955.00,0.00,98117.00,47.69,-122.38,950.00,4000.00
8823902005.00,20150326T000000,848000.00,5.00,1.75,2290.00,4320.00,2.00,0.00,0.00,3.00,7.00,1980.00,310.00,1928.00,0.00,98105.00,47.66,-122.31,2870.00,4320.00
6003001760.00,20140924T000000,675000.00,3.00,1.50,2510.00,3600.00,2.50,0.00,0.00,4.00,8.00,2510.00,0.00,1907.00,0.00,98112.00,47.62,-122.31,1740.00,1885.00
1432400095.00,20141106T000000,175000.00,3.00,1.00,1280.00,7572.00,1.00,0.00,0.00,4.00,6.00,1280.00,0.00,1958.00,0.00,98058.00,47.45,-122.18,1170.00,7667.00
2483700095.00,20141106T000000,560000.00,4.00,1.50,1810.00,6000.00,1.00,0.00,1.00,3.00,8.00,1350.00,460.00,1952.00,0.00,98136.00,47.52,-122.39,2020.00,6000.00
6600220380.00,20140531T000000,538888.00,5.00,2.75,2080.00,13189.00,2.00,0.00,0.00,3.00,8.00,2080.00,0.00,1987.00,0.00,98074.00,47.63,-122.03,2030.00,11847.00
3990200020.00,20140908T000000,359000.00,4.00,1.75,1680.00,9244.00,2.00,0.00,0.00,3.00,8.00,1680.00,0.00,1991.00,0.00,98166.00,47.46,-122.35,1840.00,9387.00
112900020.00,20140701T000000,300000.00,3.00,2.25,1660.00,5128.00,2.00,0.00,0.00,3.00,7.00,1660.00,0.00,2001.00,0.00,98019.00,47.74,-121.97,1680.00,4652.00
8700110020.00,20140917T000000,273000.00,3.00,2.50,1650.00,5994.00,2.00,0.00,0.00,4.00,7.00,1650.00,0.00,1989.00,0.00,98030.00,47.36,-122.19,1930.00,6666.00
9831200221.00,20140710T000000,670000.00,3.00,2.50,1420.00,1438.00,2.00,0.00,0.00,3.00,9.00,1280.00,140.00,2003.00,0.00,98102.00,47.63,-122.32,1490.00,1439.00
8078400010.00,20141118T000000,530000.00,4.00,2.25,2240.00,8376.00,1.00,0.00,0.00,3.00,8.00,1740.00,500.00,1984.00,0.00,98074.00,47.63,-122.03,1890.00,7875.00
9550200225.00,20140711T000000,625000.00,3.00,1.50,1230.00,3060.00,1.00,0.00,0.00,3.00,7.00,910.00,320.00,1927.00,0.00,98103.00,47.67,-122.33,1260.00,4488.00
2946001950.00,20150505T000000,248000.00,3.00,1.00,1260.00,6000.00,1.00,0.00,0.00,4.00,6.00,1260.00,0.00,1954.00,0.00,98198.00,47.42,-122.32,1520.00,6600.00
3905050280.00,20140819T000000,533000.00,3.00,2.50,2060.00,4812.00,2.00,0.00,0.00,3.00,8.00,2060.00,0.00,1990.00,0.00,98029.00,47.58,-122.00,1930.00,5264.00
3026059341.00,20141211T000000,549950.00,4.00,3.50,3090.00,10510.00,1.00,0.00,0.00,3.00,8.00,2190.00,900.00,1991.00,0.00,98034.00,47.72,-122.21,2200.00,7408.00
7292700005.00,20141014T000000,485000.00,4.00,1.75,3220.00,7392.00,1.00,0.00,0.00,4.00,8.00,2010.00,1210.00,1959.00,0.00,98177.00,47.77,-122.36,1660.00,8363.00
8856970440.00,20150506T000000,353500.00,3.00,2.50,2020.00,4845.00,2.00,0.00,0.00,3.00,7.00,2020.00,0.00,2001.00,0.00,98038.00,47.38,-122.03,1930.00,5134.00
7504001440.00,20140915T000000,435000.00,2.00,1.75,1910.00,12142.00,1.00,0.00,0.00,3.00,9.00,1910.00,0.00,1976.00,0.00,98074.00,47.63,-122.05,2580.00,12326.00
8068000305.00,20141104T000000,241000.00,3.00,1.00,1150.00,10000.00,1.00,0.00,0.00,3.00,6.00,1000.00,150.00,1951.00,0.00,98178.00,47.51,-122.26,1340.00,10000.00
1681400010.00,20140519T000000,885000.00,4.00,2.75,2730.00,3560.00,1.50,0.00,0.00,3.00,8.00,1550.00,1180.00,1921.00,2007.00,98115.00,47.67,-122.30,1860.00,3560.00
6850700670.00,20140513T000000,799200.00,6.00,3.00,2890.00,2370.00,2.50,0.00,0.00,3.00,7.00,2290.00,600.00,1906.00,0.00,98102.00,47.62,-122.32,2180.00,2460.00
1546600020.00,20150114T000000,760000.00,3.00,2.50,2280.00,12746.00,1.00,0.00,0.00,4.00,8.00,1490.00,790.00,1973.00,0.00,98005.00,47.64,-122.18,2100.00,12746.00
8071000050.00,20141113T000000,270000.00,2.00,1.00,1040.00,5700.00,1.00,0.00,0.00,3.00,6.00,1040.00,0.00,1922.00,0.00,98118.00,47.52,-122.26,1380.00,5700.00
1036000280.00,20150217T000000,675000.00,4.00,1.75,2440.00,7475.00,1.00,0.00,0.00,4.00,9.00,2040.00,400.00,1969.00,0.00,98052.00,47.63,-122.10,2040.00,8480.00
5422560380.00,20141222T000000,499000.00,3.00,2.50,1720.00,5940.00,1.00,0.00,0.00,4.00,8.00,1000.00,720.00,1977.00,0.00,98052.00,47.66,-122.13,1720.00,6136.00
1762600280.00,20140714T000000,1202500.00,3.00,2.50,3430.00,28718.00,1.50,0.00,0.00,3.00,10.00,3430.00,0.00,1984.00,0.00,98033.00,47.65,-122.18,3440.00,35021.00
5416500840.00,20140627T000000,320000.00,4.00,2.50,2570.00,4865.00,2.00,0.00,0.00,3.00,8.00,2570.00,0.00,2005.00,0.00,98038.00,47.36,-122.04,2570.00,4933.00
3523069008.00,20150505T000000,890000.00,4.00,3.25,4360.00,210254.00,1.00,0.00,0.00,3.00,10.00,2320.00,2040.00,2000.00,0.00,98038.00,47.44,-122.01,2410.00,87120.00
8001210170.00,20140822T000000,275000.00,4.00,2.75,2060.00,7350.00,1.00,0.00,0.00,3.00,7.00,1210.00,850.00,1978.00,0.00,98001.00,47.34,-122.28,1940.00,7420.00
6806300920.00,20140610T000000,490000.00,4.00,2.50,3020.00,8302.00,2.00,0.00,0.00,4.00,10.00,3020.00,0.00,1994.00,0.00,98042.00,47.36,-122.13,3020.00,8406.00
9826701665.00,20140725T000000,550000.00,3.00,2.50,2340.00,4200.00,1.50,0.00,0.00,3.00,7.00,1540.00,800.00,1906.00,0.00,98122.00,47.60,-122.30,1590.00,4200.00
2253200010.00,20150507T000000,390000.00,5.00,2.00,2400.00,9537.00,1.00,0.00,0.00,5.00,7.00,1210.00,1190.00,1959.00,0.00,98056.00,47.51,-122.19,1760.00,9533.00
1941400080.00,20141020T000000,277000.00,3.00,2.25,1610.00,11920.00,1.00,0.00,0.00,4.00,7.00,1110.00,500.00,1968.00,0.00,98032.00,47.37,-122.28,1690.00,11839.00
3317010130.00,20150317T000000,236000.00,3.00,1.75,1090.00,7647.00,1.00,0.00,0.00,3.00,7.00,1090.00,0.00,1994.00,0.00,98003.00,47.26,-122.30,1660.00,9219.00
1721059230.00,20150304T000000,265953.00,3.00,1.75,1470.00,13068.00,1.00,0.00,0.00,4.00,7.00,1470.00,0.00,1975.00,0.00,98092.00,47.31,-122.20,2090.00,16988.00
9328500630.00,20150302T000000,545000.00,3.00,2.25,1670.00,6240.00,1.00,0.00,0.00,4.00,8.00,1240.00,430.00,1974.00,0.00,98008.00,47.64,-122.11,1910.00,7000.00
6301800020.00,20140506T000000,535000.00,3.00,2.50,1850.00,10109.00,2.00,0.00,0.00,3.00,8.00,1850.00,0.00,1991.00,0.00,98034.00,47.72,-122.23,1780.00,9660.00
7855000460.00,20141007T000000,1450000.00,3.00,2.75,3940.00,9671.00,1.00,0.00,4.00,5.00,9.00,2140.00,1800.00,1967.00,0.00,98006.00,47.57,-122.16,3390.00,9360.00
9320350020.00,20140630T000000,490000.00,4.00,3.00,2330.00,3497.00,2.00,0.00,0.00,3.00,9.00,1920.00,410.00,2003.00,0.00,98108.00,47.55,-122.31,2330.00,5242.00
7849201061.00,20150408T000000,319950.00,4.00,2.50,2020.00,7200.00,1.50,0.00,0.00,4.00,6.00,2020.00,0.00,1954.00,0.00,98065.00,47.52,-121.82,1440.00,7200.00
3885805640.00,20140704T000000,625000.00,3.00,1.50,1300.00,7200.00,1.00,0.00,0.00,5.00,7.00,1300.00,0.00,1960.00,0.00,98033.00,47.68,-122.20,2280.00,7200.00
8960200630.00,20150220T000000,248000.00,3.00,1.00,1180.00,6947.00,1.00,0.00,0.00,4.00,7.00,1180.00,0.00,1968.00,0.00,98031.00,47.42,-122.18,1760.00,8657.00
1736800920.00,20150421T000000,475000.00,3.00,1.75,1320.00,7840.00,1.00,0.00,0.00,3.00,8.00,1320.00,0.00,1966.00,0.00,98007.00,47.60,-122.14,2050.00,7644.00
6152900402.00,20140619T000000,410000.00,6.00,2.75,2520.00,9324.00,1.00,0.00,0.00,4.00,7.00,1320.00,1200.00,1962.00,0.00,98155.00,47.76,-122.29,1820.00,11000.00
9822700255.00,20140505T000000,670000.00,3.00,2.50,1680.00,2000.00,3.00,0.00,0.00,3.00,9.00,1680.00,0.00,1909.00,1998.00,98105.00,47.66,-122.29,1950.00,5000.00
1423069102.00,20150331T000000,430000.00,3.00,2.50,2000.00,35438.00,2.00,0.00,0.00,3.00,7.00,2000.00,0.00,1968.00,2005.00,98027.00,47.47,-121.99,2000.00,51836.00
5279100675.00,20141028T000000,313000.00,2.00,1.00,1180.00,4900.00,1.00,0.00,0.00,5.00,6.00,1180.00,0.00,1954.00,0.00,98027.00,47.53,-122.03,1650.00,7121.00
2524049056.00,20140714T000000,950000.00,3.00,3.25,3330.00,15093.00,2.50,0.00,0.00,3.00,9.00,3330.00,0.00,1988.00,0.00,98040.00,47.54,-122.24,4340.00,20031.00
4232400470.00,20140527T000000,751750.00,2.00,2.00,1880.00,5400.00,1.50,0.00,0.00,3.00,8.00,1880.00,0.00,1902.00,0.00,98112.00,47.62,-122.31,1590.00,5400.00
8562740440.00,20140909T000000,760000.00,4.00,2.50,2990.00,5280.00,2.00,0.00,0.00,3.00,9.00,2210.00,780.00,2003.00,0.00,98027.00,47.54,-122.07,2990.00,6299.00
8114000020.00,20150128T000000,310650.00,3.00,1.75,1510.00,12408.00,1.00,0.00,0.00,4.00,7.00,1510.00,0.00,1969.00,0.00,98059.00,47.51,-122.14,1480.00,17800.00
6600780130.00,20140502T000000,367500.00,4.00,3.00,3110.00,7231.00,2.00,0.00,0.00,3.00,8.00,3110.00,0.00,1997.00,0.00,98092.00,47.33,-122.19,2820.00,7311.00
5100403947.00,20140804T000000,580000.00,4.00,2.50,2150.00,5000.00,2.00,0.00,0.00,3.00,8.00,2150.00,0.00,2001.00,0.00,98115.00,47.70,-122.31,2030.00,6380.00
1189000825.00,20140702T000000,580000.00,3.00,2.25,1900.00,3960.00,1.50,0.00,0.00,3.00,8.00,1200.00,700.00,1905.00,0.00,98122.00,47.61,-122.30,1310.00,3960.00
3066400080.00,20140602T000000,665000.00,4.00,2.50,2720.00,10000.00,2.00,0.00,0.00,3.00,10.00,2720.00,0.00,1987.00,0.00,98074.00,47.63,-122.05,2720.00,10020.00
2214800630.00,20141105T000000,239950.00,3.00,2.25,1560.00,8280.00,2.00,0.00,0.00,4.00,7.00,1560.00,0.00,1979.00,0.00,98001.00,47.34,-122.26,1920.00,8120.00
4027701253.00,20140813T000000,470000.00,4.00,2.50,1990.00,30083.00,2.00,0.00,0.00,3.00,8.00,1990.00,0.00,1998.00,0.00,98155.00,47.77,-122.27,2220.00,11627.00
9547205260.00,20140815T000000,733000.00,3.00,1.75,1740.00,3060.00,1.00,0.00,0.00,5.00,8.00,950.00,790.00,1930.00,2014.00,98115.00,47.68,-122.31,1800.00,3960.00
9320600020.00,20150130T000000,250000.00,4.00,2.00,2130.00,8400.00,1.00,0.00,0.00,3.00,7.00,1350.00,780.00,1962.00,0.00,98031.00,47.41,-122.21,1550.00,8596.00
2807100095.00,20140908T000000,402000.00,4.00,1.75,1510.00,9176.00,1.00,0.00,0.00,5.00,7.00,1510.00,0.00,1957.00,0.00,98133.00,47.77,-122.34,1480.00,9176.00
8067000020.00,20140611T000000,295000.00,5.00,3.50,2100.00,5107.00,2.00,0.00,0.00,3.00,7.00,1410.00,690.00,1999.00,0.00,98178.00,47.51,-122.26,1410.00,5650.00
8731980440.00,20141016T000000,355000.00,5.00,2.50,2344.00,8000.00,1.00,0.00,0.00,4.00,8.00,1560.00,784.00,1976.00,0.00,98023.00,47.32,-122.38,2344.00,8000.00
5112800233.00,20140909T000000,289000.00,3.00,1.50,1970.00,22486.00,1.00,0.00,0.00,4.00,6.00,1970.00,0.00,1968.00,0.00,98058.00,47.45,-122.09,1850.00,20160.00
6141600179.00,20141112T000000,376000.00,3.00,2.25,1470.00,9140.00,2.00,0.00,2.00,3.00,7.00,1470.00,0.00,1982.00,0.00,98133.00,47.72,-122.35,1400.00,8204.00
8122100595.00,20140627T000000,212700.00,2.00,1.00,940.00,5040.00,1.00,0.00,0.00,3.00,7.00,940.00,0.00,1926.00,0.00,98126.00,47.54,-122.37,940.00,5040.00
5467910190.00,20140527T000000,325000.00,3.00,1.75,1780.00,13095.00,1.00,0.00,0.00,4.00,9.00,1780.00,0.00,1983.00,0.00,98042.00,47.37,-122.15,2750.00,13095.00
808300460.00,20140811T000000,415000.00,4.00,2.50,2230.00,5743.00,2.00,0.00,0.00,3.00,7.00,2230.00,0.00,2002.00,0.00,98019.00,47.72,-121.96,2490.00,6300.00
7785350010.00,20150402T000000,935000.00,3.00,2.50,3570.00,15151.00,1.00,0.00,0.00,4.00,8.00,2400.00,1170.00,1981.00,0.00,98177.00,47.75,-122.36,3140.00,14375.00
2133020020.00,20150116T000000,372000.00,3.00,2.50,1920.00,15260.00,2.00,0.00,0.00,3.00,7.00,1920.00,0.00,1990.00,0.00,98019.00,47.73,-121.96,2370.00,15235.00
2588800006.00,20141021T000000,240000.00,3.00,1.50,1290.00,8366.00,1.00,0.00,0.00,3.00,7.00,1020.00,270.00,1957.00,0.00,98168.00,47.49,-122.32,1770.00,8400.00
5169700022.00,20140915T000000,334950.00,3.00,1.75,1880.00,16262.00,1.00,0.00,0.00,5.00,7.00,1880.00,0.00,1980.00,0.00,98059.00,47.51,-122.16,1900.00,7972.00
5416500660.00,20150430T000000,426500.00,4.00,2.50,2960.00,4640.00,2.00,0.00,0.00,3.00,9.00,2960.00,0.00,2005.00,0.00,98038.00,47.36,-122.04,2750.00,4623.00
6117502745.00,20150224T000000,430000.00,2.00,1.75,1840.00,14874.00,1.00,0.00,2.00,3.00,8.00,1300.00,540.00,1952.00,0.00,98166.00,47.44,-122.35,2920.00,15084.00
2624049169.00,20141211T000000,400000.00,3.00,1.50,1890.00,6183.00,1.00,0.00,0.00,3.00,7.00,1090.00,800.00,1967.00,0.00,98118.00,47.54,-122.27,1750.00,6183.00
1426300842.00,20150428T000000,455850.00,3.00,2.25,1820.00,6000.00,1.00,0.00,0.00,4.00,7.00,1120.00,700.00,1964.00,0.00,98108.00,47.57,-122.30,1970.00,6232.00
824059321.00,20140602T000000,1965220.00,4.00,3.50,4370.00,8510.00,2.00,0.00,1.00,3.00,10.00,3610.00,760.00,2003.00,0.00,98004.00,47.59,-122.20,2960.00,10347.00
126049217.00,20140604T000000,400000.00,3.00,1.75,1530.00,10731.00,1.00,0.00,0.00,3.00,7.00,1530.00,0.00,1986.00,0.00,98028.00,47.77,-122.24,2100.00,12593.00
2201500185.00,20140808T000000,397500.00,3.00,1.00,1030.00,10480.00,1.00,0.00,0.00,4.00,7.00,1030.00,0.00,1954.00,0.00,98006.00,47.57,-122.14,1480.00,12200.00
1972205790.00,20141211T000000,755000.00,3.00,2.50,2000.00,1950.00,3.00,0.00,0.00,3.00,8.00,2000.00,0.00,2005.00,0.00,98109.00,47.65,-122.36,1560.00,1340.00
6843000080.00,20140709T000000,287000.00,5.00,1.50,1730.00,9230.00,1.00,0.00,0.00,3.00,7.00,1010.00,720.00,1962.00,0.00,98058.00,47.46,-122.18,1730.00,9230.00
1442700250.00,20140716T000000,480000.00,4.00,2.50,3620.00,16000.00,2.00,0.00,0.00,3.00,9.00,3620.00,0.00,1976.00,0.00,98038.00,47.37,-122.06,2590.00,16000.00
2607760680.00,20150416T000000,490000.00,3.00,2.50,2040.00,9622.00,2.00,0.00,0.00,3.00,8.00,2040.00,0.00,1995.00,0.00,98045.00,47.48,-121.80,2390.00,9868.00
3523059056.00,20140618T000000,365000.00,3.00,2.50,2640.00,6715.00,2.00,0.00,0.00,3.00,8.00,1680.00,960.00,1991.00,0.00,98058.00,47.44,-122.13,2260.00,7373.00
1657530010.00,20150224T000000,260000.00,3.00,2.50,1600.00,2244.00,2.00,0.00,0.00,3.00,7.00,1600.00,0.00,2005.00,0.00,98056.00,47.49,-122.16,1600.00,1700.00
7276100020.00,20150414T000000,505000.00,4.00,1.00,1480.00,12675.00,1.50,0.00,0.00,4.00,7.00,1480.00,0.00,1929.00,0.00,98133.00,47.76,-122.34,1820.00,7995.00
9828200460.00,20140627T000000,260000.00,2.00,1.00,700.00,4800.00,1.00,0.00,0.00,3.00,7.00,700.00,0.00,1922.00,0.00,98122.00,47.61,-122.30,1440.00,4800.00
9828200460.00,20150106T000000,430000.00,2.00,1.00,700.00,4800.00,1.00,0.00,0.00,3.00,7.00,700.00,0.00,1922.00,0.00,98122.00,47.61,-122.30,1440.00,4800.00
5608000840.00,20140724T000000,905000.00,4.00,2.50,3520.00,12193.00,2.00,0.00,0.00,4.00,10.00,3520.00,0.00,1993.00,0.00,98027.00,47.55,-122.10,3470.00,11318.00
5422560470.00,20141203T000000,440000.00,3.00,2.00,1650.00,6408.00,2.00,0.00,0.00,4.00,8.00,1650.00,0.00,1977.00,0.00,98052.00,47.66,-122.13,1750.00,6402.00
446000020.00,20140913T000000,439500.00,4.00,1.00,1360.00,5500.00,1.50,0.00,0.00,3.00,7.00,1360.00,0.00,1950.00,0.00,98115.00,47.69,-122.29,1530.00,5790.00
9476200545.00,20150127T000000,270000.00,3.00,2.00,1350.00,6696.00,1.00,0.00,0.00,5.00,6.00,680.00,670.00,1944.00,0.00,98056.00,47.49,-122.19,1350.00,6700.00
8648100130.00,20150429T000000,306500.00,3.00,2.50,1970.00,6291.00,2.00,0.00,0.00,4.00,7.00,1970.00,0.00,1998.00,0.00,98042.00,47.36,-122.07,1980.00,8852.00
9358002232.00,20141019T000000,380000.00,3.00,2.00,1470.00,1656.00,2.00,0.00,0.00,3.00,8.00,1310.00,160.00,2003.00,0.00,98126.00,47.57,-122.37,1470.00,2288.00
2212900920.00,20140722T000000,215000.00,4.00,1.75,1610.00,9652.00,1.00,0.00,0.00,5.00,7.00,1610.00,0.00,1969.00,0.00,98042.00,47.33,-122.14,1220.00,9800.00
6149700380.00,20150206T000000,299900.00,2.00,1.00,810.00,6150.00,1.00,0.00,0.00,3.00,7.00,810.00,0.00,1950.00,0.00,98133.00,47.73,-122.34,1080.00,7200.00
4340000080.00,20150327T000000,1450000.00,4.00,3.50,2820.00,7809.00,2.00,0.00,0.00,3.00,10.00,2820.00,0.00,1995.00,0.00,98004.00,47.62,-122.20,2630.00,7904.00
3751605432.00,20140513T000000,239950.00,3.00,1.00,1900.00,33888.00,1.50,0.00,0.00,4.00,5.00,1900.00,0.00,1942.00,0.00,98001.00,47.27,-122.27,1430.00,19200.00
6384300020.00,20140623T000000,494000.00,4.00,2.50,1830.00,7345.00,1.00,0.00,0.00,4.00,8.00,1540.00,290.00,1973.00,0.00,98177.00,47.77,-122.37,1990.00,7700.00
3450300430.00,20150105T000000,317500.00,4.00,1.50,1730.00,7700.00,1.00,0.00,0.00,4.00,7.00,1010.00,720.00,1963.00,0.00,98059.00,47.50,-122.16,1650.00,8066.00
1245001763.00,20150303T000000,670000.00,4.00,2.50,2110.00,7291.00,2.00,0.00,0.00,4.00,7.00,2110.00,0.00,1977.00,0.00,98033.00,47.69,-122.20,2350.00,8625.00
7853240660.00,20140820T000000,650000.00,3.00,2.50,3060.00,7831.00,2.00,0.00,2.00,3.00,9.00,3060.00,0.00,2004.00,0.00,98065.00,47.54,-121.86,3140.00,7438.00
3723800414.00,20150320T000000,852000.00,4.00,2.50,2620.00,7328.00,2.00,0.00,0.00,3.00,8.00,2620.00,0.00,1983.00,0.00,98118.00,47.55,-122.26,1670.00,5080.00
5104500020.00,20140617T000000,250000.00,2.00,1.50,1088.00,1360.00,2.00,0.00,0.00,3.00,7.00,1088.00,0.00,1983.00,0.00,98034.00,47.71,-122.21,1098.00,1469.00
5438000080.00,20141210T000000,264950.00,3.00,1.50,1400.00,10853.00,1.00,0.00,0.00,4.00,7.00,1400.00,0.00,1964.00,0.00,98055.00,47.44,-122.19,1620.00,10849.00
9498200091.00,20140925T000000,582500.00,2.00,2.00,1540.00,6804.00,1.00,0.00,0.00,5.00,7.00,1020.00,520.00,1942.00,0.00,98177.00,47.70,-122.37,1380.00,6930.00
1498301213.00,20150311T000000,384000.00,3.00,2.50,1540.00,1564.00,2.00,0.00,0.00,3.00,7.00,1300.00,240.00,1998.00,0.00,98144.00,47.59,-122.31,1540.00,2875.00
2652500285.00,20141028T000000,817000.00,3.00,1.50,2310.00,3360.00,1.50,0.00,0.00,3.00,8.00,1790.00,520.00,1926.00,0.00,98119.00,47.64,-122.36,1930.00,4320.00
5127000430.00,20141201T000000,320000.00,4.00,1.75,1730.00,9520.00,1.00,0.00,0.00,4.00,7.00,1730.00,0.00,1971.00,0.00,98059.00,47.48,-122.16,1550.00,11211.00
4017110020.00,20140630T000000,445800.00,4.00,2.25,2070.00,39446.00,1.00,0.00,0.00,3.00,8.00,1470.00,600.00,1977.00,0.00,98155.00,47.78,-122.28,2140.00,12043.00
3336001946.00,20150307T000000,263300.00,2.00,1.00,900.00,4500.00,1.00,0.00,0.00,3.00,7.00,900.00,0.00,1951.00,0.00,98118.00,47.53,-122.27,1175.00,5320.00
5253300387.00,20150128T000000,215000.00,3.00,1.00,860.00,6635.00,1.00,0.00,0.00,3.00,6.00,860.00,0.00,1952.00,0.00,98133.00,47.75,-122.34,1170.00,8000.00
9222400605.00,20141115T000000,842500.00,5.00,4.00,2980.00,4500.00,1.50,0.00,0.00,3.00,7.00,2070.00,910.00,1921.00,0.00,98115.00,47.67,-122.32,1560.00,4225.00
9222400605.00,20150411T000000,850000.00,5.00,4.00,2980.00,4500.00,1.50,0.00,0.00,3.00,7.00,2070.00,910.00,1921.00,0.00,98115.00,47.67,-122.32,1560.00,4225.00
2163300130.00,20141001T000000,386000.00,5.00,2.50,2740.00,12413.00,2.00,0.00,0.00,3.00,7.00,2740.00,0.00,1990.00,0.00,98031.00,47.42,-122.18,1900.00,7416.00
8662500130.00,20141209T000000,251100.00,4.00,2.50,1790.00,5257.00,2.00,0.00,0.00,3.00,7.00,1790.00,0.00,1996.00,0.00,98030.00,47.38,-122.20,1680.00,5320.00
1770000130.00,20141126T000000,435000.00,3.00,1.75,1750.00,16748.00,1.00,0.00,0.00,3.00,7.00,1330.00,420.00,1978.00,0.00,98072.00,47.74,-122.09,1750.00,16050.00
1888120080.00,20140922T000000,870000.00,4.00,4.00,3610.00,12811.00,2.00,0.00,0.00,3.00,10.00,3610.00,0.00,2000.00,0.00,98075.00,47.58,-121.99,3530.00,11783.00
862000020.00,20150206T000000,800000.00,6.00,1.00,1430.00,20620.00,2.00,0.00,0.00,3.00,7.00,1430.00,0.00,1954.00,0.00,98004.00,47.63,-122.21,2450.00,10080.00
7199100020.00,20140714T000000,555000.00,3.00,1.75,1570.00,15500.00,1.00,0.00,0.00,4.00,7.00,1570.00,0.00,1968.00,0.00,98052.00,47.69,-122.12,1610.00,7500.00
9169600275.00,20140723T000000,280000.00,2.00,1.00,2280.00,37500.00,2.00,0.00,0.00,3.00,7.00,2280.00,0.00,1932.00,0.00,98136.00,47.53,-122.39,2360.00,6000.00
2767601815.00,20150317T000000,356000.00,3.00,1.00,940.00,2366.00,1.00,0.00,0.00,3.00,6.00,940.00,0.00,1916.00,0.00,98107.00,47.67,-122.38,1500.00,5000.00
7853221330.00,20141203T000000,675000.00,4.00,2.50,2920.00,6000.00,2.00,0.00,4.00,3.00,9.00,2920.00,0.00,2004.00,0.00,98065.00,47.53,-121.86,3100.00,6001.00
7504010780.00,20141226T000000,605000.00,4.00,2.25,2260.00,11900.00,2.00,0.00,0.00,3.00,9.00,2260.00,0.00,1976.00,0.00,98074.00,47.64,-122.06,2470.00,11900.00
5015000190.00,20140625T000000,690500.00,5.00,2.00,2000.00,4211.00,1.50,0.00,2.00,4.00,7.00,1280.00,720.00,1908.00,0.00,98112.00,47.63,-122.30,1680.00,4000.00
8682260470.00,20140619T000000,437000.00,2.00,1.75,1440.00,4225.00,1.00,0.00,0.00,3.00,8.00,1440.00,0.00,2005.00,0.00,98053.00,47.71,-122.03,1680.00,6200.00
4122700020.00,20140710T000000,850000.00,5.00,2.00,2310.00,13430.00,1.50,0.00,0.00,4.00,8.00,2310.00,0.00,1966.00,0.00,98004.00,47.64,-122.20,2810.00,13906.00
8850000285.00,20140612T000000,350000.00,4.00,2.25,2300.00,4600.00,1.50,0.00,0.00,4.00,7.00,1340.00,960.00,1904.00,0.00,98144.00,47.59,-122.31,1540.00,3000.00
4174600185.00,20140622T000000,480000.00,2.00,2.25,1490.00,6770.00,1.50,0.00,0.00,3.00,8.00,1490.00,0.00,1926.00,0.00,98108.00,47.56,-122.30,1820.00,7875.00
7229800430.00,20140723T000000,379500.00,3.00,2.25,1830.00,25641.00,2.00,0.00,0.00,3.00,8.00,1830.00,0.00,1989.00,0.00,98059.00,47.48,-122.11,1500.00,25641.00
42000130.00,20140924T000000,600000.00,5.00,4.50,4440.00,9784.00,2.00,0.00,0.00,3.00,10.00,4440.00,0.00,2012.00,0.00,98168.00,47.47,-122.28,2720.00,10080.00
4139430250.00,20150330T000000,1436000.00,4.00,3.50,4970.00,16582.00,2.00,0.00,3.00,4.00,11.00,3930.00,1040.00,1992.00,0.00,98006.00,47.55,-122.12,3580.00,13335.00
9834201470.00,20141218T000000,303000.00,2.00,1.50,1000.00,1075.00,2.00,0.00,0.00,3.00,7.00,840.00,160.00,2007.00,0.00,98144.00,47.57,-122.29,1000.00,1083.00
4058801702.00,20150206T000000,800000.00,4.00,2.50,4940.00,10037.00,1.00,0.00,4.00,3.00,9.00,3450.00,1490.00,1953.00,0.00,98178.00,47.51,-122.25,2430.00,9272.00
3363400655.00,20140724T000000,549000.00,2.00,2.00,1980.00,6000.00,1.50,0.00,0.00,5.00,7.00,1220.00,760.00,1906.00,0.00,98103.00,47.68,-122.35,1280.00,3900.00
8700500020.00,20141126T000000,324950.00,3.00,2.50,1560.00,9600.00,1.00,0.00,0.00,3.00,7.00,1210.00,350.00,1964.00,0.00,98188.00,47.46,-122.27,2070.00,9600.00
8148600020.00,20140926T000000,170000.00,2.00,1.00,870.00,6537.00,1.00,0.00,0.00,3.00,6.00,870.00,0.00,1948.00,0.00,98168.00,47.49,-122.31,1100.00,8701.00
8651430780.00,20140715T000000,178000.00,3.00,1.00,840.00,6500.00,1.00,0.00,0.00,5.00,6.00,840.00,0.00,1969.00,0.00,98042.00,47.37,-122.08,870.00,5200.00
1432400345.00,20150421T000000,144000.00,3.00,1.00,1250.00,8314.00,1.00,0.00,0.00,3.00,6.00,1250.00,0.00,1958.00,0.00,98058.00,47.45,-122.18,1188.00,7700.00
2524049148.00,20150317T000000,1580000.00,4.00,2.75,3120.00,20031.00,1.00,0.00,2.00,4.00,9.00,1980.00,1140.00,1954.00,1997.00,98040.00,47.54,-122.24,3330.00,18777.00
2475900840.00,20150427T000000,258000.00,2.00,1.00,750.00,7000.00,1.00,0.00,0.00,3.00,6.00,750.00,0.00,1932.00,0.00,98024.00,47.57,-121.89,1100.00,8777.00
7452500190.00,20141016T000000,345000.00,3.00,1.75,710.00,5050.00,1.00,0.00,0.00,4.00,6.00,710.00,0.00,1950.00,0.00,98126.00,47.52,-122.38,900.00,5050.00
3459000050.00,20140610T000000,470000.00,3.00,1.75,2290.00,14800.00,1.00,0.00,0.00,3.00,8.00,1620.00,670.00,1965.00,0.00,98155.00,47.77,-122.27,2320.00,12474.00
2624049091.00,20150313T000000,2903000.00,5.00,2.50,3750.00,91681.00,2.00,1.00,4.00,3.00,10.00,3750.00,0.00,1925.00,0.00,98118.00,47.54,-122.26,3540.00,24293.00
1138000250.00,20140521T000000,350000.00,3.00,1.50,980.00,7790.00,1.00,0.00,0.00,5.00,7.00,980.00,0.00,1969.00,0.00,98034.00,47.71,-122.21,1390.00,7280.00
4399210130.00,20140626T000000,225500.00,2.00,1.75,1590.00,11276.00,1.00,0.00,0.00,4.00,7.00,1590.00,0.00,1972.00,0.00,98002.00,47.32,-122.21,1750.00,10687.00
2770601365.00,20150224T000000,473000.00,2.00,1.00,940.00,4000.00,1.00,0.00,0.00,3.00,6.00,720.00,220.00,1942.00,0.00,98199.00,47.65,-122.39,1180.00,6000.00
7272000980.00,20150226T000000,279000.00,3.00,1.75,1750.00,9623.00,1.00,0.00,0.00,3.00,7.00,1150.00,600.00,1962.00,0.00,98198.00,47.40,-122.31,1820.00,9623.00
1566100010.00,20150414T000000,470000.00,3.00,1.00,1460.00,8227.00,1.00,0.00,0.00,3.00,6.00,880.00,580.00,1948.00,0.00,98125.00,47.70,-122.30,1530.00,8128.00
6338000592.00,20140820T000000,565000.00,3.00,1.75,1540.00,4800.00,1.00,0.00,0.00,4.00,6.00,770.00,770.00,1925.00,0.00,98105.00,47.67,-122.28,1510.00,4080.00
2815600305.00,20150422T000000,695000.00,3.00,2.00,2560.00,6800.00,1.00,0.00,1.00,4.00,8.00,1380.00,1180.00,1952.00,0.00,98136.00,47.55,-122.40,1780.00,6800.00
561500290.00,20140711T000000,315000.00,3.00,1.75,1660.00,37642.00,1.00,0.00,0.00,4.00,7.00,1660.00,0.00,1991.00,0.00,98022.00,47.26,-122.01,2070.00,54450.00
3905080280.00,20150304T000000,529000.00,3.00,2.50,1880.00,4499.00,2.00,0.00,0.00,3.00,8.00,1880.00,0.00,1993.00,0.00,98029.00,47.57,-122.00,2130.00,5114.00
925069071.00,20150126T000000,750000.00,5.00,3.75,3500.00,101494.00,1.50,0.00,0.00,3.00,8.00,3500.00,0.00,1967.00,1990.00,98053.00,47.67,-122.05,3250.00,38636.00
2426049174.00,20141029T000000,481500.00,3.00,2.25,1840.00,10500.00,2.00,0.00,0.00,3.00,7.00,1840.00,0.00,1993.00,0.00,98034.00,47.73,-122.23,1840.00,7374.00
9407600250.00,20150327T000000,211000.00,3.00,2.00,1060.00,7412.00,1.00,0.00,0.00,3.00,7.00,1060.00,0.00,1987.00,0.00,98038.00,47.39,-122.05,1080.00,7093.00
7955050170.00,20150410T000000,455000.00,3.00,2.25,1790.00,7500.00,1.00,0.00,0.00,3.00,7.00,1390.00,400.00,1973.00,0.00,98034.00,47.73,-122.20,1940.00,7192.00
7224000950.00,20141103T000000,238950.00,2.00,1.00,810.00,4838.00,1.00,0.00,0.00,3.00,5.00,810.00,0.00,1938.00,0.00,98055.00,47.49,-122.20,890.00,4838.00
464001025.00,20140918T000000,722500.00,4.00,3.50,2600.00,5100.00,2.00,0.00,0.00,3.00,8.00,1820.00,780.00,2003.00,0.00,98117.00,47.69,-122.40,2000.00,6720.00
5569700020.00,20140730T000000,795000.00,4.00,2.50,3230.00,19193.00,1.00,0.00,3.00,4.00,8.00,2000.00,1230.00,1973.00,0.00,98075.00,47.58,-122.07,3230.00,13420.00
1310910290.00,20150507T000000,327500.00,4.00,2.25,2240.00,9600.00,2.00,0.00,0.00,3.00,8.00,2240.00,0.00,1971.00,0.00,98032.00,47.36,-122.28,2050.00,9240.00
5104531640.00,20150323T000000,585000.00,4.00,3.00,3400.00,5100.00,2.00,0.00,0.00,3.00,9.00,3400.00,0.00,2006.00,0.00,98038.00,47.35,-122.00,3400.00,5672.00
1025039145.00,20140613T000000,775000.00,4.00,2.00,3140.00,10875.00,1.00,0.00,1.00,3.00,7.00,1940.00,1200.00,1939.00,1969.00,98199.00,47.67,-122.41,3300.00,10080.00
5406500170.00,20141024T000000,645000.00,4.00,2.50,2780.00,4200.00,2.00,0.00,0.00,3.00,8.00,2780.00,0.00,2001.00,0.00,98075.00,47.60,-122.04,2510.00,4200.00
1826049426.00,20150105T000000,445000.00,4.00,2.75,2320.00,12368.00,1.00,0.00,0.00,3.00,8.00,1670.00,650.00,1968.00,0.00,98133.00,47.74,-122.35,2070.00,9575.00
2011000010.00,20140502T000000,257950.00,3.00,1.75,1370.00,5858.00,1.00,0.00,0.00,3.00,7.00,1370.00,0.00,1987.00,0.00,98198.00,47.38,-122.31,1400.00,7500.00
9368700006.00,20150324T000000,375000.00,5.00,1.75,2230.00,7560.00,1.00,0.00,0.00,3.00,7.00,1230.00,1000.00,1959.00,0.00,98178.00,47.51,-122.26,1380.00,6570.00
8016250080.00,20140709T000000,245000.00,3.00,2.50,1610.00,7223.00,2.00,0.00,0.00,3.00,7.00,1610.00,0.00,1994.00,0.00,98030.00,47.37,-122.17,1610.00,7162.00
4053200285.00,20140811T000000,725000.00,3.00,2.50,3410.00,41022.00,2.00,0.00,0.00,3.00,11.00,3410.00,0.00,1990.00,0.00,98042.00,47.32,-122.08,2150.00,21429.00
5411600020.00,20150304T000000,702000.00,4.00,2.50,2810.00,4922.00,2.00,0.00,0.00,3.00,9.00,2810.00,0.00,2005.00,0.00,98074.00,47.61,-122.04,2920.00,4922.00
847100078.00,20140818T000000,330000.00,3.00,1.75,1850.00,14986.00,2.00,0.00,0.00,3.00,6.00,1850.00,0.00,1943.00,2005.00,98059.00,47.48,-122.15,2660.00,10650.00
4232903295.00,20150416T000000,940000.00,3.00,1.50,1790.00,4800.00,1.50,0.00,0.00,3.00,8.00,1790.00,0.00,1912.00,0.00,98119.00,47.63,-122.36,1780.00,3600.00
7979900680.00,20150305T000000,354500.00,3.00,1.00,1150.00,11396.00,1.50,0.00,0.00,4.00,7.00,1150.00,0.00,1950.00,0.00,98155.00,47.74,-122.30,1600.00,8146.00
492000532.00,20150222T000000,279950.00,4.00,2.75,2420.00,8700.00,1.50,0.00,0.00,4.00,7.00,2420.00,0.00,1914.00,0.00,98002.00,47.31,-122.23,1070.00,4804.00
2310000430.00,20150507T000000,284000.00,3.00,2.25,1580.00,7034.00,1.00,0.00,0.00,4.00,7.00,1180.00,400.00,1989.00,0.00,98038.00,47.36,-122.04,1470.00,7358.00
8832900780.00,20141013T000000,480000.00,5.00,2.00,1760.00,21562.00,1.00,0.00,1.00,3.00,8.00,1560.00,200.00,1959.00,0.00,98028.00,47.76,-122.26,2150.00,12676.00
8832900780.00,20150408T000000,647500.00,5.00,2.00,1760.00,21562.00,1.00,0.00,1.00,3.00,8.00,1560.00,200.00,1959.00,0.00,98028.00,47.76,-122.26,2150.00,12676.00
3249500020.00,20150406T000000,625000.00,3.00,2.50,2750.00,35000.00,2.00,0.00,0.00,3.00,9.00,2750.00,0.00,1993.00,0.00,98077.00,47.75,-122.02,2780.00,35862.00
8651442810.00,20140710T000000,152000.00,3.00,1.00,920.00,4875.00,1.00,0.00,0.00,4.00,7.00,920.00,0.00,1978.00,0.00,98042.00,47.36,-122.09,1160.00,4875.00
8564500020.00,20150127T000000,322000.00,3.00,1.00,960.00,10181.00,1.00,0.00,0.00,3.00,7.00,960.00,0.00,1961.00,0.00,98034.00,47.72,-122.23,1740.00,10194.00
3019300050.00,20140731T000000,445000.00,3.00,1.75,1120.00,4000.00,1.00,0.00,0.00,4.00,7.00,870.00,250.00,1916.00,0.00,98107.00,47.67,-122.37,1470.00,4000.00
2460900020.00,20140730T000000,595000.00,3.00,1.00,1560.00,3960.00,1.50,0.00,0.00,4.00,7.00,1560.00,0.00,1907.00,0.00,98144.00,47.59,-122.30,1280.00,3960.00
2698200010.00,20150513T000000,165000.00,3.00,1.00,1380.00,7334.00,1.00,0.00,0.00,3.00,7.00,980.00,400.00,1981.00,0.00,98055.00,47.43,-122.19,1910.00,7859.00
104560010.00,20140610T000000,278500.00,4.00,2.50,1940.00,6206.00,2.00,0.00,0.00,3.00,7.00,1940.00,0.00,1990.00,0.00,98023.00,47.31,-122.36,2060.00,7092.00
5710610430.00,20150313T000000,517500.00,3.00,1.75,1810.00,10625.00,1.00,0.00,0.00,3.00,8.00,1370.00,440.00,1973.00,0.00,98027.00,47.53,-122.05,2140.00,10922.00
34000005.00,20140618T000000,343566.00,2.00,1.00,1100.00,4200.00,1.00,0.00,0.00,3.00,7.00,1100.00,0.00,1954.00,0.00,98136.00,47.53,-122.39,1240.00,4000.00
7349400420.00,20141105T000000,286285.00,4.00,2.25,1980.00,9714.00,1.00,0.00,0.00,3.00,7.00,1170.00,810.00,1977.00,0.00,98002.00,47.32,-122.21,1610.00,9272.00
3298300130.00,20150206T000000,474905.00,4.00,1.50,1340.00,6200.00,1.00,0.00,0.00,5.00,6.00,1340.00,0.00,1959.00,0.00,98008.00,47.62,-122.12,1210.00,7178.00
7312400080.00,20140714T000000,550000.00,3.00,1.75,1680.00,4800.00,1.00,0.00,0.00,4.00,7.00,1400.00,280.00,1960.00,0.00,98126.00,47.55,-122.38,1540.00,5000.00
3356404198.00,20150129T000000,286000.00,4.00,2.50,2060.00,16000.00,2.00,0.00,0.00,3.00,6.00,2060.00,0.00,1993.00,0.00,98001.00,47.28,-122.25,1530.00,8000.00
2344300122.00,20140808T000000,900000.00,3.00,3.25,2620.00,7215.00,1.00,0.00,0.00,4.00,8.00,1770.00,850.00,1980.00,0.00,98004.00,47.58,-122.20,2180.00,8931.00
3904901330.00,20140820T000000,449950.00,3.00,2.25,1610.00,5159.00,2.00,0.00,0.00,3.00,7.00,1610.00,0.00,1985.00,0.00,98029.00,47.57,-122.02,1610.00,5210.00
7524100280.00,20140612T000000,259000.00,4.00,1.50,1490.00,7560.00,2.00,0.00,0.00,3.00,7.00,1490.00,0.00,1966.00,0.00,98198.00,47.37,-122.32,1490.00,7689.00
2473390440.00,20141202T000000,340000.00,3.00,2.25,1900.00,8125.00,1.00,0.00,0.00,3.00,7.00,1540.00,360.00,1969.00,0.00,98058.00,47.46,-122.16,1480.00,8284.00
2215800050.00,20150415T000000,785000.00,4.00,2.50,3440.00,56192.00,2.00,0.00,0.00,3.00,9.00,3440.00,0.00,1994.00,0.00,98053.00,47.70,-122.05,3150.00,44431.00
2769602475.00,20140509T000000,490000.00,2.00,1.00,1840.00,3300.00,1.50,0.00,0.00,4.00,6.00,1130.00,710.00,1910.00,0.00,98107.00,47.68,-122.36,1320.00,4000.00
9183700470.00,20140527T000000,344950.00,4.00,2.00,2330.00,6250.00,1.00,0.00,0.00,4.00,7.00,1400.00,930.00,1941.00,0.00,98030.00,47.38,-122.23,2050.00,9000.00
1337800284.00,20140827T000000,950000.00,3.00,2.00,2250.00,2975.00,2.00,0.00,0.00,4.00,9.00,1880.00,370.00,1905.00,0.00,98112.00,47.63,-122.31,2690.00,4800.00
3867400130.00,20140709T000000,810000.00,4.00,1.75,2000.00,3988.00,1.00,0.00,4.00,4.00,7.00,1000.00,1000.00,1958.00,0.00,98116.00,47.59,-122.39,1690.00,4144.00
7856410020.00,20150309T000000,998160.00,2.00,2.50,3010.00,16050.00,1.00,0.00,3.00,4.00,9.00,1260.00,1750.00,1976.00,0.00,98006.00,47.56,-122.16,3010.00,11612.00
9477730080.00,20141210T000000,377000.00,3.00,1.75,1680.00,7389.00,1.00,0.00,0.00,3.00,8.00,1150.00,530.00,1979.00,0.00,98056.00,47.52,-122.18,2100.00,10348.00
3300760020.00,20140826T000000,595000.00,3.00,2.00,1530.00,6773.00,1.00,0.00,0.00,4.00,8.00,1530.00,0.00,1984.00,0.00,98033.00,47.67,-122.19,2240.00,7201.00
148000440.00,20140818T000000,313300.00,2.00,1.00,970.00,4800.00,1.00,0.00,0.00,3.00,6.00,970.00,0.00,1911.00,1940.00,98116.00,47.58,-122.41,1180.00,5900.00
1708400595.00,20140725T000000,360000.00,5.00,1.75,1550.00,5225.00,1.50,0.00,0.00,4.00,7.00,1550.00,0.00,1941.00,0.00,98108.00,47.55,-122.31,1220.00,5225.00
9264901680.00,20150323T000000,188000.00,3.00,1.75,1660.00,7350.00,1.00,0.00,0.00,2.00,8.00,1660.00,0.00,1979.00,0.00,98023.00,47.31,-122.34,1840.00,7673.00
3226079091.00,20140912T000000,755000.00,3.00,2.50,3680.00,203860.00,1.50,0.00,0.00,3.00,9.00,3680.00,0.00,1994.00,0.00,98014.00,47.69,-121.93,2410.00,144183.00
2877104175.00,20140910T000000,1289000.00,5.00,3.50,3210.00,4060.00,2.00,0.00,2.00,3.00,10.00,2290.00,920.00,1917.00,2003.00,98117.00,47.68,-122.36,1940.00,5000.00
8843900396.00,20140714T000000,455000.00,3.00,1.00,1480.00,13280.00,2.50,0.00,0.00,3.00,6.00,1480.00,0.00,1940.00,0.00,98027.00,47.54,-122.04,1510.00,8723.00
1425059193.00,20141009T000000,817500.00,5.00,3.50,3600.00,9312.00,2.00,0.00,3.00,3.00,10.00,2680.00,920.00,2005.00,0.00,98052.00,47.66,-122.12,3420.00,9860.00
5694000768.00,20140922T000000,550000.00,3.00,2.25,1700.00,1481.00,3.00,0.00,0.00,3.00,8.00,1700.00,0.00,2002.00,0.00,98103.00,47.66,-122.35,1560.00,1350.00
8732190460.00,20150505T000000,260000.00,3.00,1.75,1680.00,8725.00,1.00,0.00,0.00,3.00,8.00,1240.00,440.00,1978.00,0.00,98023.00,47.31,-122.40,2020.00,8352.00
723099028.00,20140626T000000,320000.00,3.00,2.00,1550.00,34175.00,1.50,0.00,0.00,3.00,7.00,1550.00,0.00,1999.00,0.00,98045.00,47.49,-121.70,2300.00,35174.00
4139480190.00,20140916T000000,1153000.00,3.00,3.25,3780.00,10623.00,1.00,0.00,1.00,3.00,11.00,2650.00,1130.00,1999.00,0.00,98006.00,47.55,-122.10,3850.00,11170.00
1133000050.00,20150420T000000,362000.00,4.00,2.50,2360.00,7370.00,1.00,0.00,0.00,3.00,7.00,1460.00,900.00,1985.00,0.00,98125.00,47.72,-122.31,1590.00,9906.00
2770601462.00,20150423T000000,503500.00,3.00,2.50,1810.00,1750.00,2.00,0.00,0.00,3.00,7.00,1350.00,460.00,1997.00,0.00,98199.00,47.65,-122.39,1640.00,1563.00
3630120480.00,20140602T000000,653000.00,3.00,2.50,2290.00,3475.00,2.00,0.00,0.00,3.00,9.00,2290.00,0.00,2006.00,0.00,98029.00,47.56,-122.00,2340.00,3626.00
624110050.00,20140604T000000,760000.00,4.00,2.75,3370.00,12447.00,2.00,0.00,0.00,3.00,10.00,3370.00,0.00,1991.00,0.00,98077.00,47.73,-122.06,3700.00,13129.00
2301400655.00,20141125T000000,775000.00,4.00,1.75,2090.00,5050.00,1.00,0.00,0.00,4.00,7.00,1090.00,1000.00,1916.00,0.00,98117.00,47.68,-122.36,1760.00,5000.00
7936500190.00,20141021T000000,1339000.00,4.00,3.75,2130.00,34689.00,1.50,1.00,4.00,3.00,9.00,2130.00,0.00,1955.00,0.00,98136.00,47.55,-122.40,3030.00,28598.00
126039323.00,20150224T000000,417500.00,5.00,1.75,2060.00,10911.00,1.00,0.00,0.00,4.00,7.00,1360.00,700.00,1954.00,0.00,98177.00,47.78,-122.37,2060.00,9688.00
9512500460.00,20140711T000000,525000.00,3.00,1.50,1560.00,9350.00,1.00,0.00,0.00,4.00,7.00,1220.00,340.00,1969.00,0.00,98052.00,47.67,-122.15,1870.00,8671.00
7203601405.00,20150414T000000,217000.00,2.00,1.00,730.00,2400.00,1.00,0.00,1.00,3.00,4.00,730.00,0.00,1934.00,0.00,98198.00,47.35,-122.32,1220.00,4382.00
6204200170.00,20140709T000000,525000.00,4.00,2.75,2910.00,6308.00,1.00,0.00,0.00,3.00,8.00,1640.00,1270.00,1985.00,0.00,98011.00,47.74,-122.20,1970.00,7127.00
5027800190.00,20150324T000000,442500.00,4.00,2.25,2490.00,8700.00,1.00,0.00,0.00,3.00,7.00,1890.00,600.00,1976.00,0.00,98155.00,47.74,-122.32,1470.00,7975.00
2206500430.00,20140709T000000,525000.00,4.00,1.75,1710.00,10440.00,1.00,0.00,0.00,4.00,7.00,1710.00,0.00,1955.00,0.00,98006.00,47.58,-122.16,1480.00,10440.00
9477001410.00,20150225T000000,425500.00,4.00,1.75,1520.00,10630.00,1.00,0.00,0.00,4.00,7.00,1520.00,0.00,1967.00,0.00,98034.00,47.73,-122.19,1550.00,8039.00
2324079073.00,20140815T000000,710000.00,3.00,2.75,2930.00,218235.00,2.00,0.00,2.00,3.00,8.00,2930.00,0.00,1990.00,0.00,98024.00,47.55,-121.89,2450.00,218235.00
2817210420.00,20141114T000000,545000.00,4.00,3.00,3160.00,10948.00,1.00,0.00,3.00,3.00,8.00,1930.00,1230.00,1991.00,0.00,98070.00,47.37,-122.42,2380.00,13623.00
1402200440.00,20150212T000000,410000.00,5.00,2.75,2910.00,16410.00,1.50,0.00,0.00,4.00,8.00,2910.00,0.00,1967.00,0.00,98058.00,47.44,-122.15,1980.00,18000.00
1545808370.00,20150422T000000,245000.00,3.00,2.25,1700.00,8100.00,1.00,0.00,0.00,3.00,7.00,1200.00,500.00,1980.00,0.00,98038.00,47.36,-122.05,1700.00,8100.00
7335400500.00,20140711T000000,194900.00,2.00,1.00,810.00,6697.00,1.00,0.00,0.00,4.00,6.00,810.00,0.00,1923.00,0.00,98002.00,47.31,-122.22,1140.00,6695.00
1843130980.00,20140506T000000,284000.00,4.00,2.50,2000.00,5390.00,2.00,0.00,0.00,3.00,7.00,2000.00,0.00,2003.00,0.00,98042.00,47.37,-122.13,2330.00,5390.00
9262800255.00,20140819T000000,280000.00,2.00,1.75,1894.00,52769.00,1.50,0.00,0.00,4.00,6.00,1520.00,374.00,1936.00,0.00,98001.00,47.31,-122.27,1820.00,50529.00
8656800190.00,20141002T000000,280000.00,3.00,1.75,2080.00,87991.00,1.00,0.00,0.00,3.00,6.00,1040.00,1040.00,1970.00,0.00,98014.00,47.67,-121.87,2080.00,84300.00
2113700235.00,20140512T000000,360000.00,4.00,2.00,1730.00,5500.00,1.00,0.00,0.00,5.00,7.00,1010.00,720.00,1943.00,0.00,98106.00,47.53,-122.35,1080.00,4900.00
4235400255.00,20140905T000000,405000.00,2.00,1.00,720.00,4323.00,1.00,0.00,0.00,3.00,6.00,720.00,0.00,1942.00,0.00,98199.00,47.66,-122.40,1460.00,3300.00
8691360380.00,20150414T000000,865000.00,4.00,2.50,3560.00,13981.00,2.00,0.00,0.00,3.00,10.00,3560.00,0.00,2000.00,0.00,98075.00,47.60,-121.98,3840.00,13624.00
2205500080.00,20140610T000000,483300.00,4.00,2.00,1210.00,11100.00,1.00,0.00,0.00,4.00,7.00,1210.00,0.00,1955.00,0.00,98006.00,47.57,-122.15,1280.00,11100.00
4137000250.00,20150318T000000,355000.00,4.00,2.50,2130.00,9268.00,2.00,0.00,0.00,4.00,8.00,2130.00,0.00,1985.00,0.00,98092.00,47.26,-122.22,2100.00,8400.00
2310010050.00,20150430T000000,274950.00,3.00,2.25,1570.00,8767.00,1.00,0.00,0.00,3.00,7.00,1180.00,390.00,1990.00,0.00,98038.00,47.36,-122.04,1570.00,7434.00
1370802115.00,20141205T000000,1925000.00,3.00,4.50,3950.00,6134.00,2.00,0.00,3.00,3.00,11.00,2880.00,1070.00,1998.00,0.00,98199.00,47.64,-122.41,3050.00,5281.00
6117900010.00,20141231T000000,755000.00,3.00,3.25,3450.00,15586.00,2.00,0.00,0.00,3.00,11.00,2690.00,760.00,1989.00,0.00,98166.00,47.43,-122.34,3560.00,15046.00
2626069030.00,20150209T000000,1940000.00,4.00,5.75,7220.00,223462.00,2.00,0.00,4.00,3.00,12.00,6220.00,1000.00,2000.00,0.00,98053.00,47.71,-122.01,2680.00,7593.00
9407102360.00,20140616T000000,309212.00,3.00,1.75,1150.00,9600.00,1.00,0.00,0.00,3.00,7.00,1150.00,0.00,1979.00,0.00,98045.00,47.44,-121.77,1520.00,9976.00
104510440.00,20140604T000000,219950.00,3.00,2.25,1500.00,7615.00,1.00,0.00,0.00,3.00,7.00,1150.00,350.00,1984.00,0.00,98023.00,47.31,-122.35,1540.00,8649.00
7519000170.00,20140723T000000,690000.00,3.00,2.50,1300.00,5150.00,1.50,0.00,0.00,4.00,7.00,1300.00,0.00,1920.00,0.00,98117.00,47.68,-122.36,1400.00,4017.00
2113700500.00,20141005T000000,250800.00,3.00,1.75,1290.00,4000.00,1.00,0.00,0.00,3.00,6.00,1170.00,120.00,1943.00,0.00,98106.00,47.53,-122.35,1140.00,4000.00
1560930050.00,20150325T000000,557500.00,3.00,2.00,2510.00,35255.00,1.00,0.00,2.00,3.00,9.00,2510.00,0.00,1994.00,0.00,98038.00,47.40,-122.03,3140.00,36450.00
9550204590.00,20140624T000000,941000.00,4.00,1.75,2320.00,3825.00,1.50,0.00,0.00,5.00,8.00,1820.00,500.00,1926.00,0.00,98105.00,47.67,-122.33,1940.00,3825.00
4217402115.00,20150421T000000,3650000.00,6.00,4.75,5480.00,19401.00,1.50,1.00,4.00,5.00,11.00,3910.00,1570.00,1936.00,0.00,98105.00,47.65,-122.28,3510.00,15810.00
9412710440.00,20150422T000000,305000.00,4.00,2.75,2030.00,8600.00,1.00,0.00,0.00,4.00,7.00,1230.00,800.00,1977.00,0.00,98042.00,47.39,-122.16,1810.00,8600.00
6043400006.00,20140729T000000,815000.00,4.00,1.50,2060.00,16110.00,1.00,0.00,0.00,4.00,8.00,2060.00,0.00,1949.00,0.00,98004.00,47.60,-122.20,2060.00,16110.00
1024039049.00,20140512T000000,1015000.00,3.00,2.50,2920.00,34527.00,1.00,0.00,4.00,4.00,9.00,1800.00,1120.00,1954.00,1983.00,98116.00,47.58,-122.40,2480.00,7933.00
1250204835.00,20140908T000000,1240000.00,4.00,3.00,3330.00,6990.00,1.50,0.00,3.00,5.00,9.00,2330.00,1000.00,1928.00,0.00,98144.00,47.59,-122.29,2620.00,5310.00
6388920460.00,20141226T000000,535000.00,3.00,2.50,2110.00,8164.00,2.00,0.00,0.00,3.00,9.00,2110.00,0.00,1990.00,0.00,98056.00,47.53,-122.17,2390.00,7499.00
1925059049.00,20140721T000000,775000.00,3.00,1.00,1175.00,10454.00,1.00,0.00,0.00,4.00,6.00,1175.00,0.00,1949.00,0.00,98004.00,47.64,-122.22,2010.00,10800.00
7760400420.00,20140718T000000,255000.00,3.00,2.00,1590.00,8670.00,1.00,0.00,0.00,3.00,7.00,1590.00,0.00,1994.00,0.00,98042.00,47.37,-122.07,1590.00,9253.00
6163901271.00,20140811T000000,327000.00,2.00,1.00,1070.00,9750.00,1.00,0.00,0.00,3.00,7.00,1070.00,0.00,1947.00,0.00,98155.00,47.75,-122.32,1500.00,8775.00
5437200050.00,20141120T000000,560000.00,4.00,2.00,2720.00,8819.00,2.00,0.00,3.00,3.00,8.00,2240.00,480.00,1976.00,0.00,98003.00,47.34,-122.33,2960.00,9672.00
3885806565.00,20150130T000000,1339000.00,4.00,3.50,2980.00,6349.00,2.00,0.00,3.00,3.00,9.00,2980.00,0.00,1998.00,0.00,98033.00,47.68,-122.21,2870.00,6349.00
8651443190.00,20141204T000000,199500.00,3.00,1.75,1160.00,5200.00,1.00,0.00,0.00,4.00,7.00,1160.00,0.00,1977.00,0.00,98042.00,47.36,-122.09,1470.00,5200.00
1722069145.00,20141223T000000,760000.00,4.00,2.50,3580.00,97574.00,2.00,0.00,0.00,3.00,9.00,3580.00,0.00,2004.00,0.00,98038.00,47.39,-122.07,2510.00,27068.00
7883605985.00,20150330T000000,439000.00,3.00,2.25,3020.00,6000.00,3.00,0.00,2.00,3.00,8.00,1980.00,1040.00,1994.00,0.00,98108.00,47.52,-122.32,1150.00,6000.00
4038700190.00,20140930T000000,527000.00,4.00,2.25,2380.00,5250.00,1.00,0.00,0.00,4.00,7.00,1410.00,970.00,1961.00,0.00,98008.00,47.62,-122.12,2150.00,8560.00
8661000089.00,20140716T000000,199950.00,3.00,2.75,2270.00,13590.00,1.50,0.00,0.00,4.00,6.00,1300.00,970.00,1948.00,0.00,98022.00,47.21,-122.00,1160.00,13545.00
2329800430.00,20150204T000000,254000.00,3.00,2.25,1660.00,8188.00,2.00,0.00,0.00,4.00,7.00,1660.00,0.00,1988.00,0.00,98042.00,47.38,-122.12,1660.00,7000.00
6431500280.00,20150323T000000,393000.00,2.00,1.00,830.00,5000.00,1.00,0.00,0.00,4.00,7.00,830.00,0.00,1921.00,0.00,98103.00,47.69,-122.35,1110.00,5000.00
6204430250.00,20141121T000000,585000.00,5.00,2.25,2480.00,12614.00,1.00,0.00,0.00,4.00,8.00,1860.00,620.00,1979.00,0.00,98011.00,47.74,-122.20,2470.00,12392.00
4365200630.00,20140716T000000,450000.00,2.00,2.00,1900.00,7740.00,1.00,0.00,0.00,4.00,7.00,1150.00,750.00,1923.00,0.00,98126.00,47.52,-122.37,1140.00,7740.00
3630120050.00,20140625T000000,565000.00,2.00,1.75,1670.00,4008.00,1.00,0.00,0.00,3.00,9.00,1670.00,0.00,2005.00,0.00,98029.00,47.55,-122.00,2330.00,3752.00
7844200050.00,20140522T000000,330000.00,5.00,2.25,2000.00,7900.00,1.00,0.00,0.00,4.00,7.00,1300.00,700.00,1986.00,0.00,98188.00,47.43,-122.29,2000.00,9132.00
1240700006.00,20150511T000000,870000.00,3.00,2.00,2320.00,65340.00,1.50,0.00,0.00,3.00,9.00,2320.00,0.00,1992.00,0.00,98074.00,47.61,-122.06,3100.00,59603.00
8563000470.00,20140723T000000,585000.00,4.00,2.50,1860.00,8117.00,1.00,0.00,0.00,4.00,8.00,1460.00,400.00,1966.00,0.00,98008.00,47.62,-122.10,2040.00,8199.00
3221069091.00,20141106T000000,500000.00,3.00,2.50,2110.00,208737.00,2.00,0.00,3.00,3.00,9.00,2110.00,0.00,1977.00,0.00,98092.00,47.27,-122.07,2390.00,125017.00
8645530010.00,20140515T000000,225000.00,3.00,2.00,1400.00,7384.00,1.00,0.00,0.00,3.00,7.00,1150.00,250.00,1979.00,0.00,98058.00,47.47,-122.17,1820.00,7992.00
8645530010.00,20150325T000000,295000.00,3.00,2.00,1400.00,7384.00,1.00,0.00,0.00,3.00,7.00,1150.00,250.00,1979.00,0.00,98058.00,47.47,-122.17,1820.00,7992.00
2141300420.00,20140626T000000,775000.00,3.00,2.75,2850.00,14800.00,1.00,0.00,0.00,4.00,9.00,1920.00,930.00,1976.00,0.00,98006.00,47.56,-122.15,3300.00,10809.00
9407101900.00,20140717T000000,280000.00,3.00,1.00,1370.00,11050.00,1.00,0.00,0.00,3.00,7.00,1370.00,0.00,1981.00,0.00,98045.00,47.45,-121.78,1520.00,10000.00
1931300425.00,20140908T000000,539000.00,3.00,2.50,2170.00,3200.00,1.50,0.00,0.00,5.00,7.00,1280.00,890.00,1923.00,0.00,98103.00,47.65,-122.35,1180.00,1224.00
9290800050.00,20150324T000000,567500.00,3.00,1.75,2570.00,14033.00,1.00,0.00,2.00,4.00,8.00,2570.00,0.00,1953.00,0.00,98166.00,47.43,-122.34,2550.00,16100.00
9421500010.00,20150205T000000,442500.00,4.00,2.25,1970.00,7902.00,1.00,0.00,0.00,3.00,8.00,1310.00,660.00,1960.00,0.00,98125.00,47.72,-122.30,1860.00,8021.00
3333500151.00,20150507T000000,598200.00,5.00,3.75,2980.00,4635.00,3.00,0.00,0.00,3.00,8.00,2980.00,0.00,1997.00,0.00,98118.00,47.55,-122.27,1100.00,5150.00
3759500006.00,20141014T000000,610000.00,4.00,2.50,2300.00,10843.00,2.00,0.00,0.00,5.00,8.00,2300.00,0.00,1955.00,0.00,98033.00,47.70,-122.20,1780.00,10843.00
4221270290.00,20141121T000000,544900.00,3.00,2.50,1990.00,4936.00,2.00,0.00,0.00,3.00,8.00,1990.00,0.00,2004.00,0.00,98075.00,47.59,-122.02,2250.00,4815.00
1775801405.00,20141216T000000,557500.00,4.00,2.50,2390.00,38258.00,2.00,0.00,0.00,3.00,8.00,2390.00,0.00,2001.00,0.00,98072.00,47.74,-122.09,1960.00,17113.00
3575302575.00,20140811T000000,532500.00,3.00,2.50,2160.00,7500.00,1.00,0.00,1.00,3.00,7.00,1430.00,730.00,1979.00,0.00,98074.00,47.62,-122.06,1560.00,7500.00
2581300010.00,20140609T000000,1350000.00,4.00,3.25,3300.00,15907.00,2.00,0.00,0.00,5.00,10.00,3300.00,0.00,1985.00,0.00,98040.00,47.54,-122.22,2740.00,11358.00
8805900080.00,20150430T000000,750000.00,3.00,2.00,1840.00,2825.00,1.00,0.00,0.00,3.00,7.00,1040.00,800.00,1920.00,0.00,98112.00,47.64,-122.30,1820.00,3750.00
8121200460.00,20141119T000000,530000.00,3.00,2.50,2030.00,10958.00,2.00,0.00,0.00,3.00,8.00,2030.00,0.00,1983.00,0.00,98052.00,47.73,-122.11,1960.00,10282.00
2461900609.00,20140717T000000,346100.00,3.00,2.50,1400.00,2036.00,2.00,0.00,0.00,3.00,7.00,1400.00,0.00,2003.00,0.00,98136.00,47.55,-122.38,1500.00,2036.00
3298600440.00,20140810T000000,260000.00,4.00,2.25,2320.00,16800.00,2.00,0.00,0.00,4.00,9.00,2320.00,0.00,1977.00,0.00,98092.00,47.30,-122.17,2700.00,15680.00
643300010.00,20140829T000000,365000.00,3.00,1.75,1410.00,9150.00,1.00,0.00,0.00,5.00,7.00,1410.00,0.00,1959.00,0.00,98006.00,47.57,-122.18,1800.00,9940.00
224069102.00,20140908T000000,615000.00,3.00,2.00,1860.00,42800.00,1.00,0.00,0.00,4.00,7.00,930.00,930.00,1983.00,0.00,98075.00,47.59,-122.00,1980.00,11250.00
8856960050.00,20140724T000000,318400.00,4.00,2.50,1820.00,6916.00,2.00,0.00,0.00,3.00,7.00,1820.00,0.00,1994.00,0.00,98038.00,47.39,-122.03,1680.00,6995.00
4024101478.00,20150303T000000,498500.00,4.00,2.50,1910.00,7172.00,2.00,0.00,0.00,3.00,8.00,1910.00,0.00,1993.00,0.00,98155.00,47.76,-122.31,1630.00,10127.00
1839910470.00,20150408T000000,450000.00,3.00,1.75,1540.00,7490.00,1.00,0.00,0.00,5.00,7.00,1540.00,0.00,1971.00,0.00,98034.00,47.72,-122.18,1270.00,7350.00
3668000670.00,20150327T000000,200000.00,3.00,2.00,1430.00,7905.00,1.00,0.00,0.00,4.00,7.00,1430.00,0.00,1988.00,0.00,98092.00,47.28,-122.15,1870.00,8400.00
1274500420.00,20140909T000000,234000.00,3.00,1.00,1010.00,8906.00,1.00,0.00,0.00,5.00,7.00,1010.00,0.00,1968.00,0.00,98042.00,47.36,-122.11,1150.00,10414.00
8151600470.00,20140804T000000,121800.00,2.00,1.00,940.00,8384.00,1.00,0.00,0.00,3.00,5.00,940.00,0.00,1947.00,0.00,98146.00,47.51,-122.36,1290.00,8384.00
56000095.00,20140626T000000,805000.00,3.00,2.75,2600.00,5875.00,1.50,0.00,2.00,5.00,8.00,1600.00,1000.00,1929.00,0.00,98116.00,47.58,-122.41,2260.00,5492.00
3432500980.00,20140708T000000,410000.00,4.00,2.25,2060.00,7283.00,1.00,0.00,0.00,3.00,8.00,1220.00,840.00,1963.00,2013.00,98155.00,47.74,-122.32,1500.00,8134.00
7940700050.00,20150218T000000,475000.00,3.00,2.50,1920.00,4534.00,2.00,0.00,0.00,3.00,8.00,1920.00,0.00,1986.00,0.00,98034.00,47.71,-122.20,1380.00,5100.00
1025039292.00,20141030T000000,1337500.00,4.00,2.50,2900.00,21074.00,2.00,0.00,0.00,3.00,11.00,2900.00,0.00,1986.00,0.00,98199.00,47.67,-122.42,3390.00,20000.00
3438503140.00,20140918T000000,269000.00,1.00,1.00,1020.00,7920.00,1.00,0.00,0.00,3.00,7.00,1020.00,0.00,1947.00,1983.00,98106.00,47.54,-122.36,1000.00,7168.00
7558750190.00,20140724T000000,573000.00,4.00,2.25,2150.00,9520.00,2.00,0.00,0.00,4.00,8.00,2150.00,0.00,1979.00,0.00,98052.00,47.69,-122.11,2000.00,9520.00
3395040440.00,20150327T000000,330000.00,3.00,2.50,1660.00,2890.00,2.00,0.00,0.00,3.00,7.00,1660.00,0.00,2001.00,0.00,98108.00,47.54,-122.29,1540.00,2890.00
4338800190.00,20140626T000000,252750.00,4.00,1.00,1230.00,7410.00,1.50,0.00,0.00,3.00,7.00,1230.00,0.00,1944.00,0.00,98166.00,47.48,-122.34,1020.00,7648.00
8682290670.00,20150406T000000,745000.00,2.00,2.50,2170.00,7546.00,1.00,0.00,0.00,3.00,8.00,2170.00,0.00,2007.00,0.00,98053.00,47.72,-122.03,2170.00,7083.00
5113260430.00,20150304T000000,280000.00,3.00,2.00,1280.00,7633.00,1.00,0.00,0.00,3.00,7.00,1280.00,0.00,1991.00,0.00,98038.00,47.39,-122.05,1450.00,6783.00
387000190.00,20150430T000000,535000.00,4.00,2.50,2240.00,6920.00,1.00,0.00,0.00,5.00,8.00,1380.00,860.00,1974.00,0.00,98146.00,47.50,-122.38,1540.00,7000.00
6844703135.00,20150312T000000,580000.00,4.00,1.50,1780.00,5100.00,1.00,0.00,0.00,3.00,7.00,1320.00,460.00,1953.00,0.00,98115.00,47.69,-122.29,1880.00,5100.00
8899000190.00,20141212T000000,301000.00,3.00,1.75,1840.00,7200.00,1.00,0.00,0.00,4.00,7.00,1220.00,620.00,1968.00,0.00,98055.00,47.46,-122.21,1770.00,8075.00
3275760190.00,20140624T000000,600000.00,4.00,1.75,1740.00,7700.00,1.00,0.00,0.00,5.00,7.00,1740.00,0.00,1968.00,0.00,98008.00,47.63,-122.11,1740.00,8120.00
3438500924.00,20140811T000000,538900.00,5.00,3.00,3040.00,6604.00,2.00,0.00,0.00,3.00,9.00,3040.00,0.00,2005.00,0.00,98106.00,47.55,-122.36,1650.00,6825.00
5104530430.00,20150209T000000,366000.00,3.00,2.50,2370.00,4375.00,2.00,0.00,0.00,3.00,8.00,2370.00,0.00,2006.00,0.00,98038.00,47.35,-122.00,2380.00,4606.00
5468770250.00,20140819T000000,303000.00,4.00,2.50,2100.00,6783.00,2.00,0.00,0.00,3.00,8.00,2100.00,0.00,2003.00,0.00,98042.00,47.35,-122.14,2100.00,6192.00
4318200440.00,20140522T000000,432000.00,3.00,2.25,1470.00,1578.00,2.00,0.00,0.00,3.00,8.00,1090.00,380.00,2007.00,0.00,98136.00,47.54,-122.39,1470.00,1668.00
1721800190.00,20150409T000000,300000.00,2.00,1.50,1300.00,6120.00,1.00,0.00,0.00,3.00,6.00,820.00,480.00,1945.00,0.00,98146.00,47.51,-122.34,1250.00,6120.00
1250202285.00,20141020T000000,908800.00,3.00,3.00,3420.00,7826.00,2.00,0.00,0.00,4.00,8.00,2430.00,990.00,1939.00,0.00,98144.00,47.59,-122.29,980.00,6300.00
2767602945.00,20140625T000000,500000.00,3.00,1.50,1190.00,4750.00,1.00,0.00,0.00,3.00,7.00,970.00,220.00,1940.00,0.00,98107.00,47.67,-122.39,1460.00,4750.00
321049090.00,20140626T000000,254000.00,5.00,2.00,2080.00,16117.00,1.00,0.00,0.00,5.00,7.00,1740.00,340.00,1959.00,0.00,98001.00,47.34,-122.29,1510.00,13068.00
4443801495.00,20140917T000000,470000.00,5.00,1.50,2180.00,4268.00,1.50,0.00,0.00,4.00,7.00,1340.00,840.00,1924.00,0.00,98117.00,47.68,-122.39,1530.00,3880.00
3275750290.00,20150317T000000,480000.00,3.00,2.00,1460.00,7860.00,1.00,0.00,0.00,5.00,7.00,1460.00,0.00,1967.00,0.00,98008.00,47.62,-122.11,1850.00,8148.00
2273600460.00,20150130T000000,536000.00,3.00,1.75,1530.00,8503.00,1.00,0.00,0.00,4.00,7.00,1150.00,380.00,1983.00,0.00,98033.00,47.69,-122.19,1610.00,8549.00
8562720420.00,20150430T000000,1349000.00,4.00,3.50,4740.00,8611.00,2.00,0.00,3.00,3.00,11.00,3640.00,1100.00,2006.00,0.00,98027.00,47.54,-122.07,4042.00,8321.00
1330900250.00,20140515T000000,550000.00,3.00,2.25,1980.00,40887.00,1.00,0.00,0.00,4.00,8.00,1980.00,0.00,1980.00,0.00,98052.00,47.65,-122.03,2460.00,35700.00
1099600250.00,20141202T000000,260000.00,3.00,1.75,1710.00,6400.00,1.00,0.00,0.00,4.00,7.00,1240.00,470.00,1976.00,0.00,98023.00,47.30,-122.38,1600.00,6400.00
1445200190.00,20150424T000000,284900.00,2.00,1.50,1160.00,982.00,2.00,0.00,0.00,3.00,7.00,890.00,270.00,2006.00,0.00,98155.00,47.77,-122.32,1160.00,1008.00
1929300052.00,20141029T000000,740000.00,3.00,2.50,2200.00,3000.00,2.00,0.00,0.00,3.00,9.00,1530.00,670.00,2002.00,0.00,98109.00,47.65,-122.35,2200.00,3300.00
7626200280.00,20141002T000000,425000.00,2.00,1.00,1170.00,5000.00,1.00,0.00,0.00,4.00,7.00,1030.00,140.00,1920.00,0.00,98136.00,47.54,-122.39,1170.00,5850.00
7211402115.00,20140902T000000,230000.00,3.00,1.00,1120.00,7500.00,1.00,0.00,0.00,3.00,7.00,1120.00,0.00,1965.00,0.00,98146.00,47.51,-122.36,1120.00,5000.00
324000280.00,20150413T000000,675000.00,3.00,1.50,1710.00,4000.00,2.00,0.00,0.00,3.00,8.00,1710.00,0.00,1926.00,0.00,98116.00,47.57,-122.39,1910.00,4000.00
8091410080.00,20140729T000000,267500.00,3.00,1.75,1650.00,7807.00,1.00,0.00,0.00,3.00,7.00,1650.00,0.00,1986.00,0.00,98030.00,47.35,-122.17,1810.00,8475.00
6616000010.00,20140825T000000,814000.00,4.00,2.50,2840.00,8820.00,1.00,0.00,2.00,5.00,8.00,1420.00,1420.00,1952.00,0.00,98118.00,47.55,-122.27,2310.00,8750.00
1125069102.00,20150427T000000,1250000.00,4.00,3.00,3310.00,217800.00,1.50,0.00,0.00,3.00,9.00,3310.00,0.00,1989.00,0.00,98053.00,47.66,-122.00,2810.00,217800.00
6413600151.00,20140916T000000,460000.00,3.00,2.00,1860.00,7232.00,1.00,0.00,0.00,3.00,7.00,1320.00,540.00,1985.00,0.00,98125.00,47.72,-122.32,1830.00,7220.00
2607720420.00,20150120T000000,445000.00,3.00,2.50,2250.00,9608.00,2.00,0.00,0.00,3.00,8.00,2250.00,0.00,1994.00,0.00,98045.00,47.49,-121.80,2020.00,9834.00
1854900470.00,20140924T000000,715000.00,3.00,2.50,2890.00,7027.00,2.00,0.00,0.00,3.00,8.00,2890.00,0.00,2004.00,0.00,98074.00,47.61,-122.01,2890.00,7197.00
8901000911.00,20150219T000000,425000.00,3.00,1.75,2120.00,5992.00,1.00,0.00,0.00,3.00,7.00,1060.00,1060.00,1947.00,0.00,98125.00,47.71,-122.31,1840.00,11000.00
3709600190.00,20140715T000000,370000.00,4.00,2.50,2130.00,4750.00,2.00,0.00,0.00,3.00,8.00,2130.00,0.00,2009.00,0.00,98058.00,47.43,-122.18,2130.00,4071.00
537000255.00,20150429T000000,302000.00,2.00,1.75,1170.00,8200.00,1.00,0.00,0.00,4.00,6.00,780.00,390.00,1937.00,0.00,98003.00,47.33,-122.31,1780.00,9020.00
4036800170.00,20140623T000000,453000.00,4.00,1.75,2120.00,7420.00,1.00,0.00,0.00,4.00,7.00,1060.00,1060.00,1956.00,0.00,98008.00,47.60,-122.13,1540.00,7420.00
5127100190.00,20140520T000000,290000.00,3.00,1.75,1280.00,10716.00,1.00,0.00,0.00,4.00,7.00,1280.00,0.00,1969.00,0.00,98059.00,47.48,-122.15,1440.00,9870.00
1762600190.00,20141229T000000,1035000.00,4.00,2.50,3170.00,47502.00,2.00,0.00,0.00,3.00,10.00,3170.00,0.00,1988.00,0.00,98033.00,47.65,-122.19,3190.00,35110.00
7796100080.00,20140520T000000,925000.00,4.00,2.25,2260.00,41984.00,1.00,0.00,0.00,4.00,9.00,2260.00,0.00,1967.00,0.00,98033.00,47.66,-122.17,2650.00,37318.00
9465910190.00,20140529T000000,600000.00,3.00,1.75,2930.00,19876.00,1.00,0.00,0.00,3.00,9.00,2030.00,900.00,1993.00,0.00,98072.00,47.74,-122.17,2740.00,11499.00
9284801845.00,20140805T000000,354000.00,3.00,1.50,1060.00,5750.00,1.00,0.00,2.00,4.00,7.00,1060.00,0.00,1981.00,0.00,98126.00,47.55,-122.37,1060.00,5750.00
3210200373.00,20140617T000000,204950.00,4.00,1.75,1740.00,9344.00,1.00,0.00,0.00,3.00,7.00,1180.00,560.00,1978.00,0.00,98023.00,47.32,-122.40,1440.00,12884.00
1854900430.00,20150422T000000,675000.00,4.00,2.50,2990.00,5400.00,2.00,0.00,0.00,3.00,8.00,2990.00,0.00,2005.00,0.00,98074.00,47.61,-122.01,2890.00,6538.00
2944000050.00,20150422T000000,995000.00,4.00,3.25,3530.00,20012.00,2.00,0.00,0.00,3.00,11.00,3530.00,0.00,1986.00,0.00,98052.00,47.72,-122.13,3850.00,20707.00
7971300020.00,20150331T000000,800000.00,5.00,2.00,2960.00,10960.00,1.00,0.00,0.00,4.00,7.00,1500.00,1460.00,1957.00,0.00,98005.00,47.62,-122.17,2160.00,10960.00
1542800010.00,20140909T000000,472500.00,3.00,2.50,1650.00,3711.00,2.00,0.00,0.00,3.00,8.00,1650.00,0.00,1996.00,0.00,98052.00,47.69,-122.09,1760.00,3762.00
1433500050.00,20141202T000000,549950.00,4.00,2.50,2720.00,13500.00,1.00,0.00,0.00,3.00,8.00,1510.00,1210.00,1969.00,0.00,98007.00,47.62,-122.15,2510.00,12350.00
9482700080.00,20141013T000000,575575.00,3.00,1.75,1516.00,2897.00,1.00,0.00,0.00,3.00,7.00,998.00,518.00,1925.00,0.00,98103.00,47.68,-122.34,2100.00,3854.00
3303870050.00,20150303T000000,545000.00,4.00,3.25,4386.00,12275.00,1.00,0.00,0.00,3.00,10.00,2356.00,2030.00,2006.00,0.00,98092.00,47.33,-122.20,3060.00,10925.00
2071700010.00,20141119T000000,340000.00,3.00,2.25,2580.00,7434.00,1.00,0.00,0.00,3.00,7.00,1630.00,950.00,1963.00,0.00,98133.00,47.74,-122.33,1920.00,7737.00
421000430.00,20150331T000000,225000.00,3.00,1.00,960.00,5512.00,1.00,0.00,0.00,4.00,6.00,960.00,0.00,1963.00,0.00,98056.00,47.49,-122.17,1090.00,5837.00
2787460430.00,20141028T000000,299950.00,2.00,1.75,1460.00,10506.00,1.00,0.00,0.00,3.00,7.00,1460.00,0.00,1983.00,0.00,98031.00,47.40,-122.18,1460.00,8153.00
2436200185.00,20150223T000000,829900.00,4.00,3.50,3840.00,4000.00,2.00,0.00,0.00,3.00,8.00,2640.00,1200.00,2001.00,0.00,98105.00,47.66,-122.29,1620.00,4000.00
9542830440.00,20150330T000000,340000.00,4.00,2.50,2090.00,4200.00,2.00,0.00,0.00,3.00,7.00,2090.00,0.00,2007.00,0.00,98038.00,47.37,-122.02,2090.00,4200.00
23500190.00,20141008T000000,515000.00,4.00,2.25,2470.00,7800.00,1.00,0.00,0.00,3.00,8.00,1470.00,1000.00,1975.00,0.00,98052.00,47.69,-122.12,2050.00,8050.00
3905030190.00,20140711T000000,601000.00,4.00,2.50,2090.00,6906.00,2.00,0.00,0.00,4.00,8.00,2090.00,0.00,1992.00,0.00,98029.00,47.57,-122.00,2090.00,6370.00
8079050010.00,20150504T000000,470000.00,3.00,2.50,2070.00,8581.00,2.00,0.00,0.00,3.00,8.00,2070.00,0.00,1994.00,0.00,98059.00,47.51,-122.15,2440.00,7849.00
3172600095.00,20140708T000000,371500.00,3.00,1.00,1650.00,6400.00,1.00,0.00,0.00,4.00,7.00,980.00,670.00,1954.00,0.00,98106.00,47.52,-122.37,1230.00,6400.00
126059242.00,20141119T000000,550000.00,3.00,1.75,1880.00,45738.00,1.00,0.00,0.00,4.00,8.00,1410.00,470.00,1980.00,0.00,98072.00,47.77,-122.11,2340.00,38556.00
2944510080.00,20141214T000000,242550.00,4.00,2.50,2060.00,7720.00,2.00,0.00,0.00,3.00,8.00,2060.00,0.00,1995.00,0.00,98023.00,47.30,-122.37,1630.00,7720.00
7019000050.00,20140506T000000,367500.00,3.00,1.50,1410.00,9647.00,1.00,0.00,0.00,3.00,8.00,1410.00,0.00,1961.00,0.00,98177.00,47.76,-122.36,2090.00,9272.00
7212680460.00,20140924T000000,359000.00,4.00,3.50,2770.00,8763.00,2.00,0.00,0.00,3.00,8.00,2100.00,670.00,1996.00,0.00,98003.00,47.26,-122.31,2030.00,7242.00
5706600170.00,20150311T000000,204900.00,3.00,2.00,1390.00,8245.00,1.00,0.00,0.00,2.00,7.00,1390.00,0.00,1984.00,0.00,98001.00,47.27,-122.25,1260.00,8245.00
3322049005.00,20140930T000000,850000.00,4.00,2.75,5440.00,239580.00,1.00,0.00,0.00,2.00,9.00,2720.00,2720.00,1969.00,0.00,98001.00,47.35,-122.29,1970.00,40392.00
7338000950.00,20141021T000000,187000.00,3.00,1.50,1280.00,4452.00,2.00,0.00,0.00,3.00,6.00,1280.00,0.00,1985.00,0.00,98002.00,47.33,-122.22,1070.00,4366.00
3323059027.00,20140528T000000,326000.00,3.00,2.75,1720.00,28000.00,1.00,0.00,0.00,4.00,7.00,1720.00,0.00,1958.00,0.00,98058.00,47.44,-122.18,2000.00,41817.00
3323059027.00,20150225T000000,340000.00,3.00,2.75,1720.00,28000.00,1.00,0.00,0.00,4.00,7.00,1720.00,0.00,1958.00,0.00,98058.00,47.44,-122.18,2000.00,41817.00
5502700005.00,20140625T000000,330000.00,6.00,2.25,3040.00,28535.00,1.00,0.00,0.00,3.00,8.00,1890.00,1150.00,1951.00,0.00,98030.00,47.39,-122.22,1360.00,8250.00
7205930050.00,20150102T000000,782000.00,4.00,3.50,3780.00,7769.00,2.00,0.00,0.00,3.00,9.00,3110.00,670.00,2001.00,0.00,98052.00,47.69,-122.13,3310.00,7945.00
1853200190.00,20141103T000000,612000.00,4.00,2.50,2670.00,5974.00,2.00,0.00,0.00,3.00,8.00,2670.00,0.00,1999.00,0.00,98034.00,47.71,-122.23,2140.00,5729.00
2697400020.00,20141031T000000,400000.00,3.00,2.00,1350.00,7216.00,1.00,0.00,0.00,3.00,7.00,1350.00,0.00,1964.00,0.00,98177.00,47.76,-122.37,1920.00,7600.00
226039316.00,20140603T000000,941500.00,5.00,3.50,3490.00,9680.00,2.00,0.00,4.00,3.00,9.00,2460.00,1030.00,1980.00,0.00,98177.00,47.78,-122.39,3080.00,13489.00
3126049439.00,20150109T000000,313000.00,2.00,1.50,870.00,747.00,2.00,0.00,0.00,3.00,8.00,800.00,70.00,2004.00,0.00,98103.00,47.70,-122.34,1710.00,1280.00
3491300052.00,20150409T000000,735000.00,4.00,2.25,2410.00,4250.00,1.50,0.00,0.00,5.00,7.00,1460.00,950.00,1929.00,0.00,98117.00,47.68,-122.38,1360.00,5074.00
6662410020.00,20150319T000000,471000.00,3.00,1.75,1640.00,10123.00,1.00,0.00,0.00,3.00,8.00,1340.00,300.00,1977.00,0.00,98011.00,47.77,-122.17,2210.00,10852.00
6139100086.00,20150224T000000,350000.00,3.00,1.00,1540.00,9800.00,1.00,0.00,0.00,4.00,7.00,1540.00,0.00,1950.00,0.00,98155.00,47.76,-122.33,1560.00,9450.00
5710610670.00,20140723T000000,530000.00,4.00,2.50,2370.00,9601.00,1.00,0.00,0.00,3.00,8.00,1570.00,800.00,1976.00,0.00,98027.00,47.53,-122.05,2550.00,10500.00
7503000020.00,20140507T000000,415000.00,4.00,3.00,1830.00,9548.00,2.00,0.00,0.00,3.00,7.00,1830.00,0.00,1991.00,0.00,98028.00,47.74,-122.22,1740.00,9750.00
1795920440.00,20140621T000000,639500.00,4.00,2.25,2330.00,8994.00,2.00,0.00,0.00,3.00,8.00,2330.00,0.00,1986.00,0.00,98052.00,47.73,-122.10,2330.00,8396.00
3570000130.00,20140611T000000,580379.00,4.00,2.75,2240.00,27820.00,1.50,0.00,0.00,4.00,8.00,2240.00,0.00,1976.00,0.00,98075.00,47.59,-122.05,2330.00,20000.00
7853340430.00,20141119T000000,378000.00,2.00,2.50,1700.00,2513.00,2.00,0.00,0.00,3.00,8.00,1700.00,0.00,2009.00,0.00,98065.00,47.52,-121.88,1760.00,2891.00
2473380010.00,20150115T000000,265000.00,3.00,2.25,1750.00,9298.00,1.00,0.00,0.00,4.00,7.00,1410.00,340.00,1969.00,0.00,98058.00,47.46,-122.16,1720.00,7875.00
3306300630.00,20140924T000000,212000.00,3.00,1.75,1100.00,9750.00,1.00,0.00,0.00,4.00,6.00,1100.00,0.00,1967.00,0.00,98023.00,47.30,-122.36,1100.00,9900.00
3222049120.00,20150123T000000,400000.00,4.00,3.00,2320.00,13068.00,2.00,0.00,2.00,3.00,8.00,2320.00,0.00,1998.00,0.00,98198.00,47.35,-122.32,2220.00,25265.00
2425059173.00,20150206T000000,750000.00,4.00,2.50,2540.00,6491.00,2.00,0.00,0.00,3.00,8.00,2540.00,0.00,1997.00,0.00,98008.00,47.64,-122.12,1990.00,8447.00
1196000007.00,20140505T000000,384900.00,5.00,2.50,3090.00,12750.00,1.00,0.00,0.00,3.00,8.00,1750.00,1340.00,1968.00,0.00,98023.00,47.34,-122.34,1760.00,25919.00
8651402910.00,20140806T000000,176000.00,2.00,1.00,770.00,5200.00,1.00,0.00,0.00,5.00,6.00,770.00,0.00,1969.00,0.00,98042.00,47.36,-122.09,1150.00,5330.00
3558000130.00,20140909T000000,350000.00,3.00,2.75,2370.00,4632.00,2.00,0.00,0.00,3.00,7.00,2370.00,0.00,2002.00,0.00,98038.00,47.38,-122.02,2290.00,5012.00
3830210020.00,20140729T000000,168000.00,3.00,1.00,1200.00,7210.00,1.00,0.00,0.00,4.00,6.00,1200.00,0.00,1977.00,0.00,98030.00,47.37,-122.18,1200.00,7650.00
7950302210.00,20141114T000000,358000.00,4.00,2.00,2200.00,3060.00,1.00,0.00,0.00,3.00,7.00,1100.00,1100.00,1908.00,2000.00,98118.00,47.57,-122.28,1410.00,5100.00
1774200190.00,20150428T000000,580000.00,3.00,2.75,2660.00,32757.00,1.00,0.00,0.00,4.00,8.00,2660.00,0.00,1975.00,0.00,98077.00,47.76,-122.10,2720.00,35191.00
3715500170.00,20140623T000000,442500.00,3.00,1.75,1600.00,10280.00,1.00,0.00,0.00,3.00,7.00,1050.00,550.00,1977.00,0.00,98034.00,47.73,-122.17,1590.00,8100.00
2436700655.00,20150317T000000,515000.00,2.00,2.50,1330.00,1249.00,3.00,0.00,0.00,3.00,8.00,1330.00,0.00,2004.00,0.00,98105.00,47.67,-122.29,1430.00,1328.00
5072100095.00,20141117T000000,554000.00,5.00,2.50,3440.00,12900.00,1.00,0.00,2.00,4.00,8.00,1720.00,1720.00,1958.00,0.00,98166.00,47.44,-122.34,2100.00,10751.00
305000170.00,20140610T000000,659000.00,3.00,2.50,2510.00,6320.00,2.00,0.00,0.00,3.00,9.00,2510.00,0.00,1996.00,0.00,98075.00,47.59,-122.03,2518.00,5819.00
2570300130.00,20150317T000000,414999.00,4.00,2.50,2150.00,10098.00,1.00,0.00,0.00,3.00,7.00,1090.00,1060.00,1963.00,0.00,98034.00,47.72,-122.20,1880.00,10000.00
776600130.00,20140502T000000,275000.00,3.00,1.50,1180.00,10277.00,1.00,0.00,0.00,3.00,6.00,1180.00,0.00,1983.00,0.00,98045.00,47.49,-121.79,1680.00,11104.00
5379802181.00,20141119T000000,193000.00,2.00,1.00,680.00,8640.00,1.00,0.00,0.00,4.00,5.00,680.00,0.00,1951.00,0.00,98188.00,47.46,-122.29,1320.00,13140.00
9558020380.00,20140820T000000,525000.00,4.00,2.50,2840.00,4750.00,2.00,0.00,0.00,3.00,9.00,2840.00,0.00,2002.00,0.00,98058.00,47.45,-122.12,2460.00,4750.00
3396830020.00,20141009T000000,424000.00,3.00,2.50,1820.00,7500.00,2.00,0.00,0.00,3.00,8.00,1820.00,0.00,1985.00,0.00,98052.00,47.72,-122.10,2040.00,8304.00
7519001825.00,20150108T000000,455000.00,2.00,1.00,1070.00,5150.00,1.00,0.00,0.00,4.00,6.00,870.00,200.00,1908.00,0.00,98117.00,47.69,-122.37,1520.00,3860.00
2324039069.00,20140822T000000,463000.00,2.00,1.00,1250.00,5650.00,2.00,0.00,1.00,4.00,7.00,1250.00,0.00,1943.00,0.00,98126.00,47.55,-122.38,1210.00,5650.00
1245500950.00,20150504T000000,1100000.00,4.00,2.50,2190.00,6300.00,1.00,0.00,3.00,3.00,7.00,1240.00,950.00,1960.00,0.00,98033.00,47.69,-122.22,2730.00,14659.00
5100404030.00,20141208T000000,523000.00,3.00,1.75,3000.00,5413.00,2.00,0.00,0.00,4.00,8.00,1900.00,1100.00,1963.00,0.00,98115.00,47.70,-122.31,1550.00,5413.00
9542000050.00,20140808T000000,615000.00,4.00,1.75,2270.00,9830.00,1.00,0.00,0.00,4.00,8.00,2270.00,0.00,1959.00,0.00,98005.00,47.60,-122.18,2540.00,11990.00
5608000630.00,20141103T000000,1515000.00,4.00,4.00,4500.00,11795.00,2.00,0.00,0.00,3.00,12.00,4500.00,0.00,1991.00,0.00,98027.00,47.55,-122.10,3930.00,11576.00
475001235.00,20140808T000000,870000.00,5.00,4.00,3400.00,5000.00,2.00,0.00,0.00,3.00,8.00,2320.00,1080.00,1900.00,2013.00,98107.00,47.67,-122.36,1910.00,5000.00
2725069150.00,20140817T000000,710000.00,3.00,2.50,2830.00,9680.00,2.00,0.00,0.00,3.00,10.00,2830.00,0.00,1991.00,0.00,98074.00,47.62,-122.02,2970.00,8691.00
9202000080.00,20140707T000000,215000.00,3.00,1.00,960.00,9563.00,1.00,0.00,0.00,5.00,7.00,960.00,0.00,1967.00,0.00,98023.00,47.29,-122.36,1280.00,9600.00
225039049.00,20140908T000000,590000.00,2.00,1.00,1530.00,6450.00,1.00,0.00,0.00,4.00,7.00,1530.00,0.00,1920.00,0.00,98117.00,47.68,-122.40,1530.00,5000.00
2212500430.00,20140814T000000,323000.00,5.00,2.50,2500.00,13034.00,1.00,0.00,0.00,3.00,7.00,1300.00,1200.00,1962.00,0.00,98092.00,47.33,-122.19,2440.00,13300.00
2473100010.00,20140722T000000,279000.00,4.00,2.00,1560.00,7569.00,1.50,0.00,0.00,4.00,7.00,1560.00,0.00,1966.00,0.00,98058.00,47.45,-122.16,1480.00,8755.00
2795000080.00,20140919T000000,535100.00,3.00,2.25,2070.00,7207.00,1.00,0.00,0.00,3.00,8.00,1720.00,350.00,1973.00,0.00,98177.00,47.77,-122.37,2350.00,7980.00
9541800010.00,20141027T000000,830000.00,5.00,2.25,2710.00,19800.00,1.00,0.00,0.00,5.00,9.00,1910.00,800.00,1959.00,0.00,98005.00,47.60,-122.18,2120.00,16400.00
2619920010.00,20140703T000000,815000.00,4.00,2.50,3150.00,4203.00,2.00,0.00,0.00,3.00,9.00,3150.00,0.00,2002.00,0.00,98033.00,47.69,-122.16,3150.00,5169.00
4046400010.00,20150309T000000,535900.00,3.00,2.25,1880.00,10880.00,1.00,0.00,0.00,3.00,8.00,1480.00,400.00,1975.00,0.00,98008.00,47.59,-122.12,2120.00,10240.00
7642200095.00,20150309T000000,230000.00,3.00,1.00,1250.00,8800.00,1.00,0.00,0.00,3.00,7.00,1250.00,0.00,1955.00,0.00,98146.00,47.50,-122.36,1480.00,8200.00
8899000430.00,20150217T000000,325500.00,4.00,1.75,2290.00,8142.00,1.00,0.00,0.00,4.00,7.00,1490.00,800.00,1969.00,0.00,98055.00,47.46,-122.21,1840.00,8142.00
8944750480.00,20150130T000000,359000.00,3.00,2.25,1990.00,4331.00,2.00,0.00,0.00,3.00,7.00,1990.00,0.00,1997.00,0.00,98056.00,47.49,-122.17,1690.00,3688.00
7852020660.00,20140509T000000,505000.00,3.00,2.50,2100.00,5824.00,2.00,0.00,2.00,3.00,8.00,2100.00,0.00,1999.00,0.00,98065.00,47.53,-121.87,1890.00,4140.00
7789000080.00,20140930T000000,253905.00,3.00,1.00,940.00,8400.00,1.00,0.00,0.00,5.00,7.00,940.00,0.00,1958.00,0.00,98056.00,47.51,-122.17,950.00,8400.00
6413100122.00,20140711T000000,369950.00,3.00,1.75,1640.00,4860.00,1.00,0.00,0.00,3.00,8.00,1200.00,440.00,1965.00,0.00,98125.00,47.71,-122.32,1480.00,7200.00
8856960280.00,20150121T000000,350000.00,3.00,2.25,1860.00,8378.00,2.00,0.00,0.00,3.00,7.00,1860.00,0.00,1995.00,0.00,98038.00,47.39,-122.03,1870.00,8378.00
1868901190.00,20140807T000000,650000.00,4.00,2.25,2100.00,2500.00,3.00,0.00,0.00,3.00,8.00,2100.00,0.00,2001.00,0.00,98115.00,47.67,-122.30,1660.00,4000.00
3123039136.00,20140825T000000,295000.00,3.00,1.75,1500.00,15246.00,1.00,0.00,0.00,3.00,6.00,1500.00,0.00,1925.00,1998.00,98070.00,47.44,-122.46,1500.00,16988.00
3585300415.00,20150507T000000,620000.00,3.00,1.75,1680.00,28046.00,1.00,0.00,3.00,3.00,8.00,1180.00,500.00,1948.00,0.00,98177.00,47.76,-122.37,2190.00,26308.00
2624089007.00,20150320T000000,1998000.00,2.00,2.50,3900.00,920423.00,2.00,0.00,0.00,3.00,12.00,3900.00,0.00,2009.00,0.00,98065.00,47.54,-121.76,2720.00,411962.00
4338800170.00,20140507T000000,246000.00,3.00,1.00,1400.00,7410.00,1.00,0.00,0.00,3.00,6.00,1400.00,0.00,1944.00,0.00,98166.00,47.48,-122.34,1070.00,7410.00
4046501300.00,20140916T000000,430000.00,3.00,2.75,2600.00,12860.00,1.00,0.00,0.00,3.00,7.00,1350.00,1250.00,1965.00,0.00,98014.00,47.70,-121.92,2260.00,12954.00
3331001995.00,20150123T000000,509990.00,3.00,2.00,1440.00,4859.00,2.00,0.00,0.00,2.00,6.00,1440.00,0.00,1921.00,0.00,98118.00,47.55,-122.29,1360.00,4558.00
802000130.00,20141209T000000,490000.00,4.00,1.75,1870.00,9500.00,1.00,0.00,0.00,4.00,7.00,1090.00,780.00,1962.00,0.00,98033.00,47.70,-122.19,2010.00,10000.00
2011400779.00,20141202T000000,385000.00,4.00,2.75,2960.00,10454.00,1.00,0.00,1.00,3.00,8.00,2360.00,600.00,1979.00,0.00,98198.00,47.40,-122.32,1870.00,10500.00
8651610660.00,20150429T000000,769000.00,4.00,2.50,2440.00,6733.00,2.00,0.00,0.00,3.00,9.00,2440.00,0.00,1999.00,0.00,98074.00,47.64,-122.06,2570.00,6496.00
1788900380.00,20150212T000000,185000.00,2.00,1.00,1122.00,9100.00,1.00,0.00,0.00,4.00,6.00,1122.00,0.00,1960.00,0.00,98023.00,47.33,-122.34,840.00,9344.00
2121000250.00,20140509T000000,303500.00,3.00,1.50,1060.00,10464.00,1.00,0.00,0.00,4.00,7.00,1060.00,0.00,1973.00,0.00,98034.00,47.73,-122.23,1420.00,10464.00
2110900050.00,20150211T000000,468000.00,4.00,2.50,2150.00,8165.00,1.00,0.00,0.00,3.00,8.00,1430.00,720.00,1957.00,0.00,98177.00,47.77,-122.37,2360.00,7980.00
5469503280.00,20140721T000000,449950.00,4.00,2.50,3100.00,10000.00,2.00,0.00,0.00,3.00,9.00,3100.00,0.00,1978.00,0.00,98042.00,47.37,-122.15,1850.00,9438.00
6300000364.00,20140616T000000,235000.00,2.00,1.50,880.00,1805.00,2.00,0.00,0.00,3.00,7.00,880.00,0.00,1999.00,0.00,98133.00,47.71,-122.34,880.00,5060.00
2616800050.00,20141202T000000,520000.00,4.00,2.50,2490.00,34947.00,2.00,0.00,0.00,3.00,9.00,2150.00,340.00,1985.00,0.00,98027.00,47.48,-122.03,2490.00,39639.00
1446400648.00,20141106T000000,203000.00,2.00,1.00,1080.00,9067.00,1.00,0.00,0.00,3.00,6.00,1080.00,0.00,1951.00,0.00,98168.00,47.48,-122.33,1080.00,6647.00
4038700380.00,20140826T000000,657000.00,5.00,2.50,2530.00,10190.00,1.00,0.00,0.00,4.00,7.00,1290.00,1240.00,1960.00,0.00,98008.00,47.62,-122.12,2040.00,8560.00
9109000050.00,20140709T000000,275000.00,3.00,1.00,1200.00,7800.00,1.00,0.00,0.00,4.00,7.00,1200.00,0.00,1954.00,0.00,98126.00,47.52,-122.37,1230.00,7070.00
9465910380.00,20141024T000000,540000.00,4.00,2.25,2850.00,7453.00,2.00,0.00,0.00,3.00,9.00,2850.00,0.00,1991.00,0.00,98072.00,47.74,-122.17,2700.00,8468.00
1137400460.00,20140624T000000,455000.00,4.00,2.50,2950.00,4502.00,2.00,0.00,0.00,3.00,7.00,2950.00,0.00,2005.00,0.00,98059.00,47.50,-122.15,2360.00,4502.00
2545700020.00,20141016T000000,458500.00,2.00,1.75,1160.00,6828.00,1.00,0.00,0.00,3.00,7.00,860.00,300.00,1941.00,0.00,98115.00,47.69,-122.30,1250.00,6828.00
3260570290.00,20150424T000000,549900.00,4.00,3.50,3420.00,4751.00,2.00,0.00,0.00,3.00,10.00,3420.00,0.00,2003.00,0.00,98055.00,47.47,-122.19,3490.00,5700.00
5652600185.00,20140502T000000,750000.00,3.00,1.75,2240.00,10578.00,2.00,0.00,0.00,5.00,8.00,1550.00,690.00,1923.00,0.00,98115.00,47.70,-122.29,1570.00,10578.00
7347600507.00,20140623T000000,235000.00,4.00,1.75,1450.00,8891.00,1.50,0.00,0.00,3.00,7.00,1180.00,270.00,1962.00,0.00,98168.00,47.48,-122.28,1450.00,9013.00
1545802850.00,20140911T000000,286000.00,4.00,2.50,1820.00,7930.00,2.00,0.00,0.00,5.00,7.00,1820.00,0.00,1989.00,0.00,98038.00,47.36,-122.05,1490.00,7930.00
3126059027.00,20150318T000000,2650000.00,4.00,3.50,4700.00,13730.00,2.00,0.00,3.00,3.00,11.00,3500.00,1200.00,1958.00,1995.00,98033.00,47.69,-122.22,3210.00,15306.00
8087800430.00,20150210T000000,602000.00,4.00,1.75,2430.00,14000.00,1.00,0.00,0.00,4.00,7.00,1580.00,850.00,1963.00,0.00,98052.00,47.66,-122.13,1910.00,8285.00
9547200460.00,20140820T000000,640000.00,3.00,1.50,1960.00,4080.00,1.50,0.00,0.00,3.00,7.00,1960.00,0.00,1915.00,0.00,98115.00,47.68,-122.31,1880.00,4080.00
3826501060.00,20141009T000000,267000.00,3.00,1.75,1440.00,10920.00,1.00,0.00,0.00,4.00,8.00,1440.00,0.00,1977.00,0.00,98030.00,47.38,-122.17,1720.00,8260.00
5406500430.00,20150421T000000,712000.00,4.00,2.50,2730.00,4385.00,2.00,0.00,0.00,3.00,8.00,2730.00,0.00,2001.00,0.00,98075.00,47.60,-122.04,2670.00,4644.00
5417600130.00,20141010T000000,244500.00,2.00,1.00,910.00,9000.00,1.00,0.00,0.00,3.00,5.00,910.00,0.00,1923.00,0.00,98065.00,47.53,-121.81,1290.00,9000.00
5417600130.00,20150512T000000,301000.00,2.00,1.00,910.00,9000.00,1.00,0.00,0.00,3.00,5.00,910.00,0.00,1923.00,0.00,98065.00,47.53,-121.81,1290.00,9000.00
2138700345.00,20140818T000000,990000.00,4.00,2.50,2430.00,6325.00,2.00,0.00,0.00,4.00,8.00,2020.00,410.00,1919.00,0.00,98109.00,47.64,-122.35,2340.00,4375.00
5611500170.00,20150422T000000,739999.00,4.00,2.75,3350.00,6500.00,2.00,0.00,0.00,3.00,10.00,3350.00,0.00,1999.00,0.00,98075.00,47.58,-122.03,2960.00,6970.00
5700002125.00,20140610T000000,480000.00,4.00,1.75,2320.00,4322.00,1.00,0.00,0.00,3.00,7.00,1140.00,1180.00,1910.00,0.00,98144.00,47.58,-122.29,1820.00,4322.00
1473200170.00,20140729T000000,305000.00,3.00,2.50,1260.00,1622.00,3.00,0.00,0.00,3.00,8.00,1260.00,0.00,2009.00,0.00,98133.00,47.73,-122.34,1340.00,1188.00
2922702965.00,20150115T000000,703300.00,3.00,2.00,1980.00,3525.00,1.50,0.00,0.00,4.00,8.00,1590.00,390.00,1932.00,0.00,98117.00,47.68,-122.37,1760.00,3760.00
7895500290.00,20150330T000000,265000.00,4.00,1.50,1580.00,8468.00,2.00,0.00,0.00,4.00,7.00,1580.00,0.00,1971.00,0.00,98001.00,47.33,-122.28,1580.00,8260.00
7338200170.00,20150422T000000,600000.00,4.00,2.50,2710.00,35009.00,2.00,0.00,2.00,3.00,9.00,2710.00,0.00,1992.00,0.00,98045.00,47.48,-121.71,2330.00,35040.00
6929603769.00,20140721T000000,253000.00,3.00,1.00,1400.00,9750.00,1.00,0.00,0.00,3.00,7.00,1400.00,0.00,1968.00,1998.00,98198.00,47.39,-122.30,1640.00,8050.00
9429000170.00,20150326T000000,617950.00,4.00,2.50,2410.00,7950.00,2.00,0.00,0.00,3.00,8.00,2410.00,0.00,1997.00,0.00,98034.00,47.72,-122.23,1920.00,7713.00
2114700190.00,20141212T000000,385000.00,4.00,3.25,1790.00,2460.00,2.00,0.00,0.00,4.00,7.00,1100.00,690.00,2000.00,0.00,98106.00,47.53,-122.35,1260.00,4040.00
323049148.00,20141219T000000,319000.00,3.00,2.00,1640.00,9234.00,1.00,0.00,0.00,5.00,7.00,1060.00,580.00,1967.00,0.00,98118.00,47.52,-122.27,2230.00,10354.00
4038700290.00,20150423T000000,696000.00,3.00,2.50,1670.00,8023.00,1.00,0.00,0.00,5.00,7.00,1170.00,500.00,1960.00,0.00,98008.00,47.62,-122.12,1960.00,8964.00
9284802045.00,20140630T000000,345000.00,2.00,1.00,970.00,5750.00,1.00,0.00,0.00,4.00,6.00,970.00,0.00,1932.00,0.00,98126.00,47.55,-122.37,1650.00,8625.00
3188100007.00,20141022T000000,380000.00,3.00,2.50,1610.00,1778.00,3.00,0.00,0.00,3.00,7.00,1610.00,0.00,2002.00,0.00,98115.00,47.69,-122.31,1120.00,2187.00
1200019.00,20140508T000000,647500.00,4.00,1.75,2060.00,26036.00,1.00,0.00,0.00,4.00,8.00,1160.00,900.00,1947.00,0.00,98166.00,47.44,-122.35,2590.00,21891.00
2616800480.00,20140925T000000,725000.00,3.00,2.50,3570.00,35271.00,2.00,0.00,0.00,3.00,9.00,3570.00,0.00,1997.00,0.00,98027.00,47.48,-122.04,3510.00,37194.00
2310000380.00,20141219T000000,269950.00,3.00,1.75,1400.00,7735.00,1.00,0.00,0.00,4.00,7.00,1400.00,0.00,1989.00,0.00,98038.00,47.36,-122.04,1530.00,7754.00
4054560170.00,20140611T000000,875000.00,4.00,2.50,3470.00,32109.00,2.00,0.00,0.00,3.00,10.00,3470.00,0.00,1995.00,0.00,98077.00,47.73,-122.04,3800.00,35181.00
7972601900.00,20140530T000000,299950.00,3.00,1.00,1210.00,9525.00,1.00,0.00,0.00,3.00,7.00,1210.00,0.00,1955.00,0.00,98106.00,47.53,-122.35,1680.00,7620.00
3391500050.00,20140703T000000,1875000.00,4.00,3.25,3930.00,10929.00,2.00,0.00,0.00,3.00,10.00,3930.00,0.00,2006.00,0.00,98004.00,47.63,-122.19,1780.00,9999.00
8132700190.00,20140602T000000,430000.00,2.00,1.00,990.00,4802.00,1.00,0.00,0.00,3.00,7.00,990.00,0.00,1947.00,0.00,98117.00,47.69,-122.40,1180.00,5000.00
3904990430.00,20150129T000000,495000.00,5.00,2.50,2200.00,4942.00,2.00,0.00,0.00,3.00,8.00,2200.00,0.00,1989.00,0.00,98029.00,47.58,-122.00,2200.00,5924.00
5469700052.00,20141113T000000,275000.00,3.00,1.50,1510.00,16200.00,1.00,0.00,0.00,3.00,7.00,1510.00,0.00,1970.00,0.00,98031.00,47.39,-122.17,1650.00,13950.00
4006000509.00,20140916T000000,333000.00,3.00,1.00,1620.00,5040.00,1.00,0.00,0.00,3.00,7.00,1120.00,500.00,1964.00,0.00,98118.00,47.53,-122.29,1790.00,6178.00
9269750460.00,20140519T000000,247000.00,3.00,2.25,1580.00,7941.00,2.00,0.00,0.00,4.00,7.00,1580.00,0.00,1986.00,0.00,98023.00,47.28,-122.36,1730.00,8051.00
2721059173.00,20150309T000000,204555.00,3.00,1.75,1260.00,15000.00,1.50,0.00,0.00,4.00,7.00,1260.00,0.00,1983.00,0.00,98092.00,47.27,-122.15,2400.00,21715.00
3981200660.00,20140715T000000,432000.00,3.00,2.00,2190.00,13673.00,1.00,0.00,0.00,4.00,9.00,2190.00,0.00,1994.00,0.00,98042.00,47.35,-122.10,2770.00,13804.00
4012800050.00,20140521T000000,175000.00,3.00,1.75,1230.00,13056.00,1.00,0.00,0.00,4.00,7.00,1230.00,0.00,1962.00,0.00,98001.00,47.32,-122.28,1690.00,15750.00
3275750050.00,20150320T000000,556300.00,4.00,2.50,2030.00,7140.00,1.00,0.00,0.00,4.00,7.00,1400.00,630.00,1968.00,0.00,98008.00,47.62,-122.11,1800.00,7565.00
8572900275.00,20140625T000000,286000.00,2.00,1.00,780.00,3475.00,1.00,0.00,0.00,4.00,5.00,780.00,0.00,1930.00,0.00,98045.00,47.49,-121.79,1210.00,6769.00
993000950.00,20140906T000000,320000.00,2.00,1.50,1110.00,1200.00,3.00,0.00,0.00,3.00,8.00,1110.00,0.00,2000.00,0.00,98103.00,47.69,-122.34,1110.00,1363.00
426069099.00,20150420T000000,815000.00,3.00,2.50,2790.00,53143.00,2.00,0.00,0.00,4.00,9.00,2790.00,0.00,1991.00,0.00,98077.00,47.77,-122.04,2740.00,47916.00
3276180020.00,20150327T000000,385000.00,4.00,1.75,1660.00,10757.00,1.00,0.00,0.00,3.00,7.00,1000.00,660.00,1980.00,0.00,98056.00,47.51,-122.19,1880.00,8319.00
5700001640.00,20140508T000000,1039000.00,4.00,1.00,3410.00,5000.00,2.00,0.00,0.00,5.00,8.00,2190.00,1220.00,1910.00,0.00,98144.00,47.58,-122.29,2550.00,5000.00
9264940130.00,20141028T000000,350000.00,4.00,2.25,2390.00,13002.00,2.00,0.00,0.00,3.00,8.00,2390.00,0.00,1987.00,0.00,98023.00,47.31,-122.35,2450.00,11200.00
7300400670.00,20140729T000000,277000.00,4.00,2.50,1850.00,5880.00,2.00,0.00,0.00,3.00,8.00,1850.00,0.00,1998.00,0.00,98092.00,47.33,-122.17,2370.00,6500.00
4112100101.00,20150219T000000,415000.00,6.00,2.00,2500.00,5200.00,1.00,0.00,0.00,3.00,8.00,1250.00,1250.00,1966.00,0.00,98118.00,47.55,-122.27,1800.00,5200.00
6163901381.00,20141204T000000,295000.00,3.00,1.00,1000.00,8320.00,1.00,0.00,0.00,5.00,6.00,1000.00,0.00,1951.00,0.00,98155.00,47.75,-122.32,1090.00,8450.00
7603100020.00,20140805T000000,969000.00,4.00,2.00,2450.00,5000.00,2.00,0.00,4.00,5.00,8.00,2200.00,250.00,1919.00,0.00,98116.00,47.56,-122.41,2360.00,6090.00
4302200415.00,20141104T000000,339888.00,4.00,1.75,1440.00,6144.00,1.00,0.00,0.00,5.00,6.00,720.00,720.00,1947.00,0.00,98106.00,47.53,-122.36,960.00,5160.00
3876760430.00,20140822T000000,269950.00,3.00,2.25,1660.00,7003.00,2.00,0.00,0.00,3.00,7.00,1660.00,0.00,1996.00,0.00,98030.00,47.36,-122.19,1840.00,6680.00
3754501235.00,20141001T000000,1185000.00,3.00,2.50,2510.00,4600.00,2.00,0.00,2.00,3.00,10.00,2510.00,0.00,2006.00,0.00,98034.00,47.71,-122.22,2560.00,7500.00
8691330500.00,20141216T000000,780000.00,4.00,2.50,3090.00,12511.00,2.00,0.00,0.00,4.00,10.00,3090.00,0.00,1998.00,0.00,98075.00,47.59,-121.98,3100.00,10882.00
8651401680.00,20150408T000000,198000.00,3.00,1.00,860.00,5185.00,1.00,0.00,0.00,4.00,6.00,860.00,0.00,1968.00,0.00,98042.00,47.36,-122.09,1120.00,5494.00
8011100050.00,20150508T000000,350000.00,2.00,1.00,1220.00,28703.00,1.00,0.00,0.00,4.00,7.00,1220.00,0.00,1953.00,0.00,98056.00,47.50,-122.17,2740.00,6720.00
3768000280.00,20141201T000000,350000.00,3.00,1.00,1010.00,7680.00,1.00,0.00,0.00,4.00,7.00,1010.00,0.00,1967.00,0.00,98034.00,47.73,-122.23,1320.00,7373.00
1321710460.00,20141206T000000,319000.00,4.00,2.25,2390.00,7350.00,2.00,0.00,0.00,3.00,8.00,2390.00,0.00,1990.00,0.00,98023.00,47.29,-122.35,2390.00,7350.00
8731981680.00,20140908T000000,311000.00,4.00,2.25,3340.00,8000.00,2.00,0.00,0.00,4.00,8.00,3340.00,0.00,1973.00,0.00,98023.00,47.32,-122.39,2230.00,8000.00
7714000250.00,20141018T000000,394000.00,5.00,3.25,3620.00,4650.00,2.00,0.00,0.00,3.00,8.00,2790.00,830.00,2004.00,0.00,98038.00,47.36,-122.03,2850.00,4650.00
1336800010.00,20140613T000000,1335000.00,5.00,2.25,4200.00,5800.00,2.50,0.00,0.00,4.00,9.00,2910.00,1290.00,1906.00,0.00,98112.00,47.63,-122.31,3060.00,5800.00
5442300807.00,20140624T000000,2700000.00,5.00,2.75,3831.00,13800.00,2.00,1.00,4.00,3.00,9.00,3831.00,0.00,1959.00,1980.00,98040.00,47.59,-122.25,3850.00,36563.00
6190701112.00,20141125T000000,396000.00,3.00,1.00,1980.00,9540.00,1.00,0.00,0.00,3.00,7.00,1080.00,900.00,1949.00,0.00,98133.00,47.76,-122.35,1680.00,9529.00
2680700280.00,20150402T000000,809000.00,4.00,1.75,1790.00,8372.00,1.00,0.00,0.00,4.00,8.00,1340.00,450.00,1976.00,0.00,98033.00,47.66,-122.19,2180.00,10500.00
1025059181.00,20140722T000000,480000.00,3.00,2.00,1580.00,7400.00,1.00,0.00,0.00,3.00,7.00,1050.00,530.00,1977.00,0.00,98052.00,47.67,-122.16,1560.00,7458.00
3856900005.00,20140909T000000,535000.00,6.00,1.75,2460.00,6000.00,1.00,0.00,0.00,4.00,7.00,1230.00,1230.00,1913.00,0.00,98115.00,47.67,-122.32,1560.00,4275.00
4302700425.00,20150213T000000,425000.00,5.00,2.75,2110.00,5120.00,2.00,0.00,0.00,3.00,7.00,1870.00,240.00,1947.00,1983.00,98106.00,47.53,-122.36,1580.00,5120.00
6824100005.00,20140801T000000,408000.00,3.00,2.50,1470.00,1204.00,3.00,0.00,0.00,3.00,8.00,1470.00,0.00,2006.00,0.00,98117.00,47.70,-122.37,1460.00,1245.00
3625600190.00,20150409T000000,1255000.00,4.00,2.50,3510.00,13100.00,2.00,0.00,0.00,4.00,10.00,3510.00,0.00,1966.00,0.00,98040.00,47.53,-122.23,3230.00,12745.00
7588700177.00,20150420T000000,310000.00,1.00,0.75,520.00,2885.00,1.00,0.00,0.00,4.00,6.00,520.00,0.00,1947.00,0.00,98117.00,47.69,-122.38,980.00,4241.00
3303950080.00,20141103T000000,292000.00,3.00,2.50,1950.00,7421.00,2.00,0.00,0.00,3.00,8.00,1950.00,0.00,1996.00,0.00,98038.00,47.38,-122.04,2200.00,4668.00
985000950.00,20150227T000000,217000.00,2.00,1.00,770.00,9715.00,1.00,0.00,0.00,4.00,6.00,770.00,0.00,1942.00,0.00,98168.00,47.49,-122.31,1140.00,9715.00
8011100005.00,20150127T000000,398500.00,4.00,2.50,2250.00,6064.00,2.00,0.00,0.00,3.00,8.00,2250.00,0.00,2005.00,0.00,98056.00,47.50,-122.17,1520.00,7840.00
5316100980.00,20150326T000000,2250000.00,3.00,3.00,4040.00,7200.00,1.50,0.00,2.00,4.00,9.00,3340.00,700.00,1930.00,0.00,98112.00,47.63,-122.28,3450.00,10800.00
6819100345.00,20150325T000000,700000.00,4.00,1.75,2360.00,6000.00,1.00,0.00,0.00,3.00,7.00,1280.00,1080.00,1955.00,0.00,98109.00,47.65,-122.36,1700.00,3460.00
3276930420.00,20140912T000000,585000.00,4.00,2.50,2330.00,45860.00,2.00,0.00,0.00,3.00,9.00,2330.00,0.00,1989.00,0.00,98075.00,47.58,-121.99,2930.00,5020.00
6648900005.00,20141008T000000,399950.00,3.00,1.00,1720.00,8910.00,1.00,0.00,0.00,4.00,7.00,1720.00,0.00,1954.00,0.00,98155.00,47.77,-122.30,1870.00,8640.00
6083000050.00,20140613T000000,235000.00,3.00,1.75,1900.00,8540.00,1.00,0.00,0.00,3.00,6.00,950.00,950.00,1980.00,0.00,98168.00,47.49,-122.30,1370.00,10204.00
1180008315.00,20140715T000000,212000.00,3.00,1.00,1040.00,6800.00,1.00,0.00,0.00,5.00,6.00,1040.00,0.00,1951.00,0.00,98178.00,47.49,-122.22,1430.00,6080.00
8651510380.00,20140821T000000,310000.00,3.00,2.00,2070.00,9195.00,1.00,0.00,0.00,3.00,8.00,1220.00,850.00,1982.00,0.00,98074.00,47.65,-122.06,2080.00,9551.00
8651510380.00,20141216T000000,539000.00,3.00,2.00,2070.00,9195.00,1.00,0.00,0.00,3.00,8.00,1220.00,850.00,1982.00,0.00,98074.00,47.65,-122.06,2080.00,9551.00
9826701794.00,20141205T000000,390000.00,3.00,3.00,1550.00,1608.00,2.00,0.00,0.00,3.00,8.00,1280.00,270.00,2001.00,0.00,98122.00,47.60,-122.30,1940.00,1883.00
2790400380.00,20141201T000000,560000.00,3.00,2.50,2020.00,11935.00,1.00,0.00,0.00,4.00,9.00,2020.00,0.00,1976.00,0.00,98052.00,47.63,-122.09,2410.00,12350.00
6979940050.00,20140916T000000,800000.00,5.00,2.50,3320.00,9024.00,2.00,0.00,0.00,3.00,9.00,3320.00,0.00,1999.00,0.00,98075.00,47.59,-122.06,3320.00,7665.00
1727001300.00,20140609T000000,1900000.00,4.00,3.25,4130.00,112521.00,2.00,0.00,0.00,3.00,11.00,4130.00,0.00,1978.00,0.00,98005.00,47.64,-122.17,3140.00,26147.00
686100380.00,20141027T000000,472000.00,5.00,2.00,2030.00,9804.00,1.00,0.00,0.00,3.00,7.00,1110.00,920.00,1963.00,0.00,98008.00,47.63,-122.11,1930.00,7990.00
4037400280.00,20140923T000000,502550.00,3.00,1.75,1770.00,7875.00,1.00,0.00,0.00,4.00,7.00,1170.00,600.00,1958.00,0.00,98008.00,47.61,-122.13,1670.00,8000.00
8691400010.00,20150327T000000,830000.00,4.00,3.25,3330.00,7809.00,2.00,0.00,0.00,3.00,9.00,3330.00,0.00,2004.00,0.00,98075.00,47.60,-121.98,3100.00,6465.00
1450300050.00,20140723T000000,224950.00,4.00,2.50,2260.00,9686.00,1.00,0.00,0.00,4.00,7.00,1520.00,740.00,1965.00,0.00,98002.00,47.29,-122.22,1750.00,9916.00
4024101440.00,20140618T000000,375000.00,3.00,2.50,1950.00,6871.00,2.00,0.00,0.00,3.00,8.00,1950.00,0.00,1997.00,0.00,98155.00,47.76,-122.31,1950.00,7663.00
624100010.00,20141208T000000,645000.00,3.00,2.50,2930.00,19900.00,1.50,0.00,0.00,3.00,9.00,2930.00,0.00,1983.00,0.00,98077.00,47.72,-122.07,3160.00,20492.00
9523102580.00,20140523T000000,599000.00,3.00,2.75,1960.00,2500.00,1.50,0.00,0.00,5.00,7.00,1410.00,550.00,1926.00,0.00,98103.00,47.67,-122.35,2040.00,5000.00
7429000130.00,20150509T000000,515000.00,4.00,2.50,2980.00,12534.00,2.00,0.00,0.00,3.00,9.00,2980.00,0.00,1996.00,0.00,98031.00,47.40,-122.21,2630.00,12534.00
7335400345.00,20140528T000000,135000.00,2.00,1.00,780.00,6685.00,1.00,0.00,0.00,4.00,5.00,780.00,0.00,1948.00,0.00,98002.00,47.31,-122.22,880.00,6695.00
7215721330.00,20141023T000000,485000.00,3.00,2.50,1650.00,4218.00,2.00,0.00,0.00,3.00,8.00,1650.00,0.00,2000.00,0.00,98075.00,47.60,-122.02,1650.00,4559.00
3117100130.00,20140714T000000,890000.00,3.00,3.25,4030.00,12765.00,2.00,0.00,0.00,4.00,9.00,2800.00,1230.00,1975.00,0.00,98005.00,47.63,-122.17,2670.00,13447.00
2868900020.00,20150408T000000,215000.00,3.00,1.00,1010.00,10125.00,1.00,0.00,0.00,4.00,7.00,1010.00,0.00,1972.00,0.00,98042.00,47.34,-122.09,1230.00,10125.00
5703500130.00,20141217T000000,299500.00,3.00,1.00,1190.00,9600.00,1.00,0.00,0.00,3.00,7.00,1190.00,0.00,1981.00,0.00,98045.00,47.48,-121.76,1360.00,10140.00
3025059136.00,20140813T000000,800000.00,2.00,1.00,1050.00,8750.00,1.00,0.00,0.00,4.00,7.00,1050.00,0.00,1951.00,0.00,98004.00,47.63,-122.22,3360.00,20115.00
6679000130.00,20150209T000000,275000.00,3.00,2.50,1560.00,4244.00,2.00,0.00,0.00,3.00,7.00,1560.00,0.00,2002.00,0.00,98038.00,47.38,-122.03,1670.00,4251.00
4222500020.00,20150219T000000,256400.00,3.00,1.50,1490.00,7800.00,1.00,0.00,0.00,3.00,7.00,1010.00,480.00,1963.00,0.00,98003.00,47.34,-122.30,1570.00,7800.00
3997500130.00,20150224T000000,310000.00,2.00,1.00,770.00,8149.00,1.00,0.00,0.00,4.00,6.00,770.00,0.00,1948.00,0.00,98155.00,47.74,-122.30,820.00,8149.00
9834201205.00,20150304T000000,385000.00,1.00,1.00,620.00,5100.00,1.00,0.00,0.00,3.00,6.00,620.00,0.00,1954.00,0.00,98144.00,47.57,-122.29,1540.00,2676.00
806000020.00,20150310T000000,203000.00,3.00,1.50,1200.00,9120.00,1.00,0.00,0.00,3.00,7.00,1000.00,200.00,1963.00,0.00,98055.00,47.45,-122.19,1640.00,9200.00
507100005.00,20150310T000000,285000.00,4.00,2.00,2120.00,6865.00,1.00,0.00,0.00,3.00,7.00,1060.00,1060.00,1954.00,0.00,98133.00,47.78,-122.34,1460.00,7780.00
8635760480.00,20150127T000000,473975.00,3.00,2.50,2330.00,3610.00,2.00,0.00,0.00,3.00,8.00,2330.00,0.00,1999.00,0.00,98074.00,47.60,-122.02,1830.00,2948.00
1328330190.00,20140714T000000,320000.00,3.00,1.75,2000.00,9760.00,1.00,0.00,0.00,4.00,8.00,1400.00,600.00,1978.00,0.00,98058.00,47.44,-122.13,1890.00,8089.00
2919702040.00,20140612T000000,599000.00,5.00,2.75,2820.00,4608.00,1.00,0.00,0.00,3.00,7.00,1450.00,1370.00,1967.00,0.00,98117.00,47.69,-122.36,1620.00,3840.00
3095000095.00,20140714T000000,580000.00,3.00,2.00,2040.00,4800.00,1.00,0.00,0.00,4.00,7.00,1020.00,1020.00,1925.00,0.00,98126.00,47.56,-122.38,1640.00,4800.00
304100010.00,20141209T000000,269500.00,4.00,2.25,1700.00,7056.00,2.00,0.00,0.00,3.00,7.00,1700.00,0.00,1999.00,0.00,98001.00,47.34,-122.26,1650.00,6025.00
617000089.00,20141117T000000,274000.00,2.00,1.00,820.00,6200.00,1.00,0.00,0.00,4.00,6.00,820.00,0.00,1954.00,0.00,98166.00,47.42,-122.34,1410.00,14000.00
3582750280.00,20150326T000000,347000.00,2.00,1.75,1315.00,2162.00,2.00,0.00,0.00,4.00,8.00,1315.00,0.00,1974.00,0.00,98028.00,47.75,-122.25,1640.00,2128.00
3438500430.00,20140521T000000,270000.00,3.00,1.75,1390.00,10905.00,1.00,0.00,0.00,3.00,6.00,860.00,530.00,1957.00,0.00,98106.00,47.55,-122.36,1390.00,10839.00
8964800225.00,20150303T000000,1430000.00,3.00,2.00,1890.00,12017.00,1.00,0.00,2.00,3.00,8.00,1890.00,0.00,1949.00,0.00,98004.00,47.62,-122.21,2000.00,12210.00
2013801350.00,20150220T000000,220000.00,3.00,1.75,1460.00,7226.00,1.00,0.00,0.00,3.00,7.00,1460.00,0.00,1993.00,0.00,98198.00,47.38,-122.32,1760.00,7226.00
1320069163.00,20150304T000000,243000.00,3.00,1.00,1480.00,15416.00,1.00,0.00,2.00,4.00,8.00,1480.00,0.00,1955.00,0.00,98022.00,47.21,-121.99,1190.00,10758.00
7549800168.00,20140527T000000,457500.00,3.00,1.75,1840.00,4030.00,1.00,0.00,0.00,5.00,7.00,1050.00,790.00,1925.00,0.00,98108.00,47.55,-122.31,1840.00,5040.00
3226049466.00,20141219T000000,340000.00,2.00,1.75,1880.00,7208.00,1.00,0.00,0.00,3.00,7.00,940.00,940.00,1951.00,0.00,98115.00,47.69,-122.33,1880.00,8051.00
9822700285.00,20140918T000000,657500.00,4.00,1.50,1910.00,5000.00,1.50,0.00,0.00,3.00,7.00,1610.00,300.00,1912.00,0.00,98105.00,47.66,-122.29,2170.00,5000.00
538000250.00,20150112T000000,332500.00,4.00,2.50,2220.00,4720.00,2.00,0.00,0.00,3.00,7.00,2220.00,0.00,1998.00,0.00,98038.00,47.35,-122.02,2090.00,4717.00
5702450250.00,20140717T000000,340000.00,3.00,2.00,1410.00,10015.00,1.00,0.00,3.00,3.00,6.00,1410.00,0.00,1993.00,0.00,98045.00,47.49,-121.78,1570.00,10485.00
8835900086.00,20140902T000000,350000.00,4.00,3.00,3380.00,16133.00,1.00,0.00,1.00,3.00,8.00,2330.00,1050.00,1959.00,0.00,98118.00,47.55,-122.26,2500.00,11100.00
3333002302.00,20150213T000000,428000.00,4.00,2.50,1950.00,5602.00,1.00,0.00,0.00,5.00,7.00,1120.00,830.00,1966.00,0.00,98118.00,47.54,-122.29,2000.00,6050.00
7787120500.00,20150504T000000,515055.00,4.00,2.50,2400.00,8320.00,2.00,0.00,0.00,3.00,8.00,2400.00,0.00,1999.00,0.00,98045.00,47.48,-121.78,2430.00,9258.00
8563010420.00,20150204T000000,450000.00,3.00,1.75,1560.00,8968.00,1.00,0.00,0.00,4.00,8.00,1560.00,0.00,1972.00,0.00,98008.00,47.62,-122.10,1990.00,8034.00
3361400190.00,20150226T000000,190000.00,3.00,1.00,1040.00,8910.00,1.00,0.00,0.00,3.00,6.00,1040.00,0.00,1943.00,0.00,98168.00,47.50,-122.32,1330.00,9720.00
1024039001.00,20140717T000000,1000000.00,4.00,2.75,3090.00,16538.00,3.00,0.00,0.00,4.00,8.00,2590.00,500.00,1919.00,1987.00,98116.00,47.58,-122.40,1500.00,5130.00
6806100420.00,20141119T000000,299000.00,3.00,2.50,1850.00,4600.00,2.00,0.00,0.00,3.00,7.00,1850.00,0.00,2005.00,0.00,98058.00,47.47,-122.15,2160.00,4751.00
3204300225.00,20141103T000000,508000.00,2.00,1.00,1200.00,2500.00,2.00,0.00,2.00,3.00,7.00,1090.00,110.00,1927.00,0.00,98112.00,47.63,-122.30,2690.00,4800.00
8857640420.00,20141001T000000,294000.00,4.00,2.25,2190.00,3746.00,2.00,0.00,0.00,3.00,8.00,2190.00,0.00,2005.00,0.00,98038.00,47.39,-122.03,2200.00,3591.00
4443800130.00,20141024T000000,320000.00,2.00,1.00,1380.00,5820.00,1.00,0.00,0.00,3.00,7.00,1380.00,0.00,1918.00,1976.00,98117.00,47.69,-122.39,1540.00,4076.00
3449800290.00,20150406T000000,641000.00,5.00,2.75,3710.00,8674.00,2.00,0.00,0.00,3.00,9.00,3710.00,0.00,1996.00,0.00,98056.00,47.51,-122.18,3250.00,8678.00
2426059071.00,20141021T000000,675000.00,3.00,2.50,2320.00,98445.00,1.00,0.00,0.00,4.00,8.00,1380.00,940.00,1978.00,0.00,98072.00,47.73,-122.12,2830.00,54014.00
2618300190.00,20141224T000000,255000.00,3.00,1.50,1110.00,10296.00,1.00,0.00,0.00,5.00,7.00,1110.00,0.00,1964.00,0.00,98042.00,47.42,-122.15,1330.00,10296.00
6181400920.00,20150430T000000,286651.00,3.00,2.50,1830.00,4997.00,2.00,0.00,0.00,3.00,7.00,1830.00,0.00,2004.00,0.00,98001.00,47.30,-122.28,2488.00,4998.00
424069150.00,20150213T000000,607500.00,4.00,2.50,2460.00,45738.00,1.00,0.00,0.00,4.00,8.00,1650.00,810.00,1969.00,0.00,98075.00,47.60,-122.06,2550.00,32040.00
856000255.00,20150203T000000,765000.00,3.00,1.00,1270.00,6500.00,1.00,0.00,0.00,4.00,7.00,1270.00,0.00,1956.00,0.00,98033.00,47.69,-122.21,2260.00,7200.00
1841500050.00,20141020T000000,334950.00,4.00,1.75,1700.00,40973.00,1.00,0.00,0.00,3.00,8.00,1700.00,0.00,1961.00,0.00,98031.00,47.34,-122.20,2760.00,40973.00
3226059071.00,20140819T000000,426000.00,3.00,1.00,1130.00,9147.00,1.00,0.00,0.00,5.00,7.00,1130.00,0.00,1952.00,0.00,98033.00,47.70,-122.20,1930.00,9906.00
524059093.00,20140825T000000,775000.00,3.00,1.75,1640.00,18730.00,1.50,0.00,0.00,4.00,7.00,1640.00,0.00,1946.00,0.00,98004.00,47.60,-122.20,1670.00,12154.00
1568100225.00,20141204T000000,343000.00,2.00,1.50,1040.00,8526.00,1.00,0.00,0.00,5.00,6.00,1040.00,0.00,1953.00,0.00,98155.00,47.73,-122.30,1310.00,8504.00
4027700726.00,20140908T000000,470101.00,4.00,2.50,2320.00,7800.00,2.00,0.00,0.00,3.00,8.00,2320.00,0.00,1986.00,0.00,98028.00,47.77,-122.27,2090.00,5721.00
5198600005.00,20150505T000000,195000.00,3.00,1.50,1200.00,7800.00,1.00,0.00,0.00,4.00,7.00,1200.00,0.00,1958.00,0.00,98002.00,47.31,-122.21,1390.00,8415.00
7677300010.00,20150303T000000,772500.00,4.00,1.00,1720.00,4410.00,1.50,0.00,2.00,3.00,7.00,1720.00,0.00,1928.00,0.00,98117.00,47.68,-122.40,2140.00,4500.00
7979900006.00,20140625T000000,450000.00,3.00,1.50,2330.00,11740.00,1.00,0.00,0.00,3.00,8.00,1330.00,1000.00,1954.00,0.00,98155.00,47.75,-122.29,2630.00,11740.00
1102000527.00,20140902T000000,1437500.00,4.00,3.75,4410.00,9231.00,3.00,0.00,3.00,3.00,11.00,4410.00,0.00,2001.00,0.00,98118.00,47.54,-122.27,2160.00,6600.00
1115800440.00,20140918T000000,525000.00,4.00,1.75,1650.00,8560.00,1.00,0.00,0.00,3.00,8.00,1650.00,0.00,1970.00,0.00,98052.00,47.67,-122.15,1700.00,8560.00
9407110680.00,20141008T000000,280000.00,3.00,1.50,1370.00,11400.00,2.00,0.00,0.00,3.00,7.00,1370.00,0.00,1980.00,0.00,98045.00,47.45,-121.77,1390.00,9600.00
6084601060.00,20140718T000000,270000.00,3.00,2.50,1770.00,8640.00,1.00,0.00,0.00,3.00,7.00,1420.00,350.00,1986.00,0.00,98001.00,47.33,-122.27,1894.00,7974.00
993001330.00,20140505T000000,406100.00,3.00,2.25,1410.00,1332.00,3.00,0.00,0.00,3.00,8.00,1410.00,0.00,2005.00,0.00,98103.00,47.69,-122.34,1430.00,1448.00
2475200290.00,20141020T000000,332544.00,2.00,1.75,1710.00,4187.00,1.00,0.00,0.00,3.00,7.00,1710.00,0.00,1987.00,0.00,98055.00,47.47,-122.19,1760.00,4084.00
5381000048.00,20150427T000000,110000.00,2.00,1.00,790.00,8250.00,1.00,0.00,0.00,3.00,6.00,790.00,0.00,1947.00,0.00,98188.00,47.45,-122.29,900.00,8250.00
5605000595.00,20141209T000000,685000.00,6.00,2.25,2770.00,5854.00,1.50,0.00,0.00,3.00,8.00,2120.00,650.00,1921.00,0.00,98112.00,47.65,-122.30,2300.00,5450.00
1124000050.00,20140729T000000,461000.00,4.00,1.00,1260.00,8505.00,1.50,0.00,0.00,5.00,7.00,1260.00,0.00,1951.00,0.00,98177.00,47.72,-122.37,1480.00,8100.00
3558900430.00,20150414T000000,615000.00,3.00,2.25,2300.00,8067.00,1.00,0.00,0.00,4.00,8.00,1300.00,1000.00,1979.00,0.00,98034.00,47.71,-122.20,2120.00,9524.00
2708100130.00,20150503T000000,550000.00,2.00,1.00,1070.00,3000.00,1.00,0.00,0.00,4.00,7.00,870.00,200.00,1926.00,0.00,98103.00,47.68,-122.35,1890.00,3300.00
1236300290.00,20141022T000000,1060000.00,4.00,3.50,3850.00,8100.00,2.00,0.00,1.00,3.00,11.00,2430.00,1420.00,1995.00,0.00,98033.00,47.69,-122.19,2620.00,9346.00
525069099.00,20141022T000000,685000.00,3.00,2.50,2320.00,219978.00,2.00,0.00,0.00,4.00,8.00,2320.00,0.00,1993.00,0.00,98053.00,47.68,-122.06,2340.00,88862.00
3262300235.00,20141126T000000,1555000.00,5.00,2.50,2870.00,16238.00,2.00,0.00,0.00,4.00,8.00,2870.00,0.00,1962.00,0.00,98039.00,47.63,-122.24,2870.00,16238.00
5104510130.00,20140603T000000,312000.00,4.00,2.50,1830.00,5175.00,2.00,0.00,0.00,3.00,7.00,1830.00,0.00,2003.00,0.00,98038.00,47.36,-122.02,1830.00,5175.00
7197350050.00,20140701T000000,507500.00,3.00,1.75,1990.00,9594.00,1.00,0.00,0.00,3.00,8.00,1190.00,800.00,1977.00,0.00,98052.00,47.66,-122.14,1930.00,9765.00
2822049148.00,20140918T000000,217000.00,3.00,1.00,1110.00,9827.00,1.00,0.00,0.00,3.00,7.00,1110.00,0.00,1966.00,0.00,98198.00,47.37,-122.31,1540.00,10187.00
7558300170.00,20141212T000000,439000.00,3.00,2.25,1830.00,13477.00,1.00,0.00,3.00,4.00,7.00,1170.00,660.00,1981.00,0.00,98034.00,47.72,-122.21,1960.00,11344.00
7852190050.00,20140626T000000,620000.00,6.00,3.50,3600.00,6875.00,2.00,0.00,0.00,3.00,8.00,2740.00,860.00,2004.00,0.00,98065.00,47.54,-121.88,3150.00,6663.00
1277000020.00,20140812T000000,915000.00,4.00,2.50,3210.00,8532.00,2.00,0.00,0.00,3.00,10.00,3210.00,0.00,1998.00,0.00,98007.00,47.63,-122.14,2950.00,6753.00
567000660.00,20141204T000000,425000.00,4.00,2.00,1490.00,5300.00,1.00,0.00,0.00,3.00,7.00,1110.00,380.00,1977.00,0.00,98144.00,47.59,-122.30,1330.00,1499.00
9214400396.00,20150227T000000,435000.00,2.00,1.00,990.00,5643.00,1.00,0.00,0.00,3.00,7.00,870.00,120.00,1947.00,0.00,98115.00,47.68,-122.30,1280.00,5700.00
9406520290.00,20141229T000000,305000.00,3.00,2.25,1646.00,12414.00,2.00,0.00,0.00,3.00,7.00,1646.00,0.00,1996.00,0.00,98038.00,47.36,-122.04,1654.00,8734.00
2112700895.00,20150326T000000,276000.00,2.00,1.00,720.00,4000.00,1.00,0.00,0.00,3.00,6.00,720.00,0.00,1918.00,0.00,98106.00,47.53,-122.35,1630.00,4000.00
2474400250.00,20140630T000000,327500.00,3.00,2.25,2310.00,7200.00,2.00,0.00,0.00,3.00,8.00,2310.00,0.00,1990.00,0.00,98031.00,47.41,-122.19,1960.00,7201.00
3889100029.00,20140617T000000,810000.00,3.00,2.50,2670.00,10481.00,2.00,0.00,0.00,3.00,9.00,2670.00,0.00,2003.00,0.00,98033.00,47.67,-122.18,2620.00,8895.00
11501310.00,20141121T000000,715000.00,3.00,3.25,3060.00,9055.00,2.00,0.00,0.00,3.00,10.00,2460.00,600.00,1994.00,0.00,98052.00,47.70,-122.10,2990.00,9598.00
5672000020.00,20140805T000000,272000.00,3.00,1.50,1380.00,11760.00,1.00,0.00,0.00,4.00,7.00,1380.00,0.00,1963.00,0.00,98055.00,47.42,-122.20,1650.00,9855.00
6668900005.00,20150421T000000,266000.00,2.00,1.00,700.00,5559.00,1.00,0.00,0.00,5.00,6.00,700.00,0.00,1949.00,0.00,98155.00,47.75,-122.31,1230.00,8100.00
2346800005.00,20150427T000000,543000.00,3.00,1.50,1710.00,8364.00,2.00,0.00,2.00,3.00,7.00,1710.00,0.00,1944.00,0.00,98136.00,47.52,-122.39,2430.00,9040.00
2872900050.00,20141007T000000,400000.00,3.00,2.50,1450.00,8064.00,1.00,0.00,0.00,3.00,8.00,1450.00,0.00,1984.00,0.00,98074.00,47.63,-122.04,1710.00,9554.00
4040600190.00,20140806T000000,509500.00,5.00,2.25,2060.00,9000.00,1.00,0.00,0.00,4.00,7.00,1320.00,740.00,1961.00,0.00,98007.00,47.61,-122.14,2050.00,8800.00
7129301578.00,20140521T000000,495000.00,3.00,3.50,2380.00,6250.00,2.00,0.00,3.00,3.00,8.00,1670.00,710.00,1997.00,0.00,98118.00,47.51,-122.25,2540.00,4010.00
3955900500.00,20150313T000000,424950.00,4.00,2.50,2760.00,5564.00,2.00,0.00,0.00,3.00,7.00,2760.00,0.00,2001.00,0.00,98056.00,47.48,-122.19,2670.00,5626.00
7788400170.00,20140926T000000,230000.00,3.00,1.00,940.00,10875.00,1.00,0.00,0.00,3.00,7.00,940.00,0.00,1957.00,0.00,98056.00,47.51,-122.17,1250.00,11200.00
3831000010.00,20140806T000000,235000.00,4.00,1.50,1760.00,6150.00,1.50,0.00,0.00,3.00,7.00,1760.00,0.00,1951.00,0.00,98031.00,47.39,-122.22,1760.00,8276.00
3885803895.00,20150309T000000,763000.00,3.00,2.00,1360.00,8752.00,1.00,0.00,2.00,4.00,6.00,1360.00,0.00,1942.00,0.00,98033.00,47.69,-122.21,2530.00,7680.00
3810000480.00,20140919T000000,350000.00,3.00,1.75,2010.00,6150.00,2.00,0.00,0.00,5.00,7.00,2010.00,0.00,1939.00,0.00,98178.00,47.50,-122.23,1770.00,7380.00
6169901197.00,20141126T000000,900000.00,3.00,1.50,2160.00,2260.00,2.00,0.00,2.00,5.00,8.00,1620.00,540.00,1917.00,0.00,98119.00,47.63,-122.37,2570.00,2400.00
6882520050.00,20141007T000000,250000.00,3.00,1.00,930.00,6060.00,1.00,0.00,0.00,4.00,6.00,930.00,0.00,1973.00,0.00,98118.00,47.53,-122.28,1640.00,6364.00
2608300103.00,20150126T000000,225000.00,3.00,2.50,1020.00,2040.00,2.00,0.00,0.00,3.00,7.00,720.00,300.00,2004.00,0.00,98106.00,47.53,-122.36,1060.00,1478.00
3530400080.00,20141226T000000,255000.00,2.00,2.00,1360.00,5433.00,1.00,0.00,0.00,3.00,8.00,1360.00,0.00,1974.00,2003.00,98198.00,47.38,-122.32,1160.00,5264.00
1099760470.00,20140604T000000,161700.00,4.00,1.75,1720.00,7200.00,1.00,0.00,0.00,3.00,7.00,1220.00,500.00,1974.00,0.00,98023.00,47.31,-122.38,1790.00,7200.00
4327600010.00,20150202T000000,336000.00,3.00,3.00,1790.00,13350.00,1.00,0.00,0.00,3.00,7.00,1190.00,600.00,1988.00,0.00,98178.00,47.50,-122.26,1740.00,10624.00
6150200005.00,20141023T000000,410500.00,3.00,1.00,1150.00,6800.00,1.00,0.00,0.00,3.00,7.00,1150.00,0.00,1954.00,0.00,98133.00,47.73,-122.34,1210.00,6800.00
4019300480.00,20141111T000000,502700.00,4.00,3.50,2710.00,14016.00,2.00,0.00,0.00,4.00,8.00,2710.00,0.00,1968.00,0.00,98155.00,47.76,-122.29,1590.00,27903.00
6855100010.00,20140923T000000,505000.00,3.00,2.50,2400.00,9601.00,1.00,0.00,0.00,5.00,7.00,1390.00,1010.00,1977.00,0.00,98034.00,47.73,-122.21,2010.00,9943.00
5249801440.00,20141216T000000,250000.00,3.00,1.00,1660.00,7650.00,1.50,0.00,0.00,3.00,7.00,1350.00,310.00,1910.00,0.00,98118.00,47.56,-122.28,1750.00,5760.00
5249801440.00,20150422T000000,570000.00,3.00,1.00,1660.00,7650.00,1.50,0.00,0.00,3.00,7.00,1350.00,310.00,1910.00,0.00,98118.00,47.56,-122.28,1750.00,5760.00
7524350080.00,20150318T000000,349900.00,4.00,2.50,2290.00,8796.00,2.00,0.00,0.00,3.00,8.00,2290.00,0.00,1994.00,0.00,98198.00,47.38,-122.32,2130.00,8796.00
1137800460.00,20141209T000000,465000.00,3.00,2.50,2870.00,25663.00,2.00,0.00,0.00,3.00,10.00,2870.00,0.00,1988.00,0.00,98003.00,47.28,-122.33,2950.00,24347.00
587550280.00,20140530T000000,625000.00,4.00,3.25,4240.00,25639.00,2.00,0.00,3.00,3.00,10.00,3550.00,690.00,1989.00,0.00,98023.00,47.32,-122.38,3590.00,24967.00
871001365.00,20150219T000000,655000.00,3.00,1.75,1800.00,5102.00,1.00,0.00,0.00,3.00,7.00,1170.00,630.00,1952.00,0.00,98199.00,47.65,-122.41,1720.00,5102.00
1430800279.00,20150327T000000,469000.00,4.00,1.75,2960.00,11347.00,1.00,0.00,0.00,4.00,8.00,1570.00,1390.00,1946.00,0.00,98166.00,47.47,-122.35,1660.00,8911.00
1226039130.00,20141009T000000,355000.00,3.00,2.25,1980.00,7200.00,1.00,0.00,0.00,3.00,8.00,1300.00,680.00,1964.00,0.00,98177.00,47.76,-122.36,1820.00,8250.00
7254000050.00,20150224T000000,596000.00,3.00,2.50,1730.00,2631.00,2.00,0.00,0.00,3.00,8.00,1730.00,0.00,2001.00,0.00,98005.00,47.59,-122.17,1730.00,2751.00
3530200020.00,20150402T000000,790000.00,4.00,2.50,3020.00,36893.00,2.00,0.00,0.00,3.00,9.00,3020.00,0.00,1986.00,2007.00,98077.00,47.77,-122.09,3020.00,36444.00
2386000020.00,20141008T000000,885000.00,4.00,2.25,4470.00,86225.00,2.00,0.00,0.00,3.00,10.00,4470.00,0.00,1991.00,0.00,98053.00,47.64,-121.99,3850.00,97049.00
6738700225.00,20140912T000000,1030000.00,4.00,3.25,2830.00,4000.00,2.00,0.00,0.00,3.00,9.00,1910.00,920.00,1912.00,2012.00,98144.00,47.58,-122.29,2740.00,4000.00
6821600005.00,20150403T000000,710000.00,4.00,1.75,2120.00,5400.00,1.00,0.00,0.00,4.00,8.00,1060.00,1060.00,1941.00,0.00,98199.00,47.65,-122.40,2052.00,6000.00
3579000010.00,20140814T000000,428040.00,3.00,2.50,2150.00,9266.00,2.00,0.00,0.00,3.00,8.00,2150.00,0.00,1988.00,0.00,98028.00,47.74,-122.25,2150.00,12550.00
9359100101.00,20150414T000000,1370000.00,5.00,2.25,3510.00,13843.00,1.00,0.00,2.00,3.00,8.00,1850.00,1660.00,1959.00,0.00,98040.00,47.58,-122.25,2680.00,8750.00
6819100122.00,20140605T000000,546000.00,2.00,1.00,970.00,3400.00,1.00,0.00,0.00,3.00,7.00,970.00,0.00,1924.00,0.00,98109.00,47.64,-122.36,1180.00,3600.00
3908100020.00,20140803T000000,540000.00,4.00,1.00,1360.00,5766.00,1.50,0.00,0.00,5.00,7.00,1360.00,0.00,1951.00,0.00,98115.00,47.68,-122.29,1500.00,5704.00
6392001950.00,20140908T000000,435000.00,3.00,2.50,1470.00,3000.00,1.00,0.00,0.00,3.00,7.00,930.00,540.00,1985.00,0.00,98115.00,47.68,-122.29,1470.00,5588.00
2872900280.00,20150406T000000,540000.00,4.00,2.25,3040.00,10283.00,1.00,0.00,0.00,4.00,8.00,1430.00,1610.00,1984.00,0.00,98074.00,47.63,-122.04,1870.00,11074.00
6437400101.00,20141113T000000,284000.00,2.00,1.00,860.00,7204.00,1.00,0.00,0.00,3.00,7.00,860.00,0.00,1918.00,0.00,98106.00,47.54,-122.35,1200.00,7500.00
7227502155.00,20140714T000000,208000.00,2.00,1.00,820.00,5700.00,1.00,0.00,0.00,5.00,5.00,820.00,0.00,1942.00,0.00,98056.00,47.49,-122.18,1000.00,5700.00
1115100169.00,20141203T000000,315000.00,3.00,1.75,1900.00,7076.00,1.00,0.00,0.00,3.00,7.00,1130.00,770.00,1977.00,0.00,98155.00,47.76,-122.33,1540.00,10113.00
2919702705.00,20140731T000000,417500.00,2.00,1.00,1330.00,5510.00,1.00,0.00,0.00,3.00,6.00,850.00,480.00,1910.00,0.00,98117.00,47.69,-122.36,1200.00,4150.00
7302000500.00,20140917T000000,345000.00,3.00,1.75,1240.00,38095.00,1.00,0.00,0.00,3.00,7.00,1240.00,0.00,1978.00,0.00,98053.00,47.65,-121.97,2060.00,38552.00
6021503656.00,20140902T000000,375000.00,3.00,2.50,1330.00,1064.00,3.00,0.00,0.00,3.00,8.00,1330.00,0.00,2004.00,0.00,98117.00,47.68,-122.39,1330.00,1113.00
8665200020.00,20140623T000000,389800.00,3.00,1.75,1880.00,12821.00,1.00,0.00,0.00,3.00,7.00,1880.00,0.00,1959.00,0.00,98155.00,47.77,-122.31,1540.00,12868.00
3288301330.00,20150408T000000,475000.00,3.00,1.75,1890.00,7560.00,1.00,0.00,0.00,3.00,8.00,1430.00,460.00,1973.00,0.00,98034.00,47.73,-122.19,1890.00,9095.00
2621700010.00,20140508T000000,569000.00,4.00,2.25,2250.00,41688.00,2.00,0.00,0.00,3.00,8.00,2250.00,0.00,1980.00,0.00,98053.00,47.67,-122.05,2350.00,37920.00
1824079073.00,20150331T000000,985000.00,5.00,4.25,4650.00,108464.00,2.00,0.00,0.00,3.00,10.00,3260.00,1390.00,1999.00,0.00,98024.00,47.57,-121.96,2810.00,155509.00
1954440080.00,20150129T000000,532000.00,3.00,2.50,1830.00,8022.00,2.00,0.00,0.00,3.00,8.00,1830.00,0.00,1987.00,0.00,98074.00,47.62,-122.04,2030.00,7736.00
7452500285.00,20140811T000000,280000.00,2.00,1.00,720.00,5000.00,1.00,0.00,0.00,5.00,6.00,720.00,0.00,1951.00,0.00,98126.00,47.52,-122.37,810.00,5000.00
7937600380.00,20150217T000000,435000.00,4.00,2.00,1960.00,50112.00,1.00,0.00,0.00,4.00,7.00,1050.00,910.00,1963.00,0.00,98058.00,47.44,-122.08,2340.00,44967.00
5153200651.00,20150316T000000,223000.00,3.00,1.00,1220.00,71191.00,1.00,0.00,0.00,3.00,6.00,1220.00,0.00,1952.00,0.00,98023.00,47.33,-122.35,1960.00,15378.00
2323069022.00,20150115T000000,390000.00,2.00,1.00,1800.00,119790.00,1.00,0.00,0.00,4.00,7.00,1200.00,600.00,1947.00,1977.00,98027.00,47.46,-122.01,2320.00,79208.00
1328340380.00,20141027T000000,315000.00,3.00,1.75,1340.00,12800.00,1.00,0.00,0.00,3.00,7.00,880.00,460.00,1981.00,0.00,98058.00,47.44,-122.14,1500.00,7875.00
2256500005.00,20141014T000000,612000.00,3.00,3.00,1740.00,3700.00,1.00,0.00,0.00,3.00,7.00,1740.00,0.00,1982.00,0.00,98122.00,47.61,-122.31,1830.00,2480.00
9828200545.00,20140513T000000,591000.00,3.00,1.75,1680.00,2400.00,1.00,0.00,0.00,5.00,7.00,870.00,810.00,1922.00,0.00,98122.00,47.62,-122.30,1440.00,3600.00
686450080.00,20140711T000000,800000.00,4.00,2.25,3220.00,8436.00,2.00,0.00,0.00,3.00,8.00,3220.00,0.00,1968.00,0.00,98008.00,47.64,-122.12,2500.00,7632.00
2571900380.00,20150122T000000,225000.00,3.00,2.00,1610.00,8400.00,1.00,0.00,0.00,3.00,8.00,1610.00,0.00,1990.00,0.00,98022.00,47.20,-122.01,1930.00,8459.00
1026069120.00,20140508T000000,589900.00,2.00,3.00,3160.00,66646.00,2.00,0.00,0.00,3.00,7.00,3160.00,0.00,1993.00,0.00,98077.00,47.75,-122.03,3140.00,38790.00
3882320010.00,20141126T000000,565000.00,4.00,2.50,2520.00,13156.00,1.00,0.00,0.00,3.00,8.00,1520.00,1000.00,1979.00,0.00,98052.00,47.66,-122.14,2050.00,10940.00
1377300020.00,20150219T000000,650000.00,3.00,1.50,2120.00,8448.00,1.00,0.00,0.00,3.00,7.00,1060.00,1060.00,1940.00,0.00,98199.00,47.64,-122.40,1620.00,7920.00
1124000005.00,20140918T000000,499000.00,3.00,2.50,2090.00,8505.00,2.00,0.00,0.00,3.00,8.00,2090.00,0.00,1951.00,1977.00,98177.00,47.72,-122.37,1640.00,8100.00
1151100010.00,20140515T000000,280000.00,3.00,1.00,1330.00,20562.00,1.50,0.00,0.00,3.00,5.00,1330.00,0.00,1959.00,0.00,98045.00,47.48,-121.78,1350.00,20562.00
7997200130.00,20150128T000000,649950.00,3.00,2.50,2420.00,7500.00,1.00,0.00,2.00,4.00,8.00,1210.00,1210.00,1944.00,0.00,98117.00,47.69,-122.39,2340.00,7500.00
2419600005.00,20140709T000000,420000.00,3.00,1.75,1510.00,6360.00,1.00,0.00,0.00,4.00,7.00,1510.00,0.00,1954.00,0.00,98133.00,47.73,-122.35,1480.00,7260.00
5727000010.00,20141215T000000,319990.00,4.00,2.50,2120.00,5293.00,2.00,0.00,0.00,3.00,7.00,2120.00,0.00,2003.00,0.00,98031.00,47.42,-122.20,1990.00,5313.00
8656300080.00,20140812T000000,265000.00,3.00,2.00,1850.00,16535.00,1.00,0.00,0.00,3.00,7.00,1850.00,0.00,1992.00,0.00,98014.00,47.66,-121.91,1528.00,13295.00
9517200290.00,20150223T000000,482000.00,3.00,1.75,2300.00,16474.00,1.00,0.00,0.00,3.00,7.00,1220.00,1080.00,1984.00,0.00,98072.00,47.76,-122.14,1940.00,15601.00
3123049142.00,20140805T000000,452000.00,3.00,2.25,2600.00,14810.00,1.00,0.00,2.00,4.00,8.00,1490.00,1110.00,1956.00,0.00,98166.00,47.43,-122.34,2450.00,16715.00
4139500080.00,20140718T000000,1488000.00,4.00,4.25,5180.00,13077.00,2.00,0.00,3.00,3.00,12.00,4280.00,900.00,1998.00,0.00,98006.00,47.55,-122.11,5030.00,15069.00
6150200280.00,20140821T000000,375000.00,2.00,1.00,1810.00,8527.00,1.50,0.00,0.00,4.00,7.00,1810.00,0.00,1943.00,0.00,98133.00,47.73,-122.34,1490.00,6800.00
6021500840.00,20140703T000000,588000.00,5.00,3.00,2190.00,4900.00,2.00,0.00,0.00,5.00,7.00,1490.00,700.00,1940.00,0.00,98117.00,47.69,-122.39,1370.00,4606.00
8691310420.00,20150424T000000,635000.00,4.00,2.50,2500.00,10215.00,2.00,0.00,0.00,3.00,9.00,2500.00,0.00,1998.00,0.00,98075.00,47.59,-121.99,2890.00,10240.00
1402900380.00,20140703T000000,280500.00,4.00,2.50,1890.00,6962.00,2.00,0.00,0.00,3.00,8.00,1890.00,0.00,1997.00,0.00,98092.00,47.33,-122.19,2170.00,6803.00
2345500010.00,20140925T000000,210500.00,2.00,1.75,2040.00,8600.00,1.00,0.00,0.00,4.00,6.00,1430.00,610.00,1985.00,0.00,98003.00,47.28,-122.31,1310.00,7859.00
3279000460.00,20140926T000000,196500.00,3.00,2.00,1310.00,7000.00,1.00,0.00,0.00,4.00,7.00,1310.00,0.00,1979.00,0.00,98023.00,47.30,-122.38,1390.00,7500.00
723000114.00,20140505T000000,1395000.00,5.00,3.50,4010.00,8510.00,2.00,0.00,1.00,5.00,9.00,2850.00,1160.00,1971.00,0.00,98105.00,47.66,-122.29,2610.00,6128.00
5145100080.00,20150206T000000,475000.00,3.00,1.75,1780.00,8033.00,1.00,0.00,0.00,2.00,7.00,1210.00,570.00,1977.00,0.00,98034.00,47.73,-122.22,1630.00,7508.00
8078410280.00,20150504T000000,550000.00,3.00,2.50,1980.00,9061.00,2.00,0.00,0.00,4.00,8.00,1980.00,0.00,1987.00,0.00,98074.00,47.64,-122.03,1930.00,8869.00
3885806105.00,20140521T000000,1580000.00,3.00,3.25,3690.00,7200.00,2.00,0.00,0.00,3.00,11.00,3690.00,0.00,2007.00,0.00,98033.00,47.68,-122.20,1880.00,7200.00
5702380780.00,20150422T000000,240000.00,3.00,1.75,1540.00,6687.00,1.00,0.00,0.00,3.00,7.00,1200.00,340.00,1991.00,0.00,98022.00,47.19,-121.98,1540.00,7242.00
3826000280.00,20150429T000000,272000.00,3.00,1.00,1130.00,8100.00,1.50,0.00,0.00,3.00,6.00,1130.00,0.00,1934.00,0.00,98168.00,47.49,-122.31,1080.00,8100.00
1421079007.00,20150324T000000,408506.00,3.00,2.75,2480.00,209199.00,1.50,0.00,0.00,3.00,8.00,1870.00,610.00,2000.00,0.00,98010.00,47.31,-121.89,2040.00,219229.00
3702900185.00,20140818T000000,640000.00,3.00,2.50,2580.00,7500.00,2.00,0.00,0.00,3.00,9.00,2580.00,0.00,1991.00,0.00,98116.00,47.56,-122.40,910.00,6500.00
4136880460.00,20140514T000000,316000.00,4.00,2.50,2010.00,7226.00,2.00,0.00,0.00,3.00,8.00,2010.00,0.00,1995.00,0.00,98092.00,47.26,-122.21,2160.00,7696.00
7885100005.00,20140820T000000,299000.00,4.00,2.00,2320.00,12000.00,1.00,0.00,0.00,3.00,7.00,1720.00,600.00,1943.00,2014.00,98108.00,47.52,-122.33,1390.00,6000.00
3037200010.00,20150305T000000,447500.00,2.00,2.25,1180.00,2090.00,2.00,0.00,0.00,3.00,7.00,1180.00,0.00,2004.00,0.00,98122.00,47.60,-122.31,1550.00,2812.00
4309710250.00,20140505T000000,736500.00,4.00,2.50,3180.00,21904.00,2.00,0.00,3.00,3.00,9.00,3180.00,0.00,2000.00,0.00,98059.00,47.52,-122.12,3715.00,29170.00
3401700185.00,20140728T000000,665000.00,4.00,2.00,2970.00,52567.00,2.00,0.00,0.00,3.00,8.00,2970.00,0.00,1924.00,1985.00,98072.00,47.73,-122.13,3280.00,46676.00
2141300080.00,20150424T000000,707000.00,5.00,2.50,3050.00,13212.00,1.00,0.00,0.00,4.00,8.00,1590.00,1460.00,1975.00,0.00,98006.00,47.56,-122.14,2550.00,10826.00
3387800380.00,20140829T000000,215000.00,4.00,1.75,1630.00,8000.00,1.00,0.00,0.00,3.00,7.00,1630.00,0.00,1959.00,0.00,98031.00,47.39,-122.20,1630.00,7700.00
2310000280.00,20141211T000000,275000.00,3.00,2.25,1620.00,6415.00,2.00,0.00,0.00,4.00,7.00,1620.00,0.00,1989.00,0.00,98038.00,47.36,-122.04,1640.00,7253.00
1687900170.00,20150325T000000,648000.00,4.00,2.25,2170.00,8240.00,2.00,0.00,1.00,4.00,8.00,2170.00,0.00,1983.00,0.00,98006.00,47.56,-122.13,2600.00,9898.00
8079000190.00,20141028T000000,415000.00,4.00,2.50,2150.00,8173.00,2.00,0.00,0.00,3.00,8.00,2150.00,0.00,1987.00,0.00,98059.00,47.51,-122.15,2080.00,7620.00
1710400005.00,20141119T000000,690000.00,3.00,2.00,1770.00,1800.00,3.00,0.00,0.00,3.00,8.00,1770.00,0.00,1999.00,0.00,98122.00,47.61,-122.31,1890.00,3200.00
2473420170.00,20140924T000000,320000.00,4.00,2.75,2110.00,13260.00,1.00,0.00,0.00,4.00,7.00,1290.00,820.00,1979.00,0.00,98058.00,47.45,-122.16,1980.00,11016.00
1056200010.00,20140902T000000,750000.00,3.00,1.75,1590.00,8285.00,1.00,0.00,0.00,4.00,8.00,1590.00,0.00,1956.00,0.00,98004.00,47.59,-122.19,1970.00,8970.00
263000359.00,20140630T000000,355000.00,3.00,2.25,1370.00,1524.00,3.00,0.00,0.00,3.00,8.00,1370.00,0.00,2005.00,0.00,98103.00,47.70,-122.35,1370.00,1418.00
6624010170.00,20140508T000000,246000.00,3.00,1.75,1390.00,7399.00,1.00,0.00,0.00,4.00,7.00,1390.00,0.00,1975.00,0.00,98031.00,47.42,-122.18,1460.00,7800.00
824059265.00,20141001T000000,1155000.00,3.00,1.75,1640.00,10464.00,1.00,0.00,2.00,4.00,8.00,1640.00,0.00,1968.00,0.00,98004.00,47.59,-122.21,2630.00,18872.00
2869100080.00,20140606T000000,744000.00,3.00,2.50,2670.00,12187.00,2.00,0.00,0.00,3.00,8.00,2670.00,0.00,1986.00,0.00,98052.00,47.67,-122.15,2400.00,8999.00
203100440.00,20140911T000000,1210000.00,3.00,3.75,5400.00,24740.00,2.00,0.00,0.00,3.00,11.00,5400.00,0.00,1997.00,0.00,98053.00,47.64,-121.96,1690.00,20000.00
9542800290.00,20141210T000000,217000.00,3.00,2.00,1690.00,6750.00,1.00,0.00,0.00,3.00,7.00,1210.00,480.00,1977.00,0.00,98023.00,47.30,-122.38,1930.00,7350.00
3342100780.00,20140709T000000,583000.00,3.00,2.50,2600.00,5100.00,2.00,0.00,1.00,3.00,8.00,2600.00,0.00,1998.00,0.00,98056.00,47.52,-122.21,2270.00,5400.00
475000080.00,20141111T000000,515000.00,2.00,1.50,1400.00,5000.00,1.00,0.00,0.00,4.00,7.00,1150.00,250.00,1904.00,0.00,98107.00,47.67,-122.36,1530.00,4200.00
1562100380.00,20150319T000000,594000.00,4.00,1.75,2140.00,8000.00,1.00,0.00,0.00,4.00,8.00,1410.00,730.00,1965.00,0.00,98007.00,47.62,-122.14,2080.00,8000.00
3878900185.00,20141022T000000,303100.00,3.00,1.50,1640.00,5650.00,1.00,0.00,0.00,3.00,8.00,1640.00,0.00,1952.00,0.00,98178.00,47.51,-122.25,1640.00,5650.00
6791100280.00,20141010T000000,430000.00,3.00,1.75,1720.00,15225.00,1.00,0.00,0.00,4.00,7.00,1020.00,700.00,1970.00,0.00,98075.00,47.58,-122.05,1860.00,13588.00
1926059099.00,20141208T000000,708000.00,5.00,3.25,3060.00,11778.00,2.00,0.00,0.00,3.00,8.00,3060.00,0.00,2004.00,0.00,98034.00,47.72,-122.22,1840.00,10403.00
2881700547.00,20140813T000000,221000.00,3.00,1.00,1150.00,7260.00,1.00,0.00,0.00,3.00,7.00,1150.00,0.00,1959.00,0.00,98133.00,47.73,-122.33,1200.00,7888.00
3260800190.00,20150324T000000,325000.00,3.00,2.50,2000.00,7205.00,2.00,0.00,0.00,3.00,8.00,2000.00,0.00,1998.00,0.00,98003.00,47.35,-122.30,2180.00,7611.00
2954400190.00,20140624T000000,1295650.00,0.00,0.00,4810.00,28008.00,2.00,0.00,0.00,3.00,12.00,4810.00,0.00,1990.00,0.00,98053.00,47.66,-122.07,4740.00,35061.00
7715600050.00,20150219T000000,385000.00,3.00,1.75,1560.00,5950.00,1.00,0.00,0.00,4.00,6.00,780.00,780.00,1944.00,0.00,98125.00,47.72,-122.31,1320.00,7830.00
3158500460.00,20150327T000000,359500.00,3.00,2.50,2070.00,4689.00,2.00,0.00,0.00,3.00,8.00,2070.00,0.00,2013.00,0.00,98038.00,47.35,-122.06,1880.00,4593.00
4027700797.00,20140807T000000,433000.00,3.00,2.00,1920.00,7200.00,1.00,0.00,0.00,3.00,7.00,1300.00,620.00,1984.00,0.00,98028.00,47.77,-122.27,2010.00,7200.00
9161100460.00,20150323T000000,525000.00,2.00,1.00,1000.00,4950.00,1.00,0.00,0.00,3.00,7.00,800.00,200.00,1948.00,0.00,98116.00,47.57,-122.39,1060.00,5500.00
8069000216.00,20140722T000000,356200.00,3.00,2.00,1690.00,10062.00,1.00,0.00,2.00,5.00,7.00,940.00,750.00,1928.00,0.00,98178.00,47.51,-122.24,2390.00,6650.00
3401700255.00,20140729T000000,595000.00,4.00,2.00,3090.00,87120.00,1.00,0.00,0.00,4.00,7.00,1590.00,1500.00,1974.00,0.00,98072.00,47.73,-122.12,2560.00,88426.00
4083306720.00,20140915T000000,560000.00,4.00,1.50,1790.00,3420.00,1.00,0.00,0.00,4.00,7.00,1020.00,770.00,1923.00,0.00,98103.00,47.65,-122.34,1680.00,3420.00
6377200010.00,20141208T000000,2175000.00,4.00,3.00,4750.00,21701.00,1.50,0.00,0.00,5.00,11.00,4750.00,0.00,1976.00,0.00,98004.00,47.65,-122.22,3120.00,18551.00
2767601100.00,20141027T000000,513000.00,4.00,2.00,2090.00,4000.00,1.00,0.00,0.00,3.00,7.00,1480.00,610.00,1951.00,0.00,98107.00,47.68,-122.38,1510.00,5000.00
2856100185.00,20140721T000000,365000.00,2.00,1.00,680.00,2550.00,1.00,0.00,0.00,4.00,5.00,680.00,0.00,1901.00,0.00,98117.00,47.68,-122.39,1120.00,5100.00
3438500797.00,20140708T000000,368000.00,4.00,1.75,2100.00,11942.00,1.00,0.00,0.00,3.00,7.00,1030.00,1070.00,1964.00,0.00,98106.00,47.55,-122.36,1170.00,6986.00
6738700275.00,20140625T000000,870000.00,4.00,2.75,2840.00,4000.00,1.50,0.00,0.00,5.00,8.00,1960.00,880.00,1912.00,0.00,98144.00,47.58,-122.29,2750.00,4000.00
1761100190.00,20140724T000000,225000.00,3.00,2.25,1470.00,6808.00,1.00,0.00,0.00,3.00,7.00,1160.00,310.00,1984.00,0.00,98023.00,47.29,-122.37,1570.00,7881.00
713500020.00,20150421T000000,1387000.00,4.00,4.50,4490.00,24767.00,2.00,0.00,2.00,3.00,11.00,3800.00,690.00,1998.00,0.00,98006.00,47.55,-122.15,3370.00,32700.00
5412310170.00,20140619T000000,177000.00,3.00,1.75,1150.00,8079.00,1.00,0.00,0.00,4.00,7.00,1150.00,0.00,1983.00,0.00,98030.00,47.38,-122.18,1540.00,7399.00
7751800080.00,20150127T000000,465000.00,3.00,1.50,1460.00,9879.00,1.00,0.00,0.00,3.00,7.00,1460.00,0.00,1956.00,0.00,98008.00,47.63,-122.13,1610.00,10050.00
1121000414.00,20140927T000000,750000.00,4.00,2.75,3150.00,6343.00,1.00,0.00,3.00,3.00,8.00,1810.00,1340.00,1976.00,0.00,98126.00,47.54,-122.38,2250.00,6343.00
4239400920.00,20140922T000000,149000.00,3.00,1.00,1090.00,2800.00,1.00,0.00,0.00,3.00,6.00,1090.00,0.00,1969.00,0.00,98092.00,47.32,-122.18,1040.00,2960.00
9408300380.00,20140609T000000,605000.00,3.00,2.50,2670.00,47480.00,2.00,0.00,3.00,3.00,9.00,2670.00,0.00,1981.00,0.00,98072.00,47.74,-122.11,2760.00,42800.00
6865200095.00,20141024T000000,725000.00,3.00,2.00,2110.00,5800.00,1.50,0.00,0.00,4.00,7.00,1990.00,120.00,1927.00,0.00,98103.00,47.66,-122.34,1620.00,4300.00
6669080010.00,20140922T000000,413900.00,4.00,2.25,1770.00,5236.00,2.00,0.00,0.00,3.00,7.00,1770.00,0.00,2007.00,0.00,98056.00,47.51,-122.19,2470.00,5064.00
1446400670.00,20140731T000000,199950.00,3.00,1.50,1510.00,6600.00,1.00,0.00,0.00,3.00,6.00,1510.00,0.00,1938.00,0.00,98168.00,47.48,-122.33,990.00,6600.00
203100460.00,20140924T000000,400000.00,1.00,1.00,530.00,13679.00,1.00,0.00,0.00,4.00,6.00,530.00,0.00,1949.00,0.00,98053.00,47.64,-121.95,1930.00,20624.00
9523102750.00,20140812T000000,870000.00,3.00,1.50,2420.00,5000.00,2.00,0.00,0.00,4.00,8.00,2200.00,220.00,1925.00,0.00,98103.00,47.67,-122.35,2070.00,5000.00
8078570380.00,20140605T000000,292000.00,5.00,2.50,2490.00,7666.00,1.00,0.00,0.00,4.00,7.00,1490.00,1000.00,1989.00,0.00,98031.00,47.40,-122.17,1930.00,7415.00
1423800080.00,20140512T000000,225000.00,3.00,1.00,990.00,8012.00,1.00,0.00,0.00,4.00,7.00,990.00,0.00,1966.00,0.00,98058.00,47.46,-122.18,1260.00,9060.00
9259900010.00,20150316T000000,466750.00,4.00,2.00,1730.00,9139.00,2.00,0.00,0.00,3.00,8.00,1730.00,0.00,1957.00,0.00,98125.00,47.72,-122.32,1410.00,7311.00
4223400050.00,20150323T000000,330000.00,2.00,1.50,1440.00,11954.00,1.00,0.00,0.00,4.00,8.00,1440.00,0.00,1978.00,0.00,98002.00,47.29,-122.22,1460.00,9730.00
686400380.00,20141002T000000,770000.00,7.00,2.25,3260.00,8145.00,2.00,0.00,0.00,5.00,8.00,3260.00,0.00,1967.00,0.00,98008.00,47.63,-122.12,2340.00,8145.00
1102001112.00,20150213T000000,802500.00,4.00,2.25,1950.00,7000.00,1.00,0.00,1.00,3.00,8.00,1450.00,500.00,1957.00,0.00,98118.00,47.54,-122.26,1840.00,6440.00
241900020.00,20140718T000000,378800.00,5.00,2.50,2740.00,5400.00,2.00,0.00,0.00,3.00,8.00,2740.00,0.00,2005.00,0.00,98031.00,47.40,-122.21,2900.00,5476.00
8691300380.00,20150501T000000,795000.00,3.00,2.75,2940.00,12487.00,2.00,0.00,0.00,3.00,10.00,2940.00,0.00,1997.00,0.00,98075.00,47.59,-121.97,3110.00,10837.00
3426049132.00,20150422T000000,460000.00,3.00,2.00,1200.00,7320.00,1.00,0.00,0.00,3.00,7.00,1200.00,0.00,1955.00,0.00,98115.00,47.70,-122.29,1750.00,8220.00
3904901190.00,20141219T000000,567000.00,3.00,2.50,2070.00,10908.00,2.00,0.00,0.00,3.00,8.00,2070.00,0.00,1986.00,0.00,98029.00,47.57,-122.02,2220.00,10975.00
1789900080.00,20140722T000000,209950.00,3.00,1.75,1570.00,15570.00,1.00,0.00,0.00,3.00,7.00,1570.00,0.00,1981.00,0.00,98023.00,47.32,-122.36,2000.00,28200.00
1021049022.00,20140520T000000,415000.00,2.00,1.00,1050.00,60113.00,1.00,0.00,0.00,4.00,7.00,1050.00,0.00,1943.00,0.00,98001.00,47.32,-122.29,1380.00,27442.00
5634500179.00,20141215T000000,424500.00,4.00,1.50,1830.00,6985.00,1.00,0.00,0.00,3.00,7.00,1080.00,750.00,1967.00,0.00,98028.00,47.75,-122.24,1650.00,9501.00
795002455.00,20150505T000000,261000.00,2.00,1.00,970.00,12500.00,1.00,0.00,0.00,3.00,6.00,970.00,0.00,1941.00,0.00,98168.00,47.51,-122.33,1280.00,6250.00
6666860170.00,20140827T000000,365000.00,3.00,2.50,2200.00,9696.00,2.00,0.00,0.00,3.00,8.00,2200.00,0.00,1987.00,0.00,98031.00,47.42,-122.21,2200.00,9915.00
9828200605.00,20150408T000000,631000.00,4.00,2.00,1930.00,3240.00,1.50,0.00,0.00,4.00,7.00,1930.00,0.00,1911.00,0.00,98122.00,47.62,-122.30,1480.00,3600.00
853200010.00,20140701T000000,3800000.00,5.00,5.50,7050.00,42840.00,1.00,0.00,2.00,4.00,13.00,4320.00,2730.00,1978.00,0.00,98004.00,47.62,-122.22,5070.00,20570.00
4449800345.00,20141008T000000,584000.00,3.00,2.50,1790.00,3962.00,2.00,0.00,0.00,3.00,8.00,1790.00,0.00,1992.00,0.00,98117.00,47.69,-122.39,1340.00,3960.00
2522029136.00,20140729T000000,310000.00,3.00,1.75,1560.00,82328.00,1.00,0.00,0.00,3.00,7.00,1560.00,0.00,1974.00,0.00,98070.00,47.37,-122.50,2100.00,205603.00
1149900050.00,20150312T000000,717000.00,4.00,2.50,2780.00,7985.00,2.00,0.00,0.00,4.00,10.00,2780.00,0.00,1992.00,0.00,98029.00,47.56,-122.02,2650.00,8094.00
6908200080.00,20140616T000000,667000.00,3.00,1.50,1720.00,8100.00,2.00,0.00,0.00,3.00,8.00,1720.00,0.00,1907.00,0.00,98107.00,47.67,-122.40,2210.00,8100.00
3395800660.00,20141230T000000,190000.00,3.00,1.00,1640.00,8100.00,1.00,0.00,0.00,3.00,6.00,1040.00,600.00,1939.00,0.00,98146.00,47.48,-122.34,1600.00,8100.00
9414610010.00,20140617T000000,430000.00,3.00,2.00,1730.00,9000.00,1.00,0.00,0.00,3.00,8.00,1370.00,360.00,1978.00,0.00,98027.00,47.52,-122.05,2390.00,10000.00
5379805120.00,20150424T000000,213000.00,2.00,1.00,740.00,7380.00,1.00,0.00,0.00,4.00,6.00,740.00,0.00,1951.00,0.00,98188.00,47.45,-122.28,1500.00,10075.00
1530900290.00,20141007T000000,475000.00,3.00,2.50,2280.00,3710.00,1.00,0.00,0.00,3.00,8.00,1550.00,730.00,1990.00,0.00,98072.00,47.74,-122.16,2030.00,3710.00
8886000005.00,20150309T000000,649000.00,2.00,2.75,2090.00,23962.00,2.00,0.00,3.00,4.00,8.00,2090.00,0.00,1988.00,0.00,98070.00,47.41,-122.44,1820.00,32340.00
8965400010.00,20140606T000000,715000.00,3.00,2.50,2550.00,13458.00,2.00,0.00,0.00,3.00,9.00,2550.00,0.00,1990.00,0.00,98006.00,47.56,-122.12,3180.00,13458.00
8644210470.00,20150318T000000,845000.00,4.00,3.50,3350.00,19487.00,1.00,0.00,0.00,3.00,11.00,2460.00,890.00,1992.00,0.00,98075.00,47.58,-122.00,3360.00,19460.00
1545805980.00,20141110T000000,390000.00,3.00,2.50,2770.00,8820.00,1.00,0.00,0.00,3.00,7.00,1900.00,870.00,1980.00,2004.00,98038.00,47.37,-122.05,1850.00,10920.00
2841500010.00,20140924T000000,390000.00,4.00,3.00,2860.00,5724.00,1.00,0.00,0.00,3.00,7.00,1730.00,1130.00,1983.00,0.00,98108.00,47.54,-122.30,2340.00,7200.00
1328330290.00,20140729T000000,328000.00,4.00,1.75,1990.00,7194.00,1.00,0.00,0.00,4.00,8.00,1400.00,590.00,1978.00,0.00,98058.00,47.44,-122.14,1820.00,7400.00
4222100280.00,20141205T000000,239999.00,3.00,2.75,1740.00,8436.00,1.00,0.00,0.00,3.00,7.00,1140.00,600.00,1967.00,0.00,98003.00,47.35,-122.31,1550.00,8436.00
4222200280.00,20141021T000000,225000.00,3.00,2.00,1460.00,7740.00,1.00,0.00,0.00,3.00,7.00,1460.00,0.00,1968.00,0.00,98003.00,47.35,-122.31,1540.00,7644.00
3224510290.00,20141016T000000,920000.00,3.00,1.75,3670.00,11884.00,1.00,0.00,2.00,4.00,9.00,1950.00,1720.00,1979.00,0.00,98006.00,47.56,-122.13,3020.00,9747.00
5196420290.00,20150317T000000,940000.00,4.00,2.75,3270.00,9231.00,2.00,0.00,0.00,3.00,10.00,3270.00,0.00,1995.00,0.00,98052.00,47.65,-122.12,3380.00,10154.00
1703900005.00,20150501T000000,465000.00,3.00,1.00,1210.00,4872.00,1.00,0.00,0.00,4.00,6.00,1210.00,0.00,1949.00,0.00,98118.00,47.56,-122.27,1070.00,4872.00
3329530480.00,20140701T000000,241000.00,3.00,2.00,1770.00,7000.00,1.00,0.00,0.00,3.00,7.00,1770.00,0.00,1986.00,0.00,98001.00,47.33,-122.26,1510.00,10462.00
1541700170.00,20140609T000000,307550.00,4.00,2.50,1980.00,5909.00,2.00,0.00,0.00,3.00,8.00,1980.00,0.00,2003.00,0.00,98031.00,47.39,-122.19,2550.00,5487.00
8833510190.00,20141031T000000,490000.00,4.00,2.50,2650.00,9627.00,1.00,0.00,3.00,4.00,8.00,1610.00,1040.00,1976.00,0.00,98028.00,47.77,-122.25,2650.00,9221.00
8961970190.00,20140512T000000,647000.00,4.00,2.50,3040.00,6887.00,2.00,0.00,0.00,3.00,8.00,3040.00,0.00,1999.00,0.00,98074.00,47.61,-122.02,2790.00,7196.00
323069120.00,20140827T000000,780000.00,4.00,2.75,3640.00,231739.00,1.50,0.00,0.00,3.00,10.00,3640.00,0.00,1999.00,0.00,98027.00,47.51,-122.02,2670.00,91040.00
8944360170.00,20141114T000000,517500.00,3.00,2.50,1810.00,4332.00,2.00,0.00,0.00,3.00,8.00,1810.00,0.00,1992.00,0.00,98029.00,47.58,-122.00,1740.00,4332.00
2546500020.00,20140618T000000,295000.00,3.00,2.00,1380.00,8682.00,1.00,0.00,0.00,4.00,7.00,1380.00,0.00,1966.00,0.00,98148.00,47.42,-122.32,1410.00,10594.00
1338801060.00,20141204T000000,560000.00,4.00,1.50,1810.00,3400.00,2.00,0.00,0.00,3.00,8.00,1810.00,0.00,1926.00,0.00,98112.00,47.63,-122.30,1770.00,3600.00
3747600050.00,20141105T000000,319450.00,5.00,2.00,2250.00,5472.00,1.50,0.00,0.00,5.00,7.00,1750.00,500.00,1930.00,0.00,98002.00,47.31,-122.22,1540.00,5472.00
327000050.00,20141212T000000,1500000.00,4.00,3.25,3860.00,7199.00,2.00,0.00,1.00,3.00,9.00,2870.00,990.00,2005.00,0.00,98115.00,47.69,-122.27,2940.00,9600.00
1898900280.00,20140919T000000,340000.00,4.00,3.00,2380.00,20277.00,1.00,0.00,0.00,3.00,8.00,1500.00,880.00,1999.00,0.00,98023.00,47.30,-122.39,2370.00,15440.00
1423400005.00,20140815T000000,249950.00,3.00,1.00,1370.00,11658.00,1.00,0.00,0.00,4.00,6.00,1370.00,0.00,1958.00,0.00,98058.00,47.46,-122.18,1080.00,9198.00
9521100585.00,20140613T000000,499950.00,3.00,1.00,1830.00,3000.00,1.50,0.00,0.00,3.00,7.00,1430.00,400.00,1926.00,0.00,98103.00,47.66,-122.35,1510.00,2500.00
2025059150.00,20140702T000000,1038000.00,4.00,1.75,1440.00,13296.00,1.00,0.00,0.00,4.00,8.00,1440.00,0.00,1967.00,0.00,98004.00,47.63,-122.20,3520.00,10802.00
8941500010.00,20150216T000000,750000.00,4.00,2.50,2510.00,17200.00,1.00,0.00,2.00,4.00,9.00,1540.00,970.00,1977.00,0.00,98052.00,47.63,-122.09,2370.00,14621.00
1425069071.00,20150323T000000,875000.00,4.00,2.50,3230.00,256132.00,2.00,0.00,0.00,3.00,9.00,3230.00,0.00,2006.00,0.00,98053.00,47.65,-122.00,3080.00,217800.00
686400670.00,20150414T000000,678000.00,3.00,1.75,1670.00,7210.00,1.00,0.00,0.00,5.00,8.00,1670.00,0.00,1967.00,0.00,98008.00,47.63,-122.12,2200.00,7210.00
2624049073.00,20140729T000000,360000.00,2.00,1.00,780.00,4200.00,1.00,0.00,0.00,3.00,6.00,780.00,0.00,1920.00,0.00,98118.00,47.54,-122.27,1620.00,6000.00
1523059180.00,20140923T000000,354900.00,3.00,1.00,1720.00,16552.00,1.00,0.00,0.00,4.00,7.00,1720.00,0.00,1971.00,0.00,98059.00,47.48,-122.15,1550.00,15457.00
8016300250.00,20140827T000000,632000.00,5.00,2.50,2260.00,10087.00,1.00,0.00,0.00,3.00,8.00,1520.00,740.00,1967.00,0.00,98008.00,47.60,-122.13,2500.00,9440.00
7694600143.00,20141218T000000,350000.00,3.00,1.75,1480.00,9375.00,1.00,0.00,0.00,4.00,7.00,1480.00,0.00,1957.00,0.00,98146.00,47.51,-122.37,1370.00,9000.00
269000950.00,20140730T000000,990000.00,3.00,4.00,2550.00,3900.00,2.00,0.00,2.00,3.00,8.00,2050.00,500.00,1940.00,2003.00,98199.00,47.64,-122.39,2340.00,6400.00
2724079090.00,20150105T000000,1650000.00,4.00,3.25,3920.00,881654.00,3.00,0.00,3.00,3.00,11.00,3920.00,0.00,2002.00,0.00,98024.00,47.54,-121.90,2970.00,112384.00
3342103369.00,20140707T000000,481000.00,4.00,2.50,2286.00,8269.00,2.00,0.00,0.00,3.00,8.00,2286.00,0.00,2002.00,0.00,98056.00,47.52,-122.19,2110.00,4711.00
7104100050.00,20140624T000000,485000.00,3.00,2.50,1500.00,5412.00,1.00,0.00,0.00,5.00,7.00,900.00,600.00,1920.00,0.00,98136.00,47.55,-122.39,1090.00,5412.00
8944360290.00,20150413T000000,477000.00,3.00,2.50,1740.00,4960.00,2.00,0.00,0.00,3.00,8.00,1740.00,0.00,1992.00,0.00,98029.00,47.58,-122.00,1740.00,5021.00
6072500050.00,20140729T000000,560000.00,5.00,2.50,2880.00,9000.00,1.00,0.00,0.00,5.00,8.00,1440.00,1440.00,1966.00,0.00,98006.00,47.55,-122.18,2010.00,9000.00
1066000290.00,20141117T000000,600000.00,6.00,3.00,2600.00,9350.00,1.00,0.00,0.00,4.00,8.00,1340.00,1260.00,1963.00,0.00,98008.00,47.62,-122.11,2090.00,9102.00
2817260130.00,20140613T000000,622500.00,5.00,2.75,3320.00,23760.00,2.00,0.00,0.00,4.00,8.00,2190.00,1130.00,1975.00,0.00,98072.00,47.75,-122.15,2520.00,36720.00
3582750170.00,20150429T000000,410000.00,2.00,2.25,1660.00,2128.00,2.00,0.00,0.00,4.00,8.00,1660.00,0.00,1974.00,0.00,98028.00,47.75,-122.25,1640.00,2128.00
255370420.00,20150402T000000,318200.00,3.00,2.50,1990.00,3644.00,2.00,0.00,0.00,3.00,7.00,1990.00,0.00,2010.00,0.00,98038.00,47.35,-122.02,2580.00,3800.00
2571910380.00,20140605T000000,289000.00,3.00,2.00,1680.00,8424.00,1.00,0.00,0.00,3.00,7.00,1680.00,0.00,1993.00,0.00,98022.00,47.20,-122.01,1990.00,8545.00
3832150190.00,20140520T000000,263000.00,3.00,1.75,1570.00,7775.00,2.00,0.00,0.00,3.00,7.00,1570.00,0.00,1982.00,0.00,98031.00,47.39,-122.22,1580.00,8622.00
5279100680.00,20140605T000000,240000.00,3.00,1.00,1150.00,4825.00,1.00,0.00,0.00,4.00,6.00,1150.00,0.00,1957.00,0.00,98027.00,47.53,-122.03,1760.00,7121.00
7889601870.00,20150407T000000,281500.00,3.00,1.00,1270.00,7500.00,1.00,0.00,0.00,3.00,7.00,1270.00,0.00,1953.00,0.00,98146.00,47.49,-122.34,1340.00,3000.00
5694001061.00,20140620T000000,587206.00,3.00,3.50,1890.00,1710.00,2.00,0.00,0.00,3.00,8.00,1640.00,250.00,1999.00,0.00,98103.00,47.66,-122.35,1680.00,1562.00
1912100882.00,20140730T000000,482000.00,2.00,2.25,1350.00,1248.00,2.00,0.00,0.00,3.00,7.00,1180.00,170.00,2000.00,0.00,98102.00,47.64,-122.32,1760.00,3360.00
8563020170.00,20150310T000000,485000.00,3.00,1.75,1650.00,9500.00,1.00,0.00,0.00,3.00,8.00,1650.00,0.00,1967.00,0.00,98052.00,47.63,-122.10,1880.00,9375.00
8656800020.00,20150212T000000,309000.00,3.00,2.50,1450.00,11480.00,2.00,0.00,0.00,3.00,7.00,1450.00,0.00,1990.00,0.00,98014.00,47.67,-121.86,2080.00,87991.00
3876540780.00,20140619T000000,221000.00,3.00,2.25,1640.00,7350.00,1.00,0.00,0.00,3.00,7.00,1140.00,500.00,1984.00,0.00,98003.00,47.26,-122.30,1480.00,8041.00
8563030280.00,20140513T000000,700000.00,3.00,2.50,2030.00,8398.00,2.00,0.00,0.00,4.00,9.00,2030.00,0.00,1975.00,0.00,98008.00,47.63,-122.10,2450.00,8104.00
2114300290.00,20140929T000000,411500.00,5.00,3.00,2420.00,7740.00,1.00,0.00,0.00,5.00,7.00,1360.00,1060.00,1929.00,1969.00,98106.00,47.54,-122.36,1840.00,6780.00
9141100005.00,20141028T000000,285000.00,4.00,3.50,2770.00,10505.00,2.00,0.00,0.00,3.00,8.00,2770.00,0.00,1940.00,2015.00,98133.00,47.74,-122.36,1760.00,10505.00
5727500019.00,20140605T000000,395000.00,4.00,3.00,1980.00,7931.00,1.00,0.00,0.00,4.00,7.00,1160.00,820.00,1983.00,0.00,98133.00,47.75,-122.33,1910.00,7931.00
1796360080.00,20140709T000000,237950.00,2.00,1.75,1460.00,7926.00,1.00,0.00,0.00,4.00,7.00,1460.00,0.00,1987.00,0.00,98042.00,47.37,-122.09,1680.00,8206.00
9485800050.00,20150310T000000,680000.00,3.00,2.50,1610.00,8064.00,1.00,0.00,2.00,4.00,7.00,1160.00,450.00,1981.00,0.00,98033.00,47.68,-122.19,2260.00,8328.00
5560000680.00,20141226T000000,199950.00,2.00,1.00,1010.00,10057.00,1.00,0.00,0.00,3.00,6.00,1010.00,0.00,1961.00,0.00,98023.00,47.33,-122.34,1040.00,8591.00
9297300480.00,20141212T000000,765000.00,4.00,3.50,2760.00,4000.00,2.00,0.00,2.00,3.00,8.00,2000.00,760.00,1926.00,2014.00,98126.00,47.57,-122.37,1690.00,4000.00
6813600415.00,20140508T000000,515000.00,2.00,1.00,1060.00,4960.00,1.00,0.00,0.00,3.00,7.00,1060.00,0.00,1926.00,0.00,98103.00,47.69,-122.33,1420.00,4960.00
6751300255.00,20140616T000000,470000.00,3.00,1.50,1510.00,8000.00,1.00,0.00,0.00,4.00,7.00,1510.00,0.00,1956.00,0.00,98007.00,47.59,-122.14,1430.00,8000.00
3300700480.00,20140820T000000,330000.00,2.00,1.00,880.00,4000.00,1.00,0.00,0.00,3.00,6.00,780.00,100.00,1937.00,0.00,98117.00,47.69,-122.38,950.00,4000.00
5379800446.00,20150226T000000,284000.00,3.00,2.50,2150.00,9375.00,1.00,0.00,0.00,3.00,8.00,1550.00,600.00,1968.00,0.00,98188.00,47.46,-122.27,1950.00,9100.00
9558200080.00,20140912T000000,295000.00,3.00,2.50,1660.00,8125.00,1.00,0.00,0.00,3.00,7.00,1150.00,510.00,1999.00,0.00,98148.00,47.44,-122.33,1250.00,8125.00
6817801150.00,20150330T000000,555000.00,4.00,2.50,2160.00,10987.00,1.00,0.00,0.00,4.00,8.00,1440.00,720.00,1981.00,2003.00,98074.00,47.63,-122.03,1280.00,11617.00
1454100005.00,20140806T000000,350000.00,3.00,1.00,1370.00,8162.00,1.50,0.00,0.00,3.00,6.00,1370.00,0.00,1949.00,0.00,98125.00,47.73,-122.29,1560.00,8250.00
104540840.00,20141203T000000,240000.00,3.00,2.25,1460.00,5818.00,1.00,0.00,0.00,3.00,7.00,1140.00,320.00,1986.00,0.00,98023.00,47.31,-122.36,1490.00,6031.00
2207100635.00,20150204T000000,419900.00,3.00,1.50,1450.00,7000.00,1.00,0.00,0.00,3.00,7.00,1450.00,0.00,1955.00,0.00,98007.00,47.60,-122.15,1490.00,7245.00
2489200250.00,20150430T000000,528000.00,3.00,2.00,1560.00,6300.00,1.00,0.00,0.00,3.00,7.00,1560.00,0.00,1924.00,0.00,98126.00,47.54,-122.38,1620.00,6300.00
5130000080.00,20150311T000000,481000.00,4.00,2.50,2480.00,9869.00,1.00,0.00,0.00,4.00,8.00,1240.00,1240.00,1963.00,0.00,98028.00,47.76,-122.23,2230.00,10310.00
6150700169.00,20140609T000000,304700.00,2.00,1.00,740.00,5995.00,1.00,0.00,0.00,4.00,7.00,740.00,0.00,1949.00,0.00,98133.00,47.73,-122.34,1140.00,5995.00
8691350130.00,20150204T000000,715000.00,4.00,2.50,2927.00,12171.00,2.00,0.00,0.00,3.00,10.00,2927.00,0.00,1998.00,0.00,98075.00,47.59,-121.98,2967.00,12166.00
6189200345.00,20140820T000000,738950.00,4.00,2.75,2260.00,12005.00,1.00,0.00,0.00,4.00,8.00,2260.00,0.00,1956.00,1989.00,98005.00,47.63,-122.17,1870.00,10800.00
2222059099.00,20141022T000000,215000.00,3.00,1.50,1240.00,9405.00,1.00,0.00,0.00,4.00,7.00,1240.00,0.00,1966.00,0.00,98042.00,47.37,-122.16,2260.00,7611.00
7227800660.00,20140522T000000,300000.00,6.00,2.00,2040.00,10812.00,1.00,0.00,0.00,4.00,5.00,2040.00,0.00,1943.00,0.00,98056.00,47.49,-122.18,1440.00,10200.00
1148000005.00,20140623T000000,346000.00,3.00,1.75,1270.00,8100.00,1.00,0.00,0.00,3.00,6.00,880.00,390.00,1950.00,0.00,98146.00,47.48,-122.34,1650.00,8173.00
6055000430.00,20150327T000000,473000.00,4.00,3.50,4370.00,37193.00,2.00,0.00,3.00,3.00,8.00,2780.00,1590.00,1996.00,0.00,98022.00,47.24,-121.98,2860.00,39356.00
7616200050.00,20150105T000000,500000.00,3.00,1.75,1700.00,6120.00,1.00,0.00,0.00,3.00,7.00,1700.00,0.00,1952.00,0.00,98116.00,47.58,-122.40,1330.00,6120.00
7234601440.00,20140925T000000,750000.00,2.00,1.50,1300.00,7632.00,1.00,0.00,2.00,3.00,7.00,1300.00,0.00,1943.00,0.00,98122.00,47.61,-122.31,1420.00,1676.00
8563020380.00,20140520T000000,519900.00,4.00,2.00,1820.00,9350.00,1.00,0.00,0.00,4.00,8.00,1820.00,0.00,1967.00,0.00,98052.00,47.63,-122.10,2260.00,9299.00
1454100480.00,20140819T000000,378500.00,2.00,1.00,880.00,6171.00,1.00,0.00,0.00,4.00,7.00,880.00,0.00,1949.00,0.00,98125.00,47.73,-122.29,2260.00,12769.00
5151600285.00,20140507T000000,314500.00,3.00,1.75,1870.00,12381.00,1.00,0.00,0.00,4.00,8.00,1870.00,0.00,1957.00,0.00,98003.00,47.34,-122.32,1950.00,12667.00
2155000480.00,20150429T000000,499950.00,3.00,1.50,1350.00,9315.00,1.00,0.00,0.00,3.00,7.00,1350.00,0.00,1968.00,0.00,98052.00,47.66,-122.12,1840.00,9920.00
1024049024.00,20141203T000000,1735000.00,5.00,3.50,4870.00,7700.00,2.50,0.00,3.00,5.00,10.00,3650.00,1220.00,1929.00,0.00,98144.00,47.58,-122.29,3220.00,7700.00
1026069163.00,20150422T000000,630000.00,3.00,2.50,2460.00,38794.00,2.00,0.00,0.00,3.00,9.00,2460.00,0.00,1999.00,0.00,98077.00,47.76,-122.02,2470.00,51400.00
4427100095.00,20140623T000000,360000.00,4.00,1.50,1720.00,6417.00,1.00,0.00,0.00,3.00,7.00,1720.00,0.00,1953.00,0.00,98125.00,47.73,-122.31,1430.00,6240.00
4047200380.00,20140526T000000,460000.00,2.00,1.50,2730.00,19877.00,1.00,0.00,0.00,4.00,8.00,1570.00,1160.00,1976.00,0.00,98019.00,47.77,-121.90,1450.00,19509.00
3222049024.00,20140522T000000,361000.00,3.00,1.00,1100.00,4046.00,1.50,0.00,4.00,4.00,6.00,1100.00,0.00,1922.00,0.00,98198.00,47.34,-122.33,2550.00,7847.00
2287000010.00,20140710T000000,713400.00,3.00,2.25,1810.00,9845.00,1.00,0.00,0.00,4.00,8.00,1810.00,0.00,1959.00,1991.00,98040.00,47.55,-122.22,1900.00,10083.00
3692900010.00,20141028T000000,445000.00,2.00,1.00,930.00,3150.00,1.00,0.00,0.00,5.00,6.00,930.00,0.00,1918.00,0.00,98115.00,47.68,-122.30,1900.00,5000.00
320069049.00,20140514T000000,305000.00,4.00,1.50,1590.00,131551.00,1.00,0.00,3.00,4.00,7.00,1590.00,0.00,1966.00,0.00,98022.00,47.26,-122.02,2280.00,108028.00
868002335.00,20150304T000000,1430000.00,3.00,2.75,2710.00,9204.00,1.50,0.00,4.00,3.00,9.00,1480.00,1230.00,1975.00,0.00,98177.00,47.70,-122.39,2960.00,10080.00
8945100050.00,20150424T000000,222000.00,3.00,1.00,1460.00,8400.00,1.00,0.00,0.00,4.00,6.00,1460.00,0.00,1962.00,0.00,98023.00,47.31,-122.37,1060.00,8563.00
7853250080.00,20150216T000000,510000.00,5.00,3.25,3400.00,4499.00,2.00,0.00,0.00,3.00,8.00,2740.00,660.00,2005.00,0.00,98065.00,47.54,-121.88,3400.00,6163.00
6713700250.00,20140604T000000,500000.00,5.00,3.00,2920.00,11440.00,2.00,0.00,0.00,3.00,8.00,2920.00,0.00,2003.00,0.00,98133.00,47.76,-122.35,1720.00,9348.00
4232901990.00,20140516T000000,605000.00,2.00,1.00,910.00,3600.00,1.00,0.00,0.00,4.00,7.00,910.00,0.00,1909.00,0.00,98119.00,47.63,-122.36,1720.00,3600.00
3578401760.00,20140820T000000,393000.00,3.00,2.00,1320.00,10720.00,2.00,0.00,0.00,3.00,8.00,1320.00,0.00,1981.00,0.00,98074.00,47.62,-122.04,1910.00,13639.00
9113200290.00,20140625T000000,725000.00,4.00,2.50,2490.00,5170.00,2.00,0.00,0.00,4.00,9.00,2490.00,0.00,2000.00,0.00,98052.00,47.68,-122.16,2490.00,5170.00
5116000250.00,20140707T000000,320000.00,3.00,1.75,2220.00,11646.00,1.00,0.00,0.00,3.00,7.00,1270.00,950.00,1950.00,0.00,98028.00,47.78,-122.27,1490.00,10003.00
1099600010.00,20140612T000000,210000.00,4.00,1.50,1130.00,7840.00,1.00,0.00,0.00,4.00,7.00,1130.00,0.00,1970.00,0.00,98023.00,47.30,-122.38,1690.00,7840.00
5416500980.00,20140729T000000,419900.00,4.00,2.50,2750.00,5767.00,2.00,0.00,0.00,3.00,9.00,2750.00,0.00,2005.00,0.00,98038.00,47.36,-122.04,2800.00,5376.00
7312100010.00,20150302T000000,410000.00,4.00,2.50,2240.00,4447.00,2.00,0.00,0.00,3.00,7.00,2240.00,0.00,2006.00,0.00,98059.00,47.49,-122.16,2000.00,3800.00
7936000562.00,20141216T000000,721000.00,3.00,2.25,2680.00,10440.00,1.00,0.00,1.00,3.00,8.00,1540.00,1140.00,1963.00,0.00,98116.00,47.56,-122.40,2140.00,7560.00
9839300545.00,20140714T000000,605000.00,2.00,2.00,1270.00,5500.00,1.50,0.00,0.00,4.00,8.00,1270.00,0.00,1921.00,0.00,98122.00,47.61,-122.29,1870.00,4400.00
6837700005.00,20141203T000000,738000.00,3.00,1.75,1520.00,5500.00,1.50,0.00,0.00,5.00,7.00,1520.00,0.00,1936.00,0.00,98116.00,47.58,-122.38,2310.00,5500.00
6918720080.00,20150402T000000,725000.00,6.00,3.00,2480.00,12000.00,2.00,0.00,0.00,3.00,8.00,2480.00,0.00,1972.00,0.00,98007.00,47.61,-122.15,2220.00,8580.00
9407001700.00,20140819T000000,255000.00,2.00,1.00,960.00,20954.00,1.00,0.00,0.00,3.00,7.00,960.00,0.00,1977.00,0.00,98045.00,47.45,-121.77,1240.00,9752.00
1473200130.00,20150320T000000,303000.00,3.00,2.25,1340.00,873.00,3.00,0.00,0.00,3.00,8.00,1340.00,0.00,2009.00,0.00,98133.00,47.73,-122.34,1340.00,1186.00
4037200585.00,20140723T000000,394950.00,3.00,2.50,1090.00,7700.00,1.00,0.00,0.00,4.00,7.00,1090.00,0.00,1957.00,0.00,98008.00,47.61,-122.12,1740.00,7700.00
5249803870.00,20140902T000000,530000.00,4.00,3.00,2240.00,5580.00,2.00,0.00,0.00,5.00,7.00,1830.00,410.00,1949.00,0.00,98118.00,47.56,-122.27,1530.00,4800.00
9558050170.00,20140513T000000,475000.00,4.00,2.50,3740.00,8700.00,1.00,0.00,0.00,3.00,10.00,2260.00,1480.00,2004.00,0.00,98058.00,47.46,-122.12,2650.00,6333.00
1545808110.00,20140617T000000,250000.00,4.00,2.50,1800.00,8100.00,2.00,0.00,0.00,3.00,7.00,1800.00,0.00,1998.00,0.00,98038.00,47.36,-122.05,1590.00,8100.00
1604601155.00,20141208T000000,180000.00,3.00,1.00,780.00,3540.00,1.00,0.00,0.00,2.00,6.00,780.00,0.00,1920.00,0.00,98118.00,47.57,-122.29,1260.00,3540.00
2754700170.00,20140804T000000,443500.00,2.00,1.00,1330.00,4140.00,1.00,0.00,0.00,4.00,7.00,930.00,400.00,1919.00,1940.00,98115.00,47.68,-122.31,1410.00,5100.00
3622059180.00,20140703T000000,390000.00,4.00,2.00,1900.00,76877.00,1.00,0.00,0.00,3.00,8.00,1900.00,0.00,2004.00,0.00,98042.00,47.35,-122.11,1740.00,34848.00
7201600190.00,20150220T000000,430000.00,4.00,1.75,1570.00,7650.00,1.00,0.00,0.00,3.00,7.00,1100.00,470.00,1975.00,0.00,98052.00,47.68,-122.11,1580.00,7650.00
3450300280.00,20150225T000000,460000.00,5.00,4.50,3100.00,7260.00,2.00,0.00,0.00,3.00,8.00,3100.00,0.00,1963.00,2000.00,98059.00,47.50,-122.16,1650.00,7700.00
1036450170.00,20150312T000000,660000.00,3.00,3.50,2740.00,3785.00,2.00,0.00,0.00,3.00,9.00,2190.00,550.00,2001.00,0.00,98034.00,47.72,-122.18,2060.00,3457.00
8965000050.00,20140729T000000,515000.00,3.00,1.75,1570.00,10939.00,1.00,0.00,0.00,3.00,8.00,1200.00,370.00,1974.00,0.00,98052.00,47.64,-122.10,1760.00,10200.00
4354700010.00,20150421T000000,482500.00,3.00,2.00,1330.00,6490.00,1.00,0.00,0.00,4.00,7.00,1330.00,0.00,1954.00,0.00,98125.00,47.72,-122.31,1580.00,7202.00
4057300170.00,20140602T000000,305000.00,2.00,1.50,1140.00,2980.00,2.00,0.00,0.00,3.00,7.00,1140.00,0.00,1988.00,0.00,98029.00,47.57,-122.02,1150.00,2981.00
4217400185.00,20140603T000000,835000.00,4.00,2.75,1550.00,4000.00,1.50,0.00,0.00,3.00,9.00,1550.00,0.00,1930.00,0.00,98105.00,47.66,-122.28,2120.00,4000.00
8155750010.00,20141204T000000,237000.00,3.00,2.00,1290.00,7952.00,1.00,0.00,0.00,3.00,7.00,1290.00,0.00,1998.00,0.00,98030.00,47.39,-122.19,1670.00,7280.00
2159900020.00,20141126T000000,445000.00,2.00,1.50,1510.00,2001.00,2.00,0.00,0.00,4.00,8.00,1510.00,0.00,1985.00,0.00,98007.00,47.62,-122.15,1510.00,2055.00
2487700130.00,20150406T000000,710000.00,4.00,2.50,2720.00,8000.00,1.00,0.00,0.00,4.00,7.00,1360.00,1360.00,1955.00,0.00,98136.00,47.52,-122.39,1790.00,8000.00
2085200545.00,20140821T000000,180000.00,3.00,1.00,840.00,5700.00,1.00,0.00,0.00,4.00,5.00,840.00,0.00,1945.00,0.00,98038.00,47.39,-122.03,1430.00,12600.00
9432900380.00,20141023T000000,280017.00,3.00,2.50,1850.00,8770.00,2.00,0.00,0.00,3.00,8.00,1850.00,0.00,1996.00,0.00,98022.00,47.21,-122.01,2350.00,8606.00
2591850080.00,20140630T000000,436500.00,4.00,2.50,2290.00,11173.00,2.00,0.00,0.00,4.00,8.00,2290.00,0.00,1988.00,0.00,98058.00,47.43,-122.16,2290.00,10404.00
1025049174.00,20140515T000000,1255000.00,4.00,2.50,3200.00,7535.00,2.00,0.00,0.00,3.00,9.00,3200.00,0.00,2006.00,0.00,98105.00,47.67,-122.28,1650.00,6850.00
5628400080.00,20141218T000000,420000.00,3.00,2.25,1800.00,9800.00,1.00,0.00,0.00,4.00,7.00,1300.00,500.00,1959.00,0.00,98028.00,47.74,-122.24,1680.00,9545.00
7657000225.00,20140719T000000,205000.00,3.00,1.00,860.00,7467.00,1.00,0.00,0.00,3.00,6.00,860.00,0.00,1944.00,0.00,98178.00,47.49,-122.24,1280.00,7467.00
6151800080.00,20140902T000000,570000.00,3.00,1.50,1980.00,10203.00,1.00,0.00,0.00,4.00,7.00,1680.00,300.00,1946.00,0.00,98010.00,47.34,-122.05,1980.00,13664.00
6154900095.00,20140711T000000,565000.00,4.00,1.75,2140.00,7102.00,1.00,0.00,0.00,4.00,7.00,1070.00,1070.00,1948.00,0.00,98177.00,47.70,-122.37,1950.00,7102.00
9542800050.00,20141211T000000,287000.00,2.00,2.50,2410.00,7500.00,1.00,0.00,0.00,3.00,7.00,1550.00,860.00,1978.00,0.00,98023.00,47.31,-122.37,1840.00,8800.00
526059224.00,20140923T000000,260000.00,4.00,1.75,1650.00,7276.00,1.00,0.00,0.00,3.00,7.00,1010.00,640.00,1977.00,0.00,98011.00,47.77,-122.21,1840.00,8550.00
526059224.00,20150206T000000,470000.00,4.00,1.75,1650.00,7276.00,1.00,0.00,0.00,3.00,7.00,1010.00,640.00,1977.00,0.00,98011.00,47.77,-122.21,1840.00,8550.00
3275850190.00,20140905T000000,700000.00,3.00,2.50,2410.00,9916.00,2.00,0.00,0.00,4.00,10.00,2410.00,0.00,1989.00,0.00,98052.00,47.69,-122.10,2310.00,8212.00
4137000460.00,20150225T000000,249000.00,3.00,1.75,1520.00,7500.00,1.00,0.00,0.00,3.00,8.00,1520.00,0.00,1985.00,0.00,98092.00,47.26,-122.22,2180.00,7506.00
7936000403.00,20140609T000000,568000.00,3.00,1.75,2050.00,3520.00,1.00,0.00,0.00,4.00,7.00,1070.00,980.00,1977.00,0.00,98136.00,47.55,-122.40,2050.00,16083.00
1175000073.00,20140606T000000,500000.00,4.00,1.00,1720.00,4011.00,1.50,0.00,0.00,4.00,7.00,1720.00,0.00,1904.00,0.00,98107.00,47.67,-122.40,1580.00,3784.00
8645540290.00,20141126T000000,358000.00,5.00,2.50,2390.00,8775.00,1.00,0.00,0.00,4.00,7.00,1270.00,1120.00,1980.00,0.00,98058.00,47.46,-122.17,1800.00,8000.00
7137960460.00,20140528T000000,225000.00,3.00,2.50,1680.00,6755.00,2.00,0.00,0.00,3.00,8.00,1680.00,0.00,1994.00,0.00,98092.00,47.33,-122.17,1860.00,7257.00
8805400010.00,20150226T000000,275500.00,3.00,1.00,1060.00,7246.00,1.00,0.00,0.00,4.00,6.00,1060.00,0.00,1981.00,0.00,98056.00,47.49,-122.17,1090.00,6694.00
1036450290.00,20150202T000000,495000.00,3.00,2.50,1860.00,3150.00,2.00,0.00,0.00,3.00,8.00,1860.00,0.00,2001.00,0.00,98034.00,47.72,-122.18,2050.00,3375.00
7613700660.00,20150326T000000,758800.00,5.00,2.25,1750.00,5000.00,1.00,0.00,0.00,3.00,8.00,960.00,790.00,1940.00,0.00,98105.00,47.66,-122.28,2580.00,5000.00
8648210050.00,20150403T000000,280000.00,3.00,1.75,1480.00,8165.00,1.00,0.00,0.00,4.00,7.00,1480.00,0.00,1985.00,0.00,98042.00,47.36,-122.08,1450.00,7939.00
1565950670.00,20150225T000000,380500.00,3.00,2.50,1900.00,7361.00,2.00,0.00,0.00,3.00,8.00,1900.00,0.00,1994.00,0.00,98055.00,47.43,-122.19,2100.00,7361.00
7159200005.00,20140507T000000,3200000.00,7.00,4.50,6210.00,8856.00,2.50,0.00,2.00,5.00,11.00,4760.00,1450.00,1910.00,0.00,98109.00,47.63,-122.35,2940.00,5400.00
8687800010.00,20140617T000000,260000.00,3.00,1.75,1440.00,12888.00,1.00,0.00,2.00,3.00,7.00,1090.00,350.00,1958.00,0.00,98168.00,47.47,-122.26,1710.00,12888.00
4242900285.00,20140805T000000,630000.00,4.00,2.50,1910.00,1502.00,3.00,0.00,0.00,3.00,8.00,1910.00,0.00,2014.00,0.00,98107.00,47.67,-122.39,1520.00,3888.00
7834800225.00,20140820T000000,875000.00,3.00,2.00,2010.00,4000.00,1.00,0.00,0.00,5.00,7.00,1210.00,800.00,1915.00,0.00,98103.00,47.66,-122.33,1770.00,4000.00
5649600225.00,20150403T000000,457500.00,3.00,1.00,960.00,4600.00,1.50,0.00,0.00,4.00,6.00,960.00,0.00,1927.00,0.00,98118.00,47.56,-122.29,1380.00,5175.00
1959702045.00,20141119T000000,900000.00,2.00,1.00,1240.00,5500.00,1.00,0.00,0.00,3.00,7.00,1240.00,0.00,1954.00,0.00,98102.00,47.65,-122.32,2080.00,4400.00
717000225.00,20141028T000000,235000.00,2.00,2.00,870.00,6450.00,1.00,0.00,0.00,4.00,6.00,740.00,130.00,1954.00,0.00,98118.00,47.54,-122.28,1640.00,5775.00
792500190.00,20140627T000000,410000.00,3.00,2.00,1400.00,45738.00,2.00,0.00,0.00,4.00,8.00,1400.00,0.00,1981.00,0.00,98070.00,47.36,-122.46,2390.00,56628.00
3820100284.00,20140827T000000,355000.00,3.00,3.00,1850.00,9600.00,1.00,0.00,0.00,3.00,7.00,1230.00,620.00,1981.00,0.00,98028.00,47.77,-122.25,1970.00,10000.00
3629890190.00,20140606T000000,1300000.00,4.00,4.00,4270.00,6002.00,2.00,0.00,3.00,3.00,10.00,3180.00,1090.00,2004.00,0.00,98029.00,47.54,-121.99,4280.00,5942.00
6868200029.00,20140929T000000,467500.00,3.00,1.75,2260.00,8512.00,1.00,0.00,0.00,3.00,7.00,1130.00,1130.00,1948.00,0.00,98125.00,47.71,-122.30,2240.00,8040.00
8901000143.00,20141125T000000,500000.00,4.00,4.50,2690.00,7350.00,1.50,0.00,0.00,5.00,7.00,2690.00,0.00,1949.00,0.00,98125.00,47.71,-122.31,1660.00,9000.00
2927600630.00,20150416T000000,995000.00,4.00,3.50,2780.00,9550.00,2.00,0.00,4.00,5.00,10.00,2530.00,250.00,1978.00,0.00,98166.00,47.45,-122.37,2724.00,10634.00
3432501315.00,20140827T000000,277000.00,3.00,1.00,1140.00,8144.00,1.00,0.00,0.00,3.00,7.00,1140.00,0.00,1956.00,0.00,98155.00,47.75,-122.32,1150.00,8144.00
5101407250.00,20141217T000000,630000.00,4.00,2.25,2900.00,9680.00,2.00,0.00,0.00,3.00,7.00,1990.00,910.00,1947.00,0.00,98125.00,47.70,-122.31,1850.00,7540.00
3999200780.00,20141121T000000,628000.00,5.00,2.75,2830.00,11795.00,1.00,0.00,0.00,4.00,7.00,1710.00,1120.00,1960.00,0.00,98008.00,47.58,-122.12,2460.00,10880.00
2826079145.00,20140814T000000,655000.00,5.00,2.50,2560.00,46786.00,2.00,0.00,0.00,3.00,8.00,2560.00,0.00,1995.00,0.00,98019.00,47.71,-121.92,2430.00,46929.00
1446403145.00,20150122T000000,170000.00,2.00,1.00,1240.00,9900.00,1.00,0.00,0.00,3.00,7.00,940.00,300.00,1950.00,0.00,98168.00,47.49,-122.33,1050.00,9375.00
5137000170.00,20141217T000000,352500.00,4.00,2.50,2100.00,10750.00,1.00,0.00,2.00,4.00,8.00,2100.00,0.00,1967.00,0.00,98023.00,47.33,-122.34,2310.00,10425.00
2896310420.00,20150219T000000,615000.00,4.00,2.75,3120.00,34040.00,2.00,0.00,0.00,3.00,9.00,3120.00,0.00,1997.00,0.00,98010.00,47.34,-122.03,2420.00,25201.00
1446400725.00,20140610T000000,165000.00,3.00,1.00,970.00,6600.00,1.00,0.00,0.00,3.00,7.00,970.00,0.00,1965.00,0.00,98168.00,47.48,-122.33,1200.00,6600.00
4030500130.00,20140923T000000,243500.00,4.00,2.50,2300.00,15188.00,2.00,0.00,0.00,4.00,7.00,2300.00,0.00,1966.00,0.00,98042.00,47.37,-122.16,1820.00,10125.00
3319500299.00,20140806T000000,304000.00,2.00,1.50,950.00,676.00,2.00,0.00,0.00,3.00,7.00,850.00,100.00,2003.00,0.00,98144.00,47.60,-122.31,950.00,1280.00
7139800020.00,20141016T000000,369000.00,3.00,1.50,2110.00,5195.00,1.00,0.00,0.00,3.00,7.00,1210.00,900.00,1959.00,0.00,98118.00,47.53,-122.29,1950.00,5195.00
9433000460.00,20141007T000000,779950.00,4.00,2.75,2990.00,4298.00,2.00,0.00,0.00,3.00,9.00,2990.00,0.00,2014.00,0.00,98052.00,47.71,-122.11,2990.00,4837.00
1326049130.00,20140702T000000,605000.00,4.00,2.25,2940.00,48788.00,1.00,0.00,0.00,5.00,7.00,1520.00,1420.00,1961.00,0.00,98028.00,47.74,-122.25,2470.00,14900.00
7137960440.00,20141223T000000,292500.00,4.00,2.50,1860.00,8709.00,2.00,0.00,0.00,3.00,8.00,1860.00,0.00,1994.00,0.00,98092.00,47.33,-122.17,1990.00,6825.00
3946900010.00,20150323T000000,500007.00,2.00,1.75,1820.00,6050.00,1.00,0.00,0.00,3.00,7.00,910.00,910.00,1950.00,0.00,98115.00,47.69,-122.32,1730.00,6050.00
5592050080.00,20150429T000000,449999.00,4.00,2.50,1950.00,4947.00,2.00,0.00,0.00,3.00,8.00,1950.00,0.00,2000.00,0.00,98056.00,47.50,-122.19,1760.00,5611.00
3288020050.00,20140627T000000,355000.00,4.00,2.50,1890.00,7867.00,2.00,0.00,0.00,3.00,8.00,1890.00,0.00,1996.00,0.00,98038.00,47.38,-122.03,2250.00,7867.00
2459000020.00,20141125T000000,258000.00,4.00,3.00,2710.00,7199.00,1.00,0.00,0.00,4.00,7.00,1710.00,1000.00,1967.00,0.00,98030.00,47.38,-122.21,2070.00,9271.00
126049167.00,20140619T000000,380000.00,4.00,2.25,2150.00,20181.00,1.00,0.00,0.00,3.00,7.00,1090.00,1060.00,1963.00,0.00,98028.00,47.76,-122.25,2150.00,10480.00
1525079069.00,20140708T000000,650000.00,4.00,3.00,3720.00,57499.00,1.00,0.00,0.00,3.00,9.00,1880.00,1840.00,2003.00,0.00,98014.00,47.65,-121.90,2560.00,26372.00
1786200010.00,20150514T000000,456500.00,4.00,2.50,2580.00,11780.00,2.00,0.00,0.00,3.00,9.00,2580.00,0.00,2003.00,0.00,98038.00,47.37,-122.04,2410.00,8403.00
5602000275.00,20140825T000000,259950.00,4.00,2.00,1540.00,10212.00,1.50,0.00,0.00,5.00,7.00,1540.00,0.00,1948.00,0.00,98022.00,47.21,-122.00,1480.00,10212.00
1446403617.00,20140702T000000,123000.00,2.00,1.00,1050.00,6600.00,1.50,0.00,0.00,3.00,6.00,1050.00,0.00,1964.00,0.00,98168.00,47.48,-122.32,1330.00,6600.00
2767603649.00,20140730T000000,520000.00,3.00,2.25,1210.00,1250.00,3.00,0.00,0.00,3.00,8.00,1210.00,0.00,2014.00,0.00,98107.00,47.67,-122.38,1780.00,5000.00
3649100387.00,20150416T000000,506000.00,4.00,2.25,2040.00,12000.00,1.00,0.00,0.00,4.00,7.00,1300.00,740.00,1963.00,0.00,98028.00,47.74,-122.24,1930.00,12000.00
5249802660.00,20140730T000000,425000.00,3.00,1.00,980.00,4800.00,1.50,0.00,0.00,3.00,7.00,980.00,0.00,1926.00,0.00,98118.00,47.57,-122.27,2030.00,7200.00
2592400470.00,20141205T000000,438000.00,5.00,2.50,1990.00,6840.00,2.00,0.00,0.00,4.00,7.00,1990.00,0.00,1974.00,0.00,98034.00,47.72,-122.17,1990.00,7150.00
6448000020.00,20150129T000000,1490000.00,4.00,2.50,2420.00,18480.00,1.00,0.00,0.00,4.00,9.00,2420.00,0.00,1967.00,0.00,98004.00,47.62,-122.23,3330.00,19910.00
1211000185.00,20140616T000000,375000.00,4.00,2.00,1240.00,3000.00,1.00,0.00,0.00,3.00,7.00,1040.00,200.00,1908.00,0.00,98122.00,47.61,-122.30,1480.00,3500.00
7399300780.00,20150429T000000,337500.00,3.00,2.25,1530.00,6600.00,1.00,0.00,0.00,4.00,7.00,1240.00,290.00,1968.00,0.00,98055.00,47.46,-122.19,1500.00,7700.00
984100010.00,20140930T000000,300000.00,4.00,2.25,2080.00,7700.00,1.00,0.00,0.00,3.00,7.00,1450.00,630.00,1968.00,0.00,98058.00,47.43,-122.17,1900.00,7980.00
6127010670.00,20140728T000000,627000.00,5.00,3.25,3570.00,5425.00,2.00,0.00,0.00,3.00,7.00,3570.00,0.00,2005.00,0.00,98075.00,47.59,-122.01,2690.00,5347.00
1245002391.00,20141022T000000,1400000.00,5.00,4.25,4230.00,6907.00,2.00,0.00,0.00,3.00,10.00,3450.00,780.00,2008.00,0.00,98033.00,47.69,-122.21,2650.00,8076.00
3904921100.00,20150512T000000,674725.00,4.00,2.50,2700.00,10160.00,2.00,0.00,0.00,3.00,9.00,2700.00,0.00,1988.00,0.00,98029.00,47.57,-122.01,2760.00,9219.00
2473381150.00,20140618T000000,325000.00,3.00,2.75,2200.00,7000.00,1.00,0.00,0.00,4.00,7.00,1280.00,920.00,1977.00,0.00,98058.00,47.46,-122.17,1670.00,7000.00
9269750010.00,20150402T000000,230000.00,5.00,2.00,1210.00,12538.00,2.00,0.00,0.00,3.00,7.00,1210.00,0.00,1982.00,0.00,98023.00,47.28,-122.36,1510.00,7700.00
1924069071.00,20140729T000000,485000.00,5.00,1.75,2140.00,43124.00,1.00,0.00,2.00,4.00,7.00,1220.00,920.00,1962.00,0.00,98027.00,47.55,-122.09,2520.00,14677.00
2571900430.00,20140923T000000,315000.00,4.00,2.50,2740.00,8400.00,1.50,0.00,2.00,3.00,8.00,2740.00,0.00,1993.00,0.00,98022.00,47.19,-122.01,2030.00,8638.00
8673400052.00,20150403T000000,560000.00,3.00,2.75,1370.00,1193.00,3.00,0.00,0.00,3.00,8.00,1370.00,0.00,2003.00,0.00,98107.00,47.67,-122.39,1320.00,1180.00
5104511630.00,20140812T000000,444000.00,4.00,3.00,2800.00,7198.00,2.00,0.00,0.00,3.00,8.00,2800.00,0.00,2002.00,0.00,98038.00,47.35,-122.01,3610.00,7845.00
3438500168.00,20150507T000000,325000.00,3.00,1.50,1060.00,7488.00,1.00,0.00,0.00,5.00,7.00,1060.00,0.00,1977.00,0.00,98106.00,47.55,-122.36,1300.00,6780.00
1446403850.00,20140916T000000,118125.00,2.00,1.00,790.00,7153.00,1.00,0.00,0.00,4.00,6.00,790.00,0.00,1944.00,0.00,98168.00,47.49,-122.32,810.00,7128.00
1446403850.00,20150114T000000,212000.00,2.00,1.00,790.00,7153.00,1.00,0.00,0.00,4.00,6.00,790.00,0.00,1944.00,0.00,98168.00,47.49,-122.32,810.00,7128.00
5416500950.00,20150309T000000,428900.00,4.00,2.50,2820.00,5056.00,2.00,0.00,0.00,3.00,9.00,2820.00,0.00,2006.00,0.00,98038.00,47.36,-122.04,2820.00,5150.00
8096600050.00,20150123T000000,510000.00,3.00,2.00,1850.00,9600.00,1.00,0.00,0.00,3.00,7.00,1850.00,0.00,1968.00,1998.00,98011.00,47.77,-122.23,1770.00,9600.00
1473000020.00,20140523T000000,416000.00,3.00,1.50,1110.00,9762.00,1.00,0.00,0.00,4.00,7.00,1110.00,0.00,1963.00,0.00,98052.00,47.68,-122.15,1900.00,9720.00
722039049.00,20141009T000000,950000.00,4.00,3.00,3230.00,438213.00,2.00,0.00,0.00,3.00,9.00,3230.00,0.00,1999.00,0.00,98070.00,47.41,-122.47,1600.00,144619.00
2212210660.00,20150227T000000,204000.00,3.00,1.50,1460.00,7140.00,1.00,0.00,0.00,4.00,7.00,980.00,480.00,1980.00,0.00,98031.00,47.40,-122.19,1400.00,8572.00
6762700020.00,20141013T000000,7700000.00,6.00,8.00,12050.00,27600.00,2.50,0.00,3.00,4.00,13.00,8570.00,3480.00,1910.00,1987.00,98102.00,47.63,-122.32,3940.00,8800.00
5608010980.00,20141007T000000,878000.00,4.00,2.50,3480.00,13421.00,2.00,0.00,0.00,3.00,11.00,3480.00,0.00,1995.00,0.00,98027.00,47.55,-122.10,3290.00,9642.00
5015001045.00,20140826T000000,1045000.00,4.00,3.00,3560.00,4000.00,3.00,0.00,2.00,3.00,9.00,2970.00,590.00,1996.00,0.00,98112.00,47.63,-122.30,1190.00,4000.00
1005000250.00,20150130T000000,350000.00,2.00,1.00,840.00,5551.00,1.00,0.00,0.00,3.00,6.00,840.00,0.00,1952.00,0.00,98118.00,47.54,-122.28,1270.00,4652.00
7974700122.00,20140610T000000,659500.00,3.00,1.75,1820.00,5500.00,1.00,0.00,0.00,4.00,8.00,1620.00,200.00,1957.00,0.00,98115.00,47.67,-122.28,2330.00,6050.00
1775910460.00,20150313T000000,395000.00,3.00,2.50,1630.00,15200.00,1.00,0.00,0.00,3.00,7.00,1120.00,510.00,1988.00,0.00,98072.00,47.75,-122.10,2050.00,15200.00
3797300190.00,20140708T000000,308950.00,4.00,2.50,1920.00,8562.00,2.00,0.00,2.00,4.00,7.00,1920.00,0.00,1994.00,0.00,98022.00,47.19,-122.01,1820.00,8628.00
6450300605.00,20150501T000000,410000.00,3.00,2.00,1750.00,2550.00,1.00,0.00,0.00,3.00,7.00,1750.00,0.00,1955.00,0.00,98133.00,47.73,-122.34,1370.00,1533.00
3918400143.00,20141016T000000,710000.00,4.00,3.00,2750.00,7500.00,1.00,0.00,0.00,5.00,8.00,1630.00,1120.00,1966.00,0.00,98177.00,47.71,-122.36,2440.00,7500.00
1022049182.00,20150428T000000,175000.00,1.00,1.00,620.00,8685.00,1.00,0.00,0.00,4.00,5.00,620.00,0.00,1976.00,0.00,98198.00,47.41,-122.29,1300.00,12150.00
3578400780.00,20150327T000000,508800.00,3.00,2.00,1720.00,10098.00,1.00,0.00,0.00,4.00,8.00,1140.00,580.00,1981.00,0.00,98074.00,47.62,-122.04,1840.00,10098.00
6905200050.00,20141009T000000,606400.00,3.00,3.00,1800.00,5000.00,1.50,0.00,2.00,3.00,8.00,1500.00,300.00,1929.00,0.00,98119.00,47.65,-122.37,1670.00,5000.00
303100080.00,20140528T000000,245100.00,3.00,1.75,1300.00,7958.00,1.00,0.00,0.00,3.00,7.00,1300.00,0.00,1996.00,0.00,98092.00,47.32,-122.19,1640.00,8698.00
123039642.00,20150501T000000,540000.00,3.00,2.50,1970.00,14876.00,1.00,0.00,0.00,3.00,7.00,1320.00,650.00,1981.00,0.00,98146.00,47.50,-122.37,2030.00,8008.00
8718500095.00,20150507T000000,415000.00,3.00,1.50,1740.00,9046.00,1.00,0.00,0.00,3.00,7.00,1740.00,0.00,1956.00,0.00,98028.00,47.74,-122.26,1830.00,9513.00
1774000780.00,20150105T000000,469500.00,4.00,2.75,1930.00,13041.00,1.00,0.00,0.00,4.00,8.00,1180.00,750.00,1980.00,0.00,98072.00,47.75,-122.09,1880.00,10234.00
2421039075.00,20141106T000000,195000.00,3.00,1.75,1190.00,14777.00,1.00,0.00,0.00,4.00,7.00,1190.00,0.00,1965.00,0.00,98023.00,47.29,-122.38,2240.00,8325.00
4139470010.00,20141006T000000,1615000.00,4.00,3.25,4250.00,12281.00,2.00,0.00,4.00,3.00,12.00,3020.00,1230.00,1996.00,0.00,98006.00,47.55,-122.11,4940.00,12941.00
629800380.00,20141013T000000,1450000.00,4.00,3.50,4360.00,24603.00,2.00,0.00,0.00,3.00,12.00,4360.00,0.00,1998.00,0.00,98074.00,47.60,-122.01,4770.00,27521.00
8965520190.00,20141030T000000,1200000.00,3.00,2.50,3420.00,16622.00,1.00,0.00,4.00,3.00,10.00,2410.00,1010.00,1991.00,0.00,98006.00,47.56,-122.11,3460.00,14566.00
925059193.00,20140709T000000,1065000.00,4.00,3.75,4260.00,9800.00,2.00,0.00,0.00,3.00,10.00,4260.00,0.00,2008.00,0.00,98033.00,47.67,-122.17,1950.00,8970.00
1245500250.00,20150507T000000,555500.00,2.00,1.00,920.00,10000.00,1.00,0.00,0.00,4.00,7.00,920.00,0.00,1981.00,0.00,98033.00,47.69,-122.21,1340.00,10000.00
9828700005.00,20150512T000000,440000.00,3.00,1.00,1040.00,4000.00,1.00,0.00,0.00,3.00,7.00,1040.00,0.00,1950.00,0.00,98122.00,47.62,-122.29,1170.00,4000.00
5101402312.00,20150423T000000,485000.00,3.00,1.00,1260.00,7250.00,1.00,0.00,2.00,3.00,7.00,960.00,300.00,1940.00,0.00,98115.00,47.69,-122.31,1540.00,7250.00
339200130.00,20140531T000000,693000.00,3.00,2.50,2460.00,12028.00,2.00,0.00,0.00,3.00,9.00,2460.00,0.00,1996.00,0.00,98052.00,47.69,-122.10,2540.00,12229.00
6145602125.00,20140724T000000,295000.00,3.00,1.00,830.00,3386.00,1.00,0.00,0.00,3.00,6.00,830.00,0.00,1942.00,1989.00,98133.00,47.70,-122.36,1300.00,3844.00
9346910500.00,20150330T000000,700000.00,3.00,2.50,2060.00,10650.00,1.00,0.00,0.00,5.00,8.00,1050.00,1010.00,1976.00,0.00,98006.00,47.56,-122.14,2690.00,8850.00
7986401305.00,20141216T000000,767500.00,2.00,1.75,2210.00,9374.00,1.00,0.00,3.00,4.00,8.00,1560.00,650.00,1951.00,0.00,98107.00,47.66,-122.36,2140.00,5640.00
922059169.00,20141201T000000,800000.00,6.00,4.25,5480.00,189050.00,2.00,0.00,0.00,4.00,10.00,5140.00,340.00,1991.00,0.00,98031.00,47.41,-122.17,2470.00,10429.00
123059071.00,20140708T000000,440000.00,3.00,2.00,1860.00,217800.00,2.00,0.00,2.00,3.00,8.00,1860.00,0.00,1998.00,0.00,98059.00,47.52,-122.11,2500.00,217800.00
1626069069.00,20141029T000000,600000.00,3.00,2.50,1350.00,187313.00,1.00,0.00,0.00,4.00,7.00,1350.00,0.00,1997.00,0.00,98077.00,47.74,-122.05,2310.00,49222.00
5605000430.00,20140917T000000,1160000.00,4.00,2.50,2790.00,5450.00,2.00,0.00,0.00,3.00,10.00,1930.00,860.00,1925.00,2000.00,98112.00,47.65,-122.30,2320.00,5450.00
7640400250.00,20140619T000000,506000.00,2.00,1.00,1570.00,8210.00,1.00,0.00,0.00,4.00,8.00,1150.00,420.00,1952.00,0.00,98177.00,47.72,-122.37,1680.00,8196.00
4477000290.00,20150311T000000,474950.00,4.00,1.75,2030.00,15400.00,1.00,0.00,1.00,3.00,9.00,1130.00,900.00,1975.00,0.00,98166.00,47.46,-122.37,2040.00,12425.00
8127700440.00,20141211T000000,654000.00,3.00,2.50,2570.00,5500.00,1.00,0.00,0.00,4.00,7.00,1320.00,1250.00,1961.00,0.00,98199.00,47.64,-122.40,1460.00,6250.00
6822100780.00,20140911T000000,710000.00,2.00,1.00,1210.00,6000.00,1.00,0.00,0.00,4.00,7.00,1000.00,210.00,1942.00,0.00,98199.00,47.65,-122.40,1840.00,6000.00
9195700380.00,20140811T000000,620000.00,4.00,2.25,1530.00,7845.00,1.00,0.00,0.00,4.00,7.00,1030.00,500.00,1981.00,0.00,98027.00,47.56,-122.08,1710.00,7627.00
1425059174.00,20141028T000000,390000.00,3.00,2.00,1510.00,10827.00,2.00,0.00,0.00,3.00,7.00,1510.00,0.00,1984.00,0.00,98052.00,47.65,-122.13,1900.00,10908.00
2155000290.00,20140630T000000,550000.00,3.00,2.25,1720.00,9600.00,1.00,0.00,0.00,4.00,7.00,1220.00,500.00,1967.00,0.00,98052.00,47.66,-122.13,1720.00,9600.00
4058200630.00,20141002T000000,353000.00,3.00,1.75,2190.00,7021.00,1.00,0.00,2.00,4.00,7.00,1390.00,800.00,1953.00,0.00,98178.00,47.50,-122.23,2180.00,7155.00
5561400440.00,20140827T000000,465000.00,4.00,2.50,3030.00,47958.00,1.00,0.00,0.00,3.00,8.00,1660.00,1370.00,1980.00,0.00,98027.00,47.46,-122.00,2740.00,36017.00
4178500440.00,20150128T000000,279900.00,3.00,2.00,1410.00,6600.00,1.00,0.00,0.00,4.00,7.00,1410.00,0.00,1990.00,0.00,98042.00,47.36,-122.09,1750.00,7150.00
1923039022.00,20141120T000000,700000.00,2.00,1.75,1679.00,577605.00,2.00,0.00,0.00,3.00,9.00,1679.00,0.00,2001.00,0.00,98070.00,47.46,-122.48,1850.00,358934.00
9412200660.00,20140619T000000,395000.00,4.00,1.00,1980.00,10350.00,1.00,0.00,0.00,4.00,7.00,1430.00,550.00,1968.00,0.00,98027.00,47.52,-122.05,1890.00,13140.00
2780700020.00,20140910T000000,375000.00,4.00,2.50,1900.00,9428.00,2.00,0.00,0.00,3.00,8.00,1900.00,0.00,1978.00,0.00,98028.00,47.76,-122.24,1830.00,10480.00
1868901815.00,20140617T000000,547000.00,4.00,1.00,1720.00,2800.00,1.50,0.00,0.00,4.00,7.00,1200.00,520.00,1926.00,0.00,98115.00,47.67,-122.30,1530.00,3500.00
4022902715.00,20150403T000000,525000.00,5.00,3.25,2480.00,10277.00,2.00,0.00,0.00,5.00,8.00,1640.00,840.00,1993.00,0.00,98155.00,47.77,-122.29,2270.00,10277.00
225039145.00,20140619T000000,285000.00,3.00,1.00,1210.00,4731.00,1.50,0.00,0.00,3.00,7.00,1210.00,0.00,1901.00,0.00,98117.00,47.69,-122.40,1450.00,5264.00
9274203390.00,20140520T000000,570000.00,2.00,1.75,1540.00,4025.00,1.00,0.00,0.00,4.00,7.00,1190.00,350.00,1908.00,0.00,98116.00,47.59,-122.39,1950.00,4420.00
4397000020.00,20150324T000000,409000.00,3.00,2.50,2740.00,9168.00,2.00,0.00,0.00,3.00,9.00,2740.00,0.00,1991.00,0.00,98042.00,47.38,-122.15,2690.00,10554.00
9415950020.00,20140608T000000,260000.00,4.00,2.50,1811.00,4381.00,2.00,0.00,0.00,3.00,8.00,1811.00,0.00,2007.00,0.00,98055.00,47.45,-122.19,1811.00,4150.00
2591830020.00,20140916T000000,348000.00,4.00,2.50,2720.00,7697.00,1.00,0.00,0.00,4.00,8.00,2120.00,600.00,1987.00,0.00,98058.00,47.44,-122.16,2340.00,7700.00
3211200460.00,20140806T000000,389000.00,4.00,1.00,1520.00,9800.00,1.50,0.00,0.00,4.00,7.00,1520.00,0.00,1971.00,0.00,98034.00,47.73,-122.24,1540.00,7700.00
2297400250.00,20141217T000000,445000.00,4.00,2.75,2160.00,7200.00,1.00,0.00,0.00,4.00,7.00,1220.00,940.00,1976.00,0.00,98034.00,47.72,-122.22,1790.00,7614.00
9268200440.00,20140721T000000,400000.00,3.00,1.75,1390.00,4602.00,1.00,0.00,0.00,3.00,7.00,930.00,460.00,1981.00,0.00,98117.00,47.69,-122.37,1230.00,4800.00
255580190.00,20140915T000000,302000.00,4.00,2.50,1740.00,7895.00,2.00,0.00,0.00,3.00,7.00,1740.00,0.00,1999.00,0.00,98001.00,47.34,-122.28,1720.00,6813.00
6352600680.00,20141021T000000,798000.00,3.00,2.50,2849.00,9588.00,2.00,0.00,0.00,3.00,10.00,2849.00,0.00,2001.00,0.00,98074.00,47.65,-122.08,3190.00,8897.00
1829700050.00,20140724T000000,335000.00,2.00,1.00,1440.00,8842.00,1.00,0.00,0.00,3.00,7.00,840.00,600.00,1950.00,0.00,98155.00,47.74,-122.33,1650.00,8461.00
7859960250.00,20150107T000000,585000.00,4.00,2.50,3000.00,6892.00,2.00,0.00,0.00,3.00,8.00,3000.00,0.00,2005.00,0.00,98072.00,47.76,-122.17,3000.00,6589.00
6072800170.00,20150428T000000,2500000.00,4.00,4.00,3330.00,24354.00,1.00,0.00,0.00,4.00,10.00,3330.00,0.00,1961.00,0.00,98006.00,47.57,-122.19,3880.00,25493.00
6373000130.00,20141201T000000,555000.00,4.00,2.25,1720.00,2300.00,1.00,0.00,0.00,3.00,7.00,860.00,860.00,1940.00,2014.00,98116.00,47.58,-122.41,1720.00,4680.00
4131900066.00,20140825T000000,3100000.00,3.00,3.00,3920.00,13085.00,2.00,1.00,4.00,4.00,11.00,3920.00,0.00,1996.00,0.00,98040.00,47.57,-122.20,3450.00,13287.00
8965450190.00,20150218T000000,295000.00,3.00,2.50,1500.00,3060.00,2.00,0.00,0.00,3.00,7.00,1500.00,0.00,1994.00,0.00,98006.00,47.56,-122.12,2700.00,7734.00
1311200460.00,20140618T000000,265000.00,4.00,1.50,2050.00,7100.00,1.00,0.00,0.00,3.00,7.00,1050.00,1000.00,1963.00,0.00,98001.00,47.34,-122.28,1950.00,7350.00
3764800250.00,20150105T000000,330000.00,4.00,2.00,1180.00,7275.00,1.00,0.00,0.00,3.00,7.00,1180.00,0.00,1965.00,0.00,98034.00,47.73,-122.20,1210.00,7275.00
6607000095.00,20150218T000000,286000.00,4.00,1.50,1600.00,5750.00,2.00,0.00,0.00,4.00,6.00,1600.00,0.00,1902.00,0.00,98118.00,47.54,-122.28,1690.00,5750.00
4358700188.00,20150331T000000,305000.00,3.00,2.50,1260.00,895.00,3.00,0.00,0.00,3.00,7.00,1160.00,100.00,2009.00,0.00,98133.00,47.71,-122.34,1190.00,1095.00
5101403915.00,20150403T000000,970000.00,2.00,1.00,1290.00,5376.00,1.00,0.00,0.00,3.00,6.00,1290.00,0.00,1945.00,0.00,98115.00,47.70,-122.32,1180.00,5376.00
7844200425.00,20150414T000000,525000.00,4.00,2.00,2680.00,14157.00,1.00,0.00,0.00,3.00,8.00,1460.00,1220.00,1966.00,0.00,98188.00,47.43,-122.29,2100.00,9199.00
9407001330.00,20141202T000000,355000.00,3.00,1.75,2370.00,9750.00,1.00,0.00,0.00,4.00,7.00,1280.00,1090.00,1979.00,0.00,98045.00,47.45,-121.77,1230.00,9775.00
7905370440.00,20141010T000000,469950.00,5.00,2.50,2310.00,8303.00,1.00,0.00,0.00,3.00,7.00,1300.00,1010.00,1975.00,0.00,98034.00,47.72,-122.21,1930.00,8303.00
2202500290.00,20140502T000000,435000.00,4.00,1.00,1450.00,8800.00,1.00,0.00,0.00,4.00,7.00,1450.00,0.00,1954.00,0.00,98006.00,47.57,-122.14,1260.00,8942.00
3374500250.00,20140922T000000,363500.00,4.00,2.50,2680.00,7700.00,2.00,0.00,0.00,4.00,8.00,2680.00,0.00,1990.00,0.00,98031.00,47.41,-122.17,2400.00,7700.00
5244800895.00,20140523T000000,595000.00,2.00,1.50,1030.00,4500.00,1.00,0.00,0.00,3.00,7.00,830.00,200.00,1924.00,0.00,98109.00,47.65,-122.35,1250.00,4000.00
100100050.00,20141112T000000,275000.00,3.00,1.00,1320.00,11090.00,1.00,0.00,0.00,3.00,7.00,1320.00,0.00,1955.00,0.00,98155.00,47.77,-122.30,1320.00,8319.00
7454001060.00,20150408T000000,295000.00,2.00,1.00,670.00,7952.00,1.00,0.00,0.00,4.00,6.00,670.00,0.00,1942.00,0.00,98146.00,47.51,-122.37,1080.00,9525.00
7215400280.00,20150116T000000,345000.00,3.00,2.25,2670.00,37089.00,2.00,0.00,0.00,3.00,9.00,2670.00,0.00,1990.00,0.00,98042.00,47.33,-122.08,2290.00,36284.00
203101330.00,20140701T000000,485000.00,3.00,2.25,2440.00,47916.00,2.00,0.00,0.00,3.00,8.00,2090.00,350.00,1991.00,0.00,98053.00,47.63,-121.96,2150.00,24000.00
2450000290.00,20141215T000000,1245000.00,5.00,2.50,3370.00,8113.00,2.00,0.00,0.00,3.00,9.00,3370.00,0.00,2005.00,0.00,98004.00,47.58,-122.20,2470.00,8113.00
5101402472.00,20150129T000000,340500.00,2.00,1.00,940.00,5413.00,1.00,0.00,0.00,3.00,7.00,940.00,0.00,1923.00,0.00,98115.00,47.70,-122.30,1340.00,5296.00
4310700020.00,20141010T000000,280000.00,3.00,1.00,1100.00,5132.00,1.00,0.00,0.00,3.00,6.00,840.00,260.00,1948.00,0.00,98103.00,47.70,-122.34,1280.00,5132.00
7967600285.00,20141211T000000,449888.00,3.00,2.25,2520.00,78408.00,2.00,0.00,0.00,3.00,9.00,2520.00,0.00,1988.00,0.00,98001.00,47.35,-122.28,1490.00,29972.00
7905200381.00,20141028T000000,483000.00,2.00,1.75,1400.00,4720.00,1.00,0.00,0.00,4.00,7.00,820.00,580.00,1927.00,0.00,98116.00,47.57,-122.39,1330.00,6786.00
3992700585.00,20141120T000000,445500.00,3.00,1.75,1880.00,9360.00,1.00,0.00,0.00,4.00,7.00,940.00,940.00,1941.00,0.00,98125.00,47.71,-122.28,1390.00,7200.00
7972601950.00,20140617T000000,379900.00,5.00,3.50,2800.00,7350.00,2.00,0.00,0.00,3.00,7.00,2800.00,0.00,1995.00,0.00,98106.00,47.53,-122.35,2190.00,7620.00
6870310010.00,20140702T000000,599950.00,4.00,3.50,2500.00,3080.00,2.00,0.00,0.00,3.00,8.00,1810.00,690.00,2008.00,0.00,98052.00,47.67,-122.14,2060.00,3295.00
2970800130.00,20141009T000000,215000.00,3.00,1.00,810.00,5240.00,1.00,0.00,0.00,3.00,6.00,810.00,0.00,1942.00,0.00,98166.00,47.47,-122.35,1700.00,5245.00
6084600660.00,20140718T000000,263000.00,3.00,2.50,1720.00,6847.00,2.00,0.00,0.00,3.00,7.00,1720.00,0.00,1987.00,0.00,98001.00,47.33,-122.27,1610.00,7790.00
325059126.00,20150209T000000,565000.00,4.00,1.00,2170.00,12100.00,1.00,0.00,0.00,5.00,7.00,2170.00,0.00,1961.00,0.00,98033.00,47.69,-122.16,1270.00,12844.00
526069024.00,20140512T000000,950000.00,5.00,3.00,4530.00,258746.00,1.50,0.00,0.00,4.00,9.00,3200.00,1330.00,2003.00,0.00,98077.00,47.77,-122.07,3430.00,83199.00
6163901261.00,20140909T000000,395000.00,4.00,1.00,1440.00,8320.00,1.50,0.00,0.00,3.00,7.00,1440.00,0.00,1946.00,0.00,98155.00,47.75,-122.32,1440.00,9230.00
4289900005.00,20141230T000000,1535000.00,4.00,3.25,2850.00,4100.00,2.00,0.00,3.00,3.00,10.00,1820.00,1030.00,1908.00,2003.00,98122.00,47.61,-122.29,2130.00,4200.00
2818100255.00,20141029T000000,922000.00,4.00,2.50,2620.00,14126.00,1.00,0.00,4.00,4.00,8.00,1620.00,1000.00,1941.00,0.00,98117.00,47.70,-122.40,2620.00,8905.00
1389310130.00,20141212T000000,330000.00,3.00,2.50,1676.00,18778.00,2.00,0.00,0.00,3.00,7.00,1676.00,0.00,1997.00,0.00,98014.00,47.65,-121.91,1410.00,18778.00
4139910250.00,20150210T000000,1525000.00,4.00,3.75,5850.00,35070.00,2.00,0.00,0.00,4.00,12.00,4410.00,1440.00,1990.00,0.00,98006.00,47.55,-122.12,4830.00,36200.00
5416100020.00,20141209T000000,323000.00,3.00,1.75,1910.00,8329.00,1.00,0.00,0.00,3.00,8.00,1910.00,0.00,2004.00,0.00,98022.00,47.19,-122.02,2510.00,9259.00
8682261650.00,20140710T000000,554000.00,2.00,2.00,1670.00,4996.00,1.00,0.00,0.00,3.00,8.00,1670.00,0.00,2004.00,0.00,98053.00,47.71,-122.03,1670.00,4996.00
8100400170.00,20150410T000000,500000.00,3.00,2.00,2050.00,11454.00,1.00,0.00,0.00,3.00,8.00,2050.00,0.00,1987.00,0.00,98052.00,47.64,-122.11,1980.00,11424.00
1604590190.00,20150513T000000,775000.00,5.00,3.50,3730.00,16679.00,1.00,0.00,0.00,3.00,10.00,2760.00,970.00,1990.00,0.00,98075.00,47.60,-122.03,3280.00,16679.00
6882510020.00,20140715T000000,340000.00,4.00,1.75,1800.00,5210.00,1.00,0.00,0.00,5.00,7.00,1080.00,720.00,1979.00,0.00,98118.00,47.53,-122.28,1870.00,5365.00
3459800020.00,20150406T000000,560000.00,4.00,1.75,2230.00,6838.00,1.00,0.00,0.00,3.00,7.00,1320.00,910.00,1985.00,0.00,98008.00,47.57,-122.12,1580.00,7500.00
5437600010.00,20150406T000000,304000.00,3.00,2.50,1670.00,5298.00,2.00,0.00,0.00,3.00,8.00,1670.00,0.00,2002.00,0.00,98042.00,47.39,-122.17,1920.00,5298.00
1395500020.00,20141107T000000,279900.00,3.00,1.00,1400.00,10800.00,1.00,0.00,0.00,3.00,6.00,1400.00,0.00,1962.00,0.00,98034.00,47.72,-122.20,1430.00,10000.00
807800020.00,20150304T000000,315000.00,5.00,3.00,2110.00,10766.00,2.00,0.00,0.00,3.00,7.00,2110.00,0.00,2005.00,0.00,98030.00,47.36,-122.18,1460.00,10400.00
1563102880.00,20140621T000000,849000.00,4.00,2.00,2160.00,6300.00,1.50,0.00,1.00,4.00,8.00,2160.00,0.00,1928.00,0.00,98116.00,47.57,-122.40,1980.00,5152.00
8937500020.00,20150210T000000,325000.00,3.00,1.75,2420.00,14862.00,1.00,0.00,0.00,3.00,8.00,1380.00,1040.00,1977.00,0.00,98023.00,47.33,-122.37,2550.00,14675.00
629420480.00,20140926T000000,786000.00,4.00,3.50,3320.00,8808.00,2.00,0.00,0.00,3.00,9.00,3320.00,0.00,2005.00,0.00,98075.00,47.59,-121.99,3160.00,9226.00
8961950250.00,20140915T000000,384000.00,5.00,2.75,3220.00,8160.00,2.00,0.00,0.00,3.00,9.00,3220.00,0.00,1999.00,0.00,98001.00,47.32,-122.25,2876.00,11521.00
4217400420.00,20141124T000000,907000.00,3.00,1.50,1340.00,6000.00,1.50,0.00,1.00,3.00,9.00,1340.00,0.00,1927.00,0.00,98105.00,47.66,-122.28,2600.00,6000.00
3121500020.00,20140702T000000,700000.00,3.00,2.50,2490.00,23891.00,2.00,0.00,0.00,3.00,9.00,2490.00,0.00,1993.00,0.00,98053.00,47.67,-122.03,2900.00,34705.00
2025700430.00,20140826T000000,269500.00,3.00,2.00,1640.00,8395.00,1.00,0.00,0.00,4.00,7.00,1640.00,0.00,1991.00,0.00,98038.00,47.35,-122.04,1510.00,7180.00
739800250.00,20150222T000000,269000.00,3.00,2.25,1420.00,7297.00,1.00,0.00,0.00,3.00,7.00,1130.00,290.00,1984.00,0.00,98031.00,47.40,-122.19,1730.00,7419.00
8647600020.00,20141111T000000,749950.00,4.00,2.50,3340.00,123600.00,2.00,0.00,0.00,3.00,10.00,3340.00,0.00,2005.00,0.00,98053.00,47.61,-121.96,3730.00,123600.00
1518000290.00,20150316T000000,325000.00,3.00,2.75,1580.00,4007.00,2.00,0.00,0.00,3.00,7.00,1580.00,0.00,2001.00,0.00,98019.00,47.74,-121.97,1770.00,3799.00
8917100020.00,20140606T000000,1150000.00,3.00,1.50,2170.00,16600.00,1.00,1.00,2.00,3.00,10.00,1130.00,1040.00,1979.00,0.00,98052.00,47.63,-122.09,3130.00,13875.00
3205100010.00,20141216T000000,406000.00,3.00,1.50,1370.00,7853.00,1.00,0.00,0.00,4.00,7.00,1370.00,0.00,1962.00,0.00,98056.00,47.54,-122.18,1730.00,9465.00
2405500050.00,20140606T000000,650000.00,4.00,2.50,2840.00,9354.00,2.00,0.00,0.00,3.00,10.00,2840.00,0.00,1990.00,0.00,98074.00,47.63,-122.04,2540.00,10200.00
7823700005.00,20140707T000000,295000.00,3.00,1.75,1940.00,7500.00,1.50,0.00,0.00,4.00,8.00,1940.00,0.00,1918.00,1985.00,98022.00,47.21,-121.99,1650.00,7500.00
8642600170.00,20141009T000000,375000.00,4.00,2.00,1757.00,19370.00,1.00,0.00,2.00,5.00,7.00,1757.00,0.00,1955.00,0.00,98198.00,47.40,-122.31,1850.00,11125.00
7518502960.00,20150227T000000,395000.00,2.00,1.00,980.00,5100.00,1.00,0.00,0.00,4.00,6.00,980.00,0.00,1907.00,0.00,98117.00,47.68,-122.38,1190.00,5100.00
4279600080.00,20141231T000000,609000.00,6.00,3.00,2470.00,9267.00,2.00,0.00,0.00,3.00,8.00,2470.00,0.00,1982.00,0.00,98007.00,47.60,-122.15,2470.00,9151.00
6421100592.00,20140910T000000,510000.00,3.00,1.75,1610.00,11950.00,1.00,0.00,2.00,3.00,7.00,1210.00,400.00,1984.00,0.00,98052.00,47.67,-122.14,1610.00,9363.00
7967200290.00,20140530T000000,190000.00,3.00,2.25,1590.00,11745.00,1.00,0.00,0.00,3.00,7.00,1090.00,500.00,1978.00,0.00,98001.00,47.36,-122.28,1540.00,12530.00
7228501903.00,20140805T000000,250000.00,1.00,1.00,780.00,1033.00,1.00,0.00,0.00,3.00,7.00,780.00,0.00,1922.00,1985.00,98122.00,47.62,-122.31,1040.00,1319.00
9275200080.00,20141107T000000,295000.00,3.00,1.50,720.00,7450.00,1.00,0.00,1.00,1.00,5.00,720.00,0.00,1924.00,0.00,98126.00,47.58,-122.38,2600.00,7360.00
8825900095.00,20150421T000000,740000.00,3.00,1.50,1630.00,4080.00,1.50,0.00,0.00,4.00,8.00,1630.00,0.00,1927.00,0.00,98115.00,47.68,-122.31,1950.00,4080.00
7849201100.00,20150217T000000,323000.00,3.00,1.00,1590.00,7759.00,2.00,0.00,0.00,4.00,7.00,1590.00,0.00,1912.00,1984.00,98065.00,47.52,-121.82,1600.00,7200.00
8562790980.00,20150303T000000,713000.00,3.00,2.75,2310.00,1850.00,2.00,0.00,0.00,3.00,10.00,2020.00,290.00,2011.00,0.00,98027.00,47.53,-122.07,2340.00,2155.00
1370801435.00,20141105T000000,1070000.00,3.00,1.75,2320.00,6090.00,2.00,0.00,3.00,3.00,8.00,2040.00,280.00,1939.00,0.00,98199.00,47.64,-122.41,3110.00,7052.00
3897100275.00,20141027T000000,460000.00,3.00,1.75,1660.00,9900.00,2.00,0.00,0.00,3.00,8.00,1660.00,0.00,1978.00,0.00,98033.00,47.67,-122.18,1720.00,6600.00
6745700190.00,20150407T000000,880000.00,3.00,1.75,2070.00,5000.00,1.50,0.00,0.00,3.00,8.00,2070.00,0.00,1920.00,0.00,98144.00,47.58,-122.29,2630.00,5000.00
2770600795.00,20150302T000000,585000.00,4.00,1.75,2500.00,7000.00,1.00,0.00,0.00,3.00,7.00,1250.00,1250.00,1947.00,0.00,98199.00,47.65,-122.39,1680.00,7000.00
1148000190.00,20140522T000000,249950.00,2.00,1.00,940.00,8532.00,1.00,0.00,0.00,4.00,7.00,940.00,0.00,1959.00,0.00,98166.00,47.48,-122.34,1050.00,8100.00
5039300305.00,20141107T000000,450000.00,3.00,2.50,1990.00,3478.00,2.00,0.00,0.00,3.00,10.00,1520.00,470.00,1990.00,0.00,98199.00,47.64,-122.40,1710.00,6157.00
3981200250.00,20140926T000000,450000.00,3.00,2.50,2620.00,14096.00,2.00,0.00,0.00,4.00,9.00,2620.00,0.00,1989.00,0.00,98042.00,47.35,-122.10,3010.00,14096.00
5457300095.00,20150107T000000,1775000.00,4.00,3.25,3730.00,7071.00,3.00,0.00,2.00,3.00,11.00,3730.00,0.00,1985.00,0.00,98109.00,47.63,-122.36,3730.00,7680.00
1862400479.00,20140923T000000,350000.00,3.00,3.25,1600.00,1298.00,3.00,0.00,0.00,3.00,8.00,1600.00,0.00,1999.00,0.00,98117.00,47.70,-122.38,1600.00,1348.00
8669160010.00,20150325T000000,292500.00,3.00,2.50,2095.00,3438.00,2.00,0.00,0.00,3.00,7.00,2095.00,0.00,2008.00,0.00,98002.00,47.35,-122.21,1805.00,3402.00
2481630290.00,20140626T000000,879000.00,4.00,2.75,4230.00,31747.00,2.00,0.00,0.00,4.00,10.00,4230.00,0.00,1985.00,0.00,98072.00,47.73,-122.13,4080.00,35576.00
8925100255.00,20140612T000000,1184000.00,4.00,2.50,3200.00,7500.00,1.50,0.00,1.00,5.00,8.00,1860.00,1340.00,1948.00,0.00,98115.00,47.68,-122.27,2500.00,6500.00
424069130.00,20150213T000000,584999.00,4.00,2.75,2050.00,17859.00,1.00,0.00,0.00,4.00,7.00,1300.00,750.00,1967.00,0.00,98075.00,47.59,-122.06,2960.00,20908.00
2231800020.00,20141120T000000,366000.00,4.00,2.75,2020.00,8093.00,1.00,0.00,0.00,5.00,7.00,1300.00,720.00,1961.00,0.00,98133.00,47.77,-122.33,1920.00,8089.00
3625700080.00,20150108T000000,987500.00,4.00,2.25,3270.00,15760.00,1.00,0.00,0.00,4.00,10.00,2000.00,1270.00,1974.00,0.00,98040.00,47.53,-122.23,4100.00,15760.00
3343901188.00,20150323T000000,300000.00,3.00,1.00,1320.00,7200.00,1.00,0.00,0.00,4.00,7.00,1320.00,0.00,1959.00,0.00,98056.00,47.50,-122.19,1720.00,7249.00
1328330430.00,20150408T000000,299000.00,2.00,1.75,1270.00,7800.00,1.00,0.00,0.00,4.00,7.00,890.00,380.00,1981.00,0.00,98058.00,47.44,-122.13,2020.00,8025.00
2464400500.00,20140714T000000,560000.00,4.00,1.75,1980.00,2700.00,1.50,0.00,0.00,3.00,8.00,1210.00,770.00,1931.00,0.00,98115.00,47.69,-122.32,1720.00,2910.00
4054710190.00,20140701T000000,695000.00,3.00,2.50,2620.00,51354.00,2.00,0.00,0.00,3.00,9.00,2620.00,0.00,1998.00,0.00,98077.00,47.72,-122.03,2620.00,37042.00
5095400630.00,20141205T000000,360000.00,4.00,1.75,1750.00,18810.00,1.00,0.00,0.00,3.00,7.00,1220.00,530.00,1977.00,0.00,98059.00,47.47,-122.07,1840.00,17424.00
1788300020.00,20140708T000000,183500.00,3.00,1.00,1040.00,8892.00,1.00,0.00,0.00,4.00,6.00,800.00,240.00,1958.00,0.00,98023.00,47.33,-122.35,820.00,9000.00
3336001470.00,20140619T000000,311000.00,3.00,1.75,1900.00,3000.00,1.50,0.00,0.00,5.00,7.00,1070.00,830.00,1903.00,0.00,98118.00,47.53,-122.27,1130.00,6000.00
1310960190.00,20141021T000000,263000.00,3.00,1.75,1660.00,7210.00,1.00,0.00,0.00,4.00,7.00,1660.00,0.00,1977.00,0.00,98032.00,47.36,-122.27,2150.00,7350.00
1545803340.00,20150224T000000,269000.00,3.00,1.75,1530.00,7930.00,1.00,0.00,0.00,5.00,7.00,1530.00,0.00,1986.00,0.00,98038.00,47.36,-122.05,1610.00,7930.00
524059148.00,20140606T000000,1600000.00,4.00,3.50,4280.00,9583.00,2.00,0.00,0.00,3.00,11.00,4280.00,0.00,2005.00,0.00,98004.00,47.60,-122.20,2360.00,10031.00
7852190290.00,20150303T000000,564000.00,4.00,2.50,2870.00,6658.00,2.00,0.00,0.00,3.00,8.00,2870.00,0.00,2004.00,0.00,98065.00,47.54,-121.88,2770.00,6658.00
2385200050.00,20140620T000000,425000.00,3.00,2.50,2540.00,5612.00,2.00,0.00,0.00,3.00,9.00,2540.00,0.00,1999.00,0.00,98059.00,47.50,-122.16,2380.00,6303.00
8827901060.00,20140709T000000,679000.00,4.00,2.75,2100.00,4480.00,1.50,0.00,0.00,4.00,7.00,1780.00,320.00,1928.00,0.00,98105.00,47.67,-122.29,2050.00,4480.00
6456200020.00,20140826T000000,410000.00,3.00,2.00,1740.00,9300.00,1.00,0.00,0.00,4.00,7.00,1740.00,0.00,1952.00,0.00,98166.00,47.45,-122.36,1540.00,9638.00
4166800080.00,20141020T000000,340000.00,4.00,2.50,2441.00,7316.00,2.00,0.00,0.00,3.00,8.00,2441.00,0.00,2007.00,0.00,98023.00,47.32,-122.34,2724.00,7357.00
1591600307.00,20150511T000000,360000.00,3.00,1.75,1810.00,7200.00,1.00,0.00,0.00,5.00,7.00,1030.00,780.00,1959.00,0.00,98146.00,47.50,-122.36,1950.00,8384.00
926069132.00,20140520T000000,450000.00,3.00,1.50,2060.00,44866.00,1.00,0.00,0.00,3.00,8.00,2060.00,0.00,1953.00,0.00,98077.00,47.75,-122.05,2320.00,43995.00
7130300170.00,20150326T000000,552000.00,4.00,2.75,3160.00,8429.00,1.00,0.00,3.00,4.00,7.00,1620.00,1540.00,1982.00,0.00,98178.00,47.51,-122.25,1760.00,6780.00
2599200460.00,20140805T000000,294000.00,4.00,2.00,2930.00,12840.00,1.50,0.00,0.00,4.00,8.00,2930.00,0.00,1965.00,0.00,98092.00,47.30,-122.19,1960.00,10920.00
7214400005.00,20150313T000000,663500.00,2.00,1.00,1310.00,5200.00,1.00,0.00,0.00,3.00,7.00,910.00,400.00,1946.00,0.00,98115.00,47.68,-122.30,1320.00,4794.00
5017000470.00,20140710T000000,1975000.00,6.00,4.50,4800.00,9097.00,2.00,0.00,0.00,3.00,10.00,3580.00,1220.00,2007.00,0.00,98112.00,47.63,-122.29,2180.00,6037.00
8651402660.00,20141008T000000,175409.00,4.00,1.50,1450.00,5530.00,1.00,0.00,0.00,4.00,6.00,1450.00,0.00,1969.00,0.00,98042.00,47.36,-122.09,1060.00,5200.00
8665900328.00,20150123T000000,459000.00,4.00,3.00,1900.00,9077.00,2.00,0.00,0.00,3.00,7.00,1900.00,0.00,1954.00,2015.00,98155.00,47.77,-122.30,1900.00,12868.00
3881900321.00,20140514T000000,339950.00,3.00,1.00,1050.00,5402.00,1.50,0.00,0.00,4.00,7.00,1050.00,0.00,1906.00,0.00,98144.00,47.59,-122.31,1510.00,4685.00
1524079028.00,20141029T000000,393000.00,5.00,1.75,1610.00,15246.00,1.00,0.00,0.00,3.00,6.00,1610.00,0.00,1936.00,0.00,98024.00,47.57,-121.89,1410.00,10500.00
626049091.00,20140627T000000,275500.00,2.00,1.00,720.00,11400.00,1.00,0.00,0.00,5.00,6.00,720.00,0.00,1951.00,0.00,98133.00,47.76,-122.34,1690.00,8075.00
6073200020.00,20150413T000000,485000.00,3.00,1.00,1020.00,9835.00,1.00,0.00,0.00,5.00,7.00,1020.00,0.00,1955.00,0.00,98006.00,47.57,-122.18,1210.00,9622.00
3243100050.00,20140722T000000,250000.00,3.00,1.00,1250.00,7920.00,1.00,0.00,0.00,4.00,7.00,1250.00,0.00,1960.00,0.00,98059.00,47.49,-122.13,1440.00,9648.00
1693600080.00,20141030T000000,935100.00,4.00,3.50,3200.00,8049.00,1.00,0.00,0.00,3.00,8.00,2700.00,500.00,1980.00,0.00,98005.00,47.58,-122.17,1640.00,8506.00
7140600020.00,20150414T000000,245000.00,3.00,1.00,990.00,9599.00,1.00,0.00,0.00,4.00,6.00,990.00,0.00,1959.00,0.00,98002.00,47.29,-122.22,1216.00,10364.00
6388910280.00,20150429T000000,670000.00,4.00,2.50,2850.00,25993.00,2.00,0.00,0.00,4.00,9.00,2850.00,0.00,1989.00,0.00,98056.00,47.53,-122.17,2480.00,12672.00
2524000050.00,20141212T000000,1393000.00,3.00,3.50,4240.00,21578.00,2.00,0.00,0.00,3.00,10.00,3500.00,740.00,1994.00,0.00,98040.00,47.56,-122.22,3120.00,16440.00
2223069120.00,20140820T000000,440000.00,4.00,1.75,2800.00,49149.00,1.00,0.00,0.00,4.00,7.00,1400.00,1400.00,1978.00,0.00,98027.00,47.46,-122.03,2560.00,61419.00
1732801300.00,20141008T000000,1248000.00,2.00,2.50,2310.00,3313.00,2.00,0.00,0.00,3.00,9.00,2310.00,0.00,2006.00,0.00,98119.00,47.63,-122.37,2700.00,5670.00
1685200020.00,20140827T000000,203000.00,3.00,1.75,1490.00,8000.00,1.00,0.00,0.00,4.00,7.00,1200.00,290.00,1978.00,0.00,98092.00,47.32,-122.18,1540.00,8000.00
9510970050.00,20140901T000000,583000.00,4.00,2.50,1840.00,4011.00,2.00,0.00,0.00,3.00,9.00,1840.00,0.00,2005.00,0.00,98052.00,47.67,-122.08,2120.00,4011.00
7156200005.00,20150402T000000,575000.00,3.00,1.00,1740.00,9163.00,1.00,0.00,0.00,3.00,7.00,1740.00,0.00,1954.00,0.00,98125.00,47.71,-122.30,1490.00,6509.00
5316100780.00,20140922T000000,2575000.00,4.00,3.50,3280.00,3800.00,2.00,0.00,0.00,3.00,11.00,2880.00,400.00,2011.00,0.00,98112.00,47.63,-122.28,2050.00,3800.00
9362000080.00,20150316T000000,1600000.00,5.00,3.50,4050.00,20925.00,2.00,0.00,3.00,3.00,10.00,3020.00,1030.00,1973.00,2005.00,98040.00,47.53,-122.24,3880.00,18321.00
2221800080.00,20150416T000000,312500.00,4.00,2.50,2160.00,8755.00,2.00,0.00,0.00,3.00,7.00,2160.00,0.00,1993.00,0.00,98030.00,47.36,-122.20,1990.00,7971.00
2722059075.00,20140811T000000,455000.00,3.00,2.75,2720.00,31314.00,3.00,0.00,2.00,3.00,8.00,2720.00,0.00,1986.00,0.00,98042.00,47.37,-122.16,2290.00,15188.00
3459600440.00,20141125T000000,1310000.00,5.00,3.00,3650.00,16600.00,1.00,0.00,3.00,4.00,9.00,1860.00,1790.00,1978.00,0.00,98006.00,47.56,-122.14,3150.00,10400.00
6844700415.00,20150316T000000,605000.00,4.00,2.25,1750.00,6120.00,1.00,0.00,0.00,3.00,7.00,1150.00,600.00,1962.00,0.00,98115.00,47.70,-122.29,1350.00,6120.00
1223089016.00,20140718T000000,325000.00,3.00,2.25,2450.00,49658.00,1.00,0.00,0.00,3.00,7.00,1770.00,680.00,1978.00,0.00,98045.00,47.49,-121.73,1340.00,121097.00
8044700010.00,20150427T000000,630000.00,3.00,1.75,1940.00,7306.00,1.00,0.00,0.00,3.00,8.00,1470.00,470.00,1982.00,0.00,98052.00,47.66,-122.15,2360.00,8865.00
2024059130.00,20150109T000000,928950.00,4.00,3.75,3280.00,6000.00,2.00,0.00,0.00,3.00,9.00,3280.00,0.00,2014.00,0.00,98006.00,47.55,-122.19,2900.00,10108.00
8019700010.00,20141010T000000,489950.00,3.00,1.75,2480.00,10804.00,1.00,0.00,0.00,3.00,8.00,1800.00,680.00,1976.00,0.00,98177.00,47.77,-122.37,2480.00,10400.00
1785400780.00,20150415T000000,550000.00,3.00,2.25,2120.00,18255.00,1.00,0.00,0.00,3.00,8.00,1590.00,530.00,1984.00,0.00,98074.00,47.63,-122.04,2120.00,12997.00
4222200380.00,20140805T000000,237000.00,3.00,2.00,1710.00,7920.00,1.00,0.00,0.00,3.00,8.00,1260.00,450.00,1968.00,0.00,98003.00,47.35,-122.31,1760.00,8120.00
7503000050.00,20140807T000000,390000.00,3.00,2.50,1690.00,10113.00,1.00,0.00,0.00,3.00,7.00,1310.00,380.00,1991.00,0.00,98028.00,47.74,-122.22,1690.00,10113.00
1592000680.00,20140528T000000,665000.00,3.00,2.50,2190.00,10370.00,2.00,0.00,0.00,3.00,9.00,2190.00,0.00,1987.00,0.00,98074.00,47.62,-122.03,2470.00,10472.00
4303200130.00,20150210T000000,277000.00,4.00,3.00,1960.00,5160.00,1.00,0.00,0.00,3.00,7.00,1170.00,790.00,2001.00,0.00,98106.00,47.53,-122.36,1960.00,5160.00
7731100066.00,20140612T000000,545000.00,3.00,1.00,1510.00,5000.00,1.50,0.00,0.00,3.00,7.00,1510.00,0.00,1909.00,0.00,98105.00,47.67,-122.30,1680.00,4000.00
2770602335.00,20150407T000000,615000.00,3.00,2.50,1490.00,1410.00,2.00,0.00,0.00,3.00,10.00,1300.00,190.00,2008.00,0.00,98199.00,47.65,-122.38,1490.00,1715.00
6706200130.00,20150415T000000,343000.00,3.00,1.75,2210.00,7920.00,1.00,0.00,0.00,3.00,7.00,1400.00,810.00,1966.00,0.00,98178.00,47.50,-122.24,2220.00,7920.00
6632300567.00,20140730T000000,597000.00,4.00,2.50,2340.00,7877.00,2.00,0.00,0.00,3.00,9.00,2340.00,0.00,2004.00,0.00,98125.00,47.73,-122.32,1920.00,9116.00
7000100635.00,20140715T000000,600000.00,3.00,1.00,940.00,19000.00,1.00,0.00,0.00,3.00,6.00,940.00,0.00,1945.00,0.00,98004.00,47.58,-122.19,2280.00,19000.00
1954420420.00,20150313T000000,479000.00,3.00,1.75,1470.00,6018.00,1.00,0.00,0.00,3.00,8.00,1470.00,0.00,1987.00,0.00,98074.00,47.62,-122.04,1720.00,6584.00
7809200005.00,20141216T000000,292000.00,3.00,1.75,1650.00,14633.00,1.00,0.00,0.00,4.00,7.00,1650.00,0.00,1958.00,0.00,98056.00,47.50,-122.18,1370.00,12495.00
3056000050.00,20140912T000000,265000.00,3.00,1.50,1400.00,6527.00,1.00,0.00,0.00,3.00,7.00,1110.00,290.00,1957.00,0.00,98166.00,47.45,-122.36,1690.00,7597.00
7214780050.00,20150420T000000,623000.00,4.00,2.50,2710.00,49044.00,2.00,0.00,0.00,3.00,9.00,2710.00,0.00,1988.00,0.00,98077.00,47.77,-122.08,2560.00,38190.00
3210950080.00,20140514T000000,486000.00,4.00,2.50,2150.00,39449.00,1.00,0.00,0.00,3.00,7.00,1420.00,730.00,1978.00,0.00,98024.00,47.55,-121.89,2010.00,35717.00
6914700130.00,20140615T000000,520500.00,3.00,2.00,1900.00,8100.00,1.00,0.00,0.00,4.00,7.00,950.00,950.00,1940.00,0.00,98115.00,47.70,-122.32,1400.00,6380.00
7237550130.00,20140520T000000,1300000.00,4.00,3.50,4380.00,74052.00,1.00,0.00,0.00,3.00,11.00,4380.00,0.00,2001.00,0.00,98053.00,47.66,-122.01,5170.00,62291.00
1250202660.00,20140924T000000,825000.00,4.00,1.00,2290.00,6300.00,1.50,0.00,4.00,4.00,7.00,2150.00,140.00,1921.00,0.00,98144.00,47.59,-122.29,2390.00,6300.00
3546000380.00,20140928T000000,259900.00,3.00,1.75,1690.00,7953.00,1.00,0.00,0.00,3.00,7.00,1690.00,0.00,1986.00,0.00,98030.00,47.36,-122.18,1680.00,7425.00
5451200280.00,20150402T000000,1170000.00,5.00,2.75,3090.00,12031.00,1.00,0.00,0.00,5.00,9.00,1600.00,1490.00,1968.00,0.00,98040.00,47.53,-122.23,2280.00,10800.00
7129301851.00,20140923T000000,245000.00,2.00,1.00,1120.00,5650.00,1.00,0.00,1.00,3.00,6.00,720.00,400.00,1904.00,0.00,98118.00,47.52,-122.26,2160.00,6480.00
582000010.00,20150320T000000,830200.00,3.00,2.50,2680.00,4990.00,1.00,0.00,0.00,5.00,8.00,1440.00,1240.00,1951.00,0.00,98199.00,47.65,-122.39,2320.00,6000.00
8078360080.00,20140623T000000,650000.00,4.00,2.50,2400.00,7351.00,2.00,0.00,0.00,3.00,9.00,2400.00,0.00,1990.00,0.00,98029.00,47.57,-122.02,2330.00,7756.00
2658000373.00,20150122T000000,305000.00,4.00,2.00,1610.00,6250.00,1.00,0.00,0.00,4.00,7.00,1610.00,0.00,1952.00,0.00,98118.00,47.53,-122.27,1310.00,6000.00
7504400290.00,20150305T000000,599000.00,5.00,2.50,3470.00,12003.00,2.00,0.00,0.00,3.00,8.00,3470.00,0.00,1978.00,0.00,98074.00,47.62,-122.05,2220.00,12283.00
7137950460.00,20140926T000000,272000.00,4.00,2.50,2070.00,6175.00,2.00,0.00,0.00,3.00,8.00,2070.00,0.00,1993.00,0.00,98092.00,47.33,-122.17,1940.00,6175.00
3303950130.00,20141113T000000,415000.00,3.00,2.50,2420.00,10733.00,2.00,0.00,0.00,3.00,8.00,2420.00,0.00,1996.00,0.00,98038.00,47.38,-122.04,1950.00,8534.00
6648500440.00,20141121T000000,319000.00,4.00,2.25,2380.00,7400.00,1.00,0.00,0.00,4.00,8.00,1760.00,620.00,1979.00,0.00,98042.00,47.36,-122.15,1940.00,7400.00
3824100235.00,20140724T000000,425000.00,4.00,1.75,2120.00,15920.00,1.00,0.00,0.00,4.00,7.00,1060.00,1060.00,1960.00,0.00,98028.00,47.77,-122.26,2200.00,12580.00
8732020440.00,20150428T000000,297500.00,4.00,2.50,2190.00,8100.00,1.00,0.00,0.00,4.00,8.00,1250.00,940.00,1978.00,0.00,98023.00,47.31,-122.39,2100.00,8840.00
8649900480.00,20140527T000000,725000.00,4.00,2.50,2740.00,12899.00,2.00,0.00,0.00,4.00,10.00,2740.00,0.00,1990.00,0.00,98075.00,47.58,-122.03,2830.00,9453.00
7708250010.00,20150107T000000,325000.00,3.00,2.50,1830.00,7585.00,2.00,0.00,0.00,4.00,8.00,1830.00,0.00,1995.00,0.00,98042.00,47.39,-122.15,2070.00,7585.00
7955040130.00,20140805T000000,460000.00,3.00,1.75,1370.00,8467.00,1.00,0.00,0.00,4.00,7.00,970.00,400.00,1972.00,0.00,98052.00,47.66,-122.15,1650.00,8472.00
3424069215.00,20150217T000000,396480.00,3.00,1.00,1000.00,10800.00,1.00,0.00,0.00,3.00,7.00,1000.00,0.00,1959.00,0.00,98027.00,47.52,-122.03,1140.00,16846.00
1337801060.00,20150305T000000,1025000.00,3.00,1.00,2050.00,4800.00,2.00,0.00,0.00,3.00,8.00,1950.00,100.00,1922.00,0.00,98112.00,47.63,-122.31,2220.00,4800.00
2225300585.00,20141120T000000,370000.00,3.00,2.75,1750.00,9166.00,1.00,0.00,0.00,4.00,7.00,1170.00,580.00,1979.00,0.00,98155.00,47.77,-122.33,1810.00,8760.00
2525300380.00,20150416T000000,260656.00,3.00,1.00,1620.00,13803.00,1.00,0.00,0.00,4.00,6.00,1620.00,0.00,1969.00,0.00,98038.00,47.36,-122.03,1260.00,10370.00
5634500415.00,20140715T000000,431000.00,3.00,2.50,1710.00,12677.00,2.00,0.00,0.00,3.00,8.00,1710.00,0.00,1996.00,0.00,98028.00,47.75,-122.23,1610.00,12160.00
2113700780.00,20150113T000000,320000.00,3.00,1.00,1060.00,5000.00,1.00,0.00,0.00,3.00,7.00,1060.00,0.00,1958.00,0.00,98106.00,47.53,-122.35,1220.00,4600.00
1310970380.00,20140519T000000,296500.00,3.00,2.75,2170.00,7900.00,1.00,0.00,0.00,4.00,8.00,1380.00,790.00,1978.00,0.00,98032.00,47.36,-122.28,2170.00,7700.00
8562500380.00,20150309T000000,679000.00,4.00,2.50,3080.00,8451.00,1.00,0.00,0.00,3.00,7.00,1540.00,1540.00,1969.00,0.00,98052.00,47.67,-122.15,1550.00,8125.00
567000680.00,20140801T000000,359000.00,3.00,3.00,1320.00,1071.00,2.00,0.00,0.00,3.00,7.00,1080.00,240.00,2003.00,0.00,98144.00,47.59,-122.30,1780.00,7715.00
1623049174.00,20150402T000000,330000.00,4.00,3.00,1920.00,12040.00,1.00,0.00,0.00,3.00,7.00,1920.00,0.00,1962.00,0.00,98168.00,47.48,-122.30,1530.00,10230.00
9406590280.00,20140516T000000,350000.00,4.00,2.50,2440.00,4000.00,2.00,0.00,0.00,3.00,7.00,2440.00,0.00,2009.00,0.00,98038.00,47.38,-122.04,2410.00,4502.00
3275800050.00,20141022T000000,242000.00,3.00,1.50,1640.00,8922.00,1.00,0.00,0.00,4.00,7.00,1640.00,0.00,1963.00,0.00,98146.00,47.50,-122.34,1540.00,9040.00
326069027.00,20150326T000000,692500.00,3.00,2.50,2420.00,198198.00,2.00,0.00,0.00,3.00,9.00,2420.00,0.00,1997.00,0.00,98077.00,47.77,-122.02,2780.00,179467.00
825049073.00,20140630T000000,441000.00,2.00,1.50,1190.00,3400.00,1.00,0.00,0.00,3.00,7.00,990.00,200.00,1919.00,0.00,98115.00,47.67,-122.32,1410.00,3150.00
3275870080.00,20141212T000000,765000.00,4.00,2.50,2910.00,15016.00,2.00,0.00,0.00,3.00,10.00,2910.00,0.00,1990.00,0.00,98052.00,47.69,-122.10,2870.00,13992.00
6837700170.00,20140903T000000,375000.00,2.00,1.00,1010.00,4050.00,1.00,0.00,0.00,3.00,7.00,1010.00,0.00,1950.00,0.00,98116.00,47.58,-122.38,2310.00,5000.00
243000380.00,20150326T000000,365000.00,3.00,1.75,2080.00,7800.00,1.00,0.00,0.00,5.00,7.00,1220.00,860.00,1955.00,0.00,98166.00,47.45,-122.36,1770.00,7860.00
582000675.00,20140908T000000,580000.00,2.00,1.50,1990.00,6000.00,1.00,0.00,0.00,3.00,6.00,1430.00,560.00,1944.00,0.00,98199.00,47.65,-122.40,1350.00,6000.00
2655500235.00,20150410T000000,1605000.00,4.00,3.50,3920.00,19088.00,1.00,0.00,1.00,3.00,10.00,2240.00,1680.00,2005.00,0.00,98040.00,47.58,-122.21,3800.00,13749.00
4178300040.00,20150219T000000,841000.00,4.00,2.50,3080.00,13870.00,2.00,0.00,0.00,4.00,9.00,3080.00,0.00,1981.00,0.00,98007.00,47.62,-122.15,2920.00,12221.00
3526059115.00,20150421T000000,515000.00,5.00,3.00,2670.00,11761.00,1.00,0.00,0.00,3.00,7.00,1370.00,1300.00,1981.00,0.00,98052.00,47.69,-122.13,2580.00,10703.00
1722069052.00,20141024T000000,565000.00,5.00,2.50,4320.00,107157.00,1.00,0.00,0.00,4.00,8.00,2160.00,2160.00,1967.00,0.00,98038.00,47.40,-122.06,2480.00,107157.00
5101404698.00,20141215T000000,365000.00,2.00,1.50,1200.00,6380.00,1.00,0.00,0.00,3.00,7.00,1200.00,0.00,1929.00,0.00,98115.00,47.70,-122.32,1290.00,6598.00
13002495.00,20140707T000000,295000.00,3.00,1.50,1640.00,7222.00,2.00,0.00,0.00,4.00,7.00,1640.00,0.00,1908.00,0.00,98108.00,47.52,-122.33,1240.00,5100.00
2391600555.00,20140630T000000,406500.00,2.00,1.00,870.00,5750.00,1.00,0.00,0.00,4.00,7.00,870.00,0.00,1947.00,0.00,98116.00,47.56,-122.40,1100.00,5750.00
1133000144.00,20150212T000000,614905.00,3.00,2.50,2410.00,7225.00,2.00,0.00,0.00,3.00,8.00,2410.00,0.00,1991.00,0.00,98125.00,47.72,-122.31,1940.00,8347.00
2525049133.00,20150402T000000,1398000.00,5.00,2.25,2640.00,14959.00,1.00,0.00,0.00,4.00,7.00,1770.00,870.00,1929.00,0.00,98039.00,47.62,-122.23,3240.00,17904.00
345700180.00,20140716T000000,250000.00,2.00,1.00,990.00,10556.00,2.00,0.00,0.00,3.00,7.00,990.00,0.00,1981.00,0.00,98056.00,47.51,-122.19,1350.00,7295.00
7518504775.00,20141112T000000,549000.00,5.00,1.00,1500.00,3978.00,2.00,0.00,0.00,3.00,7.00,1500.00,0.00,1929.00,0.00,98117.00,47.68,-122.38,1350.00,4080.00
3056800230.00,20140820T000000,397000.00,4.00,2.50,1790.00,6590.00,2.00,0.00,0.00,3.00,7.00,1790.00,0.00,2005.00,0.00,98059.00,47.48,-122.13,1950.00,5180.00
6143600580.00,20140505T000000,184000.00,3.00,1.75,1490.00,10125.00,1.00,0.00,0.00,4.00,7.00,1490.00,0.00,1962.00,0.00,98001.00,47.31,-122.28,2488.00,4981.00
9471200265.00,20150505T000000,2500000.00,4.00,3.25,3960.00,16224.00,2.00,0.00,2.00,3.00,12.00,3100.00,860.00,1938.00,0.00,98105.00,47.67,-122.26,3960.00,15050.00
8024200855.00,20140728T000000,499100.00,3.00,1.50,1620.00,5108.00,1.00,0.00,0.00,3.00,7.00,1620.00,0.00,1954.00,0.00,98115.00,47.70,-122.32,1380.00,6130.00
3178100065.00,20140925T000000,676101.00,4.00,1.50,2270.00,6010.00,1.00,0.00,0.00,3.00,8.00,1290.00,980.00,1954.00,0.00,98115.00,47.67,-122.27,2120.00,5987.00
3432501295.00,20140623T000000,290000.00,3.00,1.00,1150.00,8145.00,1.00,0.00,0.00,4.00,6.00,990.00,160.00,1932.00,0.00,98155.00,47.75,-122.32,1200.00,8145.00
5467500040.00,20150304T000000,390000.00,4.00,1.75,2180.00,7560.00,1.00,0.00,0.00,4.00,7.00,1560.00,620.00,1962.00,0.00,98133.00,47.76,-122.34,1810.00,7352.00
2872100245.00,20140604T000000,465000.00,3.00,1.00,910.00,4500.00,1.00,0.00,0.00,3.00,7.00,910.00,0.00,1948.00,0.00,98117.00,47.68,-122.40,1370.00,5000.00
1154100515.00,20140926T000000,470000.00,3.00,2.75,2770.00,54707.00,1.50,0.00,0.00,3.00,8.00,2370.00,400.00,1938.00,0.00,98155.00,47.76,-122.29,1640.00,54707.00
3298300210.00,20150219T000000,435000.00,3.00,1.00,940.00,7590.00,1.00,0.00,0.00,4.00,6.00,940.00,0.00,1959.00,0.00,98008.00,47.62,-122.12,1250.00,7590.00
2473002700.00,20140627T000000,415000.00,3.00,1.75,2410.00,8944.00,1.00,0.00,0.00,4.00,8.00,1860.00,550.00,1967.00,0.00,98058.00,47.45,-122.14,2750.00,9600.00
7544800395.00,20150225T000000,450000.00,3.00,2.00,1010.00,2820.00,1.50,0.00,0.00,3.00,7.00,1010.00,0.00,1905.00,0.00,98122.00,47.61,-122.30,1330.00,3000.00
822039111.00,20150327T000000,645000.00,3.00,2.50,2120.00,196995.00,1.00,0.00,1.00,3.00,9.00,2120.00,0.00,1997.00,0.00,98070.00,47.41,-122.46,1304.00,92423.00
2223059052.00,20140529T000000,231000.00,4.00,2.00,1530.00,6375.00,2.00,0.00,0.00,3.00,7.00,1530.00,0.00,1942.00,1983.00,98058.00,47.47,-122.16,1500.00,8712.00
1320069223.00,20140624T000000,358000.00,3.00,1.50,1810.00,100188.00,1.00,0.00,0.00,5.00,7.00,1810.00,0.00,1969.00,0.00,98022.00,47.22,-122.00,1540.00,40415.00
2551500220.00,20140815T000000,330000.00,3.00,1.00,1040.00,11900.00,1.00,0.00,0.00,5.00,6.00,1040.00,0.00,1972.00,0.00,98070.00,47.43,-122.45,1250.00,9600.00
1049000740.00,20141120T000000,229950.00,2.00,1.50,1160.00,1848.00,2.00,0.00,0.00,3.00,7.00,1160.00,0.00,1972.00,0.00,98034.00,47.74,-122.18,1160.00,1566.00
9324800180.00,20141016T000000,403250.00,2.00,1.50,1430.00,8137.00,1.00,0.00,0.00,3.00,7.00,1130.00,300.00,1934.00,0.00,98125.00,47.73,-122.29,1430.00,8137.00
7853220690.00,20140912T000000,470000.00,3.00,2.50,2280.00,6134.00,2.00,0.00,0.00,3.00,8.00,2280.00,0.00,2004.00,0.00,98065.00,47.53,-121.85,2640.00,6167.00
1545803980.00,20150425T000000,239000.00,3.00,1.00,1200.00,7810.00,1.00,0.00,0.00,4.00,7.00,1200.00,0.00,1967.00,0.00,98038.00,47.36,-122.05,1590.00,7800.00
2484700015.00,20150327T000000,579000.00,4.00,1.50,2480.00,6000.00,1.00,0.00,0.00,3.00,8.00,1520.00,960.00,1955.00,0.00,98136.00,47.52,-122.39,1810.00,6000.00
993000873.00,20150318T000000,380500.00,3.00,2.00,1270.00,1348.00,3.00,0.00,0.00,3.00,8.00,1270.00,0.00,2003.00,0.00,98103.00,47.69,-122.34,1180.00,1360.00
9520900210.00,20141231T000000,614285.00,5.00,2.75,2730.00,6401.00,2.00,0.00,0.00,3.00,8.00,2730.00,0.00,2015.00,0.00,98072.00,47.77,-122.16,2520.00,6126.00
3629960590.00,20150407T000000,376000.00,2.00,2.00,1340.00,1635.00,2.00,0.00,0.00,3.00,8.00,1340.00,0.00,2003.00,0.00,98029.00,47.55,-122.01,1410.00,1375.00
9558200210.00,20150217T000000,290000.00,3.00,1.00,1240.00,9300.00,1.00,0.00,0.00,3.00,7.00,1240.00,0.00,1954.00,0.00,98148.00,47.44,-122.33,1250.00,9300.00
3876000910.00,20150129T000000,487000.00,4.00,2.25,2400.00,7000.00,1.00,0.00,0.00,4.00,8.00,1800.00,600.00,1965.00,0.00,98034.00,47.72,-122.18,2210.00,7210.00
7228501745.00,20150219T000000,935000.00,4.00,2.00,1220.00,7489.00,2.00,0.00,0.00,3.00,7.00,1220.00,0.00,1903.00,0.00,98122.00,47.61,-122.31,1220.00,3750.00
8856004328.00,20150327T000000,255000.00,4.00,2.50,2163.00,5882.00,2.00,0.00,0.00,3.00,7.00,2163.00,0.00,2006.00,0.00,98001.00,47.27,-122.25,1760.00,9600.00
253600150.00,20140826T000000,380000.00,2.00,2.50,1860.00,3504.00,2.00,0.00,0.00,3.00,7.00,1860.00,0.00,2000.00,0.00,98028.00,47.78,-122.24,1860.00,4246.00
5101400934.00,20150424T000000,450000.00,2.00,1.00,810.00,4368.00,1.00,0.00,0.00,3.00,6.00,810.00,0.00,1958.00,0.00,98115.00,47.69,-122.31,1890.00,5253.00
9202650100.00,20141010T000000,622000.00,3.00,2.50,1950.00,7481.00,2.00,0.00,0.00,3.00,8.00,1950.00,0.00,1987.00,0.00,98027.00,47.56,-122.09,1980.00,8479.00
2310030490.00,20150323T000000,292500.00,3.00,2.25,1390.00,6004.00,2.00,0.00,0.00,3.00,8.00,1390.00,0.00,1993.00,0.00,98038.00,47.35,-122.05,1630.00,6397.00
1860600535.00,20141220T000000,1320000.00,4.00,3.00,2120.00,3600.00,2.00,0.00,3.00,4.00,8.00,1830.00,290.00,1908.00,1996.00,98119.00,47.63,-122.37,2120.00,3600.00
1250201130.00,20150206T000000,410000.00,4.00,2.00,1510.00,3240.00,1.00,0.00,0.00,5.00,7.00,870.00,640.00,1901.00,0.00,98144.00,47.60,-122.30,1420.00,5160.00
3298700820.00,20141024T000000,160000.00,3.00,1.75,1010.00,5355.00,1.00,0.00,0.00,3.00,6.00,1010.00,0.00,1950.00,0.00,98106.00,47.52,-122.35,750.00,4515.00
1339300025.00,20140602T000000,809000.00,4.00,1.50,1840.00,4337.00,2.00,0.00,0.00,4.00,8.00,1840.00,0.00,1917.00,0.00,98112.00,47.63,-122.31,2250.00,4337.00
4006000571.00,20150312T000000,183750.00,5.00,2.75,1650.00,5453.00,1.00,0.00,0.00,3.00,7.00,1650.00,0.00,1970.00,0.00,98118.00,47.53,-122.29,1670.00,5885.00
9310300300.00,20141013T000000,411000.00,5.00,1.75,2860.00,12293.00,1.00,0.00,0.00,4.00,8.00,1430.00,1430.00,1947.00,0.00,98133.00,47.74,-122.35,1920.00,18110.00
5332200515.00,20150209T000000,1050000.00,3.00,1.75,2650.00,5512.00,2.00,0.00,0.00,3.00,9.00,2250.00,400.00,1984.00,0.00,98112.00,47.63,-122.30,1440.00,5100.00
809001565.00,20140822T000000,625000.00,2.00,1.00,1100.00,4160.00,1.00,0.00,0.00,3.00,7.00,1100.00,0.00,1919.00,0.00,98109.00,47.64,-122.35,1900.00,4000.00
9406520580.00,20140819T000000,305000.00,3.00,2.25,1646.00,9519.00,2.00,0.00,0.00,3.00,7.00,1646.00,0.00,1994.00,0.00,98038.00,47.36,-122.04,1975.00,8889.00
1323059143.00,20150423T000000,915000.00,4.00,4.50,5250.00,48352.00,2.00,0.00,0.00,3.00,10.00,5250.00,0.00,1998.00,0.00,98059.00,47.49,-122.11,2500.00,48352.00
2131701020.00,20150311T000000,317000.00,3.00,1.50,1390.00,8300.00,1.00,0.00,0.00,4.00,7.00,1390.00,0.00,1974.00,0.00,98019.00,47.74,-121.98,1470.00,7500.00
3438503045.00,20150120T000000,165000.00,2.00,1.00,780.00,6380.00,1.00,0.00,0.00,3.00,6.00,780.00,0.00,1947.00,0.00,98106.00,47.54,-122.35,1270.00,6960.00
3204300705.00,20140515T000000,575000.00,2.00,1.00,1490.00,6000.00,1.00,0.00,0.00,3.00,7.00,1090.00,400.00,1946.00,0.00,98112.00,47.63,-122.30,1590.00,6000.00
7941600220.00,20140610T000000,219900.00,3.00,1.00,970.00,7742.00,1.00,0.00,0.00,4.00,6.00,970.00,0.00,1967.00,0.00,98003.00,47.32,-122.33,970.00,7650.00
3885805175.00,20141001T000000,1485000.00,4.00,3.25,3730.00,7200.00,2.00,0.00,0.00,3.00,10.00,2810.00,920.00,2006.00,0.00,98033.00,47.68,-122.20,2490.00,7200.00
1237500120.00,20140520T000000,300000.00,3.00,1.00,1090.00,9900.00,1.00,0.00,0.00,4.00,7.00,1090.00,0.00,1955.00,0.00,98052.00,47.68,-122.16,1720.00,10419.00
322069020.00,20140619T000000,520000.00,3.00,1.75,1940.00,219527.00,1.00,0.00,0.00,3.00,7.00,1940.00,0.00,1991.00,0.00,98038.00,47.42,-122.02,2060.00,108900.00
1310700330.00,20150507T000000,310000.00,4.00,2.25,1780.00,8820.00,1.00,0.00,0.00,4.00,8.00,1480.00,300.00,1966.00,0.00,98032.00,47.36,-122.29,1780.00,8625.00
423059207.00,20150223T000000,322500.00,3.00,2.00,1190.00,6445.00,1.00,0.00,0.00,3.00,7.00,1190.00,0.00,1996.00,0.00,98056.00,47.51,-122.17,1920.00,8195.00
7205000180.00,20150417T000000,320000.00,4.00,2.25,2000.00,10374.00,2.00,0.00,1.00,4.00,7.00,2000.00,0.00,1967.00,0.00,98023.00,47.33,-122.34,2170.00,10374.00
7852180530.00,20150403T000000,440000.00,3.00,2.50,1390.00,4997.00,2.00,0.00,0.00,3.00,7.00,1390.00,0.00,2004.00,0.00,98065.00,47.53,-121.86,2340.00,4125.00
6021501780.00,20140818T000000,578000.00,3.00,1.00,1500.00,4500.00,1.00,0.00,0.00,3.00,7.00,1120.00,380.00,1938.00,0.00,98117.00,47.69,-122.39,1440.00,4500.00
8673400061.00,20141119T000000,382000.00,2.00,1.50,1070.00,877.00,3.00,0.00,0.00,3.00,8.00,1070.00,0.00,2005.00,0.00,98107.00,47.67,-122.39,1320.00,1193.00
3905100220.00,20140528T000000,535000.00,3.00,2.50,1720.00,4006.00,2.00,0.00,0.00,3.00,8.00,1720.00,0.00,1994.00,0.00,98029.00,47.57,-122.01,1780.00,3974.00
5104540330.00,20150508T000000,679000.00,4.00,2.50,3680.00,7236.00,2.00,0.00,0.00,3.00,10.00,3680.00,0.00,2006.00,0.00,98038.00,47.35,-122.01,3310.00,7180.00
6752300120.00,20141201T000000,258900.00,3.00,2.25,1400.00,10436.00,1.00,0.00,0.00,4.00,7.00,1040.00,360.00,1985.00,0.00,98058.00,47.43,-122.14,1860.00,9318.00
4077800412.00,20150316T000000,563000.00,3.00,1.50,1730.00,9509.00,2.00,0.00,0.00,3.00,8.00,1270.00,460.00,1955.00,0.00,98125.00,47.71,-122.28,1810.00,8795.00
2787250090.00,20140618T000000,562000.00,5.00,3.00,2795.00,15101.00,2.00,0.00,0.00,3.00,8.00,2795.00,0.00,1996.00,0.00,98019.00,47.73,-121.97,2750.00,14567.00
461002150.00,20150105T000000,725000.00,4.00,1.75,2000.00,3750.00,1.00,0.00,0.00,5.00,8.00,1120.00,880.00,1950.00,0.00,98117.00,47.68,-122.37,1370.00,5000.00
1898310100.00,20150220T000000,236775.00,3.00,2.50,1830.00,8372.00,2.00,0.00,0.00,3.00,8.00,1830.00,0.00,1987.00,0.00,98023.00,47.31,-122.40,1770.00,8372.00
3886902950.00,20140911T000000,860000.00,4.00,3.50,3380.00,8098.00,1.00,0.00,1.00,5.00,9.00,1690.00,1690.00,1952.00,0.00,98033.00,47.68,-122.19,1890.00,8400.00
4427100025.00,20140509T000000,270000.00,3.00,1.50,1500.00,6337.00,1.00,0.00,0.00,5.00,7.00,1500.00,0.00,1953.00,0.00,98125.00,47.73,-122.31,1420.00,6337.00
4038700730.00,20141230T000000,621000.00,4.00,2.75,1950.00,6930.00,1.00,0.00,2.00,4.00,7.00,1250.00,700.00,1960.00,0.00,98008.00,47.62,-122.11,1950.00,8560.00
7852011020.00,20150327T000000,527900.00,3.00,2.50,2490.00,5928.00,2.00,0.00,2.00,3.00,8.00,2490.00,0.00,1998.00,0.00,98065.00,47.54,-121.87,2420.00,6381.00
126059018.00,20150108T000000,395000.00,4.00,2.25,1780.00,10748.00,2.00,0.00,0.00,4.00,8.00,1780.00,0.00,1964.00,0.00,98072.00,47.76,-122.11,2070.00,37680.00
9407001340.00,20140522T000000,320000.00,3.00,2.00,1110.00,10500.00,1.00,0.00,0.00,5.00,7.00,1110.00,0.00,1978.00,0.00,98045.00,47.45,-121.77,1230.00,10395.00
2799800750.00,20150416T000000,300000.00,4.00,2.50,2500.00,4750.00,2.00,0.00,0.00,3.00,8.00,2500.00,0.00,2003.00,0.00,98042.00,47.37,-122.12,2690.00,4750.00
192000120.00,20140520T000000,320000.00,3.00,1.75,1480.00,7225.00,1.00,0.00,0.00,4.00,7.00,1480.00,0.00,1965.00,0.00,98056.00,47.51,-122.19,1430.00,7201.00
625069064.00,20150507T000000,625000.00,3.00,2.25,2570.00,47480.00,1.00,0.00,0.00,3.00,9.00,2570.00,0.00,1979.00,0.00,98053.00,47.69,-122.08,2570.00,106722.00
2391600330.00,20150410T000000,505000.00,2.00,1.00,810.00,5060.00,1.00,0.00,0.00,3.00,6.00,810.00,0.00,1941.00,0.00,98116.00,47.56,-122.39,900.00,5060.00
4180400090.00,20140613T000000,300000.00,4.00,2.50,2700.00,10814.00,1.00,0.00,0.00,4.00,8.00,1560.00,1140.00,1966.00,0.00,98030.00,47.37,-122.18,2460.00,6310.00
50300220.00,20150212T000000,363000.00,4.00,2.50,2180.00,9281.00,2.00,0.00,0.00,3.00,8.00,2180.00,0.00,2004.00,0.00,98042.00,47.37,-122.07,2520.00,9520.00
4141010110.00,20140808T000000,1700000.00,4.00,3.50,4330.00,15335.00,2.00,0.00,0.00,4.00,11.00,3230.00,1100.00,1988.00,0.00,98040.00,47.53,-122.23,3840.00,14311.00
6641040100.00,20140515T000000,1146800.00,4.00,3.50,4210.00,10308.00,2.00,0.00,0.00,3.00,10.00,4210.00,0.00,2006.00,0.00,98008.00,47.59,-122.12,3860.00,10200.00
7922720040.00,20150317T000000,680000.00,4.00,2.50,2880.00,9202.00,1.00,0.00,0.00,3.00,8.00,1780.00,1100.00,1977.00,0.00,98052.00,47.67,-122.14,2500.00,10265.00
8825900245.00,20141209T000000,678940.00,5.00,2.25,2610.00,4080.00,2.00,0.00,0.00,5.00,7.00,1750.00,860.00,1909.00,0.00,98115.00,47.68,-122.31,2160.00,4080.00
3883100220.00,20150120T000000,299000.00,3.00,1.75,2010.00,8065.00,1.00,0.00,0.00,4.00,7.00,1090.00,920.00,1984.00,0.00,98031.00,47.42,-122.20,1560.00,8065.00
3649100306.00,20140506T000000,379900.00,4.00,1.75,1500.00,11600.00,1.00,0.00,0.00,4.00,7.00,1000.00,500.00,1955.00,0.00,98028.00,47.74,-122.24,1740.00,11600.00
1099600090.00,20140613T000000,205000.00,3.00,1.00,1290.00,6566.00,1.00,0.00,0.00,5.00,7.00,1290.00,0.00,1976.00,0.00,98023.00,47.30,-122.38,1690.00,6860.00
9828201725.00,20140520T000000,387500.00,4.00,1.00,1320.00,4440.00,1.50,0.00,0.00,3.00,7.00,1320.00,0.00,1929.00,0.00,98122.00,47.61,-122.30,1260.00,4440.00
9352901085.00,20150204T000000,256000.00,3.00,1.00,1290.00,4720.00,1.00,0.00,0.00,3.00,6.00,790.00,500.00,1948.00,0.00,98106.00,47.52,-122.36,1110.00,4720.00
4104910040.00,20140701T000000,548000.00,4.00,2.50,2440.00,11005.00,2.00,0.00,0.00,3.00,9.00,2440.00,0.00,1994.00,0.00,98056.00,47.53,-122.18,2590.00,14754.00
6147600040.00,20150224T000000,163000.00,3.00,1.75,1290.00,4811.00,1.00,0.00,0.00,3.00,7.00,1290.00,0.00,1996.00,0.00,98032.00,47.39,-122.23,1310.00,4811.00
6371000026.00,20150122T000000,367500.00,2.00,2.00,1030.00,600.00,2.00,0.00,0.00,3.00,8.00,680.00,350.00,2004.00,0.00,98116.00,47.58,-122.41,1120.00,1267.00
8121100147.00,20140714T000000,390000.00,3.00,2.25,1640.00,2875.00,2.00,0.00,0.00,3.00,6.00,1240.00,400.00,1983.00,0.00,98118.00,47.57,-122.29,1500.00,3960.00
6152900332.00,20140801T000000,415000.00,4.00,2.50,1160.00,16008.00,1.00,0.00,0.00,4.00,7.00,1160.00,0.00,1989.00,0.00,98155.00,47.76,-122.30,1570.00,12645.00
9522600120.00,20141022T000000,449000.00,4.00,2.25,2230.00,8440.00,2.00,0.00,0.00,4.00,8.00,2230.00,0.00,1968.00,0.00,98011.00,47.76,-122.22,2160.00,9412.00
2207200405.00,20140716T000000,460000.00,5.00,2.00,1910.00,12264.00,1.00,0.00,0.00,4.00,7.00,1010.00,900.00,1963.00,0.00,98007.00,47.60,-122.13,1700.00,9179.00
203900690.00,20141223T000000,395000.00,4.00,2.00,1980.00,15354.00,1.00,0.00,0.00,3.00,7.00,1980.00,0.00,1977.00,0.00,98053.00,47.64,-121.97,1420.00,12300.00
252000300.00,20150120T000000,300000.00,3.00,2.00,1470.00,16500.00,1.00,0.00,0.00,3.00,7.00,1470.00,0.00,1961.00,0.00,98042.00,47.36,-122.06,1720.00,14406.00
8899100230.00,20150311T000000,345000.00,3.00,1.75,1520.00,7439.00,1.00,0.00,0.00,4.00,7.00,1520.00,0.00,1969.00,0.00,98055.00,47.46,-122.21,1650.00,7500.00
685000265.00,20150102T000000,825000.00,3.00,1.75,1930.00,8442.00,1.00,0.00,0.00,4.00,7.00,1930.00,0.00,1953.00,0.00,98004.00,47.63,-122.20,1790.00,8442.00
2705600068.00,20150327T000000,539950.00,3.00,2.50,1330.00,2180.00,3.00,0.00,0.00,3.00,8.00,1330.00,0.00,2014.00,0.00,98117.00,47.70,-122.37,1330.00,5000.00
3326059191.00,20140616T000000,410000.00,4.00,2.00,1580.00,9581.00,1.00,0.00,0.00,3.00,7.00,1580.00,0.00,1953.00,0.00,98033.00,47.69,-122.17,1580.00,10552.00
1207000025.00,20140801T000000,245000.00,3.00,1.00,1370.00,6000.00,1.00,0.00,0.00,3.00,7.00,1370.00,0.00,1955.00,0.00,98146.00,47.49,-122.34,1370.00,9520.00
3288301050.00,20140819T000000,482000.00,4.00,2.75,3010.00,15750.00,1.00,0.00,0.00,4.00,8.00,1560.00,1450.00,1973.00,0.00,98034.00,47.73,-122.18,2110.00,9450.00
9407001500.00,20140811T000000,270000.00,3.00,1.75,1390.00,9000.00,1.00,0.00,0.00,4.00,7.00,1390.00,0.00,1978.00,0.00,98045.00,47.45,-121.77,1400.00,9697.00
3882300090.00,20141226T000000,475000.00,3.00,1.75,1330.00,14560.00,1.00,0.00,0.00,3.00,7.00,1330.00,0.00,1983.00,0.00,98052.00,47.66,-122.14,1510.00,9890.00
2926049221.00,20141014T000000,445800.00,3.00,2.00,1320.00,6500.00,1.00,0.00,0.00,3.00,7.00,1320.00,0.00,1947.00,0.00,98125.00,47.71,-122.32,1110.00,6592.00
2121000300.00,20150219T000000,518000.00,4.00,3.00,2430.00,11670.00,1.00,0.00,0.00,4.00,7.00,1330.00,1100.00,1978.00,0.00,98034.00,47.73,-122.23,1580.00,10464.00
3885801970.00,20140812T000000,785000.00,2.00,0.75,1260.00,4800.00,1.50,0.00,2.00,4.00,6.00,1080.00,180.00,1942.00,0.00,98033.00,47.68,-122.21,2660.00,7200.00
3869900120.00,20150226T000000,430000.00,3.00,2.50,1690.00,1310.00,2.00,0.00,0.00,3.00,8.00,1140.00,550.00,2004.00,0.00,98136.00,47.54,-122.39,1640.00,1321.00
4077800026.00,20140530T000000,715000.00,4.00,1.75,3420.00,7200.00,1.00,0.00,3.00,5.00,8.00,1770.00,1650.00,1947.00,0.00,98125.00,47.71,-122.28,2450.00,6200.00
9324800450.00,20141009T000000,560000.00,3.00,1.50,2790.00,6900.00,1.00,0.00,2.00,3.00,8.00,1700.00,1090.00,1955.00,0.00,98125.00,47.73,-122.29,2410.00,8100.00
1250201194.00,20141107T000000,449000.00,3.00,1.75,1270.00,6600.00,1.50,0.00,0.00,5.00,7.00,1270.00,0.00,1903.00,0.00,98144.00,47.60,-122.30,1490.00,3600.00
2597520580.00,20141008T000000,805000.00,4.00,2.50,2910.00,9000.00,2.00,0.00,0.00,3.00,9.00,2910.00,0.00,1989.00,0.00,98006.00,47.55,-122.14,2530.00,9000.00
6679000720.00,20140924T000000,296000.00,3.00,2.50,1560.00,5845.00,2.00,0.00,0.00,3.00,7.00,1560.00,0.00,2003.00,0.00,98038.00,47.39,-122.03,1860.00,5752.00
7312400325.00,20140625T000000,275000.00,2.00,1.00,770.00,4840.00,1.00,0.00,0.00,4.00,7.00,770.00,0.00,1927.00,0.00,98126.00,47.55,-122.38,930.00,4840.00
2473500110.00,20150112T000000,419950.00,3.00,1.75,1770.00,16909.00,1.00,0.00,0.00,5.00,8.00,1770.00,0.00,1977.00,0.00,98058.00,47.45,-122.13,1960.00,9100.00
1773100123.00,20141002T000000,285000.00,3.00,1.75,1100.00,1307.00,2.00,0.00,0.00,3.00,7.00,780.00,320.00,2008.00,0.00,98106.00,47.56,-122.36,1170.00,4800.00
6791050100.00,20140721T000000,775000.00,3.00,2.50,2890.00,8470.00,2.00,0.00,0.00,3.00,10.00,2890.00,0.00,1996.00,0.00,98075.00,47.58,-122.05,3000.00,8879.00
1823059106.00,20150428T000000,288250.00,3.00,1.75,2110.00,15400.00,1.00,0.00,0.00,3.00,7.00,1380.00,730.00,1963.00,0.00,98178.00,47.49,-122.23,2110.00,9800.00
3644100065.00,20150427T000000,257000.00,2.00,1.75,1220.00,2268.00,1.00,0.00,0.00,4.00,6.00,610.00,610.00,1909.00,0.00,98144.00,47.59,-122.30,1240.00,1675.00
5652601075.00,20140825T000000,377000.00,1.00,1.00,950.00,10585.00,1.50,0.00,0.00,3.00,6.00,950.00,0.00,1929.00,0.00,98115.00,47.70,-122.30,1400.00,7056.00
2769601250.00,20150512T000000,550000.00,2.00,1.00,1420.00,3100.00,1.00,0.00,0.00,3.00,7.00,820.00,600.00,1924.00,0.00,98107.00,47.67,-122.37,1420.00,3915.00
9842300540.00,20140624T000000,339000.00,3.00,1.00,1100.00,4128.00,1.00,0.00,0.00,4.00,7.00,720.00,380.00,1942.00,0.00,98126.00,47.53,-122.38,1510.00,4538.00
7818700410.00,20141106T000000,481500.00,3.00,1.75,2140.00,6000.00,1.00,0.00,0.00,3.00,7.00,1070.00,1070.00,1948.00,0.00,98117.00,47.69,-122.37,1240.00,4650.00
5437810360.00,20141107T000000,224500.00,3.00,1.75,1300.00,7735.00,1.00,0.00,0.00,4.00,7.00,1300.00,0.00,1980.00,0.00,98022.00,47.20,-122.00,1300.00,8941.00
5163700085.00,20140826T000000,260000.00,3.00,1.00,1790.00,11884.00,1.00,0.00,0.00,3.00,7.00,1790.00,0.00,1951.00,0.00,98031.00,47.39,-122.22,1660.00,11513.00
1794500360.00,20150423T000000,865000.00,2.00,1.00,1470.00,5400.00,1.50,0.00,0.00,3.00,8.00,1470.00,0.00,1912.00,0.00,98119.00,47.64,-122.36,1760.00,3573.00
1777600450.00,20150505T000000,730000.00,5.00,3.00,2500.00,11779.00,1.00,0.00,0.00,4.00,8.00,1550.00,950.00,1971.00,0.00,98006.00,47.57,-122.13,2580.00,12055.00
4083800555.00,20150326T000000,550000.00,2.00,1.00,980.00,3080.00,1.50,0.00,0.00,3.00,7.00,980.00,0.00,1910.00,1946.00,98103.00,47.66,-122.34,1450.00,3333.00
3359500096.00,20140820T000000,645000.00,3.00,2.00,2130.00,4000.00,2.00,0.00,0.00,3.00,7.00,2130.00,0.00,1908.00,0.00,98115.00,47.67,-122.32,2010.00,4000.00
4024100090.00,20141008T000000,250000.00,3.00,1.75,1360.00,16000.00,1.00,0.00,0.00,3.00,7.00,1360.00,0.00,1978.00,0.00,98155.00,47.76,-122.31,1360.00,12939.00
7228501910.00,20150122T000000,507200.00,3.00,3.50,1630.00,1329.00,2.00,0.00,0.00,3.00,9.00,1360.00,270.00,2000.00,0.00,98122.00,47.62,-122.31,1580.00,1319.00
7183000120.00,20140812T000000,380000.00,4.00,2.50,2500.00,11070.00,1.00,0.00,2.00,4.00,8.00,1300.00,1200.00,1964.00,0.00,98003.00,47.34,-122.33,2500.00,11070.00
7527000090.00,20140814T000000,540000.00,4.00,1.75,2260.00,19500.00,1.00,0.00,2.00,3.00,8.00,1450.00,810.00,1971.00,0.00,98074.00,47.66,-122.09,2980.00,19500.00
8682281080.00,20140617T000000,738500.00,3.00,2.50,2300.00,6009.00,1.00,0.00,0.00,3.00,8.00,2300.00,0.00,2005.00,0.00,98053.00,47.71,-122.01,1640.00,5931.00
2525310040.00,20150129T000000,206000.00,3.00,1.00,1060.00,10350.00,1.00,0.00,0.00,4.00,7.00,1060.00,0.00,1980.00,0.00,98038.00,47.37,-122.03,1500.00,9660.00
5589300210.00,20150317T000000,265000.00,2.00,1.00,940.00,9458.00,1.00,0.00,0.00,3.00,6.00,940.00,0.00,1948.00,0.00,98155.00,47.75,-122.31,1450.00,9458.00
4008400515.00,20150120T000000,190000.00,1.00,0.75,780.00,77603.00,1.00,0.00,0.00,1.00,5.00,780.00,0.00,1945.00,0.00,98058.00,47.44,-122.10,1750.00,30847.00
3268000040.00,20140628T000000,339900.00,3.00,1.00,1200.00,9087.00,1.00,0.00,0.00,5.00,7.00,1200.00,0.00,1969.00,0.00,98056.00,47.52,-122.18,1250.00,11826.00
1022059123.00,20141226T000000,250000.00,6.00,2.50,2590.00,10890.00,1.00,0.00,0.00,4.00,7.00,1340.00,1250.00,1970.00,0.00,98042.00,47.41,-122.17,2474.00,10454.00
3013300968.00,20140801T000000,416500.00,3.00,1.00,1100.00,4184.00,1.00,0.00,0.00,4.00,7.00,1100.00,0.00,1965.00,0.00,98136.00,47.53,-122.38,1630.00,4366.00
7853220740.00,20150407T000000,575000.00,4.00,2.50,2890.00,9775.00,2.00,0.00,2.00,3.00,8.00,2890.00,0.00,2004.00,0.00,98065.00,47.53,-121.85,2640.00,7184.00
3574801490.00,20140609T000000,385000.00,3.00,1.75,1230.00,7500.00,1.00,0.00,0.00,3.00,7.00,1230.00,0.00,1987.00,0.00,98034.00,47.73,-122.22,1930.00,8747.00
2987400025.00,20141009T000000,253000.00,3.00,1.00,1030.00,6250.00,1.00,0.00,0.00,3.00,7.00,1030.00,0.00,1960.00,1997.00,98056.00,47.50,-122.17,1160.00,7250.00
625049313.00,20140902T000000,460000.00,3.00,1.00,1140.00,4600.00,1.00,0.00,0.00,3.00,7.00,1140.00,0.00,1942.00,0.00,98103.00,47.69,-122.34,1370.00,5000.00
6169901085.00,20140807T000000,1445000.00,4.00,2.50,3200.00,3600.00,3.00,0.00,3.00,4.00,9.00,2600.00,600.00,1997.00,0.00,98119.00,47.63,-122.37,2490.00,4080.00
9212900300.00,20150304T000000,492000.00,2.00,1.00,950.00,6000.00,1.00,0.00,0.00,3.00,7.00,950.00,0.00,1942.00,0.00,98115.00,47.69,-122.29,1440.00,6000.00
2520069100.00,20141016T000000,275000.00,4.00,2.00,1960.00,30480.00,1.00,0.00,2.00,4.00,7.00,1060.00,900.00,1972.00,0.00,98022.00,47.19,-121.99,1460.00,8914.00
2623069031.00,20140521T000000,542500.00,5.00,3.25,3010.00,1074218.00,1.50,0.00,0.00,5.00,8.00,2010.00,1000.00,1931.00,0.00,98027.00,47.46,-122.00,2450.00,68825.00
7625703945.00,20140701T000000,345000.00,2.00,1.00,1080.00,7775.00,1.00,0.00,0.00,3.00,6.00,1080.00,0.00,1955.00,0.00,98136.00,47.54,-122.39,1730.00,7350.00
9238480120.00,20150421T000000,575000.00,4.00,2.75,2730.00,35075.00,1.00,0.00,0.00,3.00,8.00,1530.00,1200.00,1979.00,0.00,98072.00,47.77,-122.14,2310.00,35000.00
626049058.00,20150504T000000,275000.00,5.00,2.50,2570.00,17234.00,1.00,0.00,0.00,3.00,7.00,1300.00,1270.00,1959.00,0.00,98133.00,47.78,-122.36,1760.00,7969.00
125059138.00,20140722T000000,510000.00,6.00,4.50,3300.00,7561.00,2.00,0.00,0.00,3.00,8.00,3300.00,0.00,1980.00,0.00,98052.00,47.68,-122.10,2470.00,7561.00
9185700485.00,20150401T000000,2538000.00,4.00,3.50,4350.00,6000.00,2.00,0.00,0.00,5.00,10.00,2970.00,1380.00,1908.00,0.00,98112.00,47.63,-122.29,4190.00,7200.00
2523089110.00,20140909T000000,830000.00,3.00,3.50,3820.00,145054.00,2.00,0.00,3.00,3.00,9.00,2870.00,950.00,1999.00,0.00,98045.00,47.44,-121.74,2500.00,95950.00
3825310540.00,20141121T000000,640000.00,4.00,2.50,2260.00,5172.00,2.00,0.00,0.00,3.00,9.00,2260.00,0.00,2004.00,0.00,98052.00,47.70,-122.13,2680.00,5172.00
7202340590.00,20141014T000000,702000.00,4.00,2.75,3880.00,15025.00,2.00,0.00,0.00,3.00,7.00,3880.00,0.00,2004.00,0.00,98053.00,47.68,-122.04,2620.00,5300.00
1952200410.00,20141119T000000,960000.00,3.00,2.50,2010.00,6857.00,1.00,0.00,0.00,4.00,9.00,1450.00,560.00,1955.00,0.00,98102.00,47.64,-122.31,2380.00,6370.00
7137900410.00,20150429T000000,190000.00,3.00,1.00,950.00,7610.00,1.00,0.00,0.00,3.00,7.00,950.00,0.00,1983.00,0.00,98092.00,47.32,-122.17,1360.00,7938.00
7105600085.00,20141009T000000,500000.00,3.00,2.25,1730.00,13040.00,1.00,0.00,0.00,4.00,8.00,1290.00,440.00,1988.00,0.00,98052.00,47.68,-122.12,1730.00,11016.00
1461200040.00,20140714T000000,529000.00,3.00,2.50,3070.00,22098.00,2.00,0.00,0.00,3.00,9.00,3070.00,0.00,1995.00,0.00,98059.00,47.47,-122.15,3070.00,21803.00
6675500035.00,20140613T000000,435000.00,3.00,1.75,1500.00,8173.00,1.00,0.00,0.00,3.00,7.00,1500.00,0.00,1997.00,0.00,98034.00,47.73,-122.23,1970.00,8173.00
4322500110.00,20150303T000000,670000.00,3.00,1.75,2160.00,5760.00,1.00,0.00,0.00,4.00,8.00,1260.00,900.00,1954.00,0.00,98136.00,47.53,-122.39,2090.00,5760.00
6064800090.00,20150507T000000,365000.00,3.00,2.25,1960.00,1985.00,2.00,0.00,0.00,3.00,7.00,1750.00,210.00,2003.00,0.00,98118.00,47.54,-122.29,1760.00,1985.00
8085400355.00,20141204T000000,1270000.00,5.00,3.00,3950.00,9520.00,1.00,0.00,0.00,3.00,9.00,2250.00,1700.00,1953.00,2002.00,98004.00,47.64,-122.21,1890.00,9520.00
943100220.00,20140925T000000,465000.00,3.00,1.00,1100.00,145490.00,1.50,0.00,0.00,4.00,6.00,1100.00,0.00,1915.00,0.00,98024.00,47.57,-121.90,1100.00,11610.00
854000165.00,20150107T000000,285000.00,3.00,1.50,1400.00,7582.00,1.00,0.00,0.00,3.00,7.00,1400.00,0.00,1956.00,0.00,98148.00,47.45,-122.33,1280.00,7872.00
1443500905.00,20150205T000000,219950.00,3.00,1.00,1020.00,4960.00,1.50,0.00,0.00,3.00,6.00,920.00,100.00,1926.00,0.00,98118.00,47.53,-122.28,1230.00,7335.00
4031700210.00,20141117T000000,220000.00,3.00,1.50,1600.00,10548.00,1.00,0.00,0.00,4.00,7.00,1600.00,0.00,1962.00,0.00,98001.00,47.29,-122.28,2880.00,13609.00
6169900580.00,20140709T000000,1465000.00,6.00,4.50,4230.00,6420.00,2.00,0.00,3.00,4.00,8.00,2360.00,1870.00,1916.00,0.00,98119.00,47.63,-122.37,3450.00,4085.00
4232401265.00,20141020T000000,1112750.00,5.00,3.50,3090.00,3600.00,2.00,0.00,0.00,3.00,9.00,2060.00,1030.00,2000.00,0.00,98112.00,47.62,-122.31,2240.00,3904.00
8682290410.00,20150417T000000,694000.00,2.00,2.50,2320.00,9311.00,1.00,0.00,0.00,3.00,8.00,2320.00,0.00,2007.00,0.00,98053.00,47.72,-122.03,1680.00,4765.00
3904902430.00,20150403T000000,620000.00,3.00,2.50,2440.00,10363.00,2.00,0.00,0.00,3.00,9.00,2440.00,0.00,1988.00,0.00,98029.00,47.56,-122.02,2500.00,10728.00
114101540.00,20140821T000000,415000.00,3.00,1.00,2020.00,19210.00,1.00,0.00,0.00,3.00,6.00,1760.00,260.00,1949.00,0.00,98028.00,47.76,-122.23,1780.00,14469.00
1025069106.00,20150223T000000,765000.00,3.00,3.00,3270.00,38088.00,2.00,0.00,0.00,3.00,10.00,3270.00,0.00,1992.00,0.00,98053.00,47.67,-122.03,1870.00,37457.00
3179101945.00,20140715T000000,864000.00,4.00,1.75,2260.00,6600.00,1.00,0.00,0.00,5.00,8.00,1220.00,1040.00,1948.00,0.00,98115.00,47.68,-122.28,2240.00,6600.00
3083000355.00,20141204T000000,385000.00,5.00,2.00,2020.00,4000.00,2.00,0.00,0.00,3.00,7.00,2020.00,0.00,1950.00,0.00,98144.00,47.58,-122.31,1960.00,4000.00
1741700040.00,20150113T000000,725000.00,3.00,1.00,1000.00,19969.00,1.00,0.00,0.00,3.00,7.00,1000.00,0.00,1951.00,0.00,98033.00,47.67,-122.20,1370.00,7962.00
1828001130.00,20140617T000000,545000.00,4.00,2.25,2030.00,11585.00,1.00,0.00,0.00,4.00,7.00,1590.00,440.00,1967.00,0.00,98052.00,47.66,-122.13,1960.00,8977.00
3211580210.00,20150411T000000,299900.00,3.00,1.75,1730.00,9893.00,1.00,0.00,0.00,4.00,9.00,1730.00,0.00,1988.00,0.00,98042.00,47.37,-122.16,2120.00,9108.00
1036000610.00,20150507T000000,639500.00,3.00,1.75,2010.00,8072.00,1.00,0.00,0.00,4.00,8.00,2010.00,0.00,1974.00,0.00,98052.00,47.63,-122.10,2030.00,8055.00
3378100100.00,20150317T000000,345000.00,4.00,1.50,1540.00,7168.00,1.00,0.00,0.00,3.00,7.00,1160.00,380.00,1964.00,0.00,98055.00,47.46,-122.20,1540.00,7176.00
9286000150.00,20150330T000000,1125000.00,6.00,4.00,5330.00,18116.00,2.00,0.00,0.00,3.00,11.00,3950.00,1380.00,2000.00,0.00,98006.00,47.55,-122.14,4590.00,16900.00
7254200040.00,20150316T000000,345000.00,2.00,1.00,960.00,2700.00,1.00,0.00,0.00,3.00,6.00,780.00,180.00,1904.00,0.00,98144.00,47.60,-122.30,1400.00,3000.00
8827900690.00,20150421T000000,600000.00,3.00,2.00,1460.00,2800.00,1.00,0.00,0.00,4.00,7.00,730.00,730.00,1921.00,0.00,98105.00,47.67,-122.30,1780.00,4560.00
9202500150.00,20141104T000000,355000.00,4.00,1.75,2160.00,7417.00,1.00,0.00,0.00,4.00,7.00,1360.00,800.00,1983.00,0.00,98056.00,47.51,-122.18,1880.00,8022.00
1786810040.00,20140909T000000,698000.00,3.00,2.75,2640.00,11957.00,1.50,0.00,0.00,3.00,9.00,2260.00,380.00,1978.00,0.00,98052.00,47.65,-122.12,2640.00,12641.00
8078410210.00,20140616T000000,566000.00,4.00,2.25,2170.00,7737.00,2.00,0.00,0.00,3.00,8.00,2170.00,0.00,1987.00,0.00,98074.00,47.64,-122.03,1850.00,8869.00
3905100210.00,20140723T000000,449950.00,3.00,2.50,1530.00,3840.00,2.00,0.00,0.00,3.00,8.00,1530.00,0.00,1994.00,0.00,98029.00,47.57,-122.01,1720.00,3985.00
5592900015.00,20150116T000000,404600.00,3.00,1.00,1570.00,7727.00,1.00,0.00,2.00,4.00,8.00,1270.00,300.00,1958.00,0.00,98056.00,47.48,-122.19,2440.00,7727.00
7522700110.00,20140624T000000,258000.00,3.00,1.00,1490.00,7435.00,1.00,0.00,0.00,3.00,7.00,1120.00,370.00,1969.00,0.00,98198.00,47.37,-122.31,1490.00,7530.00
5253300243.00,20150429T000000,415000.00,4.00,2.00,1960.00,10559.00,2.00,0.00,0.00,4.00,7.00,1960.00,0.00,1955.00,0.00,98133.00,47.75,-122.34,1580.00,7769.00
6669020490.00,20140812T000000,320000.00,4.00,2.25,2190.00,9020.00,2.00,0.00,0.00,3.00,8.00,2190.00,0.00,1978.00,0.00,98032.00,47.37,-122.28,2170.00,8400.00
5104510540.00,20141126T000000,295000.00,3.00,2.50,1690.00,4102.00,2.00,0.00,0.00,3.00,7.00,1690.00,0.00,2003.00,0.00,98038.00,47.36,-122.02,1830.00,4733.00
3579700100.00,20140527T000000,389000.00,5.00,2.00,2330.00,10750.00,1.00,0.00,0.00,4.00,7.00,1190.00,1140.00,1962.00,0.00,98028.00,47.73,-122.25,1830.00,10180.00
8643200035.00,20140821T000000,299900.00,3.00,1.75,1470.00,27000.00,1.00,0.00,0.00,3.00,7.00,1470.00,0.00,1958.00,0.00,98198.00,47.39,-122.31,2230.00,14186.00
2781250100.00,20150415T000000,394000.00,3.00,2.50,2550.00,5349.00,2.00,0.00,0.00,3.00,7.00,2550.00,0.00,2004.00,0.00,98038.00,47.35,-122.03,2640.00,5400.00
3885807255.00,20150202T000000,762000.00,4.00,2.00,2130.00,5500.00,1.50,0.00,0.00,5.00,7.00,2130.00,0.00,1939.00,0.00,98033.00,47.68,-122.20,1490.00,6000.00
1774230090.00,20140613T000000,697000.00,4.00,2.75,3650.00,48351.00,1.50,0.00,0.00,4.00,8.00,3650.00,0.00,1978.00,0.00,98077.00,47.76,-122.09,2820.00,53143.00
3521069146.00,20150330T000000,485000.00,3.00,2.50,3340.00,70131.00,2.00,0.00,0.00,3.00,9.00,2420.00,920.00,1994.00,0.00,98022.00,47.27,-122.02,2760.00,116740.00
424500100.00,20141008T000000,189900.00,2.00,1.00,800.00,5600.00,1.00,0.00,0.00,5.00,6.00,800.00,0.00,1955.00,0.00,98056.00,47.50,-122.17,1100.00,6000.00
3761700053.00,20150105T000000,2150000.00,3.00,2.75,3470.00,9610.00,3.00,1.00,4.00,3.00,11.00,3470.00,0.00,1989.00,2000.00,98034.00,47.72,-122.26,4130.00,11875.00
2685600090.00,20141118T000000,345000.00,3.00,1.50,1030.00,6969.00,1.00,0.00,0.00,4.00,6.00,1030.00,0.00,1921.00,0.00,98108.00,47.55,-122.30,1420.00,6000.00
6381500065.00,20140729T000000,376500.00,3.00,2.00,1630.00,7800.00,1.00,0.00,0.00,5.00,7.00,1630.00,0.00,1950.00,0.00,98125.00,47.73,-122.31,1470.00,7800.00
9294300515.00,20141024T000000,775000.00,3.00,2.00,2010.00,7017.00,2.00,0.00,3.00,3.00,7.00,2010.00,0.00,1951.00,1988.00,98115.00,47.68,-122.27,2450.00,6045.00
2769602840.00,20141016T000000,450000.00,3.00,1.00,1360.00,3737.00,1.50,0.00,0.00,4.00,6.00,1360.00,0.00,1910.00,0.00,98107.00,47.68,-122.36,1820.00,4500.00
2526039156.00,20141210T000000,760000.00,4.00,2.25,2040.00,8315.00,1.00,0.00,0.00,4.00,8.00,1480.00,560.00,1958.00,0.00,98177.00,47.71,-122.37,2330.00,8940.00
7852140100.00,20141007T000000,569000.00,4.00,2.50,2830.00,10954.00,2.00,0.00,0.00,3.00,8.00,2830.00,0.00,2003.00,0.00,98065.00,47.54,-121.88,2470.00,10443.00
5522600205.00,20140917T000000,500000.00,3.00,1.50,2040.00,6750.00,1.00,0.00,0.00,3.00,7.00,1280.00,760.00,1950.00,0.00,98117.00,47.70,-122.37,1970.00,6750.00
1370802620.00,20141211T000000,592500.00,2.00,2.00,1340.00,5350.00,1.50,0.00,0.00,3.00,8.00,1340.00,0.00,1941.00,0.00,98199.00,47.64,-122.40,2210.00,5350.00
8079100210.00,20150304T000000,620000.00,4.00,2.50,2130.00,9139.00,2.00,0.00,0.00,3.00,9.00,2130.00,0.00,1988.00,0.00,98029.00,47.56,-122.01,2150.00,8178.00
644200040.00,20140515T000000,1000000.00,5.00,4.25,3920.00,16258.00,2.00,0.00,0.00,3.00,9.00,2900.00,1020.00,1990.00,0.00,98004.00,47.59,-122.19,2540.00,12131.00
9808640090.00,20150319T000000,815000.00,3.00,2.50,2415.00,2186.00,2.00,0.00,1.00,3.00,9.00,2415.00,0.00,1981.00,0.00,98033.00,47.65,-122.20,2660.00,2165.00
5104531120.00,20150323T000000,775000.00,5.00,2.75,3750.00,12077.00,2.00,0.00,4.00,3.00,10.00,3750.00,0.00,2005.00,0.00,98038.00,47.35,-122.00,3120.00,7255.00
3575303970.00,20140716T000000,340000.00,3.00,1.00,1010.00,7500.00,1.00,0.00,0.00,4.00,7.00,1010.00,0.00,1975.00,0.00,98074.00,47.62,-122.06,1230.00,7500.00
6413100090.00,20140915T000000,458000.00,2.00,1.75,990.00,5850.00,1.00,0.00,0.00,4.00,6.00,990.00,0.00,1942.00,0.00,98125.00,47.71,-122.32,840.00,6110.00
2475200870.00,20140917T000000,250000.00,2.00,1.50,1200.00,5773.00,2.00,0.00,0.00,3.00,7.00,1200.00,0.00,1985.00,0.00,98055.00,47.47,-122.19,1530.00,4576.00
3423059081.00,20141009T000000,151600.00,2.00,1.00,1060.00,16988.00,1.00,0.00,0.00,3.00,6.00,1060.00,0.00,1954.00,0.00,98058.00,47.43,-122.16,2320.00,10580.00
1137410040.00,20140527T000000,515000.00,4.00,2.50,3200.00,6473.00,2.00,0.00,0.00,3.00,7.00,3200.00,0.00,2005.00,0.00,98059.00,47.50,-122.15,2480.00,6140.00
3352400330.00,20150327T000000,216000.00,2.00,1.00,1810.00,10360.00,1.00,0.00,0.00,3.00,6.00,1010.00,800.00,1946.00,0.00,98178.00,47.50,-122.27,1810.00,10360.00
2781320100.00,20150309T000000,245000.00,3.00,1.75,1670.00,24650.00,1.00,0.00,0.00,4.00,7.00,1670.00,0.00,1974.00,0.00,98022.00,47.18,-122.03,1810.00,19465.00
8894000040.00,20140625T000000,645000.00,3.00,2.75,1850.00,16960.00,1.00,0.00,2.00,4.00,8.00,1850.00,0.00,1953.00,0.00,98177.00,47.71,-122.37,2470.00,13761.00
3333000775.00,20140903T000000,249900.00,3.00,1.00,1100.00,5000.00,1.00,0.00,0.00,3.00,7.00,1100.00,0.00,1960.00,0.00,98118.00,47.54,-122.28,1020.00,5000.00
9274204230.00,20140709T000000,410000.00,3.00,1.75,1660.00,6250.00,1.00,0.00,0.00,3.00,7.00,830.00,830.00,1980.00,0.00,98116.00,47.59,-122.39,1660.00,5750.00
3972900025.00,20150313T000000,499000.00,6.00,1.75,2400.00,7500.00,1.50,0.00,0.00,3.00,7.00,1400.00,1000.00,1975.00,0.00,98155.00,47.77,-122.31,1980.00,7500.00
1159400220.00,20140529T000000,790000.00,5.00,3.25,2900.00,12160.00,1.00,0.00,0.00,4.00,8.00,1890.00,1010.00,1967.00,0.00,98005.00,47.62,-122.17,2590.00,12160.00
3876313030.00,20140520T000000,458000.00,1.00,2.25,2140.00,10350.00,1.00,0.00,0.00,3.00,7.00,1470.00,670.00,1976.00,0.00,98072.00,47.74,-122.17,1980.00,8400.00
2856100515.00,20140805T000000,925000.00,4.00,2.50,2670.00,5100.00,2.00,0.00,0.00,3.00,8.00,1940.00,730.00,1929.00,2010.00,98117.00,47.68,-122.39,1470.00,4080.00
4239400730.00,20140625T000000,152000.00,3.00,1.00,1090.00,3264.00,1.00,0.00,0.00,4.00,6.00,1090.00,0.00,1969.00,0.00,98092.00,47.32,-122.18,1090.00,3330.00
1826059042.00,20140923T000000,402000.00,3.00,2.50,1970.00,12205.00,2.00,0.00,0.00,4.00,8.00,1970.00,0.00,1990.00,0.00,98011.00,47.74,-122.21,2640.00,9636.00
3869900155.00,20150326T000000,340000.00,2.00,2.00,1250.00,1178.00,2.00,0.00,0.00,3.00,7.00,980.00,270.00,1996.00,0.00,98136.00,47.54,-122.39,1270.00,1242.00
2600010220.00,20150326T000000,1250000.00,4.00,2.50,4040.00,11350.00,2.00,0.00,2.00,4.00,10.00,3690.00,350.00,1984.00,0.00,98006.00,47.56,-122.16,3770.00,12382.00
9290870040.00,20141117T000000,775000.00,4.00,2.50,3220.00,38448.00,2.00,0.00,0.00,3.00,10.00,3220.00,0.00,1993.00,0.00,98053.00,47.69,-122.05,3090.00,38448.00
5347200175.00,20150319T000000,299800.00,2.00,1.00,1310.00,2814.00,1.00,0.00,0.00,3.00,6.00,810.00,500.00,1944.00,0.00,98126.00,47.52,-122.38,1300.00,1344.00
3810000455.00,20140908T000000,340000.00,4.00,2.25,2060.00,8400.00,1.00,0.00,0.00,3.00,7.00,1300.00,760.00,1960.00,0.00,98178.00,47.50,-122.23,1990.00,7383.00
1962200037.00,20140502T000000,626000.00,3.00,2.25,1750.00,1572.00,2.50,0.00,0.00,3.00,9.00,1470.00,280.00,2005.00,0.00,98102.00,47.65,-122.32,2410.00,3050.00
795001930.00,20141007T000000,324950.00,2.00,1.00,1150.00,9186.00,1.00,0.00,0.00,3.00,7.00,1150.00,0.00,1946.00,0.00,98168.00,47.51,-122.33,1390.00,10690.00
3905080730.00,20150223T000000,535500.00,3.00,2.50,2050.00,4976.00,2.00,0.00,0.00,3.00,8.00,2050.00,0.00,1994.00,0.00,98029.00,47.57,-122.00,2050.00,5153.00
8651611110.00,20140905T000000,817500.00,3.00,3.25,3230.00,7639.00,2.00,0.00,0.00,3.00,10.00,3230.00,0.00,1999.00,0.00,98074.00,47.63,-122.06,3230.00,7772.00
5411600210.00,20140812T000000,810000.00,4.00,3.50,4170.00,4322.00,2.00,0.00,0.00,3.00,9.00,2940.00,1230.00,2005.00,0.00,98074.00,47.61,-122.04,2970.00,4922.00
7519000665.00,20150408T000000,565000.00,5.00,1.50,1940.00,3430.00,1.50,0.00,0.00,4.00,6.00,1220.00,720.00,1926.00,0.00,98117.00,47.69,-122.36,1830.00,4120.00
4217400120.00,20141125T000000,978000.00,3.00,1.50,2390.00,4000.00,1.50,0.00,0.00,3.00,9.00,1690.00,700.00,1936.00,0.00,98105.00,47.66,-122.28,2350.00,4000.00
3586500665.00,20150112T000000,530000.00,3.00,1.00,1440.00,27505.00,1.00,0.00,0.00,3.00,8.00,1440.00,0.00,1951.00,0.00,98177.00,47.76,-122.37,2430.00,16400.00
2582500110.00,20141007T000000,305000.00,4.00,2.50,2230.00,6487.00,2.00,0.00,0.00,3.00,7.00,2230.00,0.00,2003.00,0.00,98092.00,47.33,-122.17,2230.00,6882.00
6749700031.00,20140609T000000,345000.00,3.00,2.50,1210.00,1420.00,3.00,0.00,0.00,3.00,8.00,1210.00,0.00,2008.00,0.00,98103.00,47.70,-122.35,1190.00,1407.00
4136800205.00,20150219T000000,258000.00,2.00,2.00,750.00,6553.00,1.50,0.00,2.00,3.00,7.00,750.00,0.00,1945.00,0.00,98178.00,47.50,-122.22,1140.00,7500.00
3438503120.00,20150330T000000,275000.00,4.00,1.00,1770.00,7345.00,1.50,0.00,0.00,3.00,7.00,1770.00,0.00,1966.00,0.00,98106.00,47.54,-122.35,1580.00,7345.00
1922069089.00,20150324T000000,310000.00,3.00,1.00,1020.00,55756.00,1.00,0.00,0.00,3.00,7.00,1020.00,0.00,1961.00,0.00,98042.00,47.38,-122.08,1490.00,12745.00
4099501215.00,20140603T000000,713250.00,3.00,2.00,2050.00,9000.00,1.00,0.00,0.00,4.00,7.00,2050.00,0.00,1951.00,0.00,98040.00,47.59,-122.25,2910.00,8856.00
3325069025.00,20150508T000000,500000.00,3.00,1.00,2000.00,21780.00,1.00,0.00,0.00,3.00,8.00,1480.00,520.00,1978.00,0.00,98074.00,47.61,-122.04,2000.00,45738.00
4058200985.00,20140911T000000,472000.00,3.00,1.75,2180.00,7200.00,1.00,0.00,3.00,4.00,8.00,1090.00,1090.00,1954.00,0.00,98178.00,47.50,-122.24,2180.00,7140.00
3031200246.00,20140711T000000,250000.00,3.00,1.00,920.00,4429.00,1.00,0.00,0.00,3.00,7.00,920.00,0.00,1952.00,0.00,98118.00,47.54,-122.29,1320.00,7860.00
624101110.00,20141002T000000,725000.00,4.00,2.25,3440.00,14237.00,2.00,0.00,0.00,3.00,9.00,3440.00,0.00,1982.00,0.00,98077.00,47.72,-122.07,3250.00,18365.00
4046700210.00,20140629T000000,345000.00,3.00,2.00,1610.00,15005.00,1.00,0.00,0.00,4.00,7.00,1610.00,0.00,1986.00,0.00,98014.00,47.69,-121.91,1610.00,15479.00
2916200065.00,20150115T000000,460000.00,3.00,1.50,1870.00,15685.00,1.00,0.00,0.00,3.00,7.00,1470.00,400.00,1936.00,0.00,98133.00,47.72,-122.35,1340.00,7620.00
6141100038.00,20140602T000000,440150.00,2.00,1.00,1110.00,6800.00,1.00,0.00,0.00,5.00,7.00,1000.00,110.00,1947.00,0.00,98133.00,47.72,-122.36,1410.00,6963.00
2806800090.00,20141104T000000,390000.00,3.00,1.75,2200.00,8036.00,1.00,0.00,0.00,3.00,7.00,1270.00,930.00,1978.00,0.00,98011.00,47.78,-122.21,1850.00,7563.00
312000265.00,20150504T000000,375000.00,2.00,1.00,790.00,5120.00,1.00,0.00,0.00,3.00,6.00,790.00,0.00,1950.00,0.00,98136.00,47.56,-122.40,1250.00,5120.00
2938200040.00,20141211T000000,224950.00,3.00,1.50,1630.00,9282.00,1.00,0.00,0.00,4.00,7.00,1630.00,0.00,1963.00,0.00,98022.00,47.20,-122.00,1420.00,9282.00
114101161.00,20140829T000000,480000.00,3.00,1.50,2100.00,67269.00,1.00,0.00,0.00,4.00,7.00,1220.00,880.00,1949.00,0.00,98028.00,47.76,-122.23,1610.00,15999.00
1862400353.00,20150326T000000,721000.00,4.00,2.75,2690.00,5400.00,2.00,0.00,0.00,3.00,7.00,2210.00,480.00,1940.00,2009.00,98117.00,47.70,-122.37,1620.00,5400.00
179000100.00,20140826T000000,174000.00,2.00,1.00,600.00,4854.00,1.00,0.00,0.00,5.00,6.00,600.00,0.00,1922.00,0.00,98168.00,47.49,-122.28,1470.00,5000.00
7812800865.00,20141119T000000,170000.00,2.00,1.00,810.00,9882.00,1.00,0.00,0.00,3.00,6.00,810.00,0.00,1944.00,0.00,98178.00,47.49,-122.24,950.00,7200.00
809002390.00,20150115T000000,658000.00,3.00,1.50,1660.00,3190.00,1.50,0.00,0.00,3.00,7.00,1660.00,0.00,1919.00,0.00,98109.00,47.64,-122.35,2200.00,3240.00
2925059294.00,20150327T000000,860000.00,3.00,2.00,1880.00,8494.00,1.00,0.00,0.00,4.00,7.00,1200.00,680.00,1968.00,0.00,98004.00,47.62,-122.19,1290.00,9128.00
7574200210.00,20140618T000000,407450.00,4.00,1.50,2310.00,68824.00,2.00,0.00,0.00,4.00,7.00,2310.00,0.00,1968.00,0.00,98010.00,47.34,-122.03,2020.00,39900.00
5634500775.00,20150130T000000,615000.00,4.00,1.50,2650.00,34000.00,2.00,0.00,0.00,4.00,7.00,2650.00,0.00,1930.00,0.00,98028.00,47.75,-122.24,1960.00,34000.00
8965460090.00,20150407T000000,920000.00,4.00,3.00,3130.00,12381.00,2.00,0.00,0.00,3.00,9.00,3130.00,0.00,1995.00,0.00,98006.00,47.56,-122.12,3250.00,10049.00
1796350300.00,20140710T000000,195000.00,2.00,1.00,860.00,10400.00,1.00,0.00,0.00,4.00,6.00,860.00,0.00,1983.00,0.00,98042.00,47.37,-122.10,1390.00,9086.00
428000150.00,20140718T000000,269950.00,3.00,1.00,990.00,9950.00,1.00,0.00,0.00,5.00,7.00,990.00,0.00,1961.00,0.00,98056.00,47.51,-122.17,1370.00,9260.00
2323089009.00,20150119T000000,855000.00,4.00,3.50,4030.00,1024068.00,2.00,0.00,0.00,3.00,10.00,4030.00,0.00,2006.00,0.00,98045.00,47.46,-121.74,1830.00,11700.00
3528900735.00,20140910T000000,620000.00,3.00,2.25,1780.00,1429.00,3.00,0.00,0.00,3.00,8.00,1570.00,210.00,2007.00,0.00,98109.00,47.64,-122.35,1470.00,1799.00
3904100220.00,20141209T000000,276000.00,2.00,2.00,1480.00,6075.00,1.00,0.00,0.00,5.00,7.00,740.00,740.00,1919.00,0.00,98118.00,47.53,-122.28,1230.00,6053.00
254000735.00,20140806T000000,329000.00,3.00,1.00,1140.00,5258.00,1.50,0.00,0.00,3.00,6.00,1140.00,0.00,1911.00,0.00,98146.00,47.51,-122.38,1140.00,5280.00
7893205080.00,20141007T000000,270000.00,3.00,1.50,1230.00,7500.00,1.00,0.00,0.00,3.00,7.00,1230.00,0.00,1962.00,0.00,98198.00,47.42,-122.33,1260.00,7800.00
4397010300.00,20141113T000000,440000.00,4.00,2.50,3080.00,10646.00,2.00,0.00,0.00,3.00,9.00,3080.00,0.00,1993.00,0.00,98042.00,47.38,-122.15,2740.00,9994.00
1150000740.00,20141003T000000,639000.00,4.00,2.50,1990.00,8034.00,2.00,0.00,0.00,4.00,10.00,1990.00,0.00,1989.00,0.00,98029.00,47.56,-122.02,2580.00,8034.00
1926049141.00,20141010T000000,403500.00,1.00,1.00,700.00,5621.00,1.00,0.00,0.00,4.00,6.00,700.00,0.00,1945.00,0.00,98133.00,47.73,-122.35,1020.00,5621.00
7011201016.00,20141001T000000,585000.00,3.00,2.50,1700.00,1156.00,2.00,0.00,2.00,3.00,9.00,1320.00,380.00,2002.00,0.00,98119.00,47.64,-122.37,1710.00,1686.00
3028200100.00,20140826T000000,216000.00,2.00,1.00,860.00,9000.00,1.00,0.00,0.00,4.00,6.00,860.00,0.00,1942.00,0.00,98168.00,47.48,-122.32,990.00,9975.00
8081010040.00,20140911T000000,1150000.00,3.00,2.50,3160.00,24437.00,1.00,0.00,3.00,3.00,11.00,2160.00,1000.00,1991.00,0.00,98006.00,47.55,-122.13,3990.00,11977.00
3023049186.00,20150416T000000,575000.00,3.00,2.00,2500.00,30056.00,1.00,0.00,0.00,5.00,8.00,1840.00,660.00,1954.00,0.00,98166.00,47.45,-122.34,2500.00,30000.00
8029900110.00,20141114T000000,430000.00,4.00,2.50,3000.00,9460.00,2.00,0.00,0.00,3.00,9.00,3000.00,0.00,2001.00,0.00,98031.00,47.40,-122.21,3000.00,8450.00
9367200205.00,20150324T000000,660000.00,2.00,1.00,1670.00,8195.00,1.00,0.00,0.00,3.00,7.00,1670.00,0.00,1954.00,1975.00,98033.00,47.66,-122.19,1980.00,7500.00
5550300205.00,20150413T000000,338000.00,2.00,1.00,690.00,6400.00,1.00,0.00,0.00,3.00,6.00,690.00,0.00,1943.00,0.00,98126.00,47.53,-122.37,1000.00,6400.00
8820901415.00,20140529T000000,400000.00,4.00,2.75,1240.00,3867.00,1.00,0.00,0.00,3.00,7.00,800.00,440.00,1987.00,0.00,98125.00,47.72,-122.28,1150.00,7733.00
6018500120.00,20150220T000000,210000.00,2.00,1.00,900.00,5000.00,1.00,0.00,0.00,5.00,6.00,900.00,0.00,1930.00,1990.00,98022.00,47.20,-122.00,1150.00,5000.00
3826000665.00,20140522T000000,305000.00,4.00,1.75,2200.00,8100.00,1.50,0.00,0.00,5.00,6.00,1400.00,800.00,1942.00,0.00,98168.00,47.49,-122.30,1520.00,8100.00
1025079086.00,20140820T000000,365000.00,2.00,1.00,960.00,223898.00,1.00,0.00,0.00,3.00,6.00,960.00,0.00,1985.00,0.00,98014.00,47.67,-121.89,1830.00,230868.00
2621660040.00,20140629T000000,325000.00,5.00,2.75,2130.00,6222.00,1.00,0.00,0.00,3.00,7.00,1300.00,830.00,1991.00,0.00,98118.00,47.53,-122.28,2130.00,6222.00
8731982550.00,20141210T000000,245000.00,4.00,1.75,2020.00,8800.00,1.00,0.00,0.00,4.00,8.00,2020.00,0.00,1969.00,0.00,98023.00,47.32,-122.38,2320.00,8000.00
4324500180.00,20140926T000000,182000.00,3.00,1.00,1060.00,7350.00,1.00,0.00,0.00,4.00,7.00,1060.00,0.00,1959.00,0.00,98032.00,47.38,-122.29,1060.00,7350.00
1702901485.00,20140603T000000,440000.00,2.00,1.00,1230.00,6600.00,1.00,0.00,0.00,3.00,7.00,1130.00,100.00,1906.00,0.00,98118.00,47.56,-122.28,1260.00,5060.00
251300110.00,20140731T000000,225000.00,3.00,2.25,2510.00,12013.00,2.00,0.00,0.00,3.00,8.00,2510.00,0.00,1988.00,0.00,98003.00,47.35,-122.31,1870.00,8017.00
251300110.00,20150114T000000,358000.00,3.00,2.25,2510.00,12013.00,2.00,0.00,0.00,3.00,8.00,2510.00,0.00,1988.00,0.00,98003.00,47.35,-122.31,1870.00,8017.00
461002615.00,20141202T000000,580000.00,5.00,2.50,2720.00,5000.00,1.50,0.00,0.00,4.00,7.00,1530.00,1190.00,1939.00,0.00,98117.00,47.68,-122.38,1210.00,5000.00
8091401030.00,20150422T000000,240000.00,3.00,1.50,1070.00,8886.00,1.00,0.00,0.00,4.00,7.00,1070.00,0.00,1984.00,0.00,98030.00,47.35,-122.17,1730.00,9461.00
3924500040.00,20150413T000000,700000.00,4.00,3.25,3580.00,43093.00,1.00,0.00,0.00,4.00,8.00,3580.00,0.00,1990.00,0.00,98024.00,47.56,-121.90,2070.00,43093.00
9432900040.00,20140729T000000,325000.00,4.00,2.50,2230.00,8500.00,2.00,0.00,0.00,3.00,8.00,2230.00,0.00,1994.00,0.00,98022.00,47.21,-122.01,2270.00,8770.00
2426049125.00,20141114T000000,488000.00,4.00,2.25,2500.00,10890.00,1.00,0.00,0.00,5.00,7.00,1800.00,700.00,1978.00,0.00,98034.00,47.73,-122.24,2500.00,7467.00
2883201055.00,20140910T000000,875000.00,4.00,1.00,1670.00,4600.00,1.50,0.00,0.00,5.00,8.00,1670.00,0.00,1906.00,0.00,98103.00,47.68,-122.33,1820.00,4600.00
1795900360.00,20140602T000000,615000.00,4.00,2.50,2150.00,9070.00,2.00,0.00,0.00,4.00,8.00,2150.00,0.00,1985.00,0.00,98052.00,47.73,-122.11,2230.00,8995.00
9542830690.00,20141120T000000,321000.00,3.00,2.50,2020.00,4183.00,2.00,0.00,0.00,3.00,7.00,2020.00,0.00,2012.00,0.00,98038.00,47.37,-122.02,2030.00,4140.00
1245500690.00,20140602T000000,1035000.00,3.00,2.50,2230.00,5750.00,2.00,0.00,0.00,3.00,9.00,2230.00,0.00,2003.00,0.00,98033.00,47.69,-122.21,1900.00,8238.00
7454000315.00,20150424T000000,299500.00,2.00,1.00,740.00,6300.00,1.00,0.00,0.00,3.00,6.00,740.00,0.00,1942.00,0.00,98126.00,47.52,-122.38,740.00,6300.00
2426049113.00,20150414T000000,459000.00,4.00,1.50,2020.00,9583.00,2.00,0.00,0.00,4.00,7.00,2020.00,0.00,1963.00,0.00,98034.00,47.73,-122.24,1770.00,8625.00
8665050450.00,20140912T000000,435000.00,3.00,2.50,1730.00,4065.00,2.00,0.00,0.00,3.00,8.00,1730.00,0.00,1996.00,0.00,98029.00,47.57,-122.01,1730.00,4094.00
2787320620.00,20141010T000000,222000.00,3.00,1.75,1370.00,8280.00,1.00,0.00,0.00,4.00,7.00,1370.00,0.00,1980.00,0.00,98031.00,47.41,-122.17,1850.00,7820.00
5100401411.00,20141027T000000,485000.00,4.00,1.00,1210.00,6380.00,1.50,0.00,0.00,3.00,7.00,1210.00,0.00,1936.00,0.00,98115.00,47.69,-122.32,1340.00,6380.00
2767602855.00,20150429T000000,750000.00,5.00,3.50,2160.00,2323.00,3.00,0.00,0.00,3.00,9.00,2160.00,0.00,2007.00,0.00,98107.00,47.67,-122.39,1750.00,4650.00
7575620750.00,20141222T000000,266000.00,3.00,2.25,1550.00,6022.00,2.00,0.00,0.00,3.00,8.00,1550.00,0.00,1989.00,0.00,98003.00,47.35,-122.30,1650.00,5627.00
1529300115.00,20140602T000000,455000.00,2.00,1.00,1170.00,6000.00,1.00,0.00,0.00,4.00,7.00,970.00,200.00,1941.00,0.00,98103.00,47.70,-122.35,2130.00,6002.00
122029066.00,20150508T000000,490000.00,3.00,1.75,2020.00,215622.00,2.00,0.00,0.00,4.00,7.00,2020.00,0.00,1975.00,0.00,98070.00,47.42,-122.50,1810.00,215622.00
8732130580.00,20150430T000000,280000.00,3.00,1.75,1740.00,8625.00,1.00,0.00,0.00,4.00,7.00,1240.00,500.00,1978.00,0.00,98023.00,47.31,-122.38,1980.00,8625.00
1689400375.00,20140805T000000,1450000.00,4.00,3.25,3100.00,3900.00,2.00,0.00,2.00,5.00,9.00,2090.00,1010.00,1923.00,0.00,98109.00,47.64,-122.35,2110.00,3900.00
985001321.00,20141217T000000,291000.00,4.00,1.00,1590.00,24330.00,1.50,0.00,0.00,3.00,6.00,1140.00,450.00,1942.00,0.00,98168.00,47.49,-122.31,1000.00,16228.00
7987400475.00,20150417T000000,745000.00,5.00,3.00,2400.00,10126.00,2.00,0.00,3.00,3.00,8.00,2400.00,0.00,1981.00,0.00,98126.00,47.57,-122.37,2250.00,3946.00
6383000820.00,20140807T000000,685900.00,3.00,2.50,2290.00,9142.00,1.00,0.00,0.00,3.00,8.00,2290.00,0.00,1972.00,0.00,98117.00,47.69,-122.39,1770.00,8035.00
1311400120.00,20140801T000000,160000.00,3.00,1.75,1610.00,7392.00,1.00,0.00,0.00,4.00,7.00,1610.00,0.00,1964.00,0.00,98001.00,47.34,-122.28,1450.00,7392.00
1153000040.00,20150429T000000,650000.00,4.00,2.50,2240.00,9934.00,1.00,0.00,0.00,4.00,8.00,1490.00,750.00,1968.00,0.00,98005.00,47.61,-122.17,2640.00,11622.00
7452500530.00,20150219T000000,250000.00,2.00,1.00,850.00,6370.00,1.00,0.00,0.00,3.00,6.00,850.00,0.00,1951.00,0.00,98126.00,47.52,-122.37,850.00,5170.00
6300000212.00,20150218T000000,265000.00,2.00,1.50,920.00,1458.00,2.00,0.00,0.00,3.00,7.00,920.00,0.00,1995.00,0.00,98133.00,47.71,-122.34,1110.00,1598.00
3332000530.00,20141105T000000,599000.00,5.00,3.25,2590.00,6180.00,1.00,0.00,0.00,3.00,7.00,1330.00,1260.00,1960.00,0.00,98118.00,47.55,-122.27,1560.00,6180.00
7657600195.00,20141105T000000,199950.00,3.00,1.00,1340.00,7260.00,1.50,0.00,0.00,3.00,6.00,1340.00,0.00,1944.00,0.00,98178.00,47.49,-122.24,1210.00,7260.00
1102000237.00,20150428T000000,712500.00,4.00,2.75,2420.00,11201.00,1.00,0.00,1.00,3.00,8.00,1420.00,1000.00,1948.00,1999.00,98118.00,47.55,-122.27,3170.00,9385.00
2887702070.00,20141022T000000,490000.00,2.00,1.00,1420.00,4305.00,1.00,0.00,0.00,4.00,7.00,920.00,500.00,1941.00,0.00,98115.00,47.69,-122.31,1420.00,4305.00
6392001005.00,20140620T000000,511500.00,4.00,1.00,1360.00,6000.00,1.50,0.00,0.00,3.00,7.00,1360.00,0.00,1917.00,0.00,98115.00,47.69,-122.29,1710.00,6000.00
1601600195.00,20150319T000000,299000.00,3.00,1.00,1510.00,6200.00,1.00,0.00,0.00,3.00,6.00,1010.00,500.00,1955.00,0.00,98118.00,47.53,-122.27,1710.00,8623.00
3586500620.00,20140814T000000,685000.00,4.00,2.50,2650.00,25248.00,1.00,0.00,2.00,3.00,9.00,2330.00,320.00,1954.00,0.00,98177.00,47.75,-122.37,3020.00,23135.00
6021502250.00,20140825T000000,597000.00,4.00,2.00,2120.00,4000.00,1.50,0.00,0.00,4.00,7.00,1720.00,400.00,1927.00,0.00,98117.00,47.69,-122.38,1760.00,4000.00
3830210220.00,20140908T000000,210000.00,3.00,1.00,1200.00,7200.00,1.00,0.00,0.00,3.00,6.00,1200.00,0.00,1977.00,0.00,98030.00,47.37,-122.18,1200.00,7420.00
2568300266.00,20140530T000000,659000.00,4.00,2.50,3190.00,11375.00,1.00,0.00,0.00,5.00,8.00,2210.00,980.00,1946.00,0.00,98125.00,47.70,-122.30,1100.00,8500.00
3423600065.00,20140604T000000,540000.00,3.00,1.00,1050.00,4160.00,1.00,0.00,0.00,4.00,7.00,1050.00,0.00,1925.00,0.00,98115.00,47.68,-122.30,1580.00,3680.00
3343300180.00,20150330T000000,469000.00,3.00,2.00,1300.00,22605.00,1.00,0.00,0.00,3.00,7.00,1300.00,0.00,1998.00,0.00,98056.00,47.53,-122.19,2250.00,10215.00
3125079013.00,20150430T000000,1065000.00,3.00,2.50,3970.00,263538.00,1.50,0.00,0.00,3.00,9.00,3970.00,0.00,1991.00,0.00,98024.00,47.61,-121.95,3970.00,194676.00
6453900040.00,20140714T000000,575000.00,5.00,2.50,2990.00,7500.00,1.00,0.00,2.00,3.00,9.00,1800.00,1190.00,1972.00,0.00,98177.00,47.77,-122.37,2800.00,9860.00
148000590.00,20140731T000000,725000.00,4.00,2.75,2440.00,7042.00,1.50,0.00,2.00,4.00,7.00,1640.00,800.00,1941.00,0.00,98116.00,47.57,-122.41,2170.00,7900.00
419000015.00,20140917T000000,299950.00,4.00,1.00,1170.00,5400.00,1.00,0.00,0.00,5.00,6.00,1170.00,0.00,1953.00,0.00,98056.00,47.49,-122.17,1100.00,5400.00
303000220.00,20150421T000000,375000.00,4.00,2.00,2270.00,18450.00,1.00,0.00,0.00,3.00,7.00,2270.00,0.00,1961.00,0.00,98001.00,47.33,-122.26,2150.00,18450.00
6450302175.00,20141118T000000,342450.00,3.00,1.50,1280.00,5525.00,1.00,0.00,0.00,3.00,7.00,1280.00,0.00,1962.00,0.00,98133.00,47.73,-122.34,1330.00,5286.00
1180000625.00,20141029T000000,315000.00,4.00,2.50,1950.00,3225.00,2.00,0.00,0.00,3.00,7.00,1950.00,0.00,2002.00,0.00,98178.00,47.50,-122.23,1980.00,3225.00
7972600450.00,20141222T000000,328000.00,4.00,2.75,1930.00,3840.00,1.00,0.00,0.00,3.00,7.00,1170.00,760.00,1997.00,0.00,98106.00,47.53,-122.35,1610.00,3840.00
1328300180.00,20140509T000000,323000.00,4.00,2.75,1970.00,7213.00,1.00,0.00,0.00,3.00,8.00,1170.00,800.00,1977.00,0.00,98058.00,47.44,-122.13,1980.00,7045.00
7866000158.00,20141022T000000,320000.00,4.00,3.00,1820.00,3120.00,1.00,0.00,0.00,3.00,7.00,1000.00,820.00,1997.00,0.00,98118.00,47.55,-122.27,1600.00,5001.00
7518505345.00,20141229T000000,550000.00,2.00,1.00,950.00,4080.00,1.00,0.00,0.00,4.00,7.00,950.00,0.00,1924.00,0.00,98117.00,47.68,-122.38,1120.00,4080.00
8084900195.00,20141121T000000,1646000.00,6.00,3.50,4010.00,16200.00,1.00,0.00,0.00,3.00,8.00,2090.00,1920.00,1955.00,1990.00,98004.00,47.63,-122.22,3560.00,16200.00
4139420590.00,20140520T000000,1212500.00,4.00,3.50,4560.00,16643.00,1.00,0.00,3.00,3.00,12.00,2230.00,2330.00,1995.00,0.00,98006.00,47.55,-122.12,4060.00,15177.00
4139420590.00,20140827T000000,1200000.00,4.00,3.50,4560.00,16643.00,1.00,0.00,3.00,3.00,12.00,2230.00,2330.00,1995.00,0.00,98006.00,47.55,-122.12,4060.00,15177.00
2621600015.00,20150121T000000,120000.00,3.00,1.00,1150.00,8924.00,1.00,0.00,0.00,3.00,6.00,1150.00,0.00,1943.00,0.00,98030.00,47.39,-122.22,1492.00,8924.00
2621600015.00,20150430T000000,175000.00,3.00,1.00,1150.00,8924.00,1.00,0.00,0.00,3.00,6.00,1150.00,0.00,1943.00,0.00,98030.00,47.39,-122.22,1492.00,8924.00
8005100360.00,20140916T000000,169900.00,3.00,1.00,910.00,5800.00,1.50,0.00,0.00,4.00,5.00,910.00,0.00,1900.00,0.00,98022.00,47.21,-121.99,1400.00,6766.00
9527000330.00,20140811T000000,508000.00,6.00,2.75,2890.00,7500.00,1.00,0.00,0.00,4.00,8.00,1830.00,1060.00,1976.00,0.00,98034.00,47.71,-122.23,1880.00,7500.00
748000145.00,20141211T000000,335000.00,2.00,1.00,1070.00,6678.00,1.00,0.00,0.00,4.00,7.00,1070.00,0.00,1951.00,0.00,98133.00,47.73,-122.36,1680.00,7788.00
9191200015.00,20140910T000000,613200.00,3.00,2.75,2050.00,3320.00,1.50,0.00,0.00,4.00,7.00,1580.00,470.00,1927.00,0.00,98105.00,47.67,-122.30,1760.00,4150.00
1822300040.00,20140507T000000,420000.00,2.00,1.50,1040.00,3500.00,1.50,0.00,0.00,4.00,6.00,1040.00,0.00,1904.00,0.00,98144.00,47.59,-122.30,1340.00,1213.00
9129100040.00,20140825T000000,1000000.00,4.00,3.25,3320.00,8587.00,3.00,0.00,0.00,3.00,11.00,2950.00,370.00,2008.00,0.00,98103.00,47.69,-122.34,1860.00,5668.00
3331500940.00,20140617T000000,342000.00,2.00,1.00,740.00,6180.00,1.00,0.00,0.00,3.00,6.00,740.00,0.00,1948.00,0.00,98118.00,47.55,-122.27,1330.00,4635.00
524069101.00,20140723T000000,850000.00,4.00,2.00,3380.00,90968.00,1.00,0.00,0.00,4.00,9.00,1690.00,1690.00,1979.00,0.00,98075.00,47.59,-122.08,3380.00,42740.00
6021502310.00,20141218T000000,582000.00,2.00,1.75,1210.00,4141.00,1.00,0.00,0.00,4.00,7.00,910.00,300.00,1942.00,0.00,98117.00,47.69,-122.38,1310.00,4141.00
4022901316.00,20141031T000000,475000.00,3.00,2.50,2480.00,6031.00,2.00,0.00,0.00,3.00,8.00,2480.00,0.00,2001.00,0.00,98155.00,47.77,-122.30,1850.00,7704.00
23500180.00,20140505T000000,570000.00,3.00,2.25,2010.00,6000.00,1.00,0.00,0.00,3.00,8.00,1330.00,680.00,1975.00,0.00,98052.00,47.69,-122.12,2080.00,8260.00
9191200490.00,20150324T000000,826600.00,4.00,3.25,3230.00,5000.00,1.50,0.00,0.00,4.00,7.00,1750.00,1480.00,1916.00,0.00,98105.00,47.67,-122.30,1730.00,4000.00
1189000207.00,20141021T000000,387000.00,2.00,2.50,1170.00,1394.00,2.00,0.00,0.00,3.00,8.00,1170.00,0.00,2001.00,0.00,98122.00,47.61,-122.30,1250.00,3136.00
1771110720.00,20140521T000000,330000.00,3.00,1.00,1250.00,9126.00,1.00,0.00,0.00,3.00,7.00,1250.00,0.00,1969.00,0.00,98077.00,47.76,-122.08,1440.00,10620.00
224069010.00,20140725T000000,653450.00,3.00,2.50,2070.00,49658.00,1.00,0.00,0.00,4.00,8.00,1540.00,530.00,1980.00,0.00,98075.00,47.59,-122.01,2620.00,35160.00
3630060040.00,20140911T000000,285000.00,2.00,1.00,1050.00,3088.00,1.00,0.00,0.00,3.00,7.00,1050.00,0.00,2005.00,0.00,98029.00,47.55,-122.00,1890.00,2772.00
3211100450.00,20140814T000000,217000.00,3.00,1.00,1400.00,7800.00,1.00,0.00,0.00,3.00,7.00,1400.00,0.00,1962.00,0.00,98059.00,47.48,-122.16,1400.00,7800.00
1245003255.00,20150223T000000,615000.00,3.00,1.00,1120.00,12500.00,1.00,0.00,0.00,4.00,7.00,1120.00,0.00,1977.00,0.00,98033.00,47.68,-122.20,2380.00,10000.00
1438000110.00,20140603T000000,580135.00,4.00,2.50,3150.00,5886.00,2.00,0.00,0.00,3.00,8.00,3150.00,0.00,2014.00,0.00,98059.00,47.48,-122.12,2650.00,5886.00
8089500180.00,20140730T000000,1150000.00,4.00,3.50,4540.00,19767.00,2.00,0.00,0.00,3.00,11.00,4200.00,340.00,1998.00,0.00,98006.00,47.54,-122.14,3990.00,12881.00
6802200110.00,20141029T000000,231200.00,3.00,2.00,1400.00,8821.00,1.00,0.00,0.00,3.00,7.00,1400.00,0.00,1991.00,0.00,98022.00,47.19,-121.99,1450.00,8721.00
7203100120.00,20140616T000000,680000.00,4.00,2.75,2500.00,4950.00,2.00,0.00,0.00,3.00,8.00,2500.00,0.00,2010.00,0.00,98053.00,47.70,-122.02,2500.00,4950.00
3445400120.00,20140725T000000,267500.00,3.00,1.50,1390.00,2153.00,2.00,0.00,0.00,3.00,7.00,1390.00,0.00,2001.00,0.00,98118.00,47.55,-122.29,1100.00,2617.00
1454100650.00,20140804T000000,942000.00,4.00,2.75,3160.00,37200.00,2.00,0.00,3.00,3.00,8.00,2310.00,850.00,1939.00,0.00,98125.00,47.72,-122.29,3130.00,20000.00
106000015.00,20140619T000000,435000.00,3.00,1.75,1310.00,8065.00,1.00,0.00,0.00,4.00,6.00,1310.00,0.00,1948.00,0.00,98117.00,47.70,-122.37,1420.00,8100.00
9459200110.00,20140610T000000,315000.00,2.00,1.00,1740.00,3622.00,1.00,0.00,0.00,4.00,7.00,950.00,790.00,1924.00,0.00,98118.00,47.55,-122.29,1270.00,3800.00
3448000410.00,20140513T000000,354901.00,3.00,2.50,1490.00,1709.00,3.00,0.00,0.00,3.00,8.00,1490.00,0.00,2004.00,0.00,98125.00,47.72,-122.30,1364.00,1709.00
8682281220.00,20141014T000000,439888.00,2.00,2.00,1300.00,6515.00,1.00,0.00,0.00,3.00,8.00,1300.00,0.00,2005.00,0.00,98053.00,47.71,-122.01,1640.00,6009.00
2114700530.00,20150122T000000,360000.00,4.00,1.00,1460.00,3840.00,1.50,0.00,0.00,3.00,8.00,1340.00,120.00,1928.00,0.00,98106.00,47.53,-122.35,990.00,4200.00
8093600065.00,20141231T000000,205000.00,4.00,1.00,1030.00,6621.00,1.00,0.00,0.00,4.00,6.00,1030.00,0.00,1955.00,0.00,98055.00,47.49,-122.22,1420.00,6631.00
4137030040.00,20140612T000000,299995.00,3.00,2.50,1970.00,7500.00,2.00,0.00,0.00,3.00,8.00,1970.00,0.00,1988.00,0.00,98092.00,47.27,-122.22,1950.00,8220.00
5126900100.00,20140923T000000,150000.00,2.00,1.00,790.00,7275.00,1.00,0.00,0.00,4.00,6.00,790.00,0.00,1944.00,0.00,98058.00,47.48,-122.17,850.00,7399.00
5469501530.00,20140603T000000,575000.00,3.00,2.25,3800.00,33825.00,1.00,0.00,0.00,4.00,10.00,3330.00,470.00,1976.00,0.00,98042.00,47.38,-122.15,3470.00,14484.00
7784000180.00,20150505T000000,625000.00,3.00,2.00,2168.00,12616.00,2.00,0.00,1.00,4.00,7.00,2168.00,0.00,1950.00,0.00,98146.00,47.49,-122.37,2168.00,9750.00
7135520610.00,20140529T000000,950000.00,4.00,3.50,4140.00,13392.00,2.00,0.00,0.00,3.00,11.00,4140.00,0.00,2000.00,0.00,98059.00,47.53,-122.14,4140.00,11529.00
8856500120.00,20150210T000000,278800.00,4.00,2.50,2440.00,7797.00,1.00,0.00,0.00,3.00,8.00,1560.00,880.00,1965.00,0.00,98031.00,47.39,-122.22,2090.00,8100.00
5015000180.00,20141110T000000,713500.00,3.00,2.00,1720.00,4200.00,2.00,0.00,0.00,3.00,8.00,1720.00,0.00,1908.00,1992.00,98112.00,47.63,-122.30,1720.00,4200.00
3024059014.00,20150325T000000,1900000.00,4.00,2.25,3020.00,11489.00,1.50,1.00,3.00,5.00,10.00,2110.00,910.00,1916.00,1988.00,98040.00,47.54,-122.21,3890.00,11489.00
9268200348.00,20141028T000000,439000.00,5.00,2.00,2610.00,5009.00,1.00,0.00,0.00,3.00,7.00,1710.00,900.00,1988.00,0.00,98117.00,47.70,-122.37,1600.00,5040.00
9195700040.00,20140926T000000,425000.00,3.00,2.00,1500.00,8086.00,1.00,0.00,0.00,3.00,7.00,1060.00,440.00,1981.00,0.00,98027.00,47.56,-122.08,1550.00,8086.00
8798000100.00,20140825T000000,252500.00,4.00,2.50,2600.00,11280.00,1.50,0.00,0.00,3.00,7.00,1570.00,1030.00,1961.00,0.00,98003.00,47.34,-122.30,1660.00,11200.00
304000530.00,20140512T000000,185000.00,3.00,1.50,1370.00,8470.00,1.00,0.00,0.00,4.00,7.00,1370.00,0.00,1961.00,0.00,98092.00,47.29,-122.19,1710.00,8800.00
3575304895.00,20140923T000000,406550.00,5.00,2.75,2400.00,15781.00,1.00,0.00,0.00,4.00,7.00,1200.00,1200.00,1974.00,0.00,98074.00,47.62,-122.06,2390.00,7500.00
9406500540.00,20140630T000000,243000.00,2.00,1.50,1068.00,1758.00,2.00,0.00,0.00,3.00,7.00,1068.00,0.00,1990.00,0.00,98028.00,47.75,-122.24,1078.00,1315.00
6071800410.00,20141201T000000,500000.00,3.00,1.50,2220.00,8994.00,1.00,0.00,0.00,4.00,8.00,1110.00,1110.00,1962.00,0.00,98006.00,47.55,-122.17,2220.00,8994.00
2122049013.00,20150513T000000,204750.00,2.00,1.00,880.00,7575.00,1.00,0.00,0.00,4.00,7.00,880.00,0.00,1942.00,0.00,98198.00,47.38,-122.30,1800.00,7575.00
5470100220.00,20140909T000000,222000.00,3.00,1.50,1310.00,9273.00,1.00,0.00,0.00,4.00,7.00,1310.00,0.00,1968.00,0.00,98042.00,47.37,-122.15,1710.00,9600.00
6623400246.00,20140523T000000,200000.00,4.00,1.00,1350.00,11507.00,1.00,0.00,0.00,3.00,7.00,1350.00,0.00,1966.00,0.00,98055.00,47.43,-122.20,1320.00,25675.00
3918400028.00,20141021T000000,367000.00,3.00,2.25,1400.00,1320.00,3.00,0.00,2.00,3.00,8.00,1400.00,0.00,2006.00,0.00,98133.00,47.71,-122.36,1490.00,1449.00
1422700040.00,20150514T000000,183000.00,3.00,1.00,1170.00,7320.00,1.00,0.00,0.00,3.00,7.00,1170.00,0.00,1962.00,0.00,98188.00,47.47,-122.28,2040.00,7320.00
7660100336.00,20141210T000000,300000.00,3.00,2.50,1020.00,1570.00,2.00,0.00,0.00,3.00,7.00,720.00,300.00,2004.00,0.00,98144.00,47.59,-122.32,1470.00,1249.00
6145602240.00,20140819T000000,369000.00,3.00,1.75,1300.00,3844.00,1.00,0.00,0.00,3.00,7.00,1300.00,0.00,1985.00,0.00,98133.00,47.70,-122.36,1290.00,3844.00
7287100035.00,20140731T000000,380000.00,3.00,2.00,2010.00,16736.00,2.00,0.00,0.00,4.00,6.00,2010.00,0.00,1929.00,0.00,98133.00,47.76,-122.35,1890.00,11477.00
5101405465.00,20150203T000000,463000.00,3.00,2.00,1590.00,5009.00,2.00,0.00,0.00,4.00,6.00,1590.00,0.00,1985.00,0.00,98125.00,47.70,-122.32,1730.00,6380.00
3756500180.00,20141208T000000,475000.00,3.00,1.00,1470.00,9750.00,1.00,0.00,0.00,3.00,7.00,1470.00,0.00,1963.00,0.00,98034.00,47.72,-122.19,1300.00,9750.00
3750605620.00,20150324T000000,225000.00,3.00,1.75,1580.00,14400.00,1.00,0.00,0.00,4.00,7.00,1580.00,0.00,1981.00,0.00,98001.00,47.26,-122.28,1480.00,9600.00
2473350790.00,20150511T000000,371000.00,3.00,1.75,1970.00,9512.00,1.00,0.00,0.00,3.00,8.00,1970.00,0.00,1968.00,0.00,98058.00,47.45,-122.15,2250.00,10573.00
3389900965.00,20140827T000000,625000.00,3.00,2.50,2330.00,3141.00,2.00,0.00,0.00,3.00,8.00,2330.00,0.00,2003.00,0.00,98116.00,47.56,-122.39,1980.00,5265.00
1068000375.00,20140923T000000,3200000.00,6.00,5.00,7100.00,18200.00,2.50,0.00,0.00,3.00,13.00,5240.00,1860.00,1933.00,2002.00,98199.00,47.64,-122.41,3130.00,6477.00
9407100730.00,20150129T000000,329000.00,3.00,1.75,1230.00,10725.00,1.00,0.00,0.00,3.00,7.00,1230.00,0.00,1980.00,0.00,98045.00,47.44,-121.77,1250.00,10170.00
7618700112.00,20150210T000000,634000.00,3.00,1.75,2570.00,13000.00,2.00,0.00,0.00,4.00,7.00,2570.00,0.00,1962.00,0.00,98177.00,47.77,-122.37,2570.00,8521.00
5104540360.00,20141107T000000,616000.00,4.00,2.50,3440.00,6915.00,2.00,0.00,0.00,3.00,10.00,3440.00,0.00,2006.00,0.00,98038.00,47.35,-122.00,3200.00,6915.00
1051000040.00,20150424T000000,1824100.00,3.00,2.25,3330.00,20053.00,2.00,0.00,0.00,3.00,9.00,3330.00,0.00,1968.00,1998.00,98004.00,47.64,-122.21,2870.00,20053.00
2896400300.00,20150319T000000,435000.00,4.00,2.25,1780.00,2684.00,2.00,0.00,0.00,3.00,7.00,1780.00,0.00,2002.00,0.00,98072.00,47.76,-122.15,1670.00,2426.00
5003600120.00,20150415T000000,320000.00,4.00,2.50,2110.00,6295.00,2.00,0.00,0.00,3.00,8.00,2110.00,0.00,2000.00,0.00,98030.00,47.36,-122.19,2720.00,6311.00
6352600490.00,20150114T000000,820000.00,4.00,3.50,2770.00,8049.00,2.00,0.00,0.00,3.00,9.00,2770.00,0.00,2002.00,0.00,98074.00,47.65,-122.08,3410.00,7447.00
3820350120.00,20140822T000000,310000.00,3.00,2.50,1590.00,3359.00,2.00,0.00,0.00,3.00,7.00,1590.00,0.00,2000.00,0.00,98019.00,47.73,-121.99,1820.00,3383.00
4235400097.00,20141202T000000,443750.00,3.00,2.25,1460.00,968.00,2.00,0.00,0.00,3.00,7.00,1140.00,320.00,2003.00,0.00,98199.00,47.66,-122.40,1460.00,1531.00
2757000040.00,20140605T000000,795000.00,4.00,2.25,2070.00,13084.00,1.00,0.00,0.00,4.00,8.00,1700.00,370.00,1967.00,0.00,98040.00,47.56,-122.22,2520.00,10180.00
537000325.00,20141104T000000,475000.00,3.00,2.50,2420.00,36862.00,1.00,0.00,0.00,4.00,8.00,1530.00,890.00,1957.00,0.00,98003.00,47.33,-122.31,1670.00,9046.00
9522100485.00,20140515T000000,585000.00,5.00,1.75,2000.00,3750.00,2.00,0.00,0.00,4.00,7.00,2000.00,0.00,1921.00,0.00,98103.00,47.66,-122.36,1520.00,3750.00
345700040.00,20140729T000000,315000.00,2.00,1.00,1010.00,7338.00,2.00,0.00,0.00,4.00,7.00,1010.00,0.00,1981.00,0.00,98056.00,47.51,-122.19,1220.00,7719.00
3904960910.00,20140917T000000,635000.00,4.00,2.50,3050.00,7238.00,2.00,0.00,0.00,3.00,8.00,3050.00,0.00,1989.00,0.00,98029.00,47.58,-122.01,2580.00,7228.00
1771000690.00,20140528T000000,305000.00,3.00,1.00,1160.00,11776.00,1.00,0.00,0.00,3.00,7.00,1160.00,0.00,1968.00,0.00,98077.00,47.74,-122.07,1160.00,10050.00
1931300035.00,20140516T000000,785000.00,3.00,2.00,2180.00,5440.00,1.00,0.00,0.00,5.00,7.00,1100.00,1080.00,1904.00,0.00,98103.00,47.66,-122.35,1470.00,4109.00
2770601800.00,20141024T000000,525000.00,3.00,1.75,1560.00,6000.00,1.00,0.00,0.00,3.00,6.00,780.00,780.00,1944.00,0.00,98199.00,47.65,-122.38,1560.00,1734.00
5309100515.00,20150120T000000,537000.00,4.00,1.75,1580.00,3635.00,1.00,0.00,0.00,4.00,7.00,790.00,790.00,1910.00,0.00,98117.00,47.68,-122.37,1190.00,3638.00
984210850.00,20150217T000000,279950.00,3.00,1.75,1660.00,8303.00,1.00,0.00,0.00,3.00,7.00,1380.00,280.00,1974.00,0.00,98058.00,47.44,-122.17,1740.00,8320.00
924059233.00,20141208T000000,659000.00,4.00,2.00,2350.00,9329.00,2.00,0.00,0.00,3.00,8.00,2350.00,0.00,1977.00,0.00,98005.00,47.58,-122.17,1640.00,9403.00
5029451080.00,20140821T000000,203000.00,2.00,1.00,1440.00,6650.00,1.00,0.00,0.00,3.00,7.00,970.00,470.00,1980.00,0.00,98023.00,47.29,-122.37,1600.00,6847.00
4379400220.00,20140909T000000,782500.00,4.00,2.50,2930.00,7806.00,2.00,0.00,0.00,3.00,9.00,2930.00,0.00,2005.00,0.00,98074.00,47.62,-122.02,2600.00,6051.00
5419800220.00,20140610T000000,250000.00,3.00,1.75,1590.00,7560.00,1.00,0.00,0.00,3.00,7.00,1130.00,460.00,1984.00,0.00,98031.00,47.40,-122.18,1500.00,7560.00
1839500065.00,20140805T000000,279000.00,3.00,1.00,1400.00,9450.00,1.00,0.00,0.00,4.00,7.00,1060.00,340.00,1955.00,0.00,98056.00,47.51,-122.19,1400.00,8108.00
2525059172.00,20141125T000000,664000.00,6.00,2.50,3190.00,12196.00,2.00,0.00,0.00,4.00,8.00,3190.00,0.00,1979.00,0.00,98052.00,47.63,-122.10,2790.00,13068.00
7159200040.00,20140917T000000,2900000.00,4.00,3.25,4580.00,4838.00,2.00,0.00,3.00,4.00,11.00,3080.00,1500.00,1991.00,0.00,98109.00,47.63,-122.35,3540.00,6483.00
3812400107.00,20150330T000000,378500.00,4.00,2.00,1830.00,6000.00,1.00,0.00,0.00,5.00,7.00,1070.00,760.00,1953.00,0.00,98118.00,47.55,-122.28,1830.00,5500.00
2726079061.00,20140507T000000,535000.00,3.00,1.75,2720.00,149410.00,1.50,0.00,0.00,3.00,9.00,2720.00,0.00,1988.00,0.00,98014.00,47.71,-121.89,2560.00,149410.00
1270000040.00,20140716T000000,520000.00,2.00,1.00,1360.00,22508.00,1.00,0.00,0.00,3.00,7.00,1360.00,0.00,1932.00,0.00,98034.00,47.71,-122.23,2830.00,12600.00
2113700115.00,20150504T000000,369950.00,3.00,2.00,1520.00,4000.00,1.00,0.00,0.00,5.00,6.00,800.00,720.00,1943.00,0.00,98106.00,47.53,-122.35,1430.00,4000.00
824069113.00,20140924T000000,545000.00,3.00,2.25,2290.00,14585.00,2.00,0.00,0.00,3.00,8.00,2290.00,0.00,1981.00,0.00,98075.00,47.59,-122.07,1660.00,36961.00
8856920110.00,20150504T000000,360000.00,3.00,2.50,2150.00,14092.00,2.00,0.00,0.00,3.00,8.00,2150.00,0.00,1991.00,0.00,98058.00,47.46,-122.13,2400.00,10699.00
8146100410.00,20140805T000000,760000.00,3.00,1.50,1170.00,7645.00,1.00,0.00,0.00,4.00,7.00,1170.00,0.00,1955.00,0.00,98004.00,47.61,-122.19,1870.00,7678.00
5101400838.00,20140916T000000,450000.00,3.00,1.75,1830.00,5488.00,1.00,0.00,2.00,4.00,7.00,1010.00,820.00,1939.00,0.00,98115.00,47.69,-122.31,1200.00,5488.00
1088800850.00,20140502T000000,612500.00,4.00,2.50,2730.00,12261.00,2.00,0.00,0.00,3.00,9.00,2730.00,0.00,1991.00,0.00,98011.00,47.74,-122.21,2730.00,10872.00
1061400360.00,20140701T000000,280000.00,3.00,1.00,1090.00,10710.00,1.00,0.00,0.00,4.00,7.00,1090.00,0.00,1962.00,0.00,98056.00,47.50,-122.17,1090.00,10440.00
9545250110.00,20150414T000000,750000.00,3.00,2.50,2560.00,9182.00,2.00,0.00,0.00,3.00,9.00,2560.00,0.00,1993.00,0.00,98027.00,47.54,-122.05,2800.00,8784.00
425400115.00,20140715T000000,237000.00,3.00,1.00,1160.00,6132.00,1.00,0.00,0.00,4.00,7.00,1160.00,0.00,1958.00,0.00,98056.00,47.50,-122.17,1280.00,6132.00
2436700315.00,20141014T000000,441500.00,2.00,1.75,1010.00,4000.00,1.50,0.00,0.00,5.00,7.00,1010.00,0.00,1919.00,0.00,98105.00,47.67,-122.29,1470.00,4000.00
1545803520.00,20150126T000000,251000.00,3.00,2.00,1650.00,7930.00,1.00,0.00,0.00,4.00,7.00,1650.00,0.00,1989.00,0.00,98038.00,47.36,-122.05,1510.00,7930.00
257000037.00,20141229T000000,200000.00,3.00,1.00,2120.00,31564.00,1.00,0.00,0.00,3.00,7.00,1220.00,900.00,1942.00,0.00,98168.00,47.49,-122.30,1790.00,11571.00
5016000315.00,20140616T000000,332000.00,1.00,1.00,960.00,2640.00,1.00,0.00,0.00,3.00,7.00,760.00,200.00,1908.00,0.00,98112.00,47.62,-122.29,1620.00,3759.00
6300500477.00,20140826T000000,401500.00,3.00,2.50,1509.00,1114.00,3.00,0.00,0.00,3.00,8.00,1509.00,0.00,2014.00,0.00,98133.00,47.70,-122.34,1509.00,2431.00
4022905172.00,20140926T000000,585000.00,4.00,1.75,2270.00,27122.00,1.00,0.00,0.00,5.00,8.00,1300.00,970.00,1957.00,0.00,98155.00,47.76,-122.28,2380.00,11822.00
7300000650.00,20140702T000000,340000.00,4.00,2.50,1954.00,4805.00,2.00,0.00,0.00,3.00,8.00,1954.00,0.00,2005.00,0.00,98055.00,47.43,-122.19,1714.00,3259.00
8682282070.00,20150112T000000,920000.00,3.00,3.50,2800.00,7694.00,1.00,0.00,0.00,3.00,9.00,2800.00,0.00,2005.00,0.00,98053.00,47.71,-122.02,2420.00,7694.00
7812801115.00,20140613T000000,153000.00,3.00,1.00,1270.00,6405.00,1.50,0.00,0.00,3.00,6.00,1270.00,0.00,1944.00,0.00,98178.00,47.50,-122.24,1110.00,6405.00
9269750690.00,20150105T000000,299950.00,4.00,2.25,1810.00,7601.00,1.00,0.00,0.00,3.00,7.00,1080.00,730.00,1986.00,0.00,98023.00,47.29,-122.36,1570.00,7601.00
1402620120.00,20150512T000000,440000.00,4.00,2.50,2410.00,7517.00,2.00,0.00,0.00,3.00,8.00,2410.00,0.00,1983.00,0.00,98058.00,47.44,-122.14,2420.00,8095.00
3793501390.00,20140915T000000,293000.00,3.00,2.50,1690.00,17383.00,2.00,0.00,0.00,3.00,7.00,1690.00,0.00,2003.00,0.00,98038.00,47.37,-122.03,2610.00,7999.00
9282800065.00,20150329T000000,203000.00,3.00,1.75,1190.00,6000.00,1.00,0.00,0.00,3.00,7.00,1190.00,0.00,1952.00,2015.00,98178.00,47.50,-122.24,1200.00,6000.00
1921059310.00,20150320T000000,193000.00,2.00,1.75,1280.00,6774.00,1.00,0.00,0.00,3.00,7.00,1280.00,0.00,1991.00,0.00,98002.00,47.29,-122.22,1450.00,7810.00
109000040.00,20150316T000000,305000.00,3.00,1.75,1460.00,7862.00,1.00,0.00,0.00,3.00,7.00,1460.00,0.00,1965.00,0.00,98155.00,47.78,-122.30,2200.00,9293.00
5101405331.00,20140502T000000,495000.00,4.00,1.75,1600.00,6380.00,1.00,0.00,0.00,3.00,8.00,1130.00,470.00,1959.00,0.00,98125.00,47.70,-122.31,1090.00,6380.00
2044500142.00,20140902T000000,420000.00,3.00,1.75,1770.00,6000.00,1.00,0.00,0.00,3.00,7.00,1130.00,640.00,1952.00,0.00,98125.00,47.71,-122.32,1900.00,7200.00
1837010040.00,20140905T000000,569500.00,4.00,2.50,2800.00,8190.00,1.00,0.00,0.00,3.00,8.00,1700.00,1100.00,1971.00,0.00,98177.00,47.77,-122.37,2460.00,8165.00
3905000540.00,20140515T000000,620000.00,4.00,2.50,2680.00,9185.00,2.00,0.00,0.00,3.00,9.00,2680.00,0.00,1989.00,0.00,98029.00,47.57,-121.99,2810.00,8505.00
6071200375.00,20141211T000000,466000.00,3.00,1.75,1680.00,9460.00,1.00,0.00,0.00,4.00,7.00,1680.00,0.00,1959.00,0.00,98006.00,47.55,-122.18,1690.00,9448.00
3756500610.00,20150324T000000,355500.00,3.00,1.00,1120.00,10032.00,1.00,0.00,0.00,3.00,7.00,1120.00,0.00,1962.00,0.00,98034.00,47.72,-122.19,1210.00,9918.00
3885805035.00,20150508T000000,687500.00,2.00,1.00,1040.00,7200.00,1.00,0.00,0.00,4.00,6.00,1040.00,0.00,1955.00,0.00,98033.00,47.68,-122.20,1640.00,7200.00
7525100530.00,20150411T000000,432100.00,3.00,2.25,1790.00,2240.00,2.00,0.00,0.00,4.00,8.00,1790.00,0.00,1975.00,0.00,98052.00,47.63,-122.11,1780.00,2560.00
1324059048.00,20140721T000000,500000.00,3.00,2.50,2410.00,34848.00,1.50,0.00,0.00,3.00,8.00,2410.00,0.00,1976.00,0.00,98006.00,47.57,-122.12,2420.00,16424.00
3904921250.00,20141010T000000,690000.00,5.00,3.25,3370.00,7313.00,2.00,0.00,0.00,4.00,8.00,2140.00,1230.00,1988.00,0.00,98029.00,47.56,-122.02,2990.00,7806.00
3331500485.00,20150102T000000,350000.00,2.00,1.00,800.00,5150.00,1.00,0.00,0.00,4.00,6.00,800.00,0.00,1949.00,0.00,98118.00,47.55,-122.27,1280.00,5150.00
7338401759.00,20140610T000000,268000.00,2.00,1.00,1380.00,5000.00,1.00,0.00,0.00,3.00,7.00,870.00,510.00,1943.00,0.00,98108.00,47.53,-122.29,1450.00,5000.00
3122069029.00,20140619T000000,120000.00,2.00,1.00,990.00,39964.00,1.00,0.00,0.00,2.00,4.00,990.00,0.00,1945.00,0.00,98042.00,47.36,-122.09,1560.00,8990.00
3797310150.00,20150218T000000,285000.00,4.00,2.50,1800.00,9229.00,2.00,0.00,0.00,3.00,7.00,1800.00,0.00,1994.00,0.00,98022.00,47.19,-122.02,1970.00,9231.00
2205500540.00,20141008T000000,365000.00,4.00,1.50,1820.00,12327.00,1.00,0.00,0.00,4.00,7.00,1380.00,440.00,1955.00,0.00,98006.00,47.58,-122.14,1450.00,9256.00
7202310040.00,20150408T000000,635000.00,3.00,2.50,2620.00,6842.00,2.00,0.00,0.00,3.00,7.00,2620.00,0.00,2002.00,0.00,98053.00,47.68,-122.04,2280.00,4800.00
3630120330.00,20140708T000000,630000.00,2.00,2.50,2290.00,3507.00,2.00,0.00,0.00,3.00,9.00,2290.00,0.00,2005.00,0.00,98029.00,47.55,-122.00,2290.00,3640.00
4310700665.00,20150305T000000,450000.00,4.00,3.00,2200.00,4466.00,2.00,0.00,0.00,3.00,7.00,2200.00,0.00,1968.00,0.00,98103.00,47.70,-122.34,1780.00,2250.00
7504001080.00,20150304T000000,590000.00,4.00,2.50,2940.00,12600.00,1.00,0.00,0.00,4.00,8.00,1850.00,1090.00,1974.00,0.00,98074.00,47.63,-122.06,2030.00,11770.00
2021200770.00,20140909T000000,895000.00,2.00,1.75,1700.00,3618.00,1.00,0.00,1.00,3.00,8.00,1260.00,440.00,1950.00,0.00,98199.00,47.63,-122.40,2200.00,5000.00
2005600090.00,20140514T000000,160000.00,3.00,1.00,860.00,11900.00,1.00,0.00,0.00,4.00,6.00,860.00,0.00,1963.00,0.00,98030.00,47.36,-122.19,1660.00,10248.00
123000110.00,20140930T000000,520000.00,2.00,1.00,910.00,5000.00,1.00,0.00,0.00,3.00,7.00,910.00,0.00,1924.00,0.00,98107.00,47.67,-122.37,1050.00,5000.00
2473372170.00,20140806T000000,432000.00,4.00,3.25,2820.00,13059.00,2.00,0.00,0.00,4.00,8.00,2820.00,0.00,1976.00,0.00,98058.00,47.45,-122.13,2360.00,8600.00
7227500865.00,20140519T000000,141800.00,2.00,1.00,930.00,4743.00,1.00,0.00,0.00,4.00,5.00,930.00,0.00,1942.00,0.00,98056.00,47.50,-122.19,930.00,4779.00
510001280.00,20140714T000000,980000.00,4.00,2.00,2190.00,4560.00,2.50,0.00,0.00,5.00,8.00,2190.00,0.00,1910.00,0.00,98103.00,47.66,-122.33,2190.00,4560.00
3886903615.00,20150416T000000,1290000.00,4.00,2.50,3430.00,7200.00,2.00,0.00,0.00,3.00,9.00,3430.00,0.00,2014.00,0.00,98033.00,47.68,-122.20,1530.00,7800.00
439200035.00,20141117T000000,740000.00,4.00,2.75,2560.00,6900.00,1.00,0.00,0.00,3.00,8.00,1480.00,1080.00,1959.00,0.00,98115.00,47.69,-122.30,2600.00,7200.00
4303200184.00,20141010T000000,230000.00,2.00,1.00,770.00,6450.00,1.00,0.00,0.00,4.00,6.00,770.00,0.00,1948.00,0.00,98106.00,47.53,-122.36,780.00,6063.00
9362000040.00,20140623T000000,3400000.00,3.00,4.50,5230.00,17826.00,2.00,1.00,4.00,3.00,10.00,3740.00,1490.00,2005.00,0.00,98040.00,47.53,-122.24,3670.00,17826.00
4039701280.00,20150408T000000,954500.00,3.00,2.25,2440.00,9689.00,1.00,0.00,2.00,4.00,8.00,1830.00,610.00,1974.00,0.00,98008.00,47.61,-122.11,2730.00,9689.00
9828201202.00,20150316T000000,622000.00,3.00,1.50,1650.00,3150.00,1.50,0.00,0.00,4.00,8.00,1650.00,0.00,1929.00,0.00,98122.00,47.62,-122.30,1650.00,4500.00
2734100835.00,20150303T000000,90000.00,1.00,1.00,780.00,4000.00,1.00,0.00,0.00,3.00,5.00,780.00,0.00,1905.00,0.00,98108.00,47.54,-122.32,1150.00,4000.00
6749700110.00,20141029T000000,342000.00,3.00,3.00,1260.00,1634.00,3.00,0.00,0.00,3.00,8.00,1260.00,0.00,1998.00,0.00,98103.00,47.70,-122.35,1260.00,1135.00
3832060940.00,20140729T000000,305000.00,4.00,2.50,2320.00,4683.00,2.00,0.00,0.00,3.00,7.00,2320.00,0.00,2007.00,0.00,98042.00,47.33,-122.06,2230.00,5750.00
2214800110.00,20140820T000000,259900.00,4.00,2.75,1560.00,8820.00,1.00,0.00,3.00,3.00,7.00,1060.00,500.00,1979.00,0.00,98001.00,47.34,-122.26,2140.00,7800.00
1909600115.00,20140827T000000,420000.00,3.00,2.00,2330.00,6346.00,1.50,0.00,0.00,3.00,6.00,1600.00,730.00,1934.00,2014.00,98146.00,47.51,-122.38,1380.00,8400.00
40000553.00,20150304T000000,250000.00,2.00,1.00,1400.00,19570.00,1.50,0.00,0.00,3.00,6.00,1100.00,300.00,1929.00,0.00,98168.00,47.47,-122.27,2250.00,6500.00
7686203195.00,20150323T000000,249950.00,3.00,1.50,1450.00,6875.00,1.00,0.00,0.00,4.00,7.00,1450.00,0.00,1961.00,0.00,98198.00,47.42,-122.32,1270.00,8000.00
2923059064.00,20150217T000000,199000.00,2.00,1.00,1140.00,15120.00,1.00,0.00,0.00,4.00,6.00,990.00,150.00,1932.00,0.00,98055.00,47.45,-122.20,2320.00,11250.00
2895600090.00,20150407T000000,355200.00,3.00,1.00,1120.00,7320.00,1.00,0.00,0.00,4.00,7.00,1120.00,0.00,1954.00,0.00,98146.00,47.51,-122.38,1410.00,6328.00
4019301386.00,20140909T000000,425000.00,3.00,1.50,1970.00,13709.00,1.00,0.00,0.00,4.00,7.00,1680.00,290.00,1955.00,0.00,98155.00,47.76,-122.28,2200.00,16536.00
7199360100.00,20141112T000000,379500.00,3.00,1.00,1110.00,7128.00,1.00,0.00,0.00,3.00,7.00,1110.00,0.00,1980.00,0.00,98052.00,47.70,-122.12,1510.00,7107.00
1241500032.00,20140819T000000,860000.00,4.00,2.50,3070.00,6923.00,2.00,0.00,0.00,3.00,9.00,3070.00,0.00,2009.00,0.00,98033.00,47.67,-122.17,2190.00,9218.00
9558020610.00,20140512T000000,335000.00,3.00,2.50,1940.00,4927.00,2.00,0.00,0.00,3.00,8.00,1940.00,0.00,2004.00,0.00,98058.00,47.45,-122.12,2070.00,4892.00
2050100450.00,20141105T000000,865000.00,3.00,2.50,3050.00,12558.00,2.00,0.00,0.00,3.00,10.00,3050.00,0.00,1997.00,0.00,98074.00,47.65,-122.09,3543.00,12558.00
1250200600.00,20150408T000000,390000.00,3.00,1.00,1240.00,3600.00,1.50,0.00,0.00,3.00,7.00,1240.00,0.00,1902.00,0.00,98144.00,47.60,-122.30,1680.00,3600.00
9325200110.00,20140909T000000,569950.00,5.00,4.25,3380.00,7805.00,2.00,0.00,0.00,3.00,8.00,3380.00,0.00,2014.00,0.00,98148.00,47.43,-122.33,2790.00,7805.00
293850040.00,20150205T000000,495500.00,3.00,2.50,3190.00,7828.00,2.00,0.00,0.00,3.00,9.00,3190.00,0.00,2006.00,0.00,98059.00,47.50,-122.14,2970.00,7828.00
3723800097.00,20141211T000000,476500.00,4.00,1.75,1670.00,10200.00,1.00,0.00,0.00,3.00,7.00,1390.00,280.00,1953.00,0.00,98118.00,47.55,-122.27,1720.00,6860.00
7788400180.00,20140812T000000,261000.00,3.00,1.00,1660.00,11200.00,1.00,0.00,0.00,3.00,7.00,1660.00,0.00,1957.00,0.00,98056.00,47.51,-122.17,1380.00,10875.00
2206700215.00,20140822T000000,375000.00,4.00,2.00,2070.00,9822.00,1.00,0.00,0.00,5.00,7.00,2070.00,0.00,1955.00,0.00,98006.00,47.57,-122.14,1300.00,9572.00
2206700215.00,20150422T000000,550000.00,4.00,2.00,2070.00,9822.00,1.00,0.00,0.00,5.00,7.00,2070.00,0.00,1955.00,0.00,98006.00,47.57,-122.14,1300.00,9572.00
603001050.00,20140723T000000,230000.00,2.00,1.00,1430.00,4000.00,1.00,0.00,0.00,3.00,7.00,930.00,500.00,1949.00,0.00,98118.00,47.52,-122.28,1110.00,4000.00
3583400120.00,20150204T000000,526750.00,5.00,2.50,2270.00,10700.00,1.00,0.00,0.00,4.00,8.00,1570.00,700.00,1963.00,0.00,98028.00,47.74,-122.26,2020.00,10230.00
3886903155.00,20150304T000000,606000.00,3.00,2.00,1980.00,7680.00,1.50,0.00,0.00,4.00,6.00,1070.00,910.00,1911.00,0.00,98033.00,47.68,-122.20,1330.00,8704.00
9485910100.00,20150424T000000,368500.00,4.00,2.75,2500.00,26400.00,1.00,0.00,0.00,3.00,8.00,1780.00,720.00,1977.00,0.00,98031.00,47.34,-122.08,2180.00,31900.00
3223039089.00,20140929T000000,275000.00,3.00,1.00,1230.00,171190.00,1.00,0.00,0.00,3.00,7.00,1230.00,0.00,1973.00,0.00,98070.00,47.44,-122.46,1550.00,15450.00
2596300035.00,20150422T000000,342000.00,4.00,1.00,1390.00,9023.00,1.50,0.00,0.00,3.00,7.00,1390.00,0.00,1955.00,0.00,98155.00,47.78,-122.30,1760.00,9023.00
9542801120.00,20150327T000000,278100.00,4.00,1.75,2120.00,8520.00,1.00,0.00,0.00,3.00,7.00,1600.00,520.00,1978.00,0.00,98023.00,47.30,-122.37,2160.00,8400.00
8150600195.00,20141028T000000,450000.00,4.00,2.75,1540.00,4840.00,1.00,0.00,2.00,4.00,7.00,850.00,690.00,1929.00,0.00,98126.00,47.55,-122.38,1180.00,4840.00
6806100040.00,20140825T000000,349950.00,4.00,2.50,2000.00,5006.00,2.00,0.00,0.00,3.00,7.00,2000.00,0.00,2005.00,0.00,98058.00,47.47,-122.15,2410.00,4889.00
8857640040.00,20150410T000000,425000.00,4.00,2.50,2400.00,6053.00,2.00,0.00,0.00,3.00,8.00,2400.00,0.00,2001.00,0.00,98038.00,47.39,-122.03,2460.00,6519.00
2138000120.00,20140626T000000,435000.00,4.00,2.75,2110.00,8751.00,1.00,0.00,0.00,3.00,7.00,1510.00,600.00,1962.00,0.00,98011.00,47.76,-122.22,1660.00,10295.00
4022902260.00,20140626T000000,460000.00,4.00,2.50,2550.00,19017.00,1.00,0.00,0.00,4.00,7.00,1300.00,1250.00,1961.00,0.00,98155.00,47.77,-122.28,2080.00,21100.00
2225300149.00,20141222T000000,323000.00,4.00,1.75,1440.00,8114.00,1.00,0.00,0.00,4.00,7.00,1440.00,0.00,1963.00,0.00,98155.00,47.76,-122.33,1940.00,7208.00
3438500880.00,20150430T000000,325000.00,2.00,1.00,810.00,6827.00,1.00,0.00,0.00,3.00,6.00,810.00,0.00,1944.00,0.00,98106.00,47.55,-122.36,990.00,6827.00
1646502165.00,20140813T000000,480000.00,2.00,1.75,1170.00,4635.00,1.00,0.00,0.00,4.00,6.00,690.00,480.00,1924.00,0.00,98117.00,47.68,-122.36,1240.00,4120.00
9541600110.00,20150430T000000,1325000.00,3.00,2.50,3590.00,8400.00,1.00,0.00,0.00,3.00,9.00,2950.00,640.00,1958.00,2007.00,98005.00,47.60,-122.17,1620.00,7875.00
3348401095.00,20150427T000000,210000.00,4.00,1.75,2090.00,6485.00,1.00,0.00,0.00,3.00,7.00,1280.00,810.00,1956.00,0.00,98178.00,47.50,-122.27,2190.00,9600.00
7579200915.00,20150401T000000,920000.00,5.00,4.50,3820.00,5750.00,2.00,0.00,3.00,3.00,9.00,2830.00,990.00,2000.00,0.00,98116.00,47.56,-122.39,1750.00,5750.00
2126049096.00,20141202T000000,399000.00,3.00,1.00,1460.00,8290.00,1.00,0.00,0.00,3.00,8.00,1460.00,0.00,1959.00,0.00,98125.00,47.72,-122.30,1470.00,8290.00
6021500025.00,20140818T000000,631750.00,3.00,1.75,2360.00,4063.00,1.00,0.00,0.00,5.00,7.00,1180.00,1180.00,1940.00,0.00,98117.00,47.69,-122.38,1660.00,4063.00
8945000910.00,20150326T000000,184000.00,3.00,1.00,1100.00,8680.00,1.00,0.00,0.00,3.00,6.00,1100.00,0.00,1962.00,0.00,98023.00,47.31,-122.36,1100.00,9220.00
2473411130.00,20150416T000000,333000.00,4.00,2.50,2100.00,7208.00,2.00,0.00,0.00,3.00,8.00,2100.00,0.00,1974.00,0.00,98058.00,47.45,-122.13,2060.00,7480.00
2781250900.00,20140620T000000,218000.00,2.00,2.00,1310.00,2841.00,2.00,0.00,0.00,3.00,6.00,1310.00,0.00,2004.00,0.00,98038.00,47.35,-122.02,1360.00,2550.00
3330500925.00,20150224T000000,258305.00,2.00,1.50,750.00,2964.00,1.00,0.00,0.00,5.00,5.00,750.00,0.00,1919.00,0.00,98118.00,47.55,-122.28,1350.00,3090.00
9522100375.00,20140715T000000,775000.00,5.00,1.50,1720.00,5000.00,1.50,0.00,0.00,3.00,8.00,1720.00,0.00,1915.00,0.00,98103.00,47.66,-122.36,1720.00,5000.00
1826049362.00,20140611T000000,515000.00,3.00,2.50,3370.00,19585.00,2.00,0.00,0.00,3.00,7.00,3200.00,170.00,1951.00,0.00,98133.00,47.74,-122.34,1730.00,9430.00
1250200495.00,20140624T000000,455000.00,2.00,1.50,1200.00,1259.00,2.00,0.00,0.00,3.00,8.00,1000.00,200.00,2015.00,0.00,98144.00,47.60,-122.30,1320.00,1852.00
5662100110.00,20150218T000000,440000.00,3.00,2.50,1830.00,6807.00,2.50,0.00,0.00,5.00,7.00,1830.00,0.00,1954.00,0.00,98155.00,47.76,-122.32,1340.00,6807.00
2025049111.00,20140619T000000,1440000.00,3.00,3.50,3870.00,3819.00,2.00,0.00,0.00,3.00,11.00,2760.00,1110.00,2002.00,0.00,98102.00,47.65,-122.32,2530.00,5500.00
7576700131.00,20140714T000000,850000.00,3.00,2.25,2220.00,3707.00,2.00,0.00,0.00,4.00,8.00,1620.00,600.00,1919.00,0.00,98122.00,47.62,-122.29,2030.00,4850.00
4027701265.00,20150501T000000,480000.00,3.00,1.75,2920.00,21375.00,1.00,0.00,0.00,3.00,8.00,1850.00,1070.00,1961.00,0.00,98028.00,47.77,-122.27,1540.00,8482.00
3423059177.00,20141126T000000,420000.00,5.00,2.75,2540.00,27007.00,1.00,0.00,0.00,3.00,8.00,1520.00,1020.00,1980.00,2014.00,98058.00,47.43,-122.16,1800.00,26572.00
3876312840.00,20140912T000000,408000.00,3.00,1.75,1970.00,7100.00,1.00,0.00,0.00,3.00,7.00,1590.00,380.00,1976.00,0.00,98072.00,47.74,-122.17,1790.00,7455.00
6928600330.00,20140820T000000,278000.00,5.00,1.75,2170.00,9752.00,1.00,0.00,0.00,3.00,7.00,1100.00,1070.00,1962.00,0.00,98003.00,47.34,-122.33,1810.00,10609.00
5316100820.00,20150122T000000,1195000.00,3.00,3.00,2350.00,1620.00,2.00,0.00,0.00,3.00,9.00,1560.00,790.00,2001.00,0.00,98112.00,47.63,-122.28,2000.00,4380.00
1022059161.00,20140613T000000,454000.00,4.00,2.25,2630.00,39000.00,2.00,0.00,0.00,3.00,9.00,2630.00,0.00,1979.00,0.00,98042.00,47.41,-122.15,2270.00,66647.00
4134300175.00,20150417T000000,1851000.00,4.00,2.50,4120.00,14866.00,1.00,1.00,4.00,3.00,8.00,2070.00,2050.00,1965.00,0.00,98006.00,47.56,-122.19,3620.00,19729.00
7853301130.00,20150505T000000,499000.00,4.00,2.25,2440.00,5000.00,2.00,0.00,0.00,3.00,7.00,2440.00,0.00,2007.00,0.00,98065.00,47.54,-121.89,2440.00,5212.00
6928000620.00,20150218T000000,590000.00,5.00,3.00,3480.00,6625.00,2.00,0.00,0.00,3.00,8.00,3480.00,0.00,2012.00,0.00,98059.00,47.48,-122.15,2800.00,9400.00
5680000750.00,20140730T000000,385000.00,3.00,3.50,1900.00,4805.00,2.00,0.00,0.00,3.00,8.00,1560.00,340.00,1999.00,0.00,98108.00,47.57,-122.32,1360.00,4800.00
333100265.00,20140924T000000,1250000.00,4.00,3.25,3160.00,10043.00,2.00,0.00,2.00,3.00,9.00,3160.00,0.00,2011.00,0.00,98034.00,47.70,-122.24,3450.00,10043.00
3530490031.00,20140924T000000,202200.00,2.00,1.75,1330.00,2159.00,1.00,0.00,0.00,4.00,8.00,1330.00,0.00,1979.00,0.00,98198.00,47.38,-122.32,1220.00,3679.00
6400700230.00,20150311T000000,450000.00,3.00,2.25,1420.00,13468.00,1.00,0.00,0.00,3.00,7.00,960.00,460.00,1976.00,0.00,98033.00,47.67,-122.18,1480.00,10980.00
322069010.00,20150508T000000,435000.00,3.00,2.00,2570.00,233481.00,1.50,0.00,0.00,4.00,8.00,2570.00,0.00,1986.00,0.00,98038.00,47.42,-122.03,2280.00,157687.00
2722059013.00,20150204T000000,550000.00,2.00,1.00,1270.00,43560.00,1.00,0.00,0.00,4.00,5.00,1270.00,0.00,1908.00,0.00,98042.00,47.37,-122.17,1870.00,6960.00
3878900815.00,20150504T000000,361000.00,3.00,2.25,2470.00,5650.00,1.00,0.00,2.00,3.00,7.00,1550.00,920.00,1973.00,0.00,98178.00,47.51,-122.25,1660.00,5650.00
2600010330.00,20150120T000000,760000.00,4.00,2.25,2590.00,12600.00,2.00,0.00,0.00,3.00,9.00,2590.00,0.00,1979.00,0.00,98006.00,47.56,-122.16,2620.00,11050.00
3889100027.00,20140616T000000,902000.00,4.00,2.50,3030.00,8507.00,2.00,0.00,0.00,3.00,9.00,3030.00,0.00,2003.00,0.00,98033.00,47.67,-122.18,2570.00,8830.00
3505100297.00,20150411T000000,505000.00,3.00,1.75,1240.00,4550.00,1.50,0.00,0.00,4.00,7.00,1240.00,0.00,1951.00,0.00,98116.00,47.58,-122.40,2110.00,5700.00
5560001130.00,20150225T000000,200000.00,3.00,1.00,1040.00,8925.00,1.00,0.00,0.00,4.00,6.00,1040.00,0.00,1961.00,0.00,98023.00,47.33,-122.34,1040.00,8925.00
1311910300.00,20150204T000000,260000.00,5.00,2.25,2320.00,6375.00,1.00,0.00,0.00,4.00,7.00,1270.00,1050.00,1967.00,0.00,98001.00,47.34,-122.28,1760.00,7600.00
7518505160.00,20140925T000000,417000.00,2.00,1.00,1190.00,5100.00,1.50,0.00,0.00,2.00,7.00,1190.00,0.00,1928.00,0.00,98117.00,47.68,-122.38,1920.00,5100.00
2115510330.00,20150202T000000,287500.00,3.00,2.25,2030.00,8690.00,1.00,0.00,0.00,4.00,8.00,1360.00,670.00,1986.00,0.00,98023.00,47.32,-122.39,1720.00,8800.00
3955500100.00,20150407T000000,450000.00,3.00,1.50,1390.00,10530.00,1.00,0.00,0.00,3.00,7.00,1390.00,0.00,1961.00,0.00,98033.00,47.70,-122.20,1750.00,10530.00
2771104965.00,20150130T000000,825000.00,2.00,1.75,2050.00,4000.00,1.50,0.00,2.00,3.00,8.00,2050.00,0.00,1979.00,0.00,98119.00,47.64,-122.37,1940.00,4000.00
5317100530.00,20140827T000000,1475000.00,4.00,3.00,3050.00,6179.00,2.00,0.00,0.00,4.00,9.00,2330.00,720.00,1926.00,0.00,98112.00,47.63,-122.28,3020.00,6505.00
3336002215.00,20150225T000000,319950.00,2.00,1.00,1240.00,5500.00,1.50,0.00,0.00,3.00,6.00,1240.00,0.00,1921.00,0.00,98118.00,47.53,-122.26,1520.00,5500.00
9408300180.00,20140828T000000,682000.00,4.00,2.50,3030.00,30000.00,2.00,0.00,0.00,4.00,9.00,3030.00,0.00,1981.00,0.00,98072.00,47.75,-122.11,2600.00,34932.00
2770604575.00,20150506T000000,560000.00,3.00,1.75,1930.00,6000.00,1.00,0.00,0.00,3.00,8.00,1130.00,800.00,1956.00,0.00,98119.00,47.65,-122.38,1870.00,6000.00
7305900082.00,20141230T000000,350000.00,3.00,1.75,1490.00,10344.00,1.00,0.00,0.00,3.00,7.00,1490.00,0.00,1985.00,0.00,98155.00,47.75,-122.33,1450.00,8632.00
8661000148.00,20141028T000000,270000.00,3.00,2.00,1510.00,10215.00,1.00,0.00,0.00,4.00,7.00,1510.00,0.00,1995.00,0.00,98022.00,47.21,-122.00,1370.00,8902.00
7968460230.00,20150305T000000,284000.00,3.00,1.75,1320.00,35100.00,1.00,0.00,0.00,3.00,7.00,1320.00,0.00,1990.00,0.00,98092.00,47.31,-122.13,1660.00,35100.00
827000110.00,20140714T000000,308000.00,4.00,2.50,2330.00,4606.00,2.00,0.00,0.00,3.00,8.00,2330.00,0.00,2004.00,0.00,98031.00,47.39,-122.18,2330.00,5783.00
3390600025.00,20140529T000000,450000.00,4.00,2.00,2240.00,7725.00,1.00,0.00,0.00,5.00,7.00,1120.00,1120.00,1956.00,0.00,98106.00,47.53,-122.37,1340.00,6300.00
1026069172.00,20140618T000000,540000.00,4.00,2.50,2050.00,34222.00,2.00,0.00,0.00,4.00,8.00,2050.00,0.00,1989.00,0.00,98077.00,47.76,-122.02,2240.00,51400.00
1226039103.00,20140610T000000,380000.00,4.00,1.50,1680.00,11123.00,1.00,0.00,0.00,3.00,7.00,1130.00,550.00,1959.00,0.00,98177.00,47.76,-122.36,1770.00,10103.00
2125079054.00,20150224T000000,522500.00,4.00,2.75,2200.00,122403.00,1.50,0.00,0.00,3.00,7.00,2200.00,0.00,1971.00,0.00,98014.00,47.63,-121.91,1710.00,74487.00
1545807810.00,20141021T000000,118000.00,1.00,1.00,670.00,7957.00,1.00,0.00,0.00,4.00,6.00,670.00,0.00,1978.00,0.00,98038.00,47.36,-122.06,1600.00,7957.00
7205500120.00,20150423T000000,280400.00,4.00,1.75,1730.00,7210.00,1.00,0.00,0.00,4.00,7.00,1010.00,720.00,1968.00,0.00,98003.00,47.35,-122.32,1620.00,7210.00
924069176.00,20140903T000000,710000.00,4.00,2.75,2710.00,41811.00,1.50,0.00,0.00,4.00,8.00,1690.00,1020.00,1995.00,0.00,98075.00,47.58,-122.05,2110.00,35656.00
4045500620.00,20140910T000000,720000.00,3.00,3.25,3410.00,25741.00,2.00,0.00,0.00,4.00,8.00,3410.00,0.00,1993.00,0.00,98014.00,47.69,-121.87,1660.00,25865.00
8146100325.00,20140505T000000,787000.00,3.00,1.75,1330.00,7500.00,1.00,0.00,0.00,3.00,8.00,1330.00,0.00,1961.00,0.00,98004.00,47.61,-122.20,1690.00,7800.00
8663240180.00,20150330T000000,537000.00,4.00,2.50,1990.00,2660.00,2.00,0.00,0.00,3.00,8.00,1990.00,0.00,2012.00,0.00,98034.00,47.73,-122.18,1990.00,2665.00
2087700115.00,20141103T000000,650000.00,2.00,1.50,1900.00,4450.00,1.00,0.00,0.00,5.00,7.00,1500.00,400.00,1916.00,0.00,98144.00,47.58,-122.29,2130.00,5000.00
7973202225.00,20150106T000000,154200.00,4.00,1.00,1310.00,8640.00,1.00,0.00,0.00,3.00,6.00,910.00,400.00,1948.00,0.00,98146.00,47.51,-122.34,1310.00,8640.00
2557000090.00,20150115T000000,238000.00,4.00,2.50,1690.00,7260.00,1.00,0.00,0.00,3.00,7.00,1080.00,610.00,1979.00,0.00,98023.00,47.30,-122.37,1690.00,7700.00
3500100209.00,20140804T000000,285650.00,3.00,1.00,1040.00,8199.00,1.00,0.00,0.00,3.00,7.00,1040.00,0.00,1953.00,0.00,98155.00,47.73,-122.30,1420.00,8200.00
7234601166.00,20140807T000000,485500.00,2.00,1.50,1340.00,1286.00,2.00,0.00,0.00,3.00,8.00,1190.00,150.00,2006.00,0.00,98122.00,47.62,-122.31,1460.00,1245.00
3972900215.00,20150126T000000,315000.00,2.00,1.00,1120.00,7350.00,1.00,0.00,0.00,3.00,7.00,1120.00,0.00,1942.00,0.00,98155.00,47.76,-122.31,1320.00,7545.00
1924059029.00,20140617T000000,4668000.00,5.00,6.75,9640.00,13068.00,1.00,1.00,4.00,3.00,12.00,4820.00,4820.00,1983.00,2009.00,98040.00,47.56,-122.21,3270.00,10454.00
3900500110.00,20141117T000000,627000.00,3.00,2.00,2310.00,10525.00,2.00,0.00,0.00,5.00,7.00,2310.00,0.00,1965.00,0.00,98033.00,47.67,-122.17,1430.00,10523.00
5561000600.00,20150410T000000,525000.00,3.00,2.50,2190.00,34528.00,2.00,0.00,0.00,3.00,8.00,2190.00,0.00,1994.00,0.00,98027.00,47.46,-121.99,2460.00,37901.00
3589500315.00,20140919T000000,526000.00,3.00,3.25,1220.00,1281.00,2.00,0.00,0.00,3.00,8.00,930.00,290.00,2014.00,0.00,98105.00,47.67,-122.32,1303.00,3810.00
3658700690.00,20150327T000000,480000.00,3.00,1.50,1200.00,3060.00,1.00,0.00,0.00,4.00,7.00,1060.00,140.00,1910.00,0.00,98115.00,47.68,-122.32,1410.00,3060.00
4054560120.00,20141008T000000,970000.00,3.00,3.50,3840.00,53696.00,2.00,0.00,0.00,3.00,9.00,3840.00,0.00,1996.00,0.00,98077.00,47.73,-122.04,3810.00,35181.00
3918400123.00,20140811T000000,640000.00,4.00,2.50,2460.00,9973.00,1.00,0.00,0.00,4.00,8.00,1560.00,900.00,1965.00,0.00,98177.00,47.71,-122.36,1830.00,7200.00
2592300450.00,20140627T000000,279000.00,3.00,2.50,1630.00,7950.00,1.00,0.00,0.00,3.00,8.00,1320.00,310.00,1985.00,0.00,98042.00,47.42,-122.16,1650.00,7952.00
123039424.00,20140710T000000,303000.00,2.00,2.00,970.00,9750.00,1.00,0.00,0.00,5.00,6.00,970.00,0.00,1940.00,0.00,98146.00,47.51,-122.37,1850.00,9000.00
8068000730.00,20140625T000000,315000.00,4.00,2.00,1780.00,5336.00,1.50,0.00,0.00,5.00,6.00,930.00,850.00,1918.00,0.00,98178.00,47.51,-122.26,1910.00,10304.00
7461420230.00,20150325T000000,336500.00,4.00,1.75,1760.00,7268.00,1.00,0.00,0.00,4.00,7.00,1080.00,680.00,1979.00,0.00,98058.00,47.43,-122.15,1830.00,8786.00
1443501020.00,20141113T000000,163250.00,2.00,1.00,770.00,8150.00,1.00,0.00,0.00,3.00,6.00,770.00,0.00,1951.00,0.00,98118.00,47.53,-122.28,1140.00,8550.00
3798000165.00,20150218T000000,444950.00,3.00,1.00,1760.00,6927.00,1.00,0.00,0.00,3.00,7.00,1050.00,710.00,1962.00,0.00,98011.00,47.76,-122.20,2060.00,9120.00
730000085.00,20140801T000000,285000.00,2.00,1.00,990.00,2446.00,2.00,0.00,0.00,3.00,7.00,990.00,0.00,1998.00,0.00,98144.00,47.59,-122.30,1260.00,2805.00
2061100265.00,20150317T000000,370000.00,2.00,1.00,1250.00,4960.00,1.00,0.00,0.00,3.00,7.00,940.00,310.00,1938.00,0.00,98115.00,47.69,-122.33,2030.00,7440.00
1683900040.00,20141215T000000,330000.00,3.00,2.25,1440.00,5150.00,2.00,0.00,0.00,3.00,7.00,1440.00,0.00,1997.00,0.00,98106.00,47.55,-122.36,1530.00,5238.00
3959401880.00,20140820T000000,395000.00,2.00,2.00,1960.00,4018.00,1.00,0.00,0.00,5.00,7.00,980.00,980.00,1950.00,0.00,98108.00,47.56,-122.32,1240.00,4641.00
2124049160.00,20150416T000000,440000.00,6.00,3.00,2510.00,5310.00,1.00,0.00,0.00,4.00,7.00,1460.00,1050.00,1944.00,0.00,98108.00,47.55,-122.30,1390.00,5407.00
7708180040.00,20140503T000000,625000.00,4.00,2.75,2920.00,6605.00,2.00,0.00,0.00,3.00,8.00,2920.00,0.00,2012.00,0.00,98059.00,47.49,-122.14,3030.00,6605.00
1422300100.00,20140929T000000,435000.00,3.00,2.50,1730.00,46638.00,2.00,0.00,0.00,3.00,8.00,1730.00,0.00,1991.00,0.00,98045.00,47.46,-121.71,1750.00,35508.00
255550230.00,20141118T000000,299950.00,3.00,2.50,1570.00,2577.00,2.00,0.00,0.00,3.00,7.00,1570.00,0.00,2005.00,0.00,98019.00,47.75,-121.98,1970.00,2952.00
1370804480.00,20140929T000000,560000.00,2.00,1.75,970.00,4233.00,1.00,0.00,0.00,4.00,7.00,970.00,0.00,1944.00,0.00,98199.00,47.64,-122.40,1340.00,4233.00
5104511590.00,20140520T000000,380000.00,4.00,3.00,2800.00,9764.00,2.00,0.00,0.00,3.00,8.00,2800.00,0.00,2002.00,0.00,98038.00,47.35,-122.01,3610.00,8194.00
1498302783.00,20140519T000000,333000.00,4.00,2.00,1580.00,7800.00,2.00,0.00,0.00,2.00,6.00,1580.00,0.00,1906.00,0.00,98144.00,47.58,-122.30,1190.00,4440.00
1623800300.00,20140610T000000,499000.00,2.00,1.00,1220.00,3000.00,1.00,0.00,0.00,3.00,7.00,920.00,300.00,1926.00,0.00,98117.00,47.68,-122.37,1270.00,3000.00
5649600266.00,20150224T000000,386000.00,3.00,1.50,1550.00,8000.00,1.00,0.00,0.00,3.00,6.00,1330.00,220.00,1980.00,0.00,98118.00,47.55,-122.29,1150.00,5150.00
2968801075.00,20140922T000000,320600.00,3.00,2.00,1220.00,7620.00,1.00,0.00,0.00,3.00,6.00,720.00,500.00,1947.00,2014.00,98166.00,47.46,-122.35,1640.00,7620.00
1923039089.00,20140610T000000,285000.00,2.00,2.00,1651.00,18200.00,1.00,0.00,0.00,3.00,6.00,1651.00,0.00,1946.00,0.00,98070.00,47.46,-122.46,1510.00,89595.00
4006000183.00,20140909T000000,450000.00,7.00,4.00,3150.00,7800.00,2.00,0.00,0.00,3.00,8.00,3150.00,0.00,2013.00,0.00,98118.00,47.53,-122.28,1880.00,6000.00
9183700845.00,20141218T000000,175000.00,2.00,1.00,800.00,7150.00,1.00,0.00,0.00,3.00,5.00,800.00,0.00,1933.00,0.00,98030.00,47.38,-122.22,1220.00,8019.00
9558050360.00,20150421T000000,544800.00,5.00,2.75,3190.00,5857.00,2.00,0.00,0.00,3.00,9.00,3190.00,0.00,2004.00,0.00,98058.00,47.46,-122.12,3100.00,5857.00
1683600120.00,20150121T000000,220000.00,3.00,1.75,1720.00,7587.00,1.00,0.00,0.00,4.00,7.00,1140.00,580.00,1981.00,0.00,98092.00,47.32,-122.18,1120.00,7287.00
1604601570.00,20140905T000000,374000.00,2.00,2.25,1100.00,1695.00,2.00,0.00,0.00,3.00,9.00,1100.00,0.00,2009.00,0.00,98118.00,47.57,-122.29,1100.00,3082.00
2787460720.00,20150227T000000,200000.00,3.00,2.00,1010.00,7896.00,1.00,0.00,0.00,3.00,7.00,1010.00,0.00,1984.00,0.00,98031.00,47.40,-122.18,1540.00,7896.00
2787460720.00,20150506T000000,259950.00,3.00,2.00,1010.00,7896.00,1.00,0.00,0.00,3.00,7.00,1010.00,0.00,1984.00,0.00,98031.00,47.40,-122.18,1540.00,7896.00
6386700300.00,20140722T000000,255000.00,4.00,2.75,1760.00,9222.00,1.00,0.00,0.00,3.00,7.00,1140.00,620.00,1971.00,0.00,98023.00,47.31,-122.36,1800.00,9222.00
2297400090.00,20150323T000000,447000.00,3.00,1.75,1400.00,6750.00,1.00,0.00,0.00,3.00,7.00,1040.00,360.00,1975.00,0.00,98034.00,47.72,-122.23,1860.00,7480.00
2420069278.00,20150319T000000,287000.00,3.00,2.50,1820.00,8722.00,1.50,0.00,0.00,3.00,7.00,1820.00,0.00,1926.00,2008.00,98022.00,47.21,-121.99,1480.00,12285.00
7276100145.00,20140930T000000,344950.00,3.00,2.00,1470.00,6950.00,1.00,0.00,0.00,5.00,6.00,1470.00,0.00,1932.00,0.00,98133.00,47.76,-122.34,1660.00,5065.00
2475900850.00,20141010T000000,212000.00,2.00,1.00,770.00,7000.00,1.00,0.00,0.00,3.00,6.00,770.00,0.00,1921.00,0.00,98024.00,47.57,-121.89,1100.00,8777.00
3760100100.00,20140723T000000,425000.00,5.00,2.75,1340.00,11583.00,1.00,0.00,0.00,3.00,7.00,1190.00,150.00,1962.00,0.00,98034.00,47.71,-122.21,1950.00,10514.00
7849202585.00,20140904T000000,170000.00,1.00,1.00,480.00,4560.00,1.00,0.00,0.00,3.00,5.00,480.00,0.00,1922.00,0.00,98065.00,47.53,-121.83,890.00,4803.00
6430500291.00,20150212T000000,565000.00,3.00,1.00,1260.00,4080.00,1.50,0.00,0.00,4.00,7.00,1260.00,0.00,1928.00,0.00,98103.00,47.69,-122.35,1130.00,3876.00
8151600701.00,20140623T000000,234000.00,2.00,1.00,870.00,11100.00,1.00,0.00,0.00,3.00,6.00,870.00,0.00,1940.00,0.00,98146.00,47.50,-122.36,1370.00,10404.00
2597450620.00,20141009T000000,1511250.00,3.00,2.50,4010.00,12105.00,1.00,0.00,3.00,5.00,11.00,2600.00,1410.00,1983.00,0.00,98006.00,47.55,-122.15,4010.00,15081.00
1099900120.00,20150126T000000,345000.00,3.00,2.50,2340.00,8414.00,1.00,0.00,0.00,3.00,7.00,1280.00,1060.00,1993.00,0.00,98188.00,47.47,-122.27,2340.00,7268.00
7853340450.00,20150427T000000,415000.00,3.00,2.75,1770.00,3172.00,2.00,0.00,0.00,3.00,8.00,1770.00,0.00,2009.00,0.00,98065.00,47.52,-121.88,1760.00,2891.00
5652600065.00,20141010T000000,760000.00,5.00,1.75,2660.00,10637.00,1.50,0.00,0.00,5.00,7.00,1670.00,990.00,1922.00,0.00,98115.00,47.69,-122.29,1570.00,6825.00
6114400142.00,20150226T000000,484000.00,5.00,2.50,3600.00,20001.00,2.00,0.00,0.00,4.00,9.00,3600.00,0.00,1976.00,0.00,98166.00,47.45,-122.34,2860.00,21780.00
3630050180.00,20140926T000000,360000.00,2.00,1.75,1230.00,1107.00,2.00,0.00,0.00,3.00,8.00,1230.00,0.00,2006.00,0.00,98029.00,47.55,-122.00,1380.00,1107.00
1853000300.00,20150224T000000,875000.00,3.00,2.75,3270.00,39586.00,1.50,0.00,0.00,3.00,11.00,3270.00,0.00,1988.00,0.00,98077.00,47.73,-122.08,3480.00,35998.00
3585900785.00,20140514T000000,930000.00,3.00,2.50,3100.00,20553.00,1.00,0.00,0.00,3.00,10.00,3100.00,0.00,1954.00,0.00,98177.00,47.76,-122.38,3000.00,22302.00
1545801970.00,20140516T000000,250000.00,3.00,2.00,1900.00,6660.00,1.00,0.00,0.00,5.00,7.00,950.00,950.00,1966.00,0.00,98038.00,47.36,-122.05,1690.00,8111.00
7853340610.00,20150421T000000,394000.00,2.00,2.00,1750.00,2731.00,2.00,0.00,0.00,3.00,8.00,1750.00,0.00,2012.00,0.00,98065.00,47.52,-121.88,1650.00,2731.00
8562900590.00,20150122T000000,865000.00,4.00,3.50,3380.00,11270.00,2.00,0.00,1.00,3.00,9.00,2160.00,1220.00,2007.00,0.00,98074.00,47.61,-122.06,2910.00,11214.00
9422400035.00,20140912T000000,477500.00,2.00,2.00,2090.00,6000.00,2.00,0.00,1.00,3.00,7.00,2090.00,0.00,1918.00,1985.00,98116.00,47.57,-122.41,1600.00,5400.00
9273200115.00,20141217T000000,1250000.00,4.00,2.75,4120.00,12500.00,1.00,0.00,4.00,4.00,8.00,2060.00,2060.00,1947.00,0.00,98116.00,47.59,-122.39,3680.00,5000.00
3971700937.00,20140827T000000,270000.00,3.00,1.75,1260.00,7500.00,1.00,0.00,0.00,3.00,6.00,840.00,420.00,1947.00,0.00,98155.00,47.77,-122.32,1340.00,7500.00
1508210230.00,20150428T000000,567000.00,3.00,2.25,1800.00,6875.00,1.00,0.00,0.00,4.00,8.00,1230.00,570.00,1974.00,0.00,98052.00,47.68,-122.11,1800.00,8749.00
5249803550.00,20140602T000000,635000.00,3.00,2.50,1960.00,7200.00,1.00,0.00,0.00,4.00,8.00,980.00,980.00,1940.00,0.00,98118.00,47.57,-122.27,1440.00,7200.00
4218400100.00,20140911T000000,1865000.00,6.00,2.75,4460.00,6952.00,2.50,0.00,2.00,4.00,10.00,3460.00,1000.00,1930.00,0.00,98105.00,47.66,-122.27,2750.00,4769.00
1424100100.00,20140610T000000,183000.00,3.00,1.75,1330.00,9200.00,1.00,0.00,0.00,4.00,7.00,1330.00,0.00,1973.00,0.00,98092.00,47.29,-122.19,1590.00,9200.00
7861000021.00,20150429T000000,309933.00,3.00,1.75,1820.00,78408.00,1.00,0.00,0.00,3.00,6.00,1220.00,600.00,1950.00,0.00,98042.00,47.34,-122.13,1340.00,78408.00
7856601110.00,20150325T000000,945800.00,4.00,2.75,3360.00,9100.00,1.00,0.00,0.00,4.00,8.00,1760.00,1600.00,1973.00,0.00,98006.00,47.56,-122.15,2620.00,8925.00
1121039059.00,20140522T000000,503000.00,2.00,1.75,2860.00,59612.00,1.00,1.00,4.00,3.00,8.00,1510.00,1350.00,1948.00,2003.00,98023.00,47.33,-122.39,2720.00,59612.00
522059172.00,20140814T000000,220000.00,3.00,1.00,1460.00,10200.00,1.00,0.00,0.00,4.00,7.00,1460.00,0.00,1957.00,0.00,98055.00,47.42,-122.20,1460.00,8500.00
8594400110.00,20150401T000000,335000.00,3.00,1.75,1900.00,36769.00,1.00,0.00,0.00,3.00,8.00,1900.00,0.00,1987.00,0.00,98092.00,47.30,-122.07,1950.00,35847.00
9201000120.00,20150422T000000,650000.00,3.00,2.25,1790.00,9927.00,1.00,0.00,2.00,4.00,7.00,1240.00,550.00,1969.00,0.00,98075.00,47.58,-122.08,2610.00,10700.00
1822059440.00,20150203T000000,511000.00,4.00,3.50,3100.00,7600.00,2.00,0.00,0.00,3.00,10.00,3100.00,0.00,2005.00,0.00,98031.00,47.39,-122.22,3350.00,7638.00
1623089039.00,20141217T000000,275000.00,2.00,1.00,900.00,57063.00,1.00,0.00,0.00,4.00,6.00,900.00,0.00,1938.00,0.00,98045.00,47.47,-121.79,1440.00,268765.00
452001570.00,20150403T000000,576250.00,2.00,1.75,1530.00,5000.00,2.00,0.00,0.00,4.00,7.00,1260.00,270.00,1989.00,0.00,98107.00,47.68,-122.37,1470.00,5000.00
1724069079.00,20150319T000000,1452000.00,2.00,3.25,2070.00,3128.00,2.00,1.00,3.00,3.00,9.00,1760.00,310.00,1988.00,0.00,98075.00,47.57,-122.06,2740.00,3568.00
3141600210.00,20140619T000000,186000.00,3.00,2.00,1340.00,4320.00,1.00,0.00,0.00,3.00,5.00,920.00,420.00,1912.00,1993.00,98002.00,47.30,-122.23,980.00,6480.00
1797500530.00,20150505T000000,655100.00,1.00,1.00,1220.00,4160.00,1.00,0.00,0.00,3.00,7.00,1220.00,0.00,1922.00,0.00,98115.00,47.67,-122.32,1970.00,4200.00
7300400580.00,20140505T000000,328000.00,4.00,2.50,2370.00,6500.00,2.00,0.00,0.00,3.00,9.00,2370.00,0.00,1998.00,0.00,98092.00,47.33,-122.17,2590.00,6137.00
1826049442.00,20150310T000000,441000.00,3.00,2.50,1890.00,11036.00,1.00,0.00,0.00,3.00,8.00,1460.00,430.00,1973.00,0.00,98133.00,47.74,-122.35,2040.00,7524.00
2525000220.00,20150414T000000,370000.00,3.00,1.75,1480.00,7725.00,1.50,0.00,0.00,4.00,7.00,1480.00,0.00,1981.00,0.00,98059.00,47.48,-122.16,1720.00,8379.00
191100665.00,20150413T000000,630000.00,2.00,1.00,1050.00,8382.00,1.00,0.00,0.00,3.00,7.00,1050.00,0.00,1959.00,0.00,98040.00,47.56,-122.22,2400.00,9525.00
5634500201.00,20150414T000000,470500.00,4.00,2.25,2070.00,14000.00,1.00,0.00,0.00,3.00,7.00,1720.00,350.00,1958.00,0.00,98028.00,47.75,-122.24,1690.00,14444.00
795000405.00,20150413T000000,285950.00,2.00,1.00,1170.00,6000.00,1.00,0.00,0.00,3.00,6.00,1170.00,0.00,1948.00,0.00,98168.00,47.50,-122.33,1130.00,7500.00
1300300730.00,20150324T000000,698000.00,3.00,1.50,1090.00,7200.00,1.00,0.00,0.00,4.00,7.00,1090.00,0.00,1958.00,0.00,98040.00,47.58,-122.24,2010.00,8982.00
1862900040.00,20140626T000000,268000.00,3.00,2.50,1650.00,6684.00,2.00,0.00,0.00,3.00,7.00,1650.00,0.00,1991.00,0.00,98031.00,47.41,-122.18,1850.00,7048.00
9279700150.00,20150212T000000,1625000.00,4.00,3.75,4410.00,8112.00,3.00,0.00,4.00,3.00,11.00,3570.00,840.00,2003.00,0.00,98116.00,47.59,-122.39,2770.00,5750.00
322059311.00,20150330T000000,355000.00,4.00,2.50,1780.00,15000.00,2.00,0.00,0.00,2.00,7.00,1780.00,0.00,1993.00,0.00,98058.00,47.42,-122.15,2005.00,9680.00
3333002710.00,20140917T000000,299000.00,3.00,1.00,1550.00,8778.00,1.00,0.00,0.00,3.00,7.00,1250.00,300.00,1952.00,0.00,98118.00,47.54,-122.28,2120.00,7268.00
1257200115.00,20140521T000000,1003000.00,4.00,2.75,2290.00,6120.00,2.00,0.00,0.00,4.00,7.00,2170.00,120.00,1926.00,0.00,98115.00,47.67,-122.33,1910.00,4590.00
9183703045.00,20150420T000000,275000.00,4.00,2.00,2220.00,8229.00,1.50,0.00,0.00,4.00,7.00,2220.00,0.00,1958.00,0.00,98030.00,47.37,-122.22,1660.00,8396.00
7899800905.00,20150503T000000,475000.00,3.00,1.75,1150.00,10240.00,1.00,0.00,0.00,3.00,6.00,1030.00,120.00,1918.00,0.00,98106.00,47.52,-122.36,1270.00,2566.00
7215400770.00,20140623T000000,260000.00,4.00,2.50,2000.00,37045.00,2.00,0.00,0.00,3.00,8.00,2000.00,0.00,1989.00,0.00,98042.00,47.34,-122.07,2390.00,36868.00
1139000215.00,20140718T000000,416000.00,2.00,1.75,1270.00,7560.00,1.50,0.00,0.00,4.00,7.00,1270.00,0.00,1932.00,0.00,98133.00,47.71,-122.36,1480.00,7560.00
9218400088.00,20141119T000000,495000.00,5.00,1.00,1810.00,11205.00,1.50,0.00,2.00,3.00,7.00,1810.00,0.00,1915.00,0.00,98178.00,47.51,-122.26,1860.00,7965.00
9455200596.00,20150114T000000,357500.00,3.00,1.00,1450.00,8100.00,1.00,0.00,0.00,3.00,6.00,1450.00,0.00,1952.00,0.00,98125.00,47.70,-122.29,1450.00,7800.00
510002506.00,20140825T000000,459500.00,2.00,1.50,1170.00,1079.00,3.00,0.00,0.00,3.00,7.00,1170.00,0.00,2003.00,0.00,98103.00,47.66,-122.33,1170.00,1116.00
7212680850.00,20140903T000000,258000.00,3.00,2.50,1730.00,6930.00,2.00,0.00,0.00,3.00,8.00,1730.00,0.00,1994.00,0.00,98003.00,47.26,-122.31,1780.00,6930.00
5229300085.00,20150411T000000,600000.00,3.00,2.25,2680.00,98445.00,1.00,0.00,0.00,5.00,8.00,2680.00,0.00,1962.00,0.00,98059.00,47.50,-122.11,2340.00,98445.00
7436000205.00,20140919T000000,665000.00,3.00,1.00,1260.00,24550.00,1.50,0.00,2.00,4.00,7.00,1260.00,0.00,1937.00,0.00,98136.00,47.54,-122.40,2500.00,12320.00
425200205.00,20141003T000000,165000.00,3.00,1.50,1020.00,10152.00,1.00,0.00,0.00,5.00,6.00,1020.00,0.00,1959.00,0.00,98056.00,47.50,-122.17,1320.00,8892.00
7138200150.00,20140518T000000,297000.00,5.00,2.50,1970.00,8605.00,2.00,0.00,0.00,4.00,7.00,1970.00,0.00,1994.00,0.00,98022.00,47.19,-122.01,1970.00,8460.00
1782000180.00,20141023T000000,350000.00,2.00,1.00,830.00,5100.00,1.00,0.00,0.00,4.00,7.00,830.00,0.00,1942.00,0.00,98126.00,47.53,-122.38,1220.00,5100.00
3623500205.00,20140513T000000,2450000.00,4.00,4.50,5030.00,11023.00,2.00,0.00,2.00,3.00,11.00,3250.00,1780.00,2008.00,0.00,98040.00,47.57,-122.24,3640.00,11490.00
1423200110.00,20150513T000000,180000.00,2.00,1.00,800.00,9450.00,1.00,0.00,0.00,3.00,6.00,800.00,0.00,1958.00,0.00,98058.00,47.46,-122.18,1090.00,9450.00
797000256.00,20150407T000000,339950.00,3.00,1.75,1330.00,12092.00,1.00,0.00,0.00,4.00,6.00,720.00,610.00,1981.00,0.00,98168.00,47.51,-122.32,1770.00,11770.00
9357000215.00,20150127T000000,365000.00,3.00,1.00,1030.00,4700.00,1.00,0.00,0.00,3.00,7.00,1030.00,0.00,1952.00,0.00,98146.00,47.51,-122.38,1030.00,4700.00
2526069095.00,20140605T000000,955000.00,4.00,4.25,5660.00,193593.00,2.00,0.00,0.00,3.00,10.00,4100.00,1560.00,2001.00,0.00,98019.00,47.71,-121.98,3620.00,207141.00
6908200650.00,20140527T000000,732000.00,3.00,2.50,2330.00,1987.00,2.00,0.00,4.00,3.00,9.00,1410.00,920.00,2004.00,0.00,98107.00,47.67,-122.41,2640.00,5250.00
5021900175.00,20140616T000000,500000.00,3.00,1.75,1540.00,10800.00,1.00,0.00,0.00,5.00,6.00,770.00,770.00,1947.00,0.00,98040.00,47.58,-122.22,2020.00,10800.00
4038700220.00,20150213T000000,610000.00,6.00,2.75,2040.00,8560.00,1.00,0.00,2.00,4.00,7.00,1100.00,940.00,1961.00,0.00,98008.00,47.62,-122.12,2230.00,8560.00
9455200205.00,20140604T000000,525000.00,3.00,2.00,1540.00,7800.00,1.00,0.00,0.00,3.00,8.00,1540.00,0.00,2004.00,0.00,98125.00,47.70,-122.29,1510.00,7800.00
5379804470.00,20140617T000000,170000.00,4.00,1.00,1920.00,13787.00,1.00,0.00,0.00,4.00,7.00,1220.00,700.00,1966.00,0.00,98188.00,47.45,-122.28,1490.00,11200.00
2517000150.00,20140713T000000,300000.00,3.00,2.50,1870.00,3439.00,2.00,0.00,0.00,3.00,7.00,1870.00,0.00,2005.00,0.00,98042.00,47.40,-122.16,2190.00,4029.00
9264930770.00,20141029T000000,389500.00,5.00,3.50,2960.00,12527.00,2.00,0.00,0.00,3.00,9.00,1940.00,1020.00,1986.00,0.00,98023.00,47.31,-122.35,2210.00,10952.00
4197400043.00,20150219T000000,330000.00,3.00,1.50,1690.00,10250.00,1.00,0.00,0.00,4.00,7.00,1690.00,0.00,1955.00,0.00,98166.00,47.45,-122.34,1990.00,11084.00
2329800330.00,20141114T000000,269950.00,3.00,2.25,1610.00,7187.00,2.00,0.00,0.00,3.00,7.00,1610.00,0.00,1988.00,0.00,98042.00,47.38,-122.12,1640.00,7194.00
7899800450.00,20140828T000000,107000.00,2.00,1.00,670.00,4720.00,1.00,0.00,0.00,4.00,6.00,670.00,0.00,1948.00,0.00,98106.00,47.52,-122.36,1480.00,4720.00
2895110062.00,20141202T000000,249000.00,3.00,1.00,1752.00,14626.00,2.00,0.00,2.00,3.00,8.00,1752.00,0.00,2005.00,0.00,98032.00,47.38,-122.28,1800.00,9000.00
3448001285.00,20140818T000000,442500.00,4.00,2.00,1540.00,5920.00,1.50,0.00,0.00,5.00,7.00,1540.00,0.00,1935.00,0.00,98125.00,47.71,-122.30,1630.00,6216.00
521079025.00,20150417T000000,579000.00,3.00,2.50,3160.00,286181.00,2.00,0.00,3.00,3.00,9.00,3160.00,0.00,2002.00,0.00,98010.00,47.34,-121.95,2110.00,94663.00
624069098.00,20150121T000000,621500.00,3.00,1.75,2570.00,39634.00,2.00,0.00,0.00,3.00,8.00,2570.00,0.00,1984.00,0.00,98075.00,47.60,-122.08,2990.00,39634.00
2946003580.00,20141119T000000,203000.00,3.00,1.50,1370.00,7500.00,1.00,0.00,0.00,3.00,7.00,1080.00,290.00,1958.00,0.00,98198.00,47.42,-122.32,1400.00,7500.00
7227500450.00,20140909T000000,222900.00,2.00,1.00,860.00,5800.00,1.00,0.00,0.00,5.00,5.00,860.00,0.00,1942.00,0.00,98056.00,47.50,-122.18,900.00,6000.00
2322069100.00,20150409T000000,453000.00,2.00,1.50,1680.00,17400.00,1.50,0.00,0.00,3.00,7.00,1680.00,0.00,1991.00,0.00,98038.00,47.38,-122.01,1610.00,27600.00
2144800615.00,20140625T000000,190000.00,1.00,0.75,930.00,29258.00,1.00,0.00,0.00,3.00,6.00,930.00,0.00,1941.00,0.00,98178.00,47.48,-122.24,2000.00,18321.00
1432900150.00,20150406T000000,320000.00,4.00,1.75,1820.00,7381.00,1.00,0.00,0.00,5.00,7.00,1150.00,670.00,1962.00,0.00,98058.00,47.46,-122.17,1610.00,8462.00
7942601810.00,20141210T000000,733500.00,3.00,1.50,2120.00,4370.00,1.50,0.00,0.00,3.00,8.00,2120.00,0.00,1904.00,0.00,98122.00,47.61,-122.31,1960.00,5120.00
7302900090.00,20150218T000000,555000.00,4.00,2.25,3330.00,21785.00,2.00,0.00,0.00,3.00,9.00,3330.00,0.00,1994.00,0.00,98059.00,47.47,-122.14,3330.00,21796.00
2310050110.00,20141215T000000,364950.00,3.00,2.25,2520.00,6170.00,2.00,0.00,0.00,3.00,7.00,1850.00,670.00,2003.00,0.00,98038.00,47.35,-122.04,2260.00,6967.00
6743700090.00,20141120T000000,490000.00,3.00,1.75,1560.00,9247.00,1.00,0.00,0.00,3.00,7.00,1160.00,400.00,1989.00,0.00,98033.00,47.70,-122.17,1690.00,8772.00
3935900093.00,20150427T000000,688000.00,5.00,1.75,2250.00,13526.00,1.00,0.00,1.00,3.00,8.00,1350.00,900.00,1957.00,0.00,98125.00,47.71,-122.28,2580.00,10078.00
123039279.00,20140711T000000,165000.00,2.00,1.00,640.00,7768.00,1.00,0.00,0.00,3.00,6.00,640.00,0.00,1942.00,0.00,98106.00,47.52,-122.36,840.00,7424.00
4307350730.00,20141113T000000,506000.00,5.00,3.75,3880.00,8370.00,2.00,0.00,0.00,4.00,7.00,3880.00,0.00,2004.00,0.00,98056.00,47.48,-122.18,2160.00,4651.00
1954700610.00,20141209T000000,2193000.00,3.00,2.25,3360.00,7108.00,2.00,0.00,0.00,3.00,10.00,2770.00,590.00,1905.00,2004.00,98112.00,47.62,-122.28,3450.00,8558.00
8155500110.00,20150429T000000,754000.00,5.00,1.75,2350.00,7800.00,1.00,0.00,0.00,4.00,8.00,1510.00,840.00,1968.00,0.00,98008.00,47.62,-122.11,2220.00,8400.00
7129303045.00,20150417T000000,949950.00,5.00,2.50,2340.00,1989.00,2.00,1.00,4.00,3.00,8.00,2340.00,0.00,1959.00,0.00,98118.00,47.52,-122.26,2200.00,3230.00
6021503451.00,20140822T000000,443600.00,3.00,2.50,1430.00,1056.00,3.00,0.00,0.00,3.00,8.00,1430.00,0.00,2003.00,0.00,98117.00,47.68,-122.39,1310.00,2135.00
3793400360.00,20140814T000000,380600.00,3.00,2.50,1920.00,12244.00,2.00,0.00,0.00,3.00,7.00,1920.00,0.00,1998.00,0.00,98019.00,47.73,-121.97,1920.00,11859.00
7504101280.00,20150126T000000,722800.00,3.00,3.25,4330.00,14600.00,2.00,0.00,0.00,3.00,10.00,3630.00,700.00,1985.00,0.00,98074.00,47.63,-122.04,3220.00,12672.00
3331500121.00,20150210T000000,342888.00,2.00,1.00,790.00,5150.00,1.00,0.00,0.00,4.00,6.00,790.00,0.00,1948.00,0.00,98118.00,47.55,-122.27,1460.00,5150.00
438000015.00,20140916T000000,555000.00,4.00,1.75,2350.00,5946.00,1.00,0.00,2.00,3.00,8.00,1350.00,1000.00,1957.00,0.00,98115.00,47.69,-122.30,2060.00,6000.00
5366200205.00,20140603T000000,613000.00,3.00,2.50,1350.00,3068.00,2.00,0.00,0.00,3.00,7.00,1350.00,0.00,1991.00,0.00,98122.00,47.61,-122.29,1900.00,4000.00
2026049067.00,20140702T000000,480000.00,3.00,2.00,1470.00,10052.00,1.00,0.00,0.00,4.00,8.00,1470.00,0.00,1956.00,0.00,98125.00,47.73,-122.32,1480.00,9780.00
3885808035.00,20150316T000000,619500.00,6.00,1.50,1680.00,5202.00,1.50,0.00,0.00,2.00,7.00,1680.00,0.00,1911.00,0.00,98033.00,47.68,-122.21,1890.00,5500.00
1494300040.00,20140624T000000,437000.00,4.00,2.50,1890.00,8505.00,1.00,0.00,0.00,3.00,8.00,1290.00,600.00,1980.00,0.00,98052.00,47.68,-122.12,1720.00,9600.00
6071200195.00,20150408T000000,621000.00,4.00,2.50,2030.00,9905.00,1.00,0.00,0.00,4.00,8.00,2030.00,0.00,1959.00,0.00,98006.00,47.55,-122.18,2130.00,10008.00
1257202215.00,20140714T000000,810000.00,4.00,1.75,1760.00,4080.00,1.50,0.00,0.00,4.00,8.00,1760.00,0.00,1906.00,0.00,98103.00,47.68,-122.33,1760.00,6120.00
5589300145.00,20140527T000000,415000.00,3.00,2.25,1950.00,8868.00,1.00,0.00,0.00,3.00,7.00,1350.00,600.00,1964.00,0.00,98155.00,47.75,-122.31,1300.00,8880.00
293000145.00,20141113T000000,250000.00,4.00,1.00,1440.00,7404.00,1.00,0.00,0.00,3.00,6.00,1080.00,360.00,1918.00,0.00,98126.00,47.53,-122.38,1620.00,7436.00
4315701163.00,20150413T000000,585000.00,3.00,1.50,2230.00,6000.00,1.00,0.00,1.00,3.00,8.00,1260.00,970.00,1968.00,0.00,98136.00,47.54,-122.40,2120.00,7200.00
6163900981.00,20140528T000000,220000.00,3.00,1.00,1180.00,5002.00,1.50,0.00,0.00,3.00,7.00,1180.00,0.00,1946.00,0.00,98155.00,47.75,-122.32,1470.00,8410.00
4157600120.00,20150422T000000,580000.00,5.00,2.50,2500.00,11900.00,1.00,0.00,0.00,3.00,7.00,1400.00,1100.00,1963.00,0.00,98007.00,47.59,-122.13,2820.00,11900.00
3262301355.00,20140725T000000,1320000.00,3.00,2.75,2680.00,20104.00,1.00,0.00,0.00,5.00,9.00,1820.00,860.00,1964.00,0.00,98039.00,47.63,-122.23,3060.00,19837.00
4376700330.00,20140801T000000,675000.00,4.00,2.50,2040.00,9225.00,1.00,0.00,0.00,5.00,8.00,1610.00,430.00,1968.00,0.00,98052.00,47.64,-122.10,1730.00,9225.00
8691370330.00,20141029T000000,695000.00,4.00,2.75,2660.00,7389.00,2.00,0.00,0.00,3.00,9.00,2660.00,0.00,2002.00,0.00,98075.00,47.60,-121.98,2820.00,7388.00
5078400090.00,20141209T000000,915000.00,5.00,2.75,2580.00,7630.00,1.00,0.00,0.00,4.00,7.00,1730.00,850.00,1954.00,0.00,98004.00,47.62,-122.21,2040.00,7717.00
5272200040.00,20141121T000000,375000.00,3.00,1.00,1000.00,6947.00,1.00,0.00,0.00,4.00,7.00,1000.00,0.00,1947.00,0.00,98125.00,47.71,-122.32,1000.00,6947.00
2997800015.00,20150407T000000,500000.00,3.00,1.50,1330.00,1265.00,2.00,0.00,0.00,3.00,8.00,1140.00,190.00,2008.00,0.00,98116.00,47.58,-122.41,1330.00,1264.00
2780900220.00,20141226T000000,335000.00,2.00,2.00,1420.00,5185.00,1.00,0.00,0.00,3.00,7.00,1420.00,0.00,2004.00,0.00,98038.00,47.35,-122.02,2140.00,4890.00
4463400195.00,20140718T000000,170000.00,2.00,1.00,1280.00,21750.00,1.50,0.00,0.00,5.00,6.00,1280.00,0.00,1912.00,0.00,98001.00,47.31,-122.24,1520.00,21750.00
844001485.00,20150429T000000,320900.00,5.00,2.50,2200.00,8500.00,1.00,0.00,0.00,4.00,7.00,1400.00,800.00,1971.00,0.00,98010.00,47.31,-122.01,1360.00,8855.00
8123450300.00,20150306T000000,508000.00,3.00,1.75,1800.00,8462.00,1.00,0.00,0.00,3.00,8.00,1440.00,360.00,1978.00,0.00,98052.00,47.66,-122.14,2210.00,8436.00
7137800300.00,20140708T000000,228950.00,3.00,1.75,1200.00,9085.00,1.00,0.00,0.00,4.00,7.00,1200.00,0.00,1968.00,0.00,98023.00,47.28,-122.35,1200.00,9085.00
7972600910.00,20150507T000000,433000.00,4.00,2.00,1840.00,4760.00,1.50,0.00,0.00,4.00,6.00,1080.00,760.00,1929.00,0.00,98106.00,47.53,-122.35,1170.00,5950.00
7452500770.00,20140908T000000,267500.00,2.00,1.00,960.00,5150.00,1.00,0.00,0.00,5.00,6.00,960.00,0.00,1951.00,0.00,98126.00,47.52,-122.37,1010.00,5000.00
5250300035.00,20141008T000000,910000.00,4.00,1.50,2890.00,9000.00,2.00,0.00,4.00,3.00,8.00,2090.00,800.00,1939.00,0.00,98118.00,47.57,-122.27,2550.00,8400.00
9517200610.00,20150303T000000,370000.00,3.00,1.75,1290.00,10117.00,1.00,0.00,0.00,3.00,7.00,1290.00,0.00,1984.00,0.00,98072.00,47.76,-122.15,1770.00,11839.00
952004570.00,20141206T000000,320000.00,2.00,1.00,1140.00,3834.00,1.50,0.00,0.00,3.00,6.00,1140.00,0.00,1911.00,0.00,98126.00,47.56,-122.38,1190.00,5750.00
579002600.00,20141001T000000,660000.00,3.00,1.75,1750.00,5200.00,1.00,0.00,1.00,4.00,8.00,1750.00,0.00,1956.00,0.00,98117.00,47.70,-122.38,2060.00,5200.00
4351300978.00,20140826T000000,787888.00,4.00,2.25,2580.00,21115.00,2.00,0.00,0.00,4.00,9.00,2580.00,0.00,1977.00,0.00,98040.00,47.56,-122.22,2690.00,10165.00
1152700090.00,20141218T000000,329000.00,4.00,2.50,2650.00,5880.00,2.00,0.00,0.00,3.00,9.00,2650.00,0.00,2005.00,0.00,98042.00,47.35,-122.17,2610.00,6490.00
3179100720.00,20141203T000000,602000.00,2.00,1.00,1470.00,6398.00,1.00,0.00,0.00,4.00,7.00,970.00,500.00,1941.00,0.00,98105.00,47.67,-122.28,1950.00,6398.00
5628300015.00,20141106T000000,375000.00,3.00,2.00,1640.00,9750.00,1.00,0.00,0.00,3.00,7.00,1640.00,0.00,1959.00,0.00,98028.00,47.74,-122.24,1340.00,9750.00
1900000035.00,20150505T000000,212000.00,1.00,1.00,620.00,7620.00,1.00,0.00,0.00,3.00,6.00,620.00,0.00,1926.00,0.00,98166.00,47.47,-122.35,1160.00,7620.00
1105000432.00,20140822T000000,224000.00,3.00,1.50,1440.00,8370.00,1.00,0.00,0.00,3.00,7.00,1440.00,0.00,1977.00,0.00,98118.00,47.54,-122.28,1440.00,8370.00
1402810150.00,20150310T000000,315500.00,3.00,2.00,1160.00,10079.00,1.00,0.00,0.00,3.00,7.00,1160.00,0.00,1986.00,0.00,98019.00,47.73,-121.98,1130.00,10087.00
2163900028.00,20150128T000000,350000.00,2.00,1.00,1070.00,2880.00,1.00,0.00,0.00,3.00,7.00,1070.00,0.00,1902.00,0.00,98102.00,47.63,-122.32,2030.00,2880.00
5409000110.00,20150506T000000,389000.00,6.00,4.50,3560.00,14010.00,2.00,0.00,0.00,3.00,7.00,3560.00,0.00,1989.00,0.00,98002.00,47.32,-122.22,1710.00,11116.00
8687800100.00,20140713T000000,285000.00,3.00,1.75,1720.00,13104.00,1.00,0.00,0.00,4.00,7.00,1720.00,0.00,1962.00,0.00,98168.00,47.47,-122.26,1840.00,13104.00
8563300085.00,20141201T000000,425000.00,3.00,1.75,1530.00,9800.00,1.00,0.00,0.00,5.00,8.00,1530.00,0.00,1958.00,0.00,98133.00,47.77,-122.34,1660.00,9800.00
7140200330.00,20150309T000000,190000.00,3.00,1.75,1270.00,7875.00,1.00,0.00,0.00,4.00,7.00,1270.00,0.00,1980.00,0.00,98030.00,47.37,-122.17,1830.00,7210.00
2124069103.00,20150505T000000,374000.00,3.00,1.75,1510.00,18439.00,1.00,0.00,0.00,3.00,7.00,1510.00,0.00,1971.00,0.00,98027.00,47.55,-122.05,1600.00,34326.00
1703401110.00,20140807T000000,292000.00,2.00,1.00,880.00,5500.00,1.00,0.00,0.00,3.00,6.00,880.00,0.00,1904.00,0.00,98118.00,47.56,-122.29,1080.00,5500.00
6046400755.00,20150511T000000,475000.00,5.00,1.75,2020.00,5100.00,1.50,0.00,0.00,5.00,7.00,1320.00,700.00,1911.00,0.00,98103.00,47.69,-122.35,1130.00,5100.00
5309100450.00,20150330T000000,546500.00,3.00,2.50,1410.00,2675.00,1.00,0.00,0.00,3.00,7.00,820.00,590.00,1985.00,0.00,98117.00,47.68,-122.37,1410.00,4013.00
3883800011.00,20141105T000000,82000.00,3.00,1.00,860.00,10426.00,1.00,0.00,0.00,3.00,6.00,860.00,0.00,1954.00,0.00,98146.00,47.50,-122.34,1140.00,11250.00
3883800011.00,20150408T000000,219900.00,3.00,1.00,860.00,10426.00,1.00,0.00,0.00,3.00,6.00,860.00,0.00,1954.00,0.00,98146.00,47.50,-122.34,1140.00,11250.00
4315700175.00,20140612T000000,440000.00,3.00,1.00,1210.00,5750.00,1.50,0.00,0.00,4.00,7.00,1210.00,0.00,1910.00,0.00,98136.00,47.54,-122.39,1160.00,5000.00
221029019.00,20150428T000000,400000.00,3.00,2.50,2090.00,32718.00,2.00,1.00,4.00,3.00,7.00,1550.00,540.00,1919.00,1983.00,98070.00,47.33,-122.51,1200.00,192268.00
4035900085.00,20141117T000000,453000.00,3.00,1.75,1430.00,20193.00,1.00,0.00,0.00,3.00,7.00,1430.00,0.00,1955.00,0.00,98006.00,47.56,-122.18,2140.00,18364.00
3438500781.00,20140812T000000,330000.00,6.00,3.25,2120.00,6893.00,1.00,0.00,0.00,4.00,7.00,1060.00,1060.00,1983.00,0.00,98106.00,47.55,-122.36,1380.00,6986.00
8097000330.00,20140721T000000,359950.00,3.00,2.75,2540.00,8604.00,2.00,0.00,0.00,3.00,8.00,2540.00,0.00,1991.00,0.00,98092.00,47.32,-122.19,2260.00,7438.00
8677300720.00,20140617T000000,616000.00,4.00,2.50,2490.00,12929.00,2.00,0.00,0.00,3.00,9.00,2490.00,0.00,1983.00,0.00,98074.00,47.62,-122.02,2440.00,12929.00
3644100072.00,20141107T000000,245000.00,2.00,1.00,670.00,2356.00,1.00,0.00,0.00,5.00,6.00,670.00,0.00,1960.00,0.00,98144.00,47.59,-122.30,1220.00,1740.00
1453602284.00,20141103T000000,296000.00,2.00,2.00,1320.00,2040.00,3.00,0.00,0.00,3.00,7.00,1320.00,0.00,1997.00,0.00,98125.00,47.72,-122.29,1430.00,2040.00
4365700450.00,20141106T000000,193000.00,2.00,1.00,950.00,9000.00,1.00,0.00,0.00,3.00,6.00,950.00,0.00,1924.00,0.00,98106.00,47.52,-122.36,1000.00,8280.00
9268200315.00,20140828T000000,456000.00,3.00,2.00,1870.00,8442.00,1.50,0.00,0.00,5.00,7.00,1060.00,810.00,1927.00,0.00,98117.00,47.70,-122.37,1640.00,6174.00
4358700141.00,20150427T000000,480000.00,4.00,1.75,1840.00,9250.00,1.00,0.00,0.00,4.00,7.00,980.00,860.00,1956.00,0.00,98133.00,47.71,-122.34,1520.00,9250.00
4310701577.00,20140509T000000,382000.00,3.00,3.25,1410.00,1253.00,3.00,0.00,0.00,3.00,8.00,1410.00,0.00,2005.00,0.00,98103.00,47.70,-122.34,1410.00,1253.00
9828200762.00,20140628T000000,650000.00,2.00,1.00,1050.00,2542.00,1.00,0.00,0.00,3.00,7.00,880.00,170.00,1904.00,0.00,98122.00,47.62,-122.30,1620.00,1809.00
2026049097.00,20141125T000000,431750.00,2.00,2.00,1400.00,10052.00,1.00,0.00,0.00,3.00,8.00,1400.00,0.00,1957.00,0.00,98125.00,47.73,-122.32,1400.00,8785.00
6639900219.00,20150511T000000,419900.00,3.00,2.50,1630.00,1755.00,2.00,0.00,0.00,3.00,8.00,1320.00,310.00,1997.00,0.00,98033.00,47.69,-122.18,1920.00,14550.00
2521039066.00,20141229T000000,315000.00,3.00,2.00,1900.00,9513.00,1.00,0.00,0.00,3.00,8.00,1900.00,0.00,1995.00,0.00,98023.00,47.28,-122.36,1790.00,8028.00
5649300120.00,20150420T000000,597500.00,4.00,3.00,1890.00,35280.00,1.00,0.00,0.00,3.00,9.00,1510.00,380.00,1979.00,0.00,98052.00,47.71,-122.10,2730.00,34525.00
1774230300.00,20150306T000000,615000.00,3.00,2.50,2980.00,43301.00,1.00,0.00,0.00,4.00,8.00,1930.00,1050.00,1978.00,0.00,98077.00,47.76,-122.09,2890.00,35915.00
7313200120.00,20141031T000000,605000.00,4.00,3.25,2885.00,33671.00,2.00,0.00,0.00,4.00,8.00,2885.00,0.00,1984.00,0.00,98027.00,47.52,-122.05,1910.00,16000.00
4137010540.00,20150401T000000,220000.00,3.00,2.50,1980.00,11900.00,2.00,0.00,0.00,3.00,8.00,1980.00,0.00,1990.00,0.00,98092.00,47.27,-122.22,2130.00,9933.00
7844200120.00,20150413T000000,340000.00,4.00,2.50,3020.00,8750.00,1.00,0.00,0.00,3.00,8.00,1710.00,1310.00,1960.00,0.00,98188.00,47.43,-122.29,1900.00,8750.00
1923099058.00,20141015T000000,620000.00,4.00,2.50,2980.00,210395.00,2.00,0.00,0.00,3.00,9.00,2980.00,0.00,2001.00,0.00,98045.00,47.46,-121.71,2530.00,45596.00
7922710690.00,20140519T000000,602000.00,5.00,1.75,3290.00,11900.00,1.50,0.00,0.00,3.00,8.00,3290.00,0.00,1973.00,0.00,98052.00,47.66,-122.14,2210.00,8549.00
2624049165.00,20140513T000000,575000.00,3.00,1.75,1580.00,11750.00,1.00,0.00,0.00,4.00,7.00,1180.00,400.00,1951.00,0.00,98118.00,47.54,-122.27,2150.00,11750.00
7575600100.00,20140502T000000,285000.00,3.00,2.50,2090.00,10834.00,1.00,0.00,0.00,4.00,8.00,1360.00,730.00,1987.00,0.00,98003.00,47.35,-122.30,1750.00,8595.00
3450400330.00,20150220T000000,306500.00,3.00,1.50,1100.00,8140.00,1.00,0.00,0.00,4.00,7.00,1100.00,0.00,1965.00,0.00,98059.00,47.50,-122.16,1430.00,7700.00
4307300930.00,20150102T000000,325000.00,3.00,2.50,1870.00,3480.00,2.00,0.00,0.00,3.00,7.00,1870.00,0.00,2002.00,0.00,98056.00,47.48,-122.18,2160.00,3480.00
3288301030.00,20150319T000000,623000.00,3.00,2.75,2390.00,21804.00,1.00,0.00,0.00,3.00,8.00,1450.00,940.00,1973.00,0.00,98034.00,47.73,-122.18,2390.00,10136.00
5466350120.00,20150311T000000,256500.00,3.00,2.00,1320.00,8568.00,1.00,0.00,0.00,3.00,7.00,1320.00,0.00,1993.00,0.00,98042.00,47.39,-122.16,1600.00,8463.00
3791410210.00,20141117T000000,473000.00,5.00,3.50,3430.00,6872.00,2.00,0.00,0.00,3.00,10.00,2830.00,600.00,2002.00,0.00,98031.00,47.41,-122.21,3650.00,6600.00
1795900120.00,20141029T000000,549000.00,3.00,2.50,2250.00,9235.00,2.00,0.00,0.00,3.00,8.00,2250.00,0.00,1985.00,0.00,98052.00,47.73,-122.11,2290.00,8187.00
8656300385.00,20150317T000000,305000.00,3.00,1.00,1710.00,19115.00,1.00,0.00,0.00,3.00,6.00,1710.00,0.00,1986.00,0.00,98014.00,47.66,-121.91,1650.00,15144.00
6649250410.00,20150204T000000,317000.00,4.00,2.50,2160.00,8049.00,2.00,0.00,0.00,3.00,9.00,2160.00,0.00,1988.00,0.00,98001.00,47.33,-122.26,2490.00,8995.00
1426049054.00,20140701T000000,450000.00,3.00,1.75,1400.00,13775.00,1.00,0.00,0.00,3.00,8.00,1400.00,0.00,1963.00,0.00,98028.00,47.74,-122.26,2200.00,10450.00
7841300535.00,20150409T000000,225000.00,2.00,2.50,1560.00,5333.00,1.00,0.00,0.00,3.00,5.00,780.00,780.00,1947.00,0.00,98055.00,47.47,-122.21,1010.00,4800.00
2867700035.00,20150212T000000,500000.00,5.00,2.00,2300.00,7897.00,2.50,0.00,0.00,4.00,8.00,2300.00,0.00,1956.00,0.00,98133.00,47.76,-122.36,2030.00,7902.00
2658000215.00,20140812T000000,207000.00,2.00,1.00,820.00,4860.00,1.00,0.00,0.00,5.00,6.00,820.00,0.00,1955.00,0.00,98118.00,47.53,-122.27,1240.00,6000.00
7100000120.00,20140818T000000,474900.00,3.00,1.00,1630.00,8308.00,1.50,0.00,0.00,3.00,7.00,1630.00,0.00,1948.00,0.00,98146.00,47.51,-122.38,1170.00,8308.00
200300210.00,20140701T000000,515000.00,3.00,2.50,2010.00,7200.00,2.00,0.00,0.00,3.00,8.00,2010.00,0.00,1994.00,0.00,98028.00,47.74,-122.22,1970.00,7202.00
1868903130.00,20150212T000000,542000.00,4.00,1.00,1540.00,5000.00,1.50,0.00,0.00,4.00,7.00,1090.00,450.00,1922.00,0.00,98115.00,47.68,-122.29,1590.00,5000.00
7385310040.00,20140605T000000,725000.00,4.00,2.75,2420.00,10962.00,1.00,0.00,0.00,3.00,8.00,1530.00,890.00,1977.00,0.00,98007.00,47.62,-122.15,2620.00,13200.00
5104510210.00,20150309T000000,314950.00,3.00,2.50,1690.00,4533.00,2.00,0.00,0.00,3.00,7.00,1690.00,0.00,2003.00,0.00,98038.00,47.36,-122.02,1830.00,5175.00
9517200180.00,20141106T000000,375000.00,3.00,2.00,1410.00,10078.00,1.00,0.00,0.00,4.00,6.00,1410.00,0.00,1983.00,0.00,98072.00,47.76,-122.14,2090.00,9202.00
1725079061.00,20140710T000000,500000.00,3.00,1.75,1640.00,47044.00,1.00,0.00,0.00,3.00,7.00,1640.00,0.00,1989.00,0.00,98014.00,47.65,-121.94,2280.00,200811.00
2141310820.00,20140624T000000,689000.00,3.00,1.75,2200.00,9840.00,1.00,0.00,0.00,5.00,8.00,1500.00,700.00,1978.00,0.00,98006.00,47.56,-122.14,2410.00,9623.00
2902200234.00,20141209T000000,525000.00,3.00,2.25,1290.00,1182.00,2.00,0.00,0.00,3.00,8.00,1000.00,290.00,2006.00,0.00,98102.00,47.64,-122.33,1300.00,1169.00
1443500395.00,20150504T000000,360000.00,3.00,1.50,1060.00,6232.00,1.00,0.00,0.00,4.00,7.00,1060.00,0.00,1968.00,0.00,98118.00,47.53,-122.27,1120.00,5379.00
2391601010.00,20140820T000000,425000.00,3.00,1.00,1240.00,5750.00,1.00,0.00,0.00,4.00,6.00,1240.00,0.00,1948.00,0.00,98116.00,47.56,-122.40,1240.00,5750.00
7129303970.00,20150304T000000,239950.00,2.00,1.00,1280.00,5500.00,1.00,0.00,0.00,3.00,7.00,1280.00,0.00,1949.00,0.00,98118.00,47.52,-122.26,1270.00,5500.00
567000025.00,20150402T000000,577500.00,2.00,2.50,2330.00,3000.00,2.00,0.00,3.00,3.00,8.00,2330.00,0.00,1915.00,1994.00,98144.00,47.60,-122.29,1760.00,4000.00
2493200195.00,20140502T000000,615000.00,3.00,1.75,2360.00,7291.00,1.00,0.00,0.00,4.00,8.00,1360.00,1000.00,1948.00,0.00,98136.00,47.53,-122.38,1860.00,5499.00
8562901250.00,20140827T000000,516000.00,4.00,2.75,2210.00,10800.00,1.00,0.00,0.00,4.00,8.00,1170.00,1040.00,1997.00,0.00,98074.00,47.61,-122.06,2210.00,10800.00
2600020330.00,20140813T000000,1218000.00,4.00,2.75,3670.00,15400.00,2.00,0.00,3.00,4.00,10.00,3670.00,0.00,1986.00,0.00,98006.00,47.56,-122.16,3370.00,13300.00
1370801520.00,20140527T000000,1655000.00,4.00,3.50,3080.00,4815.00,2.00,0.00,3.00,3.00,10.00,2300.00,780.00,1937.00,2009.00,98199.00,47.64,-122.41,2910.00,5350.00
5589900761.00,20150501T000000,315000.00,2.00,1.00,770.00,6731.00,1.00,0.00,0.00,4.00,6.00,770.00,0.00,1943.00,0.00,98155.00,47.75,-122.31,1120.00,9212.00
3601800580.00,20141021T000000,250000.00,4.00,2.00,2600.00,9000.00,1.00,0.00,0.00,3.00,8.00,1410.00,1190.00,1959.00,0.00,98032.00,47.38,-122.30,2600.00,7200.00
3336000296.00,20141113T000000,250000.00,4.00,1.50,1220.00,4900.00,1.00,0.00,0.00,3.00,6.00,1220.00,0.00,1942.00,0.00,98118.00,47.53,-122.27,1410.00,3000.00
1525059020.00,20150410T000000,925000.00,4.00,2.50,2910.00,48351.00,1.00,0.00,0.00,4.00,8.00,1910.00,1000.00,1967.00,0.00,98005.00,47.65,-122.16,2760.00,43560.00
6150200330.00,20140825T000000,358000.00,3.00,1.00,1150.00,4681.00,1.00,0.00,0.00,3.00,7.00,1150.00,0.00,1955.00,0.00,98133.00,47.73,-122.34,1150.00,6800.00
4136950180.00,20140926T000000,262000.00,3.00,2.50,1700.00,6200.00,2.00,0.00,0.00,3.00,8.00,1700.00,0.00,1997.00,0.00,98092.00,47.26,-122.22,1720.00,6205.00
259600790.00,20141015T000000,500000.00,3.00,1.75,1220.00,7370.00,1.00,0.00,0.00,4.00,7.00,1220.00,0.00,1964.00,0.00,98008.00,47.63,-122.12,1580.00,8213.00
2770604925.00,20140715T000000,1300000.00,5.00,1.00,1670.00,6400.00,1.50,0.00,0.00,3.00,8.00,1670.00,0.00,1919.00,0.00,98119.00,47.65,-122.37,1910.00,2983.00
6902000100.00,20140915T000000,500000.00,3.00,1.75,2420.00,65501.00,2.00,0.00,1.00,3.00,8.00,2420.00,0.00,1984.00,0.00,98074.00,47.65,-122.09,2970.00,19036.00
3275850180.00,20140602T000000,675000.00,3.00,2.25,2610.00,9002.00,2.00,0.00,0.00,3.00,9.00,2610.00,0.00,1988.00,0.00,98052.00,47.69,-122.10,2320.00,8306.00
4154300296.00,20140926T000000,235000.00,3.00,1.00,960.00,5030.00,1.00,0.00,0.00,3.00,7.00,960.00,0.00,1955.00,0.00,98118.00,47.56,-122.28,1460.00,5400.00
4154300296.00,20150318T000000,545000.00,3.00,1.00,960.00,5030.00,1.00,0.00,0.00,3.00,7.00,960.00,0.00,1955.00,0.00,98118.00,47.56,-122.28,1460.00,5400.00
3888100043.00,20140507T000000,350000.00,3.00,1.00,1010.00,9360.00,1.00,0.00,0.00,3.00,6.00,1010.00,0.00,1981.00,0.00,98033.00,47.69,-122.17,1470.00,9360.00
8165501510.00,20141125T000000,320000.00,2.00,2.25,1550.00,1827.00,2.00,0.00,0.00,3.00,8.00,1550.00,0.00,2008.00,0.00,98106.00,47.54,-122.37,1420.00,1826.00
5152700120.00,20150318T000000,452000.00,5.00,2.50,5067.00,13315.00,1.00,0.00,2.00,3.00,9.00,3154.00,1913.00,1968.00,0.00,98003.00,47.34,-122.33,2860.00,13957.00
1962200475.00,20140725T000000,875000.00,3.00,2.00,2350.00,6000.00,1.50,0.00,0.00,4.00,8.00,1990.00,360.00,1922.00,0.00,98102.00,47.65,-122.32,2010.00,5040.00
272000355.00,20141108T000000,325000.00,3.00,1.50,1310.00,2998.00,2.00,0.00,0.00,3.00,7.00,1310.00,0.00,1998.00,0.00,98144.00,47.59,-122.30,1310.00,2997.00
5113400113.00,20140619T000000,756000.00,4.00,2.25,2160.00,5600.00,1.00,0.00,0.00,5.00,7.00,1080.00,1080.00,1947.00,0.00,98119.00,47.64,-122.37,1850.00,5150.00
6669010120.00,20140624T000000,319000.00,4.00,2.50,2510.00,7992.00,1.00,0.00,0.00,3.00,8.00,1610.00,900.00,1978.00,0.00,98032.00,47.37,-122.29,2030.00,7992.00
7170200110.00,20150121T000000,455000.00,3.00,1.75,890.00,3800.00,1.50,0.00,0.00,3.00,7.00,750.00,140.00,1926.00,0.00,98115.00,47.68,-122.29,1280.00,3800.00
2113700025.00,20150409T000000,330000.00,2.00,1.00,1129.00,3840.00,1.00,0.00,0.00,3.00,7.00,1129.00,0.00,1953.00,0.00,98106.00,47.53,-122.35,1300.00,3880.00
7197000100.00,20150108T000000,510000.00,4.00,3.25,1980.00,9988.00,1.00,0.00,0.00,3.00,8.00,1340.00,640.00,1980.00,0.00,98052.00,47.69,-122.11,1980.00,8972.00
7577700061.00,20150416T000000,532000.00,3.00,1.00,2360.00,5012.00,1.00,0.00,0.00,3.00,7.00,1560.00,800.00,1964.00,0.00,98116.00,47.57,-122.38,1690.00,4800.00
1862400215.00,20150120T000000,775000.00,3.00,2.50,2480.00,5007.00,2.00,0.00,0.00,3.00,8.00,1960.00,520.00,2014.00,0.00,98117.00,47.70,-122.37,1650.00,7806.00
3726800201.00,20150417T000000,410000.00,3.00,1.75,2160.00,4000.00,1.00,0.00,0.00,3.00,7.00,1080.00,1080.00,1953.00,0.00,98144.00,47.57,-122.31,1260.00,3200.00
13002460.00,20150318T000000,205000.00,2.00,1.75,1740.00,5100.00,1.00,0.00,0.00,3.00,6.00,580.00,1160.00,1915.00,0.00,98108.00,47.52,-122.33,1440.00,5100.00
5151200215.00,20141212T000000,585000.00,4.00,2.50,2430.00,6766.00,2.00,0.00,0.00,3.00,8.00,2430.00,0.00,1999.00,0.00,98177.00,47.73,-122.36,1820.00,6772.00
8731983200.00,20150310T000000,255000.00,2.00,1.75,1950.00,8200.00,1.00,0.00,0.00,3.00,8.00,1950.00,0.00,1975.00,0.00,98023.00,47.32,-122.38,2370.00,8000.00
5309101395.00,20140911T000000,415000.00,2.00,1.00,910.00,3750.00,1.00,0.00,0.00,3.00,7.00,910.00,0.00,1904.00,0.00,98117.00,47.68,-122.37,1160.00,4000.00
4364700945.00,20150402T000000,459000.00,4.00,2.00,2360.00,7080.00,1.00,0.00,0.00,5.00,6.00,1180.00,1180.00,1925.00,0.00,98126.00,47.53,-122.38,1340.00,7200.00
395300330.00,20141211T000000,354000.00,3.00,1.00,1130.00,11250.00,1.00,0.00,0.00,3.00,7.00,1130.00,0.00,1965.00,0.00,98034.00,47.73,-122.23,1410.00,11250.00
3295730040.00,20140715T000000,587000.00,3.00,2.50,2150.00,5193.00,2.00,0.00,0.00,3.00,8.00,2150.00,0.00,1995.00,0.00,98033.00,47.70,-122.19,2150.00,7172.00
7937600395.00,20140708T000000,782000.00,4.00,3.50,5270.00,53428.00,2.00,0.00,0.00,3.00,10.00,3440.00,1830.00,2004.00,0.00,98058.00,47.44,-122.09,2340.00,30904.00
1236300146.00,20150504T000000,570000.00,3.00,1.50,1300.00,7287.00,1.00,0.00,0.00,4.00,7.00,1300.00,0.00,1965.00,0.00,98033.00,47.69,-122.19,1300.00,9129.00
8024200625.00,20150205T000000,414500.00,3.00,1.00,1050.00,6002.00,1.00,0.00,0.00,3.00,7.00,840.00,210.00,1941.00,0.00,98115.00,47.70,-122.32,1180.00,6003.00
7340600845.00,20140806T000000,185000.00,4.00,1.00,1380.00,6700.00,1.00,0.00,0.00,3.00,7.00,1190.00,190.00,1928.00,0.00,98168.00,47.49,-122.28,1380.00,8292.00
898000220.00,20141001T000000,262500.00,3.00,1.50,1610.00,10291.00,1.00,0.00,0.00,4.00,7.00,1610.00,0.00,1961.00,0.00,98022.00,47.20,-122.00,1410.00,7729.00
2212600100.00,20140522T000000,370000.00,4.00,2.75,3150.00,67518.00,1.00,0.00,0.00,4.00,9.00,2250.00,900.00,1965.00,0.00,98092.00,47.34,-122.20,2210.00,32391.00
6412100092.00,20150105T000000,362500.00,3.00,1.00,1520.00,9507.00,1.00,0.00,0.00,3.00,7.00,1520.00,0.00,1954.00,0.00,98125.00,47.72,-122.32,1360.00,7219.00
8835350300.00,20150304T000000,536000.00,3.00,2.50,1990.00,7397.00,2.00,0.00,0.00,3.00,9.00,1990.00,0.00,1993.00,0.00,98072.00,47.77,-122.17,2210.00,7397.00
2586800210.00,20150421T000000,425000.00,5.00,2.00,2500.00,7804.00,1.50,0.00,0.00,3.00,7.00,1570.00,930.00,1921.00,0.00,98146.00,47.50,-122.35,1170.00,7676.00
2044500201.00,20140609T000000,435000.00,3.00,2.25,1890.00,7200.00,1.00,0.00,0.00,4.00,7.00,1230.00,660.00,1973.00,0.00,98125.00,47.72,-122.32,1970.00,8101.00
6450303950.00,20140505T000000,435000.00,5.00,2.00,1840.00,9240.00,1.00,0.00,0.00,4.00,7.00,1540.00,300.00,1942.00,1958.00,98133.00,47.73,-122.34,1200.00,5250.00
3013300409.00,20150312T000000,400000.00,2.00,1.00,1220.00,6300.00,1.00,0.00,0.00,3.00,7.00,760.00,460.00,1942.00,0.00,98136.00,47.53,-122.39,1850.00,4886.00
1934800087.00,20140626T000000,446000.00,2.00,1.50,1370.00,1221.00,2.00,0.00,0.00,3.00,8.00,1080.00,290.00,2008.00,0.00,98122.00,47.60,-122.31,1560.00,2081.00
1125049140.00,20150126T000000,1250000.00,3.00,2.50,2710.00,13120.00,1.00,0.00,0.00,3.00,10.00,2710.00,0.00,1959.00,0.00,98105.00,47.67,-122.26,3130.00,13566.00
2025700180.00,20141120T000000,300000.00,3.00,2.25,1760.00,5421.00,2.00,0.00,0.00,3.00,7.00,1760.00,0.00,1991.00,0.00,98038.00,47.35,-122.04,1570.00,6000.00
8024201055.00,20140806T000000,404500.00,2.00,1.00,800.00,5080.00,1.00,0.00,0.00,3.00,7.00,800.00,0.00,1938.00,0.00,98115.00,47.70,-122.31,1560.00,5110.00
2426059097.00,20150305T000000,910000.00,4.00,2.50,3530.00,49222.00,2.00,0.00,0.00,4.00,9.00,3530.00,0.00,1986.00,0.00,98072.00,47.73,-122.11,3750.00,49222.00
9829200855.00,20140513T000000,771000.00,3.00,2.25,1780.00,6120.00,1.50,0.00,0.00,4.00,9.00,1390.00,390.00,1927.00,0.00,98122.00,47.60,-122.29,1960.00,5568.00
1864940180.00,20140605T000000,335000.00,4.00,2.50,2610.00,4781.00,2.00,0.00,0.00,3.00,8.00,2610.00,0.00,2009.00,0.00,98001.00,47.26,-122.29,2583.00,4796.00
1023089085.00,20140804T000000,390000.00,3.00,1.75,1850.00,15170.00,1.00,0.00,0.00,3.00,7.00,1850.00,0.00,1965.00,0.00,98045.00,47.50,-121.77,1160.00,14175.00
4399200100.00,20150428T000000,288000.00,3.00,2.25,1560.00,9706.00,1.00,0.00,0.00,4.00,7.00,1560.00,0.00,1963.00,0.00,98002.00,47.32,-122.21,1510.00,9706.00
1087500040.00,20141014T000000,403000.00,3.00,1.75,1270.00,10790.00,1.00,0.00,0.00,3.00,7.00,1270.00,0.00,1956.00,0.00,98033.00,47.66,-122.18,1270.00,10790.00
1972201965.00,20140624T000000,510000.00,3.00,2.25,1420.00,1309.00,3.00,0.00,0.00,3.00,8.00,1420.00,0.00,2006.00,0.00,98103.00,47.65,-122.35,1500.00,1282.00
272000085.00,20150219T000000,751000.00,6.00,3.00,2880.00,6800.00,2.00,0.00,0.00,3.00,7.00,2880.00,0.00,1980.00,0.00,98144.00,47.59,-122.30,1640.00,4000.00
7129302806.00,20150203T000000,408000.00,3.00,1.00,1420.00,8000.00,1.00,0.00,4.00,3.00,7.00,1420.00,0.00,1950.00,0.00,98118.00,47.52,-122.26,1780.00,8295.00
4389201021.00,20140701T000000,1014250.00,3.00,1.00,1640.00,12855.00,1.50,0.00,0.00,5.00,6.00,1500.00,140.00,1920.00,0.00,98004.00,47.62,-122.21,2190.00,11262.00
6751300385.00,20150424T000000,575000.00,3.00,2.00,1730.00,9030.00,1.00,0.00,0.00,4.00,7.00,1730.00,0.00,1956.00,0.00,98007.00,47.59,-122.13,1470.00,9030.00
723049274.00,20150417T000000,330000.00,3.00,1.75,1250.00,8100.00,1.00,0.00,0.00,3.00,7.00,1250.00,0.00,1951.00,2004.00,98146.00,47.50,-122.35,1300.00,8175.00
2767602094.00,20140516T000000,565000.00,3.00,2.25,1520.00,1221.00,3.00,0.00,0.00,3.00,8.00,1520.00,0.00,2013.00,0.00,98107.00,47.67,-122.38,1550.00,4750.00
8635760330.00,20150413T000000,456000.00,3.00,2.50,1820.00,2935.00,2.00,0.00,0.00,3.00,8.00,1820.00,0.00,1999.00,0.00,98074.00,47.60,-122.02,1820.00,2936.00
3905010100.00,20140615T000000,652500.00,4.00,2.50,2700.00,9122.00,2.00,0.00,0.00,3.00,9.00,2700.00,0.00,1990.00,0.00,98029.00,47.58,-121.99,2500.00,9122.00
2493200215.00,20141231T000000,582000.00,3.00,1.75,1820.00,3140.00,2.00,0.00,0.00,5.00,8.00,1820.00,0.00,1949.00,1990.00,98136.00,47.53,-122.38,2030.00,5499.00
8691390530.00,20140625T000000,700000.00,4.00,2.50,2770.00,5686.00,2.00,0.00,0.00,3.00,9.00,2770.00,0.00,2004.00,0.00,98075.00,47.60,-121.97,2910.00,5000.00
4319200620.00,20141015T000000,235000.00,2.00,1.00,1270.00,9182.00,1.50,0.00,0.00,3.00,6.00,1270.00,0.00,1917.00,0.00,98126.00,47.54,-122.38,1760.00,9100.00
424069096.00,20140731T000000,460000.00,3.00,1.75,1400.00,12155.00,1.00,0.00,0.00,4.00,7.00,1400.00,0.00,1977.00,0.00,98075.00,47.59,-122.05,2540.00,23522.00
8121200820.00,20140522T000000,475000.00,3.00,2.25,1820.00,8008.00,1.00,0.00,0.00,3.00,8.00,1240.00,580.00,1981.00,0.00,98052.00,47.72,-122.11,2030.00,8750.00
8682231110.00,20140609T000000,579000.00,2.00,2.00,1870.00,6275.00,1.00,0.00,0.00,3.00,8.00,1870.00,0.00,2003.00,0.00,98053.00,47.71,-122.03,1670.00,5200.00
2767602645.00,20141110T000000,507000.00,4.00,2.00,1360.00,2746.00,1.50,0.00,0.00,3.00,7.00,1360.00,0.00,1945.00,2011.00,98107.00,47.67,-122.39,1960.00,2746.00
7131300035.00,20140512T000000,210000.00,3.00,2.50,1040.00,2643.00,2.00,0.00,0.00,3.00,7.00,720.00,320.00,2004.00,0.00,98118.00,47.52,-122.27,1540.00,5110.00
2595650100.00,20140630T000000,359500.00,4.00,2.75,2140.00,10316.00,2.00,0.00,0.00,3.00,8.00,2140.00,0.00,1993.00,0.00,98001.00,47.35,-122.27,1920.00,11337.00
2616700450.00,20141107T000000,248000.00,3.00,1.75,1330.00,9831.00,1.00,0.00,0.00,3.00,7.00,1330.00,0.00,1987.00,0.00,98001.00,47.33,-122.28,1330.00,7500.00
2520900301.00,20141022T000000,239300.00,3.00,1.00,1070.00,5750.00,1.00,0.00,0.00,3.00,7.00,1070.00,0.00,1952.00,0.00,98178.00,47.51,-122.26,1420.00,6500.00
1473200150.00,20141216T000000,315000.00,3.00,2.25,1370.00,1533.00,3.00,0.00,0.00,3.00,8.00,1370.00,0.00,2009.00,0.00,98133.00,47.73,-122.34,1370.00,1125.00
1726600150.00,20150226T000000,970000.00,4.00,3.00,3510.00,12410.00,2.00,0.00,0.00,4.00,9.00,3510.00,0.00,1976.00,0.00,98005.00,47.64,-122.17,3000.00,13209.00
9169600110.00,20150317T000000,510000.00,3.00,1.50,1730.00,6240.00,1.00,0.00,1.00,3.00,8.00,1000.00,730.00,1954.00,0.00,98136.00,47.53,-122.39,1620.00,6240.00
4036800580.00,20140621T000000,418000.00,4.00,1.50,1550.00,9176.00,1.00,0.00,0.00,3.00,7.00,1000.00,550.00,1956.00,0.00,98008.00,47.60,-122.13,1730.00,8539.00
2324800110.00,20140612T000000,699000.00,4.00,2.50,3280.00,27441.00,2.00,0.00,0.00,3.00,9.00,3280.00,0.00,1996.00,0.00,98053.00,47.67,-122.01,3200.00,26960.00
7855800910.00,20150321T000000,871000.00,4.00,2.50,2150.00,8536.00,1.00,0.00,3.00,4.00,8.00,1400.00,750.00,1967.00,0.00,98006.00,47.57,-122.16,2800.00,9500.00
3625059140.00,20140507T000000,515000.00,3.00,1.75,1580.00,9147.00,1.00,0.00,1.00,4.00,7.00,1210.00,370.00,1967.00,0.00,98008.00,47.61,-122.11,2600.00,23564.00
1200021.00,20140811T000000,400000.00,3.00,1.00,1460.00,43000.00,1.00,0.00,0.00,3.00,7.00,1460.00,0.00,1952.00,0.00,98166.00,47.44,-122.35,2250.00,20023.00
9455200790.00,20141209T000000,445000.00,3.00,1.75,1410.00,5100.00,1.00,0.00,0.00,4.00,7.00,1110.00,300.00,1954.00,0.00,98125.00,47.70,-122.29,1600.00,7800.00
2021200530.00,20150225T000000,1110000.00,4.00,2.75,3090.00,6600.00,1.00,0.00,2.00,3.00,9.00,1800.00,1290.00,1956.00,0.00,98199.00,47.63,-122.40,2380.00,5000.00
7760600110.00,20141027T000000,212000.00,3.00,1.50,1690.00,9600.00,1.00,0.00,0.00,3.00,7.00,1210.00,480.00,1976.00,0.00,98038.00,47.39,-122.08,1450.00,9647.00
9323610110.00,20150112T000000,710000.00,4.00,2.50,2870.00,11304.00,2.00,0.00,0.00,3.00,9.00,2870.00,0.00,1980.00,0.00,98006.00,47.55,-122.15,2690.00,9940.00
1612500090.00,20150331T000000,225800.00,4.00,1.00,1100.00,7110.00,1.00,0.00,0.00,4.00,7.00,880.00,220.00,1907.00,0.00,98030.00,47.39,-122.23,1150.00,7110.00
4027700594.00,20141222T000000,520000.00,3.00,1.75,2310.00,36665.00,1.00,0.00,2.00,3.00,8.00,1580.00,730.00,1983.00,0.00,98155.00,47.77,-122.27,2000.00,14000.00
1924059254.00,20150508T000000,1295000.00,5.00,3.75,3490.00,15246.00,1.00,0.00,1.00,4.00,10.00,1940.00,1550.00,1968.00,0.00,98040.00,47.55,-122.21,3410.00,15682.00
2172000846.00,20140619T000000,248000.00,4.00,2.00,2080.00,13510.00,1.00,0.00,0.00,3.00,7.00,1040.00,1040.00,1950.00,0.00,98178.00,47.49,-122.26,2010.00,11625.00
514500195.00,20141016T000000,556000.00,4.00,2.50,2230.00,7200.00,1.00,0.00,0.00,4.00,7.00,1220.00,1010.00,1957.00,0.00,98005.00,47.59,-122.16,1920.00,7200.00
8151600142.00,20150512T000000,319950.00,5.00,1.75,1710.00,11900.00,1.00,0.00,0.00,3.00,7.00,1070.00,640.00,1958.00,0.00,98146.00,47.51,-122.37,1030.00,10360.00
7950304045.00,20150331T000000,320000.00,4.00,2.75,1640.00,3000.00,1.00,0.00,0.00,3.00,7.00,1000.00,640.00,1984.00,0.00,98118.00,47.56,-122.28,1150.00,4545.00
6700390210.00,20140708T000000,245000.00,3.00,2.50,1600.00,2788.00,2.00,0.00,0.00,4.00,7.00,1600.00,0.00,1992.00,0.00,98031.00,47.40,-122.19,1720.00,3605.00
2195700230.00,20150203T000000,700000.00,3.00,2.50,2850.00,36585.00,2.00,0.00,0.00,3.00,10.00,2850.00,0.00,1987.00,0.00,98072.00,47.74,-122.10,3340.00,35671.00
558100090.00,20150312T000000,628000.00,5.00,2.75,2600.00,8160.00,2.00,0.00,0.00,3.00,8.00,2600.00,0.00,2015.00,0.00,98133.00,47.73,-122.34,1600.00,8160.00
2749600245.00,20140617T000000,640000.00,3.00,2.00,1380.00,4800.00,1.00,0.00,0.00,3.00,7.00,1380.00,0.00,1948.00,0.00,98199.00,47.65,-122.37,1740.00,5640.00
1782500065.00,20150428T000000,420000.00,4.00,1.75,1320.00,4978.00,1.00,0.00,0.00,4.00,7.00,940.00,380.00,1942.00,0.00,98126.00,47.53,-122.38,1260.00,4693.00
263000329.00,20141008T000000,349950.00,3.00,2.50,1420.00,1162.00,3.00,0.00,0.00,3.00,8.00,1420.00,0.00,2002.00,0.00,98103.00,47.70,-122.35,1430.00,1560.00
9432900180.00,20140714T000000,307999.00,4.00,2.75,2420.00,8438.00,2.00,0.00,0.00,3.00,8.00,2420.00,0.00,1996.00,0.00,98022.00,47.21,-122.01,2420.00,8580.00
142000165.00,20140507T000000,749950.00,4.00,2.75,2600.00,6050.00,2.00,0.00,0.00,5.00,8.00,1960.00,640.00,1949.00,0.00,98116.00,47.57,-122.40,1990.00,6050.00
6145600410.00,20140711T000000,290000.00,2.00,1.00,840.00,3844.00,1.00,0.00,0.00,4.00,6.00,840.00,0.00,1919.00,0.00,98133.00,47.70,-122.35,1040.00,3844.00
2599001500.00,20140712T000000,235000.00,3.00,1.75,1420.00,7920.00,1.00,0.00,0.00,4.00,7.00,1420.00,0.00,1962.00,0.00,98092.00,47.29,-122.19,1420.00,7920.00
1721801010.00,20140903T000000,225000.00,3.00,1.00,1790.00,6120.00,1.00,0.00,0.00,3.00,6.00,1790.00,0.00,1937.00,1964.00,98146.00,47.51,-122.34,830.00,6120.00
1721801010.00,20150424T000000,302100.00,3.00,1.00,1790.00,6120.00,1.00,0.00,0.00,3.00,6.00,1790.00,0.00,1937.00,1964.00,98146.00,47.51,-122.34,830.00,6120.00
5101404491.00,20150212T000000,520000.00,2.00,1.00,1340.00,6380.00,1.00,0.00,0.00,3.00,7.00,890.00,450.00,1939.00,0.00,98115.00,47.70,-122.31,1380.00,6380.00
326049111.00,20140626T000000,285000.00,2.00,1.00,1010.00,7200.00,1.00,0.00,0.00,3.00,7.00,1010.00,0.00,1975.00,0.00,98155.00,47.77,-122.29,1890.00,9248.00
1785400300.00,20140821T000000,525000.00,3.00,2.00,1640.00,15258.00,1.00,0.00,0.00,3.00,8.00,1640.00,0.00,1981.00,0.00,98074.00,47.63,-122.04,1640.00,16345.00
1310980580.00,20150319T000000,374900.00,5.00,2.75,2980.00,8500.00,1.00,0.00,0.00,3.00,8.00,1540.00,1440.00,1982.00,0.00,98032.00,47.36,-122.28,2310.00,8500.00
6632300230.00,20141006T000000,377500.00,3.00,2.00,1370.00,7200.00,1.00,0.00,0.00,3.00,7.00,1130.00,240.00,1926.00,1955.00,98125.00,47.73,-122.31,1300.00,7208.00
9324800650.00,20150427T000000,587450.00,3.00,2.25,2190.00,8775.00,1.50,0.00,1.00,4.00,8.00,2190.00,0.00,1927.00,0.00,98125.00,47.73,-122.29,1910.00,8145.00
2188201010.00,20150121T000000,245000.00,3.00,2.25,1530.00,12000.00,1.00,0.00,0.00,3.00,7.00,1070.00,460.00,1979.00,0.00,98023.00,47.27,-122.34,2140.00,13636.00
7137910360.00,20140729T000000,200000.00,3.00,2.00,1290.00,5757.00,1.00,0.00,0.00,3.00,7.00,1290.00,0.00,1994.00,0.00,98092.00,47.32,-122.17,1580.00,6798.00
125069038.00,20141125T000000,2140000.00,4.00,3.75,5150.00,453895.00,2.00,0.00,3.00,3.00,11.00,4360.00,790.00,1997.00,0.00,98053.00,47.68,-121.99,2500.00,215186.00
9465910150.00,20141109T000000,607000.00,3.00,2.50,2470.00,9226.00,2.00,0.00,0.00,3.00,9.00,2470.00,0.00,1991.00,0.00,98072.00,47.74,-122.17,2820.00,11013.00
724069023.00,20150414T000000,1247000.00,1.00,1.25,1810.00,5070.00,1.50,1.00,4.00,4.00,8.00,1230.00,580.00,1967.00,0.00,98075.00,47.58,-122.08,2280.00,5070.00
6600220150.00,20150310T000000,549950.00,4.00,2.50,2230.00,14694.00,1.00,0.00,0.00,4.00,7.00,1180.00,1050.00,1981.00,0.00,98074.00,47.63,-122.03,1470.00,13458.00
7227800025.00,20141118T000000,250000.00,3.00,3.00,2300.00,7701.00,1.00,0.00,0.00,3.00,7.00,2300.00,0.00,1960.00,0.00,98056.00,47.51,-122.18,1570.00,8116.00
3905040220.00,20140509T000000,525000.00,3.00,2.50,2030.00,6970.00,2.00,0.00,0.00,4.00,8.00,2030.00,0.00,1991.00,0.00,98029.00,47.57,-122.00,2000.00,6140.00
5072300210.00,20140624T000000,440000.00,3.00,1.75,2000.00,9900.00,1.00,0.00,2.00,4.00,8.00,1480.00,520.00,1957.00,0.00,98166.00,47.44,-122.34,2310.00,10200.00
121039042.00,20150313T000000,425000.00,3.00,2.75,3610.00,107386.00,1.50,1.00,3.00,3.00,8.00,3130.00,480.00,1918.00,1962.00,98023.00,47.34,-122.36,2630.00,42126.00
6705870120.00,20140701T000000,739900.00,5.00,2.50,3290.00,5029.00,2.00,0.00,0.00,3.00,8.00,3290.00,0.00,2004.00,0.00,98075.00,47.58,-122.06,2990.00,6441.00
1109000040.00,20140528T000000,315000.00,3.00,2.00,1300.00,3731.00,1.00,0.00,0.00,3.00,7.00,900.00,400.00,1993.00,0.00,98118.00,47.54,-122.27,1300.00,3731.00
9358001590.00,20150303T000000,340000.00,5.00,1.00,1880.00,3774.00,1.50,0.00,0.00,3.00,6.00,1360.00,520.00,1917.00,0.00,98126.00,47.57,-122.37,1420.00,2550.00
705700580.00,20150501T000000,366000.00,4.00,2.75,2170.00,9743.00,2.00,0.00,0.00,3.00,7.00,2170.00,0.00,1995.00,0.00,98038.00,47.38,-122.02,1670.00,7734.00
4343800100.00,20141021T000000,315000.00,3.00,1.75,1680.00,7250.00,1.00,0.00,0.00,3.00,7.00,930.00,750.00,1952.00,0.00,98133.00,47.72,-122.35,1340.00,7250.00
3343900781.00,20141027T000000,299000.00,3.00,1.50,1190.00,9135.00,1.00,0.00,0.00,4.00,7.00,1190.00,0.00,1959.00,0.00,98056.00,47.52,-122.19,1520.00,9146.00
1062100085.00,20141113T000000,350000.00,2.00,1.00,940.00,5000.00,1.00,0.00,0.00,3.00,7.00,940.00,0.00,1950.00,0.00,98155.00,47.75,-122.28,1800.00,7400.00
6821101827.00,20141105T000000,340000.00,2.00,1.75,1010.00,1461.00,1.00,0.00,0.00,3.00,7.00,670.00,340.00,2003.00,0.00,98199.00,47.65,-122.40,1500.00,2499.00
3901100015.00,20141230T000000,460000.00,3.00,1.75,1290.00,8580.00,1.00,0.00,0.00,4.00,7.00,1290.00,0.00,1962.00,0.00,98033.00,47.67,-122.17,1840.00,8580.00
9500900110.00,20140731T000000,224000.00,3.00,1.50,1480.00,10588.00,1.00,0.00,0.00,3.00,7.00,1480.00,0.00,1957.00,0.00,98002.00,47.29,-122.21,1370.00,10588.00
4006000401.00,20140811T000000,140000.00,2.00,1.00,900.00,6400.00,1.00,0.00,0.00,2.00,6.00,900.00,0.00,1940.00,0.00,98118.00,47.53,-122.28,1350.00,6405.00
1218000025.00,20141013T000000,246000.00,4.00,2.00,1400.00,7632.00,1.50,0.00,0.00,5.00,6.00,1400.00,0.00,1930.00,0.00,98166.00,47.46,-122.35,1400.00,7632.00
1875500040.00,20150127T000000,330000.00,3.00,2.50,2040.00,14071.00,2.00,0.00,0.00,3.00,7.00,2040.00,0.00,1995.00,0.00,98019.00,47.73,-121.96,1890.00,14040.00
7955000210.00,20140709T000000,306000.00,3.00,1.00,1450.00,7200.00,1.00,0.00,0.00,3.00,7.00,1010.00,440.00,1969.00,0.00,98034.00,47.73,-122.20,1500.00,6767.00
7568700175.00,20140604T000000,324950.00,3.00,1.00,1210.00,7440.00,1.00,0.00,0.00,3.00,7.00,1210.00,0.00,1949.00,0.00,98155.00,47.74,-122.32,1120.00,7440.00
3410600100.00,20140613T000000,345000.00,2.00,1.50,1800.00,26615.00,1.00,0.00,0.00,5.00,7.00,1240.00,560.00,1987.00,0.00,98092.00,47.30,-122.12,2010.00,26337.00
923049378.00,20140508T000000,207000.00,3.00,1.00,1490.00,8995.00,1.00,0.00,0.00,4.00,7.00,1490.00,0.00,1954.00,0.00,98168.00,47.49,-122.30,1490.00,9000.00
420000085.00,20140827T000000,238000.00,3.00,1.00,1240.00,5700.00,1.50,0.00,0.00,5.00,6.00,1240.00,0.00,1953.00,0.00,98056.00,47.49,-122.17,1140.00,5700.00
2817210210.00,20150401T000000,695000.00,3.00,2.00,2632.00,18743.00,2.00,0.00,3.00,3.00,10.00,2632.00,0.00,2000.00,0.00,98070.00,47.37,-122.42,1970.00,14171.00
2141340040.00,20140911T000000,649950.00,3.00,2.50,2150.00,15304.00,2.00,0.00,0.00,4.00,9.00,2150.00,0.00,1979.00,0.00,98006.00,47.56,-122.14,2540.00,10507.00
714000315.00,20150414T000000,515000.00,3.00,2.75,1710.00,9448.00,1.00,0.00,0.00,3.00,7.00,1010.00,700.00,1947.00,0.00,98105.00,47.67,-122.27,1960.00,8951.00
263000040.00,20141001T000000,452000.00,3.00,2.50,1530.00,5032.00,2.00,0.00,0.00,3.00,7.00,1530.00,0.00,1998.00,0.00,98103.00,47.70,-122.35,1450.00,2136.00
1721801161.00,20141030T000000,236000.00,4.00,2.50,1630.00,3060.00,2.00,0.00,0.00,3.00,7.00,1630.00,0.00,2003.00,0.00,98146.00,47.51,-122.34,1270.00,4590.00
4139490210.00,20140730T000000,1285000.00,4.00,3.50,4080.00,14450.00,2.00,0.00,2.00,3.00,12.00,3210.00,870.00,1998.00,0.00,98006.00,47.55,-122.11,4080.00,12114.00
6790900110.00,20140610T000000,563000.00,3.00,2.75,2340.00,16500.00,1.00,0.00,0.00,4.00,8.00,1500.00,840.00,1972.00,0.00,98075.00,47.60,-122.05,2210.00,15251.00
1775800220.00,20150402T000000,410988.00,3.00,1.75,1000.00,14061.00,1.00,0.00,0.00,4.00,7.00,1000.00,0.00,1967.00,0.00,98072.00,47.74,-122.09,1260.00,12635.00
2569500210.00,20141117T000000,339950.00,0.00,2.50,2290.00,8319.00,2.00,0.00,0.00,3.00,8.00,2290.00,0.00,1985.00,0.00,98042.00,47.35,-122.15,2500.00,8751.00
4141000490.00,20141021T000000,1200000.00,4.00,2.50,3180.00,13118.00,2.00,0.00,0.00,4.00,11.00,3180.00,0.00,1986.00,0.00,98040.00,47.54,-122.23,3070.00,12861.00
8078100120.00,20150319T000000,340000.00,4.00,2.50,2170.00,19785.00,2.00,0.00,0.00,3.00,8.00,2170.00,0.00,1992.00,0.00,98031.00,47.40,-122.17,2280.00,8616.00
3034200666.00,20141107T000000,808100.00,4.00,3.25,3020.00,13457.00,1.00,0.00,0.00,5.00,9.00,3020.00,0.00,1956.00,0.00,98133.00,47.72,-122.34,2120.00,7553.00
8892900210.00,20140609T000000,236000.00,3.00,1.75,1330.00,6301.00,1.00,0.00,0.00,3.00,7.00,1330.00,0.00,1998.00,0.00,98002.00,47.34,-122.22,1330.00,6144.00
7399000360.00,20150513T000000,330000.00,4.00,1.75,1720.00,8300.00,1.00,0.00,0.00,4.00,8.00,1720.00,0.00,1965.00,0.00,98055.00,47.47,-122.19,1840.00,8300.00
3491300082.00,20150127T000000,799990.00,4.00,3.50,2540.00,5808.00,2.00,0.00,0.00,5.00,8.00,1820.00,720.00,1910.00,1986.00,98117.00,47.69,-122.38,1520.00,5461.00
2310060040.00,20140925T000000,240000.00,0.00,2.50,1810.00,5669.00,2.00,0.00,0.00,3.00,7.00,1810.00,0.00,2003.00,0.00,98038.00,47.35,-122.05,1810.00,5685.00
323059146.00,20150417T000000,343000.00,3.00,1.00,1410.00,18600.00,1.00,0.00,0.00,5.00,7.00,1410.00,0.00,1960.00,0.00,98059.00,47.50,-122.15,1610.00,24941.00
1079350090.00,20140617T000000,332000.00,3.00,2.50,1530.00,9406.00,1.00,0.00,0.00,3.00,7.00,1270.00,260.00,1993.00,0.00,98059.00,47.49,-122.16,1700.00,7682.00
98000740.00,20150401T000000,945000.00,5.00,3.50,4380.00,14925.00,2.00,0.00,0.00,3.00,11.00,4380.00,0.00,2003.00,0.00,98075.00,47.58,-121.97,4310.00,14633.00
5126400150.00,20140617T000000,239950.00,3.00,1.00,1140.00,8366.00,1.00,0.00,0.00,5.00,6.00,1140.00,0.00,1943.00,0.00,98058.00,47.48,-122.18,960.00,7200.00
8815400165.00,20150303T000000,674000.00,5.00,1.75,2110.00,5000.00,1.50,0.00,0.00,4.00,7.00,1250.00,860.00,1946.00,0.00,98115.00,47.67,-122.29,1720.00,5000.00
421000555.00,20140520T000000,200000.00,3.00,1.00,1050.00,5000.00,1.00,0.00,0.00,4.00,6.00,1050.00,0.00,1967.00,0.00,98056.00,47.49,-122.17,1050.00,5200.00
686300930.00,20150305T000000,453000.00,3.00,1.75,1600.00,7232.00,1.00,0.00,0.00,3.00,8.00,1600.00,0.00,1966.00,0.00,98008.00,47.63,-122.12,1970.00,8120.00
2744600040.00,20140614T000000,330000.00,3.00,1.75,1430.00,8865.00,1.00,0.00,0.00,3.00,7.00,1430.00,0.00,1950.00,0.00,98125.00,47.73,-122.30,1250.00,8154.00
3832070040.00,20150416T000000,285000.00,4.00,2.50,1996.00,4547.00,2.00,0.00,0.00,3.00,7.00,1996.00,0.00,2009.00,0.00,98042.00,47.34,-122.05,2180.00,5127.00
7305300090.00,20141106T000000,338000.00,4.00,1.75,1530.00,8152.00,1.00,0.00,0.00,5.00,6.00,910.00,620.00,1948.00,0.00,98155.00,47.76,-122.33,1310.00,8152.00
7452500730.00,20150424T000000,264950.00,2.00,1.00,1000.00,6000.00,1.00,0.00,0.00,3.00,6.00,1000.00,0.00,1951.00,0.00,98126.00,47.52,-122.37,1250.00,6000.00
1824059079.00,20150311T000000,880000.00,4.00,2.00,2530.00,10800.00,1.00,0.00,0.00,5.00,8.00,1350.00,1180.00,1954.00,0.00,98040.00,47.57,-122.23,2960.00,12150.00
3438503426.00,20150406T000000,209500.00,3.00,1.50,970.00,5488.00,1.00,0.00,0.00,3.00,7.00,970.00,0.00,1976.00,0.00,98106.00,47.54,-122.36,1040.00,5488.00
8948500025.00,20150425T000000,380000.00,4.00,2.50,2400.00,9398.00,1.00,0.00,0.00,4.00,7.00,1310.00,1090.00,1958.00,0.00,98056.00,47.50,-122.18,1330.00,8249.00
1722059021.00,20141217T000000,336500.00,3.00,2.00,1830.00,12891.00,1.00,0.00,0.00,3.00,7.00,1830.00,0.00,1994.00,0.00,98031.00,47.39,-122.19,2320.00,8709.00
8899210090.00,20140714T000000,360000.00,3.00,2.25,2130.00,8466.00,1.00,0.00,0.00,3.00,7.00,1290.00,840.00,1983.00,0.00,98055.00,47.45,-122.21,2250.00,9682.00
4019300155.00,20140821T000000,911100.00,4.00,3.25,3330.00,33826.00,2.00,0.00,0.00,5.00,8.00,3330.00,0.00,1924.00,0.00,98155.00,47.76,-122.28,2580.00,28707.00
4364700165.00,20141124T000000,249900.00,2.00,1.00,560.00,7560.00,1.00,0.00,0.00,3.00,6.00,560.00,0.00,1944.00,0.00,98126.00,47.53,-122.38,990.00,7560.00
796000085.00,20140923T000000,175000.00,4.00,1.00,1210.00,6250.00,1.00,0.00,0.00,3.00,7.00,1210.00,0.00,1962.00,0.00,98168.00,47.50,-122.33,1210.00,8291.00
7987401095.00,20141113T000000,549950.00,3.00,2.50,2380.00,2500.00,3.00,0.00,3.00,3.00,9.00,2380.00,0.00,1988.00,0.00,98126.00,47.57,-122.38,2270.00,5000.00
1237500540.00,20141021T000000,225000.00,3.00,1.75,1370.00,10866.00,1.00,0.00,0.00,4.00,6.00,1370.00,0.00,1945.00,0.00,98052.00,47.68,-122.16,1580.00,14250.00
1237500540.00,20141222T000000,270000.00,3.00,1.75,1370.00,10866.00,1.00,0.00,0.00,4.00,6.00,1370.00,0.00,1945.00,0.00,98052.00,47.68,-122.16,1580.00,14250.00
3649100304.00,20140819T000000,400000.00,3.00,2.25,1740.00,11040.00,2.00,0.00,0.00,3.00,8.00,1740.00,0.00,1980.00,0.00,98028.00,47.74,-122.24,1720.00,11778.00
7400062.00,20140521T000000,299800.00,2.00,1.00,790.00,5240.00,1.00,0.00,0.00,4.00,6.00,790.00,0.00,1925.00,0.00,98118.00,47.53,-122.29,1430.00,5320.00
6388910730.00,20140806T000000,555000.00,3.00,2.50,2480.00,8676.00,2.00,0.00,0.00,4.00,8.00,2480.00,0.00,1989.00,0.00,98056.00,47.53,-122.17,2540.00,9496.00
7882900120.00,20140507T000000,230000.00,3.00,2.50,1920.00,9180.00,2.00,0.00,0.00,3.00,8.00,1920.00,0.00,1988.00,0.00,98055.00,47.48,-122.23,1930.00,7252.00
1865000040.00,20141210T000000,360000.00,4.00,2.50,2750.00,6259.00,2.00,0.00,0.00,3.00,9.00,2750.00,0.00,2002.00,0.00,98092.00,47.33,-122.18,2810.00,6824.00
6821100246.00,20140903T000000,415000.00,2.00,1.00,880.00,3200.00,1.00,0.00,0.00,3.00,7.00,880.00,0.00,1910.00,1970.00,98199.00,47.66,-122.40,1880.00,6000.00
8731981500.00,20140818T000000,355000.00,4.00,1.75,2160.00,8000.00,1.00,0.00,0.00,4.00,9.00,1660.00,500.00,1976.00,0.00,98023.00,47.32,-122.38,2350.00,8200.00
6979910120.00,20150323T000000,635000.00,4.00,2.50,2570.00,27972.00,2.00,0.00,0.00,3.00,8.00,2570.00,0.00,1997.00,0.00,98053.00,47.63,-121.97,2500.00,29761.00
2123700100.00,20141202T000000,353000.00,5.00,2.75,2130.00,5000.00,1.00,0.00,0.00,5.00,7.00,1100.00,1030.00,1978.00,0.00,98118.00,47.53,-122.27,1340.00,6837.00
3425059141.00,20140528T000000,999000.00,7.00,4.00,3150.00,34830.00,1.00,0.00,0.00,3.00,9.00,3150.00,0.00,1957.00,2005.00,98007.00,47.60,-122.15,2390.00,12054.00
3876600120.00,20150422T000000,265000.00,3.00,1.50,1780.00,10196.00,1.00,0.00,0.00,4.00,7.00,1270.00,510.00,1967.00,0.00,98001.00,47.34,-122.29,1320.00,7875.00
4038000040.00,20150326T000000,250000.00,4.00,1.75,1910.00,8250.00,1.00,0.00,0.00,4.00,7.00,1910.00,0.00,1959.00,0.00,98008.00,47.61,-122.12,1500.00,8250.00
6668900155.00,20140820T000000,225000.00,2.00,1.00,1170.00,7142.00,1.00,0.00,0.00,3.00,7.00,1170.00,0.00,1951.00,0.00,98155.00,47.75,-122.31,1170.00,7615.00
8132700150.00,20140503T000000,553000.00,2.00,1.00,900.00,5000.00,1.00,0.00,0.00,3.00,7.00,900.00,0.00,1944.00,0.00,98117.00,47.69,-122.40,1280.00,5000.00
4038800580.00,20140604T000000,565000.00,5.00,2.50,2650.00,11455.00,1.00,0.00,0.00,3.00,7.00,1400.00,1250.00,1961.00,0.00,98008.00,47.61,-122.12,1960.00,9880.00
3331001910.00,20140818T000000,312000.00,2.00,1.00,1170.00,5150.00,1.00,0.00,0.00,3.00,6.00,980.00,190.00,1907.00,0.00,98118.00,47.55,-122.28,1660.00,5150.00
2726079103.00,20140722T000000,475000.00,3.00,2.50,2630.00,185130.00,2.00,0.00,0.00,3.00,9.00,2630.00,0.00,1991.00,0.00,98014.00,47.70,-121.89,2630.00,210394.00
7212651210.00,20141106T000000,320000.00,4.00,2.75,2150.00,9163.00,1.00,0.00,0.00,3.00,8.00,1340.00,810.00,1992.00,0.00,98003.00,47.27,-122.31,2260.00,7750.00
2026059119.00,20140825T000000,453000.00,3.00,2.00,1430.00,9583.00,1.00,0.00,0.00,4.00,7.00,1430.00,0.00,1964.00,0.00,98034.00,47.72,-122.20,1890.00,11100.00
3330501120.00,20150325T000000,320000.00,3.00,1.00,960.00,6180.00,1.00,0.00,0.00,4.00,6.00,960.00,0.00,1910.00,0.00,98118.00,47.55,-122.28,1250.00,4120.00
1250202324.00,20150122T000000,610000.00,4.00,2.75,2640.00,8400.00,1.00,0.00,2.00,3.00,8.00,1440.00,1200.00,1947.00,0.00,98144.00,47.59,-122.29,2610.00,6000.00
3815500035.00,20140520T000000,385000.00,3.00,1.50,1490.00,9630.00,1.00,0.00,0.00,4.00,8.00,1490.00,0.00,1959.00,0.00,98028.00,47.76,-122.26,1960.00,10469.00
5706600150.00,20140528T000000,215000.00,3.00,1.75,1210.00,8075.00,1.00,0.00,0.00,4.00,6.00,1210.00,0.00,1983.00,0.00,98001.00,47.27,-122.25,1310.00,8025.00
8005100540.00,20140709T000000,215000.00,4.00,1.50,1860.00,5040.00,1.50,0.00,0.00,5.00,8.00,1860.00,0.00,1920.00,0.00,98022.00,47.21,-121.99,1680.00,5800.00
293720180.00,20141230T000000,415000.00,3.00,2.50,1980.00,4274.00,2.00,0.00,0.00,3.00,7.00,1980.00,0.00,2003.00,0.00,98028.00,47.78,-122.24,2000.00,4394.00
5101405604.00,20140814T000000,350000.00,1.00,1.00,900.00,6380.00,1.00,0.00,0.00,3.00,6.00,900.00,0.00,1947.00,0.00,98125.00,47.70,-122.31,1830.00,6380.00
5101405604.00,20150428T000000,395000.00,1.00,1.00,900.00,6380.00,1.00,0.00,0.00,3.00,6.00,900.00,0.00,1947.00,0.00,98125.00,47.70,-122.31,1830.00,6380.00
2387000110.00,20141110T000000,898000.00,2.00,1.75,1490.00,9874.00,1.00,0.00,0.00,4.00,7.00,1490.00,0.00,1963.00,0.00,98004.00,47.62,-122.20,2280.00,9869.00
7238000330.00,20141218T000000,480000.00,3.00,2.50,2980.00,7338.00,2.00,0.00,0.00,3.00,8.00,2980.00,0.00,2006.00,0.00,98055.00,47.44,-122.21,3010.00,5267.00
3879901295.00,20141110T000000,1240000.00,3.00,2.50,2660.00,1973.00,3.00,0.00,3.00,3.00,9.00,1870.00,790.00,2007.00,0.00,98119.00,47.63,-122.36,1640.00,1369.00
326069131.00,20140611T000000,599000.00,4.00,2.50,2790.00,230868.00,2.00,0.00,0.00,3.00,8.00,2790.00,0.00,1989.00,0.00,98077.00,47.76,-122.02,1590.00,217800.00
629811340.00,20150508T000000,770000.00,4.00,3.00,2800.00,9127.00,2.00,0.00,0.00,3.00,9.00,2800.00,0.00,1999.00,0.00,98074.00,47.61,-122.01,2780.00,8165.00
9808700650.00,20150313T000000,1208000.00,3.00,2.25,1590.00,8520.00,2.00,0.00,0.00,4.00,8.00,1590.00,0.00,1980.00,0.00,98004.00,47.65,-122.22,2470.00,12005.00
8964800755.00,20150116T000000,1590000.00,4.00,2.25,3240.00,11131.00,1.00,0.00,0.00,4.00,9.00,2080.00,1160.00,1953.00,0.00,98004.00,47.62,-122.22,2300.00,12150.00
1126059095.00,20140526T000000,880000.00,3.00,2.00,2130.00,35169.00,1.00,0.00,0.00,4.00,8.00,2130.00,0.00,1989.00,0.00,98072.00,47.75,-122.12,2860.00,43560.00
1899400365.00,20140620T000000,332000.00,3.00,2.00,1510.00,7884.00,1.00,0.00,0.00,3.00,6.00,1510.00,0.00,1942.00,2014.00,98166.00,47.47,-122.35,1050.00,7620.00
259800410.00,20141106T000000,445000.00,3.00,1.75,1750.00,7200.00,1.00,0.00,0.00,3.00,7.00,1750.00,0.00,1966.00,0.00,98008.00,47.63,-122.12,1810.00,7590.00
3523069047.00,20140825T000000,849000.00,4.00,2.75,4010.00,87555.00,2.00,0.00,0.00,3.00,10.00,4010.00,0.00,2004.00,0.00,98038.00,47.43,-122.00,2451.00,209523.00
6852700476.00,20141211T000000,752000.00,4.00,1.50,1650.00,2970.00,1.50,0.00,0.00,3.00,7.00,1650.00,0.00,1903.00,0.00,98102.00,47.62,-122.32,1670.00,2970.00
424049043.00,20140811T000000,450000.00,9.00,7.50,4050.00,6504.00,2.00,0.00,0.00,3.00,7.00,4050.00,0.00,1996.00,0.00,98144.00,47.59,-122.30,1448.00,3866.00
7646900360.00,20140918T000000,420000.00,3.00,1.00,1320.00,5500.00,1.00,0.00,0.00,3.00,7.00,1320.00,0.00,1955.00,0.00,98116.00,47.57,-122.40,1480.00,5250.00
2991000220.00,20150317T000000,330000.00,4.00,2.50,2310.00,6320.00,2.00,0.00,0.00,3.00,8.00,2310.00,0.00,1997.00,0.00,98092.00,47.33,-122.17,1850.00,6181.00
3034200366.00,20141203T000000,409000.00,3.00,1.75,1440.00,9065.00,1.00,0.00,0.00,4.00,8.00,1440.00,0.00,1972.00,0.00,98133.00,47.72,-122.33,1990.00,8812.00
5127000410.00,20140627T000000,350000.00,5.00,1.75,2330.00,14322.00,1.00,0.00,0.00,4.00,7.00,1180.00,1150.00,1968.00,0.00,98059.00,47.48,-122.16,1690.00,10010.00
2826079101.00,20150415T000000,570000.00,4.00,2.50,2430.00,44001.00,1.00,0.00,0.00,3.00,8.00,2430.00,0.00,1994.00,0.00,98019.00,47.71,-121.92,2200.00,46924.00
3972900195.00,20140916T000000,315000.00,3.00,1.00,1390.00,8333.00,1.00,0.00,0.00,3.00,7.00,1390.00,0.00,1982.00,0.00,98155.00,47.77,-122.31,1320.00,7090.00
8018600870.00,20141006T000000,224000.00,2.00,1.00,1150.00,15000.00,1.00,0.00,0.00,3.00,6.00,1060.00,90.00,1930.00,2013.00,98168.00,47.49,-122.32,1350.00,15000.00
257000038.00,20141006T000000,293550.00,4.00,1.75,2120.00,9706.00,1.00,0.00,0.00,3.00,7.00,1370.00,750.00,1965.00,0.00,98168.00,47.49,-122.30,1730.00,11337.00
7981900110.00,20141003T000000,350000.00,4.00,2.75,2300.00,3175.00,1.50,0.00,0.00,3.00,6.00,1340.00,960.00,1966.00,0.00,98144.00,47.57,-122.31,1260.00,3175.00
8965500880.00,20140916T000000,1108000.00,4.00,2.50,3320.00,9380.00,2.00,0.00,3.00,3.00,10.00,3320.00,0.00,1988.00,0.00,98006.00,47.57,-122.11,2870.00,11779.00
5253300437.00,20150319T000000,442500.00,4.00,2.50,2400.00,7092.00,2.00,0.00,0.00,3.00,7.00,2400.00,0.00,1997.00,0.00,98133.00,47.75,-122.34,2350.00,8310.00
2523069172.00,20140804T000000,616500.00,3.00,2.50,3580.00,118047.00,1.00,0.00,0.00,3.00,9.00,3240.00,340.00,1992.00,0.00,98027.00,47.45,-121.98,3240.00,123275.00
6388910360.00,20141119T000000,506400.00,3.00,2.50,2100.00,9040.00,1.00,0.00,0.00,3.00,8.00,1700.00,400.00,1989.00,0.00,98056.00,47.53,-122.17,2430.00,8809.00
7326200110.00,20141222T000000,324000.00,3.00,2.25,1550.00,4411.00,2.00,0.00,0.00,3.00,7.00,1550.00,0.00,2001.00,0.00,98019.00,47.74,-121.97,1620.00,4621.00
3701900085.00,20140805T000000,169000.00,3.00,1.50,1570.00,6450.00,1.50,0.00,0.00,4.00,6.00,1570.00,0.00,1931.00,0.00,98022.00,47.20,-122.00,1400.00,6450.00
9376301520.00,20140529T000000,595000.00,3.00,2.00,1480.00,5000.00,1.00,0.00,0.00,4.00,7.00,750.00,730.00,1928.00,0.00,98117.00,47.69,-122.37,1250.00,4000.00
2111000580.00,20140521T000000,299900.00,3.00,2.50,2720.00,6014.00,2.00,0.00,0.00,3.00,7.00,2720.00,0.00,2002.00,0.00,98092.00,47.33,-122.17,2760.00,6537.00
8645510230.00,20140529T000000,332000.00,3.00,2.25,2270.00,8876.00,1.00,0.00,0.00,3.00,7.00,1380.00,890.00,1977.00,0.00,98058.00,47.47,-122.18,2150.00,7455.00
6204410330.00,20141020T000000,432000.00,4.00,1.75,2410.00,8400.00,1.00,0.00,0.00,3.00,7.00,1600.00,810.00,1978.00,0.00,98011.00,47.73,-122.20,1850.00,8400.00
8159300040.00,20141002T000000,510000.00,4.00,2.75,2730.00,9112.00,1.00,0.00,2.00,3.00,9.00,1740.00,990.00,1996.00,0.00,98198.00,47.40,-122.31,3050.00,10454.00
8091410530.00,20150501T000000,270000.00,3.00,2.50,1540.00,7739.00,2.00,0.00,0.00,4.00,7.00,1540.00,0.00,1986.00,0.00,98030.00,47.35,-122.17,1720.00,7200.00
8653600100.00,20150330T000000,750000.00,5.00,2.50,3120.00,15593.00,2.00,0.00,4.00,3.00,11.00,3120.00,0.00,1986.00,0.00,98074.00,47.61,-122.07,3390.00,17003.00
9550202730.00,20141014T000000,509250.00,2.00,1.50,1480.00,3120.00,1.00,0.00,0.00,3.00,7.00,930.00,550.00,1914.00,2007.00,98105.00,47.67,-122.32,1000.00,3780.00
8651410740.00,20150219T000000,189000.00,3.00,1.00,860.00,5200.00,1.00,0.00,0.00,5.00,6.00,860.00,0.00,1969.00,0.00,98042.00,47.37,-122.08,1010.00,5200.00
225039177.00,20141208T000000,726500.00,4.00,2.50,2180.00,3893.00,2.00,0.00,0.00,3.00,8.00,2180.00,0.00,1999.00,0.00,98117.00,47.69,-122.39,1710.00,4550.00
6082400191.00,20140619T000000,287000.00,3.00,2.00,1300.00,11374.00,1.50,0.00,0.00,5.00,7.00,1300.00,0.00,1933.00,0.00,98168.00,47.48,-122.30,1480.00,9670.00
3622069095.00,20140917T000000,679000.00,4.00,3.50,3420.00,49223.00,2.00,0.00,0.00,3.00,9.00,3420.00,0.00,2004.00,0.00,98010.00,47.35,-121.99,3580.00,49223.00
6666860210.00,20140602T000000,316000.00,3.00,2.25,2130.00,8721.00,1.00,0.00,0.00,3.00,8.00,1570.00,560.00,1987.00,0.00,98031.00,47.42,-122.20,2130.00,9477.00
8161000230.00,20150427T000000,498000.00,4.00,2.50,2300.00,22445.00,2.00,0.00,0.00,4.00,8.00,2300.00,0.00,1992.00,0.00,98014.00,47.65,-121.90,2640.00,21886.00
7214820610.00,20141007T000000,448000.00,4.00,1.75,2560.00,8270.00,1.00,0.00,0.00,3.00,7.00,1480.00,1080.00,1979.00,0.00,98072.00,47.76,-122.15,2320.00,8450.00
434000040.00,20140527T000000,535000.00,2.00,1.00,1040.00,5527.00,1.00,0.00,0.00,3.00,7.00,1040.00,0.00,1951.00,0.00,98115.00,47.68,-122.28,2080.00,7020.00
8914200220.00,20150116T000000,560000.00,4.00,3.00,3080.00,9601.00,2.00,0.00,1.00,3.00,10.00,3080.00,0.00,1990.00,0.00,98003.00,47.33,-122.33,3200.00,9375.00
6072760210.00,20141002T000000,437850.00,4.00,2.25,2670.00,14255.00,1.00,0.00,0.00,4.00,8.00,1610.00,1060.00,1975.00,0.00,98006.00,47.56,-122.18,2470.00,10290.00
9485950040.00,20140606T000000,435000.00,4.00,2.75,3270.00,50994.00,2.00,0.00,0.00,4.00,8.00,2720.00,550.00,1983.00,0.00,98042.00,47.35,-122.09,2780.00,36036.00
4027700456.00,20140619T000000,510000.00,4.00,2.50,2610.00,8031.00,2.00,0.00,0.00,3.00,8.00,2610.00,0.00,1998.00,0.00,98155.00,47.77,-122.27,2320.00,8031.00
1023059365.00,20140506T000000,520000.00,3.00,2.50,2460.00,54885.00,2.00,0.00,0.00,4.00,8.00,2460.00,0.00,1980.00,0.00,98059.00,47.50,-122.15,2770.00,21407.00
8944600620.00,20140703T000000,509000.00,2.00,1.50,1930.00,3521.00,2.00,0.00,0.00,3.00,8.00,1930.00,0.00,1989.00,0.00,98007.00,47.61,-122.15,1840.00,3576.00
2997800090.00,20150406T000000,575000.00,3.00,1.00,1220.00,5652.00,1.00,0.00,0.00,3.00,6.00,1220.00,0.00,1905.00,0.00,98116.00,47.58,-122.41,1490.00,2467.00
2787700150.00,20150422T000000,365000.00,4.00,2.50,2030.00,7210.00,1.00,0.00,0.00,5.00,7.00,1330.00,700.00,1969.00,0.00,98059.00,47.51,-122.16,1980.00,7560.00
4055701110.00,20140612T000000,795000.00,3.00,2.00,2420.00,17859.00,1.00,0.00,1.00,5.00,9.00,1500.00,920.00,1979.00,0.00,98034.00,47.71,-122.25,2955.00,17859.00
2517000790.00,20140611T000000,285000.00,3.00,2.50,1870.00,4060.00,2.00,0.00,0.00,3.00,7.00,1870.00,0.00,2005.00,0.00,98042.00,47.40,-122.16,2190.00,4060.00
2125059124.00,20140602T000000,955000.00,3.00,2.25,3020.00,43560.00,2.00,0.00,0.00,3.00,10.00,2720.00,300.00,1969.00,0.00,98005.00,47.65,-122.17,3910.00,43560.00
7284900405.00,20140714T000000,775000.00,4.00,2.50,2880.00,8400.00,2.00,0.00,4.00,3.00,8.00,2050.00,830.00,1955.00,1987.00,98177.00,47.77,-122.39,2880.00,7440.00
3937900120.00,20141006T000000,400000.00,4.00,3.00,1810.00,5012.00,2.00,0.00,0.00,4.00,7.00,1810.00,0.00,1997.00,0.00,98108.00,47.57,-122.29,1670.00,5161.00
200520120.00,20140701T000000,570000.00,4.00,2.50,2590.00,8483.00,2.00,0.00,0.00,3.00,9.00,2590.00,0.00,1991.00,0.00,98011.00,47.74,-122.22,2660.00,8717.00
7203220360.00,20141020T000000,955990.00,5.00,3.25,3830.00,6507.00,2.00,0.00,0.00,3.00,9.00,3830.00,0.00,2014.00,0.00,98053.00,47.68,-122.02,3950.00,6723.00
3425059219.00,20140929T000000,1150000.00,3.00,2.25,3250.00,34848.00,1.00,0.00,0.00,3.00,10.00,2260.00,990.00,2006.00,0.00,98005.00,47.61,-122.16,2770.00,21512.00
5469502170.00,20150414T000000,459950.00,4.00,2.00,2760.00,21465.00,1.00,0.00,0.00,4.00,9.00,2120.00,640.00,1979.00,0.00,98042.00,47.38,-122.17,2550.00,13144.00
6303401395.00,20150219T000000,245000.00,2.00,1.75,1220.00,8382.00,1.00,0.00,0.00,3.00,6.00,1220.00,0.00,1942.00,0.00,98146.00,47.50,-122.36,1100.00,8382.00
8822901301.00,20140908T000000,281000.00,3.00,1.50,1280.00,974.00,3.00,0.00,0.00,3.00,7.00,1280.00,0.00,2003.00,0.00,98125.00,47.72,-122.29,1420.00,1422.00
6730700385.00,20141022T000000,205000.00,3.00,0.75,770.00,7000.00,1.00,0.00,0.00,3.00,4.00,770.00,0.00,1942.00,0.00,98024.00,47.57,-121.89,950.00,10500.00
4396000530.00,20140611T000000,290000.00,3.00,1.75,1520.00,15090.00,1.00,0.00,0.00,4.00,7.00,1520.00,0.00,1968.00,0.00,98038.00,47.40,-121.96,1580.00,18618.00
4077800590.00,20150226T000000,635000.00,4.00,2.50,2080.00,11176.00,1.00,0.00,0.00,5.00,8.00,2080.00,0.00,1954.00,0.00,98125.00,47.71,-122.29,1390.00,7928.00
2461900845.00,20140903T000000,310000.00,1.00,1.00,570.00,6000.00,1.00,0.00,0.00,2.00,5.00,570.00,0.00,1918.00,0.00,98136.00,47.55,-122.39,1530.00,6000.00
5366200330.00,20150114T000000,470000.00,4.00,2.00,1500.00,3659.00,1.00,0.00,0.00,3.00,7.00,830.00,670.00,1906.00,0.00,98122.00,47.61,-122.29,1560.00,3706.00
6899990230.00,20140701T000000,600000.00,2.00,2.50,2510.00,14878.00,2.00,0.00,0.00,3.00,10.00,2510.00,0.00,1990.00,0.00,98011.00,47.75,-122.21,3080.00,13594.00
7950700120.00,20141217T000000,279000.00,4.00,2.00,1980.00,10051.00,1.00,0.00,0.00,3.00,7.00,1980.00,0.00,1969.00,2003.00,98092.00,47.32,-122.10,1520.00,10125.00
7852090180.00,20140804T000000,538500.00,3.00,3.50,2500.00,4270.00,2.00,0.00,0.00,3.00,8.00,2500.00,0.00,2000.00,0.00,98065.00,47.54,-121.88,2420.00,4205.00
3066410850.00,20140709T000000,594950.00,4.00,2.50,2720.00,10006.00,2.00,0.00,0.00,3.00,9.00,2720.00,0.00,1989.00,0.00,98074.00,47.63,-122.04,2720.00,10759.00
2422059015.00,20140808T000000,533050.00,2.00,1.00,910.00,295772.00,1.00,0.00,0.00,3.00,5.00,910.00,0.00,1953.00,0.00,98042.00,47.38,-122.11,2050.00,48351.00
7436500360.00,20140606T000000,510000.00,3.00,1.75,1480.00,7040.00,1.00,0.00,0.00,3.00,7.00,1480.00,0.00,1974.00,0.00,98033.00,47.67,-122.17,2040.00,7810.00
984210590.00,20140929T000000,360000.00,4.00,2.25,2470.00,8686.00,1.00,0.00,0.00,4.00,7.00,1270.00,1200.00,1974.00,0.00,98058.00,47.44,-122.17,1900.00,7350.00
8024202350.00,20140721T000000,435000.00,2.00,1.00,1650.00,5106.00,1.00,0.00,0.00,3.00,7.00,1090.00,560.00,1960.00,0.00,98115.00,47.70,-122.31,1300.00,6947.00
6392002020.00,20150324T000000,559000.00,3.00,1.75,1700.00,6500.00,1.00,0.00,0.00,3.00,8.00,1700.00,0.00,1967.00,0.00,98115.00,47.68,-122.28,1880.00,6000.00
6398000191.00,20140827T000000,645000.00,2.00,1.50,1995.00,115670.00,1.50,0.00,1.00,4.00,8.00,1995.00,0.00,1991.00,0.00,98070.00,47.40,-122.46,2142.00,29375.00
3904100065.00,20141028T000000,340000.00,2.00,1.00,1280.00,9690.00,1.00,0.00,0.00,4.00,6.00,640.00,640.00,1919.00,0.00,98118.00,47.53,-122.28,1630.00,15884.00
5535600150.00,20150312T000000,565000.00,4.00,2.50,2980.00,10459.00,2.00,0.00,0.00,3.00,9.00,2980.00,0.00,2001.00,0.00,98019.00,47.74,-121.97,2920.00,7700.00
8024200820.00,20150213T000000,575700.00,3.00,1.75,1730.00,6130.00,1.00,0.00,0.00,3.00,7.00,1480.00,250.00,1941.00,0.00,98115.00,47.70,-122.32,1730.00,6131.00
9301300215.00,20140617T000000,1010000.00,3.00,3.25,2420.00,1923.00,2.00,0.00,2.00,3.00,10.00,1840.00,580.00,2006.00,0.00,98109.00,47.64,-122.34,1840.00,2890.00
1122069006.00,20140710T000000,540500.00,3.00,2.00,2800.00,185130.00,1.00,0.00,0.00,3.00,8.00,2320.00,480.00,1996.00,0.00,98038.00,47.41,-122.01,2200.00,72055.00
5379801972.00,20140818T000000,265000.00,5.00,4.00,1400.00,8580.00,1.00,0.00,0.00,5.00,7.00,900.00,500.00,1954.00,0.00,98188.00,47.46,-122.29,1220.00,8832.00
4077800088.00,20140811T000000,699950.00,4.00,2.00,2070.00,7830.00,1.00,0.00,1.00,5.00,7.00,1180.00,890.00,1941.00,0.00,98125.00,47.71,-122.28,2390.00,7830.00
1823069059.00,20140611T000000,355000.00,1.00,1.75,750.00,20339.00,1.00,0.00,0.00,4.00,4.00,550.00,200.00,1946.00,0.00,98059.00,47.48,-122.09,2020.00,23958.00
7979900215.00,20140611T000000,381000.00,3.00,1.50,1460.00,11407.00,1.00,0.00,0.00,3.00,7.00,1460.00,0.00,1954.00,0.00,98155.00,47.75,-122.29,1470.00,11407.00
5101404444.00,20150414T000000,564000.00,5.00,2.25,2140.00,8700.00,1.00,0.00,2.00,3.00,8.00,1220.00,920.00,1962.00,0.00,98115.00,47.70,-122.31,1720.00,6670.00
892000025.00,20140710T000000,114975.00,2.00,1.00,740.00,6250.00,1.00,0.00,0.00,3.00,6.00,740.00,0.00,1942.00,0.00,98146.00,47.51,-122.34,980.00,6957.00
6303400395.00,20150130T000000,325000.00,1.00,0.75,410.00,8636.00,1.00,0.00,0.00,2.00,4.00,410.00,0.00,1953.00,0.00,98146.00,47.51,-122.36,1190.00,8636.00
2320069189.00,20141027T000000,299990.00,2.00,1.00,1570.00,125452.00,1.00,0.00,3.00,4.00,7.00,1570.00,0.00,1953.00,0.00,98022.00,47.21,-122.02,1660.00,46119.00
2568200610.00,20150513T000000,751000.00,5.00,2.75,2860.00,5280.00,2.00,0.00,0.00,3.00,9.00,2860.00,0.00,2006.00,0.00,98052.00,47.71,-122.10,3150.00,6442.00
6073230230.00,20141231T000000,425000.00,3.00,2.25,1400.00,6970.00,2.00,0.00,0.00,3.00,8.00,1400.00,0.00,1984.00,0.00,98006.00,47.54,-122.18,1800.00,8140.00
1024049006.00,20150114T000000,665000.00,3.00,1.75,2700.00,5040.00,1.00,0.00,2.00,3.00,8.00,1560.00,1140.00,1947.00,0.00,98144.00,47.58,-122.29,3010.00,5000.00
823069044.00,20150325T000000,833450.00,5.00,4.00,4460.00,269345.00,2.00,0.00,4.00,3.00,9.00,3330.00,1130.00,1996.00,0.00,98027.00,47.50,-122.06,2670.00,115434.00
2926049086.00,20141028T000000,575000.00,7.00,1.50,2670.00,11250.00,1.50,0.00,0.00,4.00,8.00,2320.00,350.00,1948.00,0.00,98133.00,47.71,-122.33,2030.00,9000.00
5127001320.00,20141125T000000,190000.00,3.00,1.75,1520.00,9600.00,1.00,0.00,0.00,4.00,7.00,1520.00,0.00,1967.00,0.00,98059.00,47.47,-122.15,1590.00,10183.00
5127001320.00,20150223T000000,314950.00,3.00,1.75,1520.00,9600.00,1.00,0.00,0.00,4.00,7.00,1520.00,0.00,1967.00,0.00,98059.00,47.47,-122.15,1590.00,10183.00
1994200375.00,20141203T000000,601150.00,2.00,2.00,1660.00,5200.00,1.00,0.00,0.00,5.00,7.00,1120.00,540.00,1906.00,0.00,98103.00,47.69,-122.33,1260.00,5160.00
7100000035.00,20141212T000000,315000.00,2.00,1.00,860.00,8308.00,1.00,0.00,0.00,3.00,7.00,860.00,0.00,1948.00,0.00,98146.00,47.51,-122.38,1200.00,8308.00
6329000705.00,20150402T000000,545000.00,2.00,1.50,2340.00,13380.00,1.00,0.00,0.00,4.00,7.00,1280.00,1060.00,1954.00,0.00,98146.00,47.50,-122.38,1490.00,8100.00
7524950870.00,20140519T000000,565000.00,4.00,2.25,2110.00,10698.00,2.00,0.00,0.00,4.00,8.00,2110.00,0.00,1979.00,0.00,98027.00,47.56,-122.08,2220.00,8252.00
9564800145.00,20140506T000000,175000.00,3.00,1.00,1010.00,7034.00,1.00,0.00,0.00,3.00,7.00,1010.00,0.00,1954.00,0.00,98055.00,47.49,-122.22,1440.00,10994.00
2077700042.00,20140626T000000,530000.00,3.00,2.00,2330.00,26571.00,2.50,0.00,0.00,3.00,8.00,2330.00,0.00,1987.00,0.00,98005.00,47.60,-122.16,2030.00,20037.00
3835500195.00,20140618T000000,4489000.00,4.00,3.00,6430.00,27517.00,2.00,0.00,0.00,3.00,12.00,6430.00,0.00,2001.00,0.00,98004.00,47.62,-122.22,3720.00,14592.00
259000100.00,20141007T000000,430000.00,3.00,1.75,1610.00,7900.00,1.00,0.00,0.00,4.00,8.00,1310.00,300.00,1960.00,0.00,98177.00,47.76,-122.36,2210.00,7700.00
1796360870.00,20141030T000000,225000.00,3.00,1.75,1460.00,8372.00,1.00,0.00,0.00,4.00,7.00,1460.00,0.00,1981.00,0.00,98042.00,47.37,-122.09,1220.00,7803.00
923049440.00,20140717T000000,312000.00,5.00,4.00,2900.00,9779.00,2.00,0.00,0.00,4.00,7.00,1950.00,950.00,1937.00,0.00,98168.00,47.50,-122.31,1360.00,8000.00
9144100298.00,20150302T000000,380000.00,3.00,1.00,1260.00,7980.00,1.00,0.00,0.00,3.00,7.00,1260.00,0.00,1951.00,0.00,98177.00,47.70,-122.37,1760.00,7606.00
3223049158.00,20150417T000000,222200.00,2.00,1.00,1210.00,10000.00,1.00,0.00,0.00,3.00,7.00,1210.00,0.00,1953.00,0.00,98148.00,47.44,-122.33,1620.00,10959.00
5456000025.00,20141201T000000,1438890.00,5.00,3.50,3420.00,8000.00,2.00,0.00,0.00,3.00,10.00,3420.00,0.00,2006.00,0.00,98040.00,47.57,-122.21,1900.00,8000.00
3558000120.00,20140702T000000,329950.00,4.00,2.50,2120.00,4558.00,2.00,0.00,0.00,3.00,7.00,2120.00,0.00,2002.00,0.00,98038.00,47.38,-122.02,2370.00,5506.00
6133100120.00,20140923T000000,995000.00,3.00,2.50,2460.00,10300.00,1.00,0.00,0.00,3.00,10.00,2460.00,0.00,1992.00,0.00,98117.00,47.70,-122.39,2410.00,5250.00
5608000590.00,20140714T000000,929950.00,3.00,3.50,3790.00,10829.00,2.00,0.00,0.00,3.00,11.00,3790.00,0.00,1993.00,0.00,98027.00,47.55,-122.10,3620.00,10989.00
8651480090.00,20150327T000000,692000.00,4.00,2.50,2350.00,9779.00,1.00,0.00,0.00,3.00,10.00,2350.00,0.00,1987.00,0.00,98074.00,47.64,-122.07,2700.00,10441.00
2768301490.00,20140626T000000,402000.00,2.00,1.00,620.00,2475.00,1.00,0.00,0.00,5.00,6.00,620.00,0.00,1911.00,0.00,98107.00,47.67,-122.37,1290.00,2475.00
3325069060.00,20140912T000000,510000.00,3.00,1.75,1920.00,43560.00,1.00,0.00,0.00,4.00,7.00,1340.00,580.00,1962.00,0.00,98074.00,47.61,-122.04,2540.00,58806.00
8802400411.00,20140619T000000,249000.00,3.00,1.00,1050.00,8498.00,1.00,0.00,0.00,4.00,7.00,1050.00,0.00,1959.00,0.00,98031.00,47.40,-122.20,1050.00,8498.00
2953000090.00,20141202T000000,244900.00,3.00,1.50,1360.00,9980.00,1.00,0.00,0.00,4.00,7.00,1360.00,0.00,1966.00,0.00,98031.00,47.41,-122.21,1360.00,9750.00
7657600025.00,20150219T000000,289900.00,3.00,1.00,1180.00,7068.00,1.00,0.00,0.00,3.00,6.00,1180.00,0.00,1944.00,0.00,98178.00,47.49,-122.24,1180.00,7068.00
8118600025.00,20150331T000000,552500.00,4.00,1.00,1560.00,7980.00,1.00,0.00,0.00,4.00,7.00,1170.00,390.00,1939.00,0.00,98146.00,47.51,-122.39,1570.00,7980.00
326069118.00,20140630T000000,760000.00,4.00,2.50,3300.00,165528.00,2.00,0.00,0.00,3.00,8.00,3300.00,0.00,1984.00,0.00,98077.00,47.77,-122.03,3030.00,144696.00
2902200838.00,20141027T000000,440000.00,2.00,2.75,1100.00,1088.00,2.00,0.00,0.00,3.00,7.00,750.00,350.00,2006.00,0.00,98102.00,47.64,-122.32,2090.00,4125.00
798000062.00,20140801T000000,286000.00,3.00,1.75,1770.00,9000.00,1.00,0.00,0.00,3.00,7.00,1090.00,680.00,1954.00,0.00,98168.00,47.50,-122.33,1520.00,21141.00
3298700941.00,20140905T000000,260000.00,3.00,1.00,1200.00,4592.00,1.00,0.00,0.00,3.00,6.00,800.00,400.00,1950.00,0.00,98106.00,47.52,-122.35,940.00,4440.00
114100155.00,20140627T000000,355000.00,2.00,2.25,1330.00,10838.00,2.00,0.00,0.00,3.00,8.00,1330.00,0.00,1985.00,0.00,98028.00,47.77,-122.24,1390.00,10310.00
5151600360.00,20150130T000000,318000.00,3.00,1.75,1570.00,12506.00,1.00,0.00,0.00,4.00,8.00,1570.00,0.00,1959.00,0.00,98003.00,47.34,-122.32,2120.00,13243.00
523049106.00,20140826T000000,255000.00,2.00,1.00,1610.00,19965.00,1.00,0.00,0.00,3.00,7.00,1610.00,0.00,1952.00,0.00,98168.00,47.51,-122.31,2100.00,28400.00
3751600025.00,20140514T000000,139000.00,3.00,1.00,1100.00,17334.00,1.00,0.00,0.00,3.00,7.00,1100.00,0.00,1978.00,0.00,98001.00,47.30,-122.27,1530.00,18694.00
6918730230.00,20150401T000000,485000.00,4.00,2.25,1810.00,7068.00,2.00,0.00,0.00,5.00,7.00,1810.00,0.00,1976.00,0.00,98034.00,47.73,-122.20,1460.00,7274.00
3226079059.00,20141019T000000,549950.00,3.00,1.75,2930.00,266587.00,2.00,0.00,0.00,3.00,8.00,2440.00,490.00,1995.00,0.00,98014.00,47.70,-121.95,2700.00,438213.00
9521100880.00,20140916T000000,588000.00,3.00,1.50,1780.00,4200.00,1.50,0.00,0.00,4.00,8.00,1780.00,0.00,1916.00,0.00,98103.00,47.66,-122.35,1380.00,3333.00
425049146.00,20140715T000000,975000.00,3.00,2.50,3050.00,7410.00,1.50,0.00,0.00,5.00,8.00,1950.00,1100.00,1950.00,0.00,98115.00,47.68,-122.30,1890.00,5814.00
3630010040.00,20140523T000000,402000.00,3.00,2.00,1540.00,1827.00,2.00,0.00,0.00,3.00,8.00,1540.00,0.00,2005.00,0.00,98029.00,47.55,-122.00,1540.00,1827.00
6620400025.00,20150501T000000,245000.00,3.00,1.00,1380.00,9875.00,1.00,0.00,0.00,3.00,7.00,1380.00,0.00,1959.00,0.00,98168.00,47.51,-122.33,1200.00,6250.00
8886000021.00,20140616T000000,445000.00,3.00,1.75,1890.00,32340.00,1.50,0.00,3.00,3.00,8.00,1890.00,0.00,1976.00,0.00,98070.00,47.41,-122.44,1890.00,40180.00
766800090.00,20140525T000000,195000.00,3.00,1.75,1570.00,8459.00,1.00,0.00,0.00,3.00,7.00,1570.00,0.00,1991.00,0.00,98022.00,47.20,-122.01,1650.00,8844.00
4022900571.00,20150112T000000,385000.00,5.00,2.00,2540.00,11750.00,1.00,0.00,0.00,3.00,7.00,1480.00,1060.00,1962.00,0.00,98155.00,47.78,-122.29,2000.00,12000.00
2206700165.00,20140716T000000,450000.00,3.00,1.50,1520.00,7903.00,1.00,0.00,0.00,4.00,7.00,1000.00,520.00,1955.00,0.00,98006.00,47.57,-122.14,1520.00,9830.00
4151800530.00,20141028T000000,1090000.00,4.00,2.50,2780.00,6837.00,2.00,0.00,0.00,3.00,9.00,2780.00,0.00,2004.00,0.00,98033.00,47.67,-122.20,1160.00,6837.00
8122600195.00,20140520T000000,396675.00,2.00,1.00,1730.00,6375.00,2.00,0.00,0.00,4.00,6.00,1730.00,0.00,1945.00,0.00,98126.00,47.54,-122.37,1180.00,6250.00
5379805160.00,20141002T000000,242000.00,5.00,2.25,2340.00,7494.00,1.00,0.00,0.00,3.00,7.00,1170.00,1170.00,1951.00,0.00,98188.00,47.45,-122.28,1650.00,10125.00
323089095.00,20141031T000000,380000.00,3.00,1.75,1300.00,12378.00,1.00,0.00,0.00,4.00,6.00,1300.00,0.00,1943.00,0.00,98045.00,47.50,-121.78,1300.00,11596.00
9000025.00,20141203T000000,496000.00,2.00,1.00,1420.00,4635.00,2.00,0.00,0.00,4.00,7.00,1420.00,0.00,1941.00,1973.00,98115.00,47.68,-122.30,1810.00,4635.00
8835200330.00,20141208T000000,399950.00,3.00,2.50,1470.00,4488.00,2.00,0.00,0.00,5.00,7.00,1470.00,0.00,1980.00,0.00,98034.00,47.72,-122.16,1400.00,4441.00
1239400064.00,20150304T000000,895000.00,4.00,2.50,2850.00,8526.00,2.00,0.00,0.00,3.00,9.00,2850.00,0.00,1998.00,0.00,98033.00,47.67,-122.19,2440.00,7072.00
2719100115.00,20141104T000000,690000.00,3.00,2.00,2360.00,6149.00,2.00,0.00,3.00,3.00,8.00,1560.00,800.00,1926.00,1989.00,98136.00,47.54,-122.38,2000.00,6149.00
5589300361.00,20140902T000000,270000.00,3.00,1.50,1610.00,8375.00,2.00,0.00,0.00,3.00,7.00,1610.00,0.00,1927.00,0.00,98155.00,47.75,-122.31,1610.00,9107.00
2523069146.00,20140623T000000,349900.00,3.00,2.00,2420.00,38781.00,1.00,0.00,0.00,5.00,7.00,1210.00,1210.00,1949.00,0.00,98027.00,47.45,-121.98,2650.00,88426.00
3630020090.00,20150504T000000,454280.00,3.00,2.50,1470.00,1741.00,2.00,0.00,0.00,3.00,8.00,1170.00,300.00,2004.00,0.00,98029.00,47.55,-122.00,1470.00,1583.00
1775700011.00,20150512T000000,390000.00,3.00,2.50,1410.00,26375.00,1.00,0.00,0.00,3.00,6.00,1410.00,0.00,1992.00,0.00,98077.00,47.74,-122.08,1410.00,12474.00
9264921110.00,20150115T000000,275000.00,3.00,1.75,1840.00,14005.00,1.00,0.00,0.00,3.00,8.00,1840.00,0.00,1983.00,0.00,98023.00,47.31,-122.35,2170.00,7992.00
6837820330.00,20150429T000000,300000.00,4.00,2.50,2450.00,8932.00,2.00,0.00,0.00,3.00,8.00,2450.00,0.00,1990.00,0.00,98023.00,47.31,-122.35,2410.00,8775.00
6822100750.00,20150508T000000,700000.00,3.00,1.75,1500.00,6000.00,1.00,0.00,0.00,5.00,7.00,850.00,650.00,1940.00,0.00,98199.00,47.65,-122.40,1700.00,6000.00
6769200040.00,20141218T000000,520000.00,3.00,1.75,2080.00,6609.00,1.00,0.00,0.00,3.00,7.00,1280.00,800.00,1950.00,0.00,98115.00,47.69,-122.30,1680.00,6270.00
1668500090.00,20150402T000000,715000.00,3.00,2.50,2770.00,39529.00,2.00,0.00,0.00,3.00,9.00,2770.00,0.00,1987.00,0.00,98053.00,47.65,-122.04,3010.00,35435.00
5104530220.00,20150420T000000,404000.00,3.00,2.50,2370.00,4324.00,2.00,0.00,0.00,3.00,8.00,2370.00,0.00,2006.00,0.00,98038.00,47.35,-122.00,2370.00,4348.00
726059048.00,20140926T000000,490500.00,3.00,2.00,3000.00,21883.00,2.00,0.00,0.00,3.00,7.00,1970.00,1030.00,1998.00,0.00,98011.00,47.76,-122.21,2280.00,14025.00
8835401250.00,20150506T000000,1485000.00,6.00,2.75,4430.00,6440.00,2.00,0.00,3.00,3.00,10.00,2680.00,1750.00,1964.00,2015.00,98118.00,47.55,-122.27,3530.00,7314.00
6821100090.00,20150409T000000,557800.00,4.00,1.75,1550.00,6000.00,1.00,0.00,0.00,5.00,7.00,1550.00,0.00,1944.00,0.00,98199.00,47.66,-122.40,1550.00,6000.00
5072400100.00,20150413T000000,571000.00,4.00,2.25,2290.00,9900.00,1.00,0.00,2.00,4.00,8.00,1550.00,740.00,1959.00,0.00,98166.00,47.44,-122.34,2320.00,9900.00
2781200090.00,20140708T000000,410000.00,4.00,2.50,2560.00,4020.00,2.00,0.00,0.00,3.00,9.00,2560.00,0.00,2006.00,0.00,98038.00,47.35,-122.03,3010.00,4916.00
4006000580.00,20150313T000000,225000.00,3.00,1.50,1240.00,5506.00,1.00,0.00,0.00,4.00,7.00,1240.00,0.00,1971.00,0.00,98118.00,47.53,-122.29,1670.00,5589.00
3825310530.00,20140716T000000,700000.00,4.00,2.50,2590.00,4498.00,2.00,0.00,0.00,3.00,9.00,2590.00,0.00,2004.00,0.00,98052.00,47.70,-122.13,2660.00,5238.00
3797000745.00,20150209T000000,500000.00,3.00,1.00,1370.00,3500.00,1.50,0.00,0.00,3.00,7.00,1370.00,0.00,1905.00,1985.00,98103.00,47.69,-122.35,1590.00,4500.00
7550801207.00,20150428T000000,536500.00,2.00,2.00,1360.00,1860.00,1.00,0.00,0.00,4.00,7.00,680.00,680.00,1925.00,0.00,98107.00,47.67,-122.40,1440.00,5000.00
2468800040.00,20150410T000000,330000.00,3.00,2.50,2060.00,25046.00,1.00,0.00,0.00,4.00,8.00,1600.00,460.00,1980.00,0.00,98022.00,47.18,-121.96,2050.00,21255.00
8092700230.00,20150211T000000,249950.00,3.00,1.75,1120.00,15210.00,1.00,0.00,0.00,5.00,7.00,1120.00,0.00,1976.00,0.00,98042.00,47.37,-122.11,1710.00,8470.00
4435000490.00,20141015T000000,249000.00,4.00,1.75,1630.00,8410.00,1.50,0.00,0.00,5.00,7.00,1630.00,0.00,1943.00,0.00,98188.00,47.45,-122.29,1390.00,8410.00
3686900025.00,20150408T000000,249000.00,3.00,1.75,1590.00,7535.00,1.50,0.00,0.00,5.00,6.00,1590.00,0.00,1909.00,0.00,98032.00,47.38,-122.23,1110.00,6000.00
2450500110.00,20140508T000000,780000.00,4.00,1.75,2480.00,9195.00,1.00,0.00,0.00,3.00,7.00,1390.00,1090.00,1950.00,0.00,98004.00,47.58,-122.20,2440.00,9195.00
1257200315.00,20140705T000000,1200000.00,4.00,2.50,2700.00,4275.00,2.00,0.00,0.00,3.00,9.00,2700.00,0.00,2004.00,0.00,98115.00,47.67,-122.33,1810.00,4500.00
3876312370.00,20140915T000000,434500.00,3.00,1.75,1930.00,7210.00,1.00,0.00,0.00,3.00,7.00,1110.00,820.00,1975.00,0.00,98072.00,47.74,-122.17,1870.00,7877.00
2821079081.00,20141010T000000,590000.00,4.00,2.00,2490.00,339332.00,1.00,0.00,0.00,3.00,8.00,2490.00,0.00,2002.00,0.00,98022.00,47.27,-121.93,1910.00,129373.00
7550800915.00,20150219T000000,417200.00,2.00,1.00,1000.00,4000.00,1.00,0.00,0.00,3.00,6.00,1000.00,0.00,1910.00,0.00,98107.00,47.67,-122.40,1490.00,5000.00
7504010750.00,20140924T000000,649990.00,4.00,2.25,2130.00,11900.00,2.00,0.00,0.00,3.00,9.00,2130.00,0.00,1976.00,0.00,98074.00,47.64,-122.06,2590.00,11900.00
1175000110.00,20141202T000000,506000.00,2.00,1.00,1060.00,3588.00,1.00,0.00,0.00,4.00,7.00,960.00,100.00,1926.00,0.00,98107.00,47.67,-122.40,1570.00,3741.00
9320990090.00,20150421T000000,348000.00,3.00,2.50,1730.00,4004.00,2.00,0.00,0.00,3.00,7.00,1730.00,0.00,1999.00,0.00,98148.00,47.43,-122.33,1730.00,5523.00
3791400100.00,20140728T000000,301000.00,4.00,2.50,2810.00,6146.00,2.00,0.00,0.00,3.00,9.00,2810.00,0.00,1998.00,0.00,98031.00,47.40,-122.21,2810.00,6180.00
6021503885.00,20140708T000000,427550.00,2.00,1.00,880.00,4000.00,1.00,0.00,0.00,3.00,7.00,880.00,0.00,1940.00,0.00,98117.00,47.68,-122.39,1150.00,4000.00
7979900552.00,20150501T000000,361000.00,3.00,1.00,1040.00,6720.00,1.50,0.00,0.00,3.00,7.00,1040.00,0.00,1951.00,0.00,98155.00,47.74,-122.29,1880.00,11407.00
5101405340.00,20140821T000000,460000.00,2.00,2.50,1830.00,8107.00,1.00,0.00,0.00,5.00,7.00,930.00,900.00,1946.00,0.00,98125.00,47.70,-122.31,1260.00,6960.00
5016003146.00,20140710T000000,958000.00,4.00,3.50,1800.00,6400.00,2.00,0.00,2.00,3.00,8.00,1800.00,0.00,1984.00,2011.00,98112.00,47.63,-122.30,1700.00,4736.00
2734100065.00,20140612T000000,445000.00,5.00,1.75,2460.00,6846.00,1.50,0.00,0.00,5.00,7.00,1340.00,1120.00,1911.00,0.00,98108.00,47.54,-122.32,1410.00,4800.00
8029650040.00,20140519T000000,373000.00,3.00,2.50,1670.00,3565.00,2.00,0.00,0.00,3.00,7.00,1670.00,0.00,1999.00,0.00,98072.00,47.76,-122.16,1510.00,3770.00
6204410150.00,20150414T000000,525000.00,4.00,2.25,2660.00,7957.00,1.00,0.00,0.00,4.00,8.00,1750.00,910.00,1977.00,0.00,98011.00,47.74,-122.20,1890.00,8250.00
662310620.00,20140826T000000,364988.00,3.00,2.50,2850.00,12593.00,2.00,0.00,0.00,3.00,9.00,2850.00,0.00,1997.00,0.00,98023.00,47.28,-122.35,2850.00,9435.00
924000040.00,20140814T000000,324000.00,2.00,1.00,820.00,8370.00,1.00,0.00,0.00,4.00,7.00,820.00,0.00,1941.00,0.00,98177.00,47.73,-122.36,1410.00,8370.00
3333500096.00,20150305T000000,625000.00,4.00,3.00,2350.00,5627.00,1.00,0.00,0.00,5.00,8.00,1490.00,860.00,1960.00,0.00,98118.00,47.55,-122.27,2020.00,5627.00
349400100.00,20140908T000000,237500.00,3.00,1.75,1480.00,7830.00,1.00,0.00,0.00,3.00,7.00,1480.00,0.00,1980.00,0.00,98022.00,47.20,-122.00,1130.00,7553.00
3876000970.00,20140806T000000,429300.00,6.00,2.25,2930.00,15949.00,1.00,0.00,0.00,4.00,8.00,1730.00,1200.00,1965.00,0.00,98034.00,47.72,-122.19,1730.00,8550.00
7883603425.00,20140529T000000,155000.00,3.00,1.00,1250.00,6250.00,1.00,0.00,0.00,2.00,7.00,1030.00,220.00,1949.00,0.00,98108.00,47.53,-122.32,1130.00,6250.00
923000580.00,20150223T000000,614000.00,4.00,2.75,2760.00,8160.00,1.50,0.00,2.00,4.00,8.00,1780.00,980.00,1940.00,0.00,98177.00,47.72,-122.37,2720.00,8160.00
6635000110.00,20150331T000000,650000.00,3.00,2.50,2380.00,3332.00,2.00,0.00,0.00,3.00,9.00,2380.00,0.00,2014.00,0.00,98034.00,47.72,-122.20,2590.00,4382.00
7000100775.00,20140721T000000,625000.00,3.00,2.00,1730.00,12219.00,1.00,0.00,0.00,4.00,7.00,1730.00,0.00,1986.00,0.00,98004.00,47.58,-122.19,2470.00,13594.00
6383000690.00,20150325T000000,587100.00,3.00,2.25,1670.00,6414.00,1.00,0.00,0.00,4.00,8.00,1670.00,0.00,1961.00,0.00,98117.00,47.69,-122.39,2130.00,7035.00
9113600210.00,20140617T000000,380000.00,4.00,2.50,2150.00,37647.00,2.00,0.00,0.00,3.00,8.00,2150.00,0.00,1991.00,0.00,98042.00,47.31,-122.08,2410.00,42193.00
5249804760.00,20150505T000000,479500.00,2.00,1.00,930.00,5760.00,1.00,0.00,0.00,3.00,6.00,730.00,200.00,1917.00,0.00,98118.00,47.56,-122.27,1970.00,5760.00
3364900156.00,20150317T000000,382888.00,1.00,1.00,620.00,2380.00,1.00,0.00,0.00,3.00,6.00,620.00,0.00,1900.00,0.00,98115.00,47.67,-122.33,980.00,3570.00
117000001.00,20140527T000000,540000.00,4.00,4.25,1960.00,3565.00,2.00,0.00,0.00,3.00,7.00,1960.00,0.00,1940.00,2003.00,98116.00,47.58,-122.38,1920.00,5750.00
7555200230.00,20140521T000000,691000.00,4.00,2.75,2550.00,8632.00,1.00,0.00,0.00,3.00,8.00,1700.00,850.00,1972.00,0.00,98033.00,47.65,-122.20,2550.00,9534.00
9178600360.00,20140604T000000,760500.00,3.00,2.00,1990.00,3990.00,1.00,0.00,0.00,5.00,7.00,1130.00,860.00,1912.00,0.00,98103.00,47.66,-122.33,1710.00,4000.00
7853301570.00,20150430T000000,685000.00,4.00,2.50,3550.00,10968.00,2.00,0.00,0.00,3.00,9.00,3550.00,0.00,2006.00,0.00,98065.00,47.54,-121.89,3550.00,8583.00
5066400564.00,20140929T000000,199129.00,3.00,1.00,860.00,33664.00,1.00,0.00,0.00,4.00,6.00,860.00,0.00,1955.00,0.00,98001.00,47.30,-122.28,1290.00,18287.00
9264950600.00,20140724T000000,335000.00,3.00,3.00,2031.00,7702.00,2.00,0.00,0.00,3.00,9.00,2031.00,0.00,1988.00,0.00,98023.00,47.31,-122.35,2390.00,7700.00
4010800110.00,20140609T000000,305100.00,3.00,2.00,1590.00,35988.00,1.00,0.00,0.00,4.00,8.00,1590.00,0.00,1974.00,0.00,98058.00,47.44,-122.11,2780.00,23789.00
1546600120.00,20150325T000000,830000.00,4.00,2.25,3010.00,12202.00,1.00,0.00,0.00,4.00,9.00,3010.00,0.00,1959.00,0.00,98005.00,47.64,-122.17,2480.00,10143.00
4139440100.00,20150128T000000,810000.00,3.00,2.50,2610.00,8481.00,2.00,0.00,0.00,3.00,10.00,2610.00,0.00,1993.00,0.00,98006.00,47.55,-122.12,3140.00,10008.00
1939050110.00,20150113T000000,500000.00,3.00,2.25,1440.00,15661.00,1.00,0.00,0.00,3.00,8.00,1180.00,260.00,1988.00,0.00,98074.00,47.62,-122.04,1440.00,13963.00
6126601445.00,20140530T000000,490000.00,3.00,1.75,1920.00,5405.00,1.00,0.00,2.00,4.00,7.00,960.00,960.00,1947.00,0.00,98126.00,47.56,-122.38,1190.00,5405.00
9274200620.00,20141028T000000,490000.00,2.00,1.75,1670.00,4200.00,2.00,0.00,0.00,3.00,7.00,1670.00,0.00,1912.00,0.00,98116.00,47.59,-122.39,1340.00,2875.00
2868300061.00,20140918T000000,272000.00,4.00,1.75,1390.00,10660.00,1.00,0.00,0.00,4.00,7.00,1030.00,360.00,1960.00,0.00,98198.00,47.41,-122.32,1800.00,11960.00
3831200210.00,20140910T000000,280000.00,3.00,2.25,2140.00,7200.00,2.00,0.00,0.00,4.00,7.00,2140.00,0.00,1979.00,0.00,98031.00,47.39,-122.19,1890.00,7455.00
7301300150.00,20140625T000000,233000.00,3.00,1.00,1250.00,6180.00,1.50,0.00,0.00,3.00,7.00,1250.00,0.00,1955.00,0.00,98155.00,47.75,-122.33,1490.00,6180.00
3368900084.00,20140623T000000,275000.00,3.00,1.00,1080.00,6000.00,1.00,0.00,0.00,4.00,7.00,1080.00,0.00,1952.00,0.00,98133.00,47.76,-122.33,1200.00,7210.00
8856500220.00,20140728T000000,375000.00,3.00,3.25,2760.00,6420.00,2.00,0.00,2.00,3.00,9.00,2110.00,650.00,1991.00,0.00,98031.00,47.39,-122.22,2030.00,7725.00
9527310110.00,20140826T000000,445000.00,3.00,2.75,2180.00,3703.00,2.00,0.00,0.00,3.00,8.00,2180.00,0.00,2004.00,0.00,98011.00,47.78,-122.17,2190.00,3963.00
2767604712.00,20140919T000000,437500.00,3.00,2.50,1260.00,1125.00,3.00,0.00,0.00,3.00,8.00,1260.00,0.00,2002.00,0.00,98107.00,47.67,-122.38,1360.00,1250.00
3336001515.00,20150511T000000,426250.00,4.00,1.00,1610.00,6000.00,1.50,0.00,0.00,4.00,7.00,1510.00,100.00,1905.00,0.00,98118.00,47.53,-122.27,1430.00,6000.00
5103900015.00,20140626T000000,358000.00,3.00,1.50,2450.00,12497.00,1.00,0.00,0.00,4.00,7.00,2450.00,0.00,1967.00,0.00,98065.00,47.53,-121.83,1560.00,11700.00
1025069255.00,20141023T000000,1175000.00,4.00,3.50,4150.00,49503.00,2.00,0.00,0.00,3.00,11.00,4150.00,0.00,2003.00,0.00,98053.00,47.67,-122.02,3330.00,60137.00
2724069010.00,20150430T000000,305000.00,2.00,1.00,960.00,8276.00,1.00,0.00,0.00,3.00,5.00,960.00,0.00,1939.00,0.00,98027.00,47.53,-122.03,1620.00,6000.00
8682262170.00,20140530T000000,415000.00,2.00,1.75,1340.00,4664.00,1.00,0.00,0.00,3.00,8.00,1340.00,0.00,2004.00,0.00,98053.00,47.72,-122.03,1350.00,4236.00
1773100755.00,20140821T000000,520000.00,11.00,3.00,3000.00,4960.00,2.00,0.00,0.00,3.00,7.00,2400.00,600.00,1918.00,1999.00,98106.00,47.56,-122.36,1420.00,4960.00
8691390770.00,20141013T000000,733000.00,4.00,3.50,3080.00,5974.00,2.00,0.00,0.00,3.00,9.00,3080.00,0.00,2003.00,0.00,98075.00,47.60,-121.97,2950.00,5425.00
7771300085.00,20150309T000000,411500.00,3.00,1.00,1130.00,8159.00,1.00,0.00,0.00,4.00,7.00,1130.00,0.00,1954.00,0.00,98133.00,47.74,-122.33,1570.00,8162.00
9194101388.00,20140919T000000,540000.00,3.00,1.75,2280.00,16671.00,1.50,0.00,0.00,4.00,6.00,1760.00,520.00,1909.00,0.00,98034.00,47.71,-122.22,1850.00,9351.00
7633400110.00,20150224T000000,270500.00,3.00,1.50,1952.00,8613.00,1.00,0.00,0.00,4.00,7.00,1652.00,300.00,1960.00,0.00,98032.00,47.37,-122.29,1400.00,8712.00
2767704302.00,20150410T000000,422250.00,2.00,1.50,1280.00,1256.00,2.00,0.00,0.00,3.00,8.00,1200.00,80.00,1998.00,0.00,98107.00,47.67,-122.38,1390.00,1256.00
8562970040.00,20140516T000000,655000.00,5.00,3.25,3690.00,12353.00,2.00,0.00,0.00,5.00,9.00,3690.00,0.00,1977.00,0.00,98155.00,47.77,-122.29,2290.00,9082.00
8562720410.00,20140807T000000,1200000.00,5.00,3.25,4610.00,10576.00,2.00,0.00,3.00,3.00,11.00,3310.00,1300.00,2006.00,0.00,98027.00,47.54,-122.07,4042.00,8321.00
120069059.00,20140804T000000,550000.00,3.00,2.50,2920.00,169448.00,2.50,0.00,0.00,3.00,9.00,2920.00,0.00,1990.00,0.00,98022.00,47.25,-121.98,2360.00,326097.00
9828702513.00,20140506T000000,460000.00,2.00,2.25,1230.00,929.00,2.00,0.00,0.00,3.00,8.00,1020.00,210.00,2004.00,0.00,98122.00,47.62,-122.30,1270.00,1370.00
7812800515.00,20141025T000000,159075.00,4.00,1.50,1580.00,6200.00,1.00,0.00,0.00,3.00,6.00,790.00,790.00,1944.00,0.00,98178.00,47.50,-122.24,1320.00,6499.00
3363900155.00,20141209T000000,470000.00,2.00,1.00,1220.00,4000.00,1.50,0.00,0.00,4.00,6.00,1220.00,0.00,1908.00,0.00,98103.00,47.68,-122.35,1580.00,4000.00
9448300061.00,20140708T000000,235000.00,2.00,1.00,1020.00,7920.00,1.00,0.00,0.00,3.00,6.00,1020.00,0.00,1939.00,0.00,98108.00,47.56,-122.31,1530.00,6900.00
1840300100.00,20140918T000000,309950.00,2.00,1.50,1510.00,9843.00,1.00,0.00,0.00,4.00,7.00,1510.00,0.00,1961.00,0.00,98188.00,47.44,-122.27,1590.00,9368.00
4246000180.00,20140523T000000,433000.00,4.00,1.75,1830.00,9600.00,1.00,0.00,0.00,4.00,7.00,1010.00,820.00,1966.00,0.00,98006.00,47.57,-122.13,1910.00,11100.00
7856000110.00,20150203T000000,895000.00,3.00,2.50,2750.00,10000.00,1.00,0.00,3.00,3.00,8.00,1650.00,1100.00,1967.00,0.00,98006.00,47.56,-122.15,2490.00,10000.00
2422059111.00,20140620T000000,291000.00,3.00,1.50,1860.00,60960.00,1.00,0.00,0.00,4.00,7.00,1140.00,720.00,1967.00,0.00,98042.00,47.38,-122.10,2170.00,82764.00
1925069199.00,20150209T000000,835000.00,3.00,2.50,2720.00,13124.00,2.00,0.00,0.00,3.00,9.00,2720.00,0.00,1988.00,0.00,98052.00,47.64,-122.09,2760.00,16200.00
2771603940.00,20150109T000000,640000.00,2.00,1.00,1360.00,5000.00,1.00,0.00,0.00,3.00,7.00,1200.00,160.00,1936.00,0.00,98199.00,47.64,-122.39,1540.00,4000.00
6028000090.00,20150126T000000,438000.00,3.00,2.25,2340.00,14279.00,1.00,0.00,0.00,3.00,8.00,1340.00,1000.00,1965.00,0.00,98006.00,47.57,-122.12,2340.00,13600.00
5126310110.00,20140722T000000,540000.00,4.00,2.50,2600.00,9935.00,2.00,0.00,0.00,3.00,8.00,2600.00,0.00,2005.00,0.00,98059.00,47.49,-122.14,2830.00,7620.00
7520000616.00,20150309T000000,325000.00,4.00,2.50,2090.00,7434.00,1.00,0.00,0.00,3.00,7.00,1090.00,1000.00,1993.00,0.00,98146.00,47.50,-122.35,1260.00,8404.00
3343900120.00,20150126T000000,380000.00,4.00,1.75,2260.00,7200.00,1.50,0.00,0.00,5.00,7.00,1360.00,900.00,1924.00,0.00,98056.00,47.51,-122.19,1410.00,7465.00
714000195.00,20141113T000000,510000.00,2.00,1.00,1390.00,5544.00,1.00,0.00,0.00,3.00,7.00,930.00,460.00,1947.00,0.00,98105.00,47.67,-122.27,1710.00,6200.00
2310100230.00,20140812T000000,380000.00,4.00,2.50,2300.00,7707.00,2.00,0.00,0.00,3.00,8.00,2300.00,0.00,2004.00,0.00,98038.00,47.35,-122.04,2320.00,6035.00
7856600900.00,20140616T000000,825000.00,4.00,2.50,2810.00,9800.00,1.00,0.00,0.00,4.00,8.00,1710.00,1100.00,1973.00,0.00,98006.00,47.57,-122.15,2800.00,9800.00
926069192.00,20140926T000000,880000.00,4.00,3.25,4060.00,52707.00,2.00,0.00,0.00,4.00,9.00,4060.00,0.00,1996.00,0.00,98077.00,47.76,-122.04,3100.00,50755.00
3343302110.00,20150306T000000,1800000.00,3.00,3.00,2790.00,13295.00,2.00,1.00,4.00,4.00,10.00,2370.00,420.00,1933.00,1989.00,98006.00,47.55,-122.20,3140.00,11949.00
5100403405.00,20150107T000000,790000.00,3.00,1.00,1290.00,6380.00,1.50,0.00,0.00,3.00,7.00,1290.00,0.00,1930.00,0.00,98115.00,47.70,-122.32,1630.00,6380.00
3298700302.00,20141212T000000,287000.00,2.00,1.50,720.00,4346.00,1.00,0.00,0.00,4.00,6.00,720.00,0.00,1942.00,0.00,98106.00,47.52,-122.35,790.00,4346.00
3333001430.00,20140912T000000,509000.00,3.00,3.00,2130.00,5000.00,1.50,0.00,0.00,3.00,7.00,1570.00,560.00,1913.00,0.00,98118.00,47.55,-122.28,1638.00,4500.00
8849700040.00,20140908T000000,270000.00,3.00,2.25,1750.00,8400.00,1.00,0.00,0.00,3.00,7.00,1350.00,400.00,1965.00,0.00,98188.00,47.46,-122.27,2020.00,9110.00
3256400051.00,20140708T000000,210000.00,3.00,2.00,960.00,9380.00,1.00,0.00,0.00,3.00,6.00,960.00,0.00,1949.00,0.00,98146.00,47.49,-122.34,1460.00,9240.00
7283900551.00,20141124T000000,415000.00,3.00,1.00,1570.00,11752.00,1.50,0.00,0.00,5.00,8.00,1570.00,0.00,1930.00,0.00,98133.00,47.77,-122.35,2010.00,8291.00
5067400032.00,20141205T000000,550000.00,3.00,2.50,3070.00,14400.00,1.00,0.00,3.00,5.00,9.00,1720.00,1350.00,1985.00,0.00,98198.00,47.37,-122.32,2020.00,18211.00
1370801020.00,20140709T000000,1250000.00,4.00,2.50,2920.00,5500.00,1.00,0.00,3.00,3.00,10.00,2030.00,890.00,1957.00,0.00,98199.00,47.64,-122.41,3790.00,5500.00
3852900026.00,20140801T000000,499950.00,3.00,1.00,1870.00,4984.00,1.00,0.00,0.00,3.00,7.00,1120.00,750.00,1955.00,0.00,98116.00,47.58,-122.39,1650.00,5750.00
1189000025.00,20140905T000000,659000.00,3.00,1.50,1540.00,5040.00,2.00,0.00,0.00,3.00,8.00,1540.00,0.00,1907.00,0.00,98122.00,47.61,-122.30,1590.00,3600.00
4047200580.00,20150302T000000,265000.00,2.00,1.50,1440.00,22081.00,2.00,0.00,0.00,3.00,7.00,1440.00,0.00,1990.00,0.00,98019.00,47.77,-121.90,1440.00,19544.00
2607720150.00,20140605T000000,492000.00,4.00,3.75,2810.00,10840.00,2.00,0.00,2.00,4.00,8.00,2070.00,740.00,1994.00,0.00,98045.00,47.49,-121.80,2370.00,11248.00
5459300040.00,20140813T000000,715000.00,4.00,2.50,2450.00,7700.00,1.00,0.00,0.00,3.00,8.00,1250.00,1200.00,1958.00,0.00,98040.00,47.57,-122.21,2450.00,8000.00
2613200025.00,20150313T000000,175000.00,2.00,1.00,1330.00,28270.00,1.50,0.00,0.00,3.00,6.00,1330.00,0.00,1925.00,0.00,98168.00,47.48,-122.27,1210.00,6926.00
686050100.00,20141128T000000,975000.00,4.00,3.50,3130.00,52322.00,2.00,0.00,0.00,3.00,9.00,2430.00,700.00,2011.00,0.00,98005.00,47.59,-122.16,3200.00,5820.00
2117700065.00,20141009T000000,306950.00,1.00,1.00,730.00,5005.00,1.00,0.00,0.00,4.00,5.00,730.00,0.00,1945.00,0.00,98117.00,47.70,-122.36,1630.00,5667.00
5742600115.00,20150407T000000,630000.00,4.00,2.00,2480.00,3680.00,1.50,0.00,0.00,4.00,7.00,1470.00,1010.00,1916.00,0.00,98116.00,47.57,-122.39,1500.00,5750.00
2064800600.00,20150109T000000,367500.00,3.00,1.00,1270.00,8792.00,1.00,0.00,0.00,5.00,7.00,1270.00,0.00,1969.00,0.00,98056.00,47.54,-122.17,1780.00,8792.00
34001765.00,20150325T000000,699950.00,3.00,3.25,2230.00,5460.00,1.00,0.00,1.00,4.00,8.00,1430.00,800.00,1977.00,0.00,98136.00,47.53,-122.39,2070.00,5600.00
1186000065.00,20150416T000000,1000000.00,3.00,3.00,2880.00,3750.00,2.00,0.00,0.00,3.00,9.00,2220.00,660.00,1909.00,1991.00,98122.00,47.62,-122.29,1910.00,4000.00
1687000220.00,20141016T000000,285000.00,4.00,2.50,2434.00,4400.00,2.00,0.00,0.00,3.00,8.00,2434.00,0.00,2007.00,0.00,98001.00,47.29,-122.28,2434.00,4400.00
7985400133.00,20150114T000000,215000.00,2.00,1.50,1120.00,1312.00,2.00,0.00,0.00,3.00,7.00,1000.00,120.00,2004.00,0.00,98106.00,47.53,-122.36,1560.00,1314.00
3303980090.00,20150306T000000,1050000.00,4.00,2.50,4080.00,11054.00,2.00,0.00,0.00,3.00,11.00,4080.00,0.00,2001.00,0.00,98059.00,47.52,-122.15,3520.00,11914.00
7855200120.00,20140509T000000,1370000.00,4.00,2.75,3720.00,9450.00,1.00,0.00,4.00,5.00,10.00,1960.00,1760.00,1962.00,0.00,98006.00,47.56,-122.16,2900.00,8605.00
2800031.00,20150401T000000,235000.00,3.00,1.00,1430.00,7599.00,1.50,0.00,0.00,4.00,6.00,1010.00,420.00,1930.00,0.00,98168.00,47.48,-122.27,1290.00,10320.00
2306400040.00,20150416T000000,604000.00,3.00,2.00,1560.00,2589.00,1.00,0.00,0.00,3.00,7.00,790.00,770.00,1923.00,2001.00,98103.00,47.66,-122.34,1450.00,3893.00
5035300834.00,20140530T000000,750000.00,3.00,1.75,1700.00,8400.00,1.00,0.00,0.00,3.00,8.00,1460.00,240.00,1947.00,0.00,98199.00,47.65,-122.42,2010.00,7000.00
9542300530.00,20141124T000000,800000.00,4.00,2.25,2510.00,9963.00,1.00,0.00,0.00,4.00,9.00,2200.00,310.00,1967.00,0.00,98005.00,47.60,-122.18,3110.00,9963.00
9191201250.00,20150107T000000,580000.00,5.00,2.00,2600.00,3750.00,1.50,0.00,0.00,4.00,6.00,1400.00,1200.00,1914.00,0.00,98105.00,47.67,-122.30,1700.00,3750.00
7950300775.00,20141204T000000,350000.00,1.00,1.00,790.00,4590.00,1.00,0.00,0.00,3.00,6.00,790.00,0.00,1911.00,0.00,98118.00,47.57,-122.29,1070.00,4590.00
2934800025.00,20141216T000000,353750.00,4.00,2.00,1710.00,7490.00,2.00,0.00,0.00,3.00,7.00,1320.00,390.00,1956.00,0.00,98166.00,47.45,-122.36,1880.00,7704.00
7855400330.00,20140604T000000,1100000.00,5.00,2.75,2660.00,8737.00,1.00,0.00,4.00,5.00,8.00,1470.00,1190.00,1969.00,0.00,98006.00,47.57,-122.16,3280.00,8783.00
259600330.00,20150209T000000,465000.00,4.00,2.00,1470.00,10291.00,1.00,0.00,0.00,4.00,7.00,1470.00,0.00,1963.00,0.00,98008.00,47.63,-122.12,1460.00,9601.00
3723800409.00,20140507T000000,568000.00,3.00,2.00,2350.00,5080.00,1.50,0.00,0.00,3.00,8.00,1780.00,570.00,1929.00,0.00,98118.00,47.55,-122.26,1700.00,5080.00
5191100180.00,20141106T000000,1005000.00,5.00,2.00,2440.00,3080.00,2.00,0.00,0.00,4.00,8.00,2440.00,0.00,1910.00,0.00,98112.00,47.62,-122.31,1640.00,3077.00
257000057.00,20140916T000000,213500.00,3.00,1.50,1150.00,11571.00,1.00,0.00,0.00,3.00,7.00,1150.00,0.00,1961.00,0.00,98168.00,47.49,-122.30,1630.00,11571.00
1771100330.00,20140605T000000,250000.00,3.00,2.50,1510.00,10384.00,1.00,0.00,0.00,2.00,7.00,1030.00,480.00,1976.00,0.00,98077.00,47.76,-122.07,1490.00,10000.00
1782500035.00,20140703T000000,357000.00,2.00,1.00,870.00,4600.00,1.00,0.00,0.00,4.00,7.00,870.00,0.00,1942.00,0.00,98126.00,47.53,-122.38,930.00,4600.00
7104100065.00,20140926T000000,425000.00,2.00,2.00,1280.00,4095.00,2.00,0.00,0.00,4.00,8.00,1280.00,0.00,1918.00,0.00,98136.00,47.55,-122.39,1470.00,5500.00
200500610.00,20140611T000000,571000.00,3.00,2.50,2600.00,7465.00,2.00,0.00,0.00,3.00,9.00,2600.00,0.00,1988.00,0.00,98011.00,47.74,-122.22,2660.00,7683.00
7199320600.00,20140519T000000,588000.00,3.00,2.25,2030.00,7350.00,1.00,0.00,0.00,4.00,7.00,1190.00,840.00,1977.00,0.00,98052.00,47.69,-122.13,1950.00,7350.00
3322049201.00,20140523T000000,275000.00,4.00,1.50,1930.00,15531.00,2.00,0.00,0.00,3.00,7.00,1930.00,0.00,1979.00,0.00,98003.00,47.35,-122.30,1580.00,7800.00
5153200100.00,20150225T000000,565000.00,3.00,2.75,3210.00,15939.00,2.00,0.00,1.00,3.00,10.00,3210.00,0.00,1998.00,0.00,98023.00,47.34,-122.35,2870.00,15939.00
726059349.00,20150319T000000,460000.00,3.00,1.75,1970.00,9135.00,1.00,0.00,0.00,4.00,7.00,1370.00,600.00,1961.00,0.00,98011.00,47.76,-122.22,1880.00,9650.00
8833510230.00,20140604T000000,603500.00,4.00,2.50,4060.00,9734.00,1.00,0.00,4.00,3.00,9.00,2150.00,1910.00,1977.00,0.00,98028.00,47.77,-122.25,2750.00,10370.00
7298000090.00,20140703T000000,490600.00,3.00,2.50,3316.00,11447.00,2.00,0.00,0.00,3.00,9.00,3316.00,0.00,1986.00,0.00,98023.00,47.30,-122.34,3000.00,11447.00
3885804225.00,20140624T000000,1010000.00,2.00,2.00,1460.00,9052.00,1.00,0.00,2.00,5.00,6.00,1460.00,0.00,1900.00,0.00,98033.00,47.69,-122.21,2554.00,7834.00
2558600100.00,20140827T000000,500000.00,4.00,2.00,2100.00,12620.00,1.00,0.00,0.00,4.00,7.00,2100.00,0.00,1972.00,0.00,98034.00,47.72,-122.17,1720.00,7840.00
7697920450.00,20140625T000000,249000.00,4.00,2.25,1830.00,6136.00,2.00,0.00,0.00,3.00,7.00,1830.00,0.00,1990.00,0.00,98030.00,47.37,-122.18,1830.00,7664.00
8899200110.00,20140603T000000,235000.00,3.00,2.00,1530.00,8700.00,1.00,0.00,0.00,4.00,7.00,1530.00,0.00,1970.00,0.00,98055.00,47.45,-122.21,1960.00,7600.00
3992700775.00,20150121T000000,410000.00,4.00,2.00,1490.00,13736.00,1.00,0.00,0.00,4.00,6.00,1490.00,0.00,1942.00,0.00,98125.00,47.71,-122.28,2040.00,7200.00
6384500035.00,20140701T000000,370000.00,2.00,1.00,860.00,6050.00,1.00,0.00,0.00,3.00,7.00,860.00,0.00,1952.00,0.00,98116.00,47.57,-122.40,1130.00,6050.00
2787700210.00,20140916T000000,360000.00,5.00,2.50,2130.00,7111.00,1.00,0.00,0.00,3.00,7.00,1330.00,800.00,1968.00,0.00,98059.00,47.51,-122.16,1840.00,7592.00
2524049018.00,20141205T000000,1406890.00,5.00,2.25,3580.00,16789.00,2.00,0.00,0.00,5.00,9.00,3580.00,0.00,1966.00,0.00,98040.00,47.54,-122.24,3390.00,17000.00
7569450090.00,20141121T000000,298000.00,4.00,2.50,2420.00,3825.00,2.00,0.00,0.00,3.00,8.00,2420.00,0.00,2003.00,0.00,98042.00,47.37,-122.13,1880.00,4250.00
123039570.00,20140708T000000,485000.00,4.00,2.25,1900.00,7200.00,1.00,0.00,0.00,3.00,8.00,1370.00,530.00,1977.00,0.00,98146.00,47.50,-122.37,2030.00,8008.00
6071300090.00,20140826T000000,400000.00,3.00,1.75,1330.00,9143.00,1.00,0.00,0.00,3.00,7.00,1330.00,0.00,1960.00,0.00,98006.00,47.55,-122.18,1950.00,10384.00
4221250100.00,20140805T000000,580000.00,3.00,2.50,2150.00,4604.00,2.00,0.00,0.00,3.00,8.00,2150.00,0.00,2003.00,0.00,98075.00,47.59,-122.02,2280.00,4253.00
8730000210.00,20140807T000000,355000.00,2.00,2.50,1370.00,1140.00,2.00,0.00,0.00,3.00,8.00,1080.00,290.00,2009.00,0.00,98133.00,47.71,-122.34,1340.00,1050.00
4178600100.00,20140721T000000,650000.00,3.00,2.50,2430.00,12997.00,2.00,0.00,0.00,3.00,9.00,2430.00,0.00,1992.00,0.00,98011.00,47.74,-122.19,2720.00,12500.00
9476200485.00,20140929T000000,261490.00,4.00,1.00,1640.00,8467.00,1.00,0.00,2.00,4.00,6.00,1220.00,420.00,1943.00,0.00,98056.00,47.49,-122.19,1060.00,7396.00
3205400230.00,20140716T000000,347000.00,3.00,1.00,1010.00,7200.00,1.00,0.00,0.00,3.00,7.00,1010.00,0.00,1968.00,0.00,98034.00,47.72,-122.18,1120.00,7200.00
9307300100.00,20140519T000000,485000.00,3.00,1.00,1500.00,4100.00,1.50,0.00,0.00,3.00,7.00,1370.00,130.00,1926.00,0.00,98107.00,47.67,-122.37,1500.00,4100.00
2770600930.00,20141022T000000,601000.00,3.00,2.50,1740.00,1251.00,2.00,0.00,0.00,3.00,9.00,1180.00,560.00,2012.00,0.00,98199.00,47.64,-122.39,1740.00,1625.00
2817900180.00,20150411T000000,380000.00,3.00,3.25,2090.00,51212.00,1.00,0.00,0.00,3.00,8.00,1510.00,580.00,1989.00,0.00,98092.00,47.31,-122.10,2690.00,40820.00
7504001340.00,20140829T000000,565000.00,3.00,3.00,1850.00,12556.00,2.00,0.00,0.00,3.00,9.00,1850.00,0.00,1976.00,0.00,98074.00,47.63,-122.05,2390.00,12474.00
3121500330.00,20150323T000000,750000.00,3.00,2.50,2790.00,21043.00,2.00,0.00,0.00,3.00,9.00,2790.00,0.00,1993.00,0.00,98053.00,47.67,-122.03,2900.00,34589.00
1099760230.00,20150107T000000,291000.00,3.00,2.25,1480.00,7200.00,1.00,0.00,0.00,3.00,7.00,1190.00,290.00,1975.00,0.00,98023.00,47.30,-122.38,1830.00,7200.00
3904920600.00,20141105T000000,560000.00,3.00,2.50,2280.00,12498.00,2.00,0.00,0.00,4.00,9.00,2280.00,0.00,1987.00,0.00,98029.00,47.57,-122.01,2330.00,8844.00
7504100590.00,20150325T000000,725000.00,4.00,2.25,3180.00,9600.00,2.00,0.00,0.00,3.00,10.00,3180.00,0.00,1984.00,0.00,98074.00,47.63,-122.05,2840.00,10739.00
1725079025.00,20140903T000000,539000.00,3.00,2.00,2350.00,209088.00,1.00,0.00,0.00,3.00,7.00,2350.00,0.00,1993.00,0.00,98014.00,47.65,-121.95,2300.00,209088.00
9406540150.00,20140722T000000,470000.00,5.00,3.25,3910.00,7077.00,2.00,0.00,0.00,3.00,9.00,2710.00,1200.00,2000.00,0.00,98038.00,47.38,-122.03,2650.00,7077.00
6163900032.00,20150109T000000,264950.00,2.00,1.00,770.00,7434.00,1.00,0.00,0.00,3.00,6.00,770.00,0.00,1947.00,0.00,98155.00,47.76,-122.32,1060.00,7453.00
844000180.00,20150225T000000,200000.00,4.00,1.50,1780.00,8000.00,2.00,0.00,0.00,4.00,6.00,1080.00,700.00,1900.00,1996.00,98010.00,47.31,-122.00,1750.00,9147.00
7229800175.00,20140604T000000,453500.00,5.00,2.50,2300.00,23345.00,1.00,0.00,0.00,5.00,7.00,1170.00,1130.00,1967.00,0.00,98059.00,47.47,-122.11,2280.00,23345.00
325059086.00,20140825T000000,811000.00,2.00,2.50,2510.00,17986.00,2.00,0.00,0.00,3.00,9.00,2510.00,0.00,1943.00,2014.00,98052.00,47.68,-122.16,2440.00,8039.00
4310701565.00,20140916T000000,425000.00,3.00,3.25,1410.00,1350.00,3.00,0.00,0.00,3.00,8.00,1410.00,0.00,2005.00,0.00,98103.00,47.70,-122.34,1410.00,1253.00
2524049257.00,20140918T000000,1530000.00,4.00,2.25,4250.00,16940.00,1.00,0.00,2.00,4.00,9.00,2380.00,1870.00,1974.00,0.00,98040.00,47.55,-122.23,3460.00,17693.00
1226059161.00,20141229T000000,562000.00,4.00,2.75,2560.00,83200.00,1.00,0.00,0.00,3.00,8.00,1860.00,700.00,1980.00,0.00,98072.00,47.75,-122.11,1990.00,38332.00
7212660900.00,20140723T000000,281000.00,3.00,2.50,1760.00,7601.00,2.00,0.00,0.00,3.00,8.00,1760.00,0.00,1992.00,0.00,98003.00,47.27,-122.31,1920.00,6851.00
6147650300.00,20141016T000000,270000.00,3.00,2.25,2100.00,14027.00,2.00,0.00,0.00,3.00,8.00,2100.00,0.00,1979.00,0.00,98042.00,47.38,-122.10,2730.00,5999.00
8945300090.00,20140811T000000,205950.00,3.00,1.00,1490.00,8239.00,1.00,0.00,0.00,4.00,6.00,1490.00,0.00,1963.00,0.00,98023.00,47.31,-122.37,1200.00,8470.00
7452500365.00,20140625T000000,310000.00,2.00,1.00,870.00,5400.00,1.00,0.00,0.00,3.00,6.00,870.00,0.00,1950.00,2007.00,98126.00,47.52,-122.37,990.00,5200.00
3629960600.00,20150312T000000,350000.00,3.00,1.75,1260.00,1111.00,2.00,0.00,0.00,3.00,8.00,1260.00,0.00,2003.00,0.00,98029.00,47.55,-122.01,1410.00,1630.00
540100056.00,20140601T000000,843500.00,4.00,2.00,2630.00,16475.00,2.00,0.00,0.00,4.00,8.00,2630.00,0.00,1953.00,0.00,98004.00,47.64,-122.22,2670.00,15001.00
1109000175.00,20150508T000000,370000.00,4.00,2.00,1950.00,3757.00,1.00,0.00,0.00,4.00,6.00,1160.00,790.00,1908.00,0.00,98118.00,47.54,-122.27,1720.00,3757.00
8645500900.00,20140620T000000,279000.00,4.00,2.00,2200.00,7700.00,1.00,0.00,0.00,3.00,7.00,1100.00,1100.00,1979.00,0.00,98058.00,47.46,-122.18,1790.00,7700.00
722069057.00,20150102T000000,408000.00,3.00,1.75,1600.00,313672.00,1.00,0.00,0.00,4.00,7.00,1600.00,0.00,1960.00,0.00,98058.00,47.41,-122.08,1780.00,90860.00
2660500365.00,20150106T000000,392000.00,3.00,1.00,1230.00,9600.00,1.00,0.00,0.00,3.00,7.00,1230.00,0.00,1952.00,0.00,98118.00,47.56,-122.29,1510.00,6600.00
2516000475.00,20140929T000000,455000.00,2.00,1.00,1030.00,5000.00,1.00,0.00,0.00,5.00,6.00,1030.00,0.00,1917.00,0.00,98107.00,47.66,-122.36,1550.00,5000.00
522039103.00,20141113T000000,310000.00,2.00,1.50,1040.00,83199.00,1.00,0.00,0.00,4.00,7.00,870.00,170.00,1965.00,0.00,98070.00,47.42,-122.44,1760.00,75794.00
7689600650.00,20140917T000000,323500.00,3.00,3.00,2240.00,11536.00,2.00,0.00,0.00,3.00,7.00,2240.00,0.00,1943.00,2005.00,98178.00,47.49,-122.25,1650.00,8760.00
9285800801.00,20140926T000000,364500.00,3.00,1.00,1600.00,4489.00,1.00,0.00,2.00,3.00,6.00,800.00,800.00,1944.00,0.00,98126.00,47.57,-122.38,1640.00,6013.00
3750607974.00,20140509T000000,280000.00,4.00,2.00,2190.00,14439.00,1.00,0.00,0.00,4.00,7.00,1180.00,1010.00,1977.00,0.00,98001.00,47.27,-122.29,2160.00,14439.00
1622049154.00,20141215T000000,289900.00,3.00,1.75,1899.00,11325.00,2.00,0.00,0.00,3.00,7.00,1899.00,0.00,1943.00,2005.00,98198.00,47.40,-122.30,2000.00,10454.00
9530100555.00,20140613T000000,585000.00,3.00,1.00,1870.00,2807.00,1.50,0.00,0.00,4.00,7.00,1580.00,290.00,1927.00,0.00,98107.00,47.67,-122.36,1640.00,4500.00
4178500300.00,20140916T000000,269000.00,3.00,2.50,1730.00,6653.00,1.00,0.00,0.00,4.00,7.00,1360.00,370.00,1990.00,0.00,98042.00,47.36,-122.09,1730.00,7061.00
8856960720.00,20140808T000000,280000.00,3.00,2.25,1860.00,9210.00,2.00,0.00,0.00,3.00,7.00,1860.00,0.00,1994.00,0.00,98038.00,47.39,-122.03,1530.00,8091.00
9117000230.00,20150409T000000,287000.00,3.00,1.75,1940.00,9000.00,1.00,0.00,0.00,3.00,7.00,1290.00,650.00,1965.00,0.00,98055.00,47.44,-122.19,1900.00,9120.00
8122100835.00,20140812T000000,183000.00,2.00,1.00,670.00,5140.00,1.00,0.00,0.00,3.00,6.00,670.00,0.00,1926.00,0.00,98126.00,47.54,-122.37,850.00,5140.00
2788500090.00,20141219T000000,309000.00,3.00,1.00,1820.00,8142.00,1.00,0.00,0.00,3.00,7.00,1040.00,780.00,1961.00,0.00,98168.00,47.51,-122.32,1820.00,8142.00
324059161.00,20141013T000000,920000.00,4.00,2.50,3810.00,13579.00,2.00,0.00,0.00,3.00,10.00,3810.00,0.00,2003.00,0.00,98007.00,47.60,-122.15,3310.00,9270.00
4217400540.00,20140929T000000,815241.00,5.00,2.25,2060.00,4800.00,2.50,0.00,0.00,3.00,8.00,2060.00,0.00,1907.00,0.00,98105.00,47.66,-122.28,1740.00,4800.00
3876312290.00,20141121T000000,405000.00,3.00,1.75,1520.00,7252.00,1.00,0.00,0.00,3.00,7.00,1140.00,380.00,1975.00,0.00,98072.00,47.74,-122.18,1910.00,7820.00
8556800090.00,20150430T000000,525000.00,5.00,3.50,3450.00,19080.00,2.00,0.00,3.00,3.00,9.00,3450.00,0.00,2001.00,0.00,98022.00,47.21,-122.01,2570.00,17007.00
2113701095.00,20140717T000000,150000.00,2.00,1.00,830.00,4045.00,1.00,0.00,0.00,3.00,6.00,830.00,0.00,1943.00,0.00,98106.00,47.53,-122.35,1100.00,4116.00
3750603940.00,20140925T000000,240000.00,4.00,1.75,1880.00,9600.00,1.00,0.00,0.00,5.00,7.00,1020.00,860.00,1946.00,0.00,98001.00,47.26,-122.28,1560.00,14400.00
1245003160.00,20140502T000000,698000.00,4.00,2.25,2200.00,11250.00,1.50,0.00,0.00,5.00,7.00,1300.00,900.00,1920.00,0.00,98033.00,47.68,-122.20,2320.00,10814.00
2600010360.00,20150309T000000,440000.00,3.00,2.00,1800.00,10950.00,1.00,0.00,0.00,4.00,8.00,1800.00,0.00,1982.00,0.00,98006.00,47.56,-122.16,2400.00,11300.00
7893200900.00,20150414T000000,204000.00,3.00,1.00,1200.00,12500.00,1.50,0.00,0.00,3.00,6.00,1200.00,0.00,1936.00,0.00,98198.00,47.42,-122.33,1200.00,7500.00
269000615.00,20140516T000000,875000.00,3.00,2.00,2220.00,6641.00,1.00,0.00,2.00,4.00,7.00,1220.00,1000.00,1947.00,0.00,98199.00,47.64,-122.39,1800.00,5900.00
2174503441.00,20140703T000000,650000.00,3.00,1.50,1380.00,4500.00,1.00,0.00,0.00,5.00,7.00,1380.00,0.00,1960.00,0.00,98040.00,47.59,-122.25,1590.00,9000.00
4025300371.00,20150408T000000,392500.00,3.00,1.00,1660.00,8839.00,1.00,0.00,0.00,4.00,7.00,1660.00,0.00,1947.00,0.00,98155.00,47.75,-122.30,1230.00,9236.00
3101500090.00,20141017T000000,400000.00,4.00,1.00,2320.00,4000.00,1.50,0.00,0.00,3.00,6.00,1310.00,1010.00,1921.00,0.00,98144.00,47.57,-122.31,1750.00,4000.00
3447000090.00,20150428T000000,653000.00,3.00,2.25,2800.00,17300.00,1.00,0.00,0.00,4.00,8.00,1420.00,1380.00,1971.00,0.00,98006.00,47.57,-122.13,2140.00,12650.00
917000300.00,20140520T000000,452000.00,4.00,1.00,1210.00,3760.00,1.50,0.00,0.00,3.00,6.00,1210.00,0.00,1900.00,0.00,98103.00,47.69,-122.34,1540.00,3800.00
9510400100.00,20140506T000000,345000.00,4.00,2.50,2331.00,3826.00,2.00,0.00,0.00,3.00,8.00,2331.00,0.00,2007.00,0.00,98058.00,47.44,-122.18,2441.00,3826.00
4058801225.00,20141202T000000,350000.00,4.00,1.75,1820.00,6930.00,1.00,0.00,2.00,4.00,7.00,1320.00,500.00,1952.00,0.00,98178.00,47.51,-122.24,1820.00,6825.00
3578600201.00,20140731T000000,650000.00,4.00,2.50,2860.00,5576.00,2.00,0.00,0.00,3.00,8.00,2860.00,0.00,2004.00,0.00,98028.00,47.75,-122.22,2290.00,10667.00
5282200015.00,20140527T000000,525000.00,5.00,3.00,2750.00,3800.00,1.50,0.00,0.00,5.00,7.00,1750.00,1000.00,1926.00,0.00,98115.00,47.68,-122.31,1900.00,3800.00
5282200015.00,20150126T000000,840000.00,5.00,3.00,2750.00,3800.00,1.50,0.00,0.00,5.00,7.00,1750.00,1000.00,1926.00,0.00,98115.00,47.68,-122.31,1900.00,3800.00
4219400555.00,20141124T000000,1325000.00,3.00,2.50,2280.00,5000.00,2.00,0.00,3.00,4.00,9.00,2280.00,0.00,1926.00,0.00,98105.00,47.66,-122.28,2200.00,5000.00
104550540.00,20150120T000000,259950.00,4.00,2.00,1610.00,6650.00,1.00,0.00,0.00,3.00,7.00,1610.00,0.00,1989.00,0.00,98023.00,47.31,-122.36,1960.00,6650.00
3317500100.00,20150220T000000,998000.00,5.00,3.50,3760.00,10207.00,2.00,0.00,0.00,3.00,10.00,3150.00,610.00,1969.00,0.00,98040.00,47.56,-122.23,3550.00,12118.00
2436200395.00,20140610T000000,1070000.00,3.00,3.00,2940.00,4622.00,2.00,0.00,0.00,4.00,9.00,2230.00,710.00,1988.00,0.00,98105.00,47.66,-122.29,1580.00,4000.00
1118001560.00,20140710T000000,1910000.00,4.00,3.00,4460.00,6833.00,2.00,0.00,0.00,3.00,10.00,3140.00,1320.00,1955.00,2007.00,98112.00,47.63,-122.29,3130.00,7450.00
8728100775.00,20150309T000000,190500.00,3.00,1.50,1110.00,1150.00,2.00,0.00,0.00,3.00,8.00,940.00,170.00,2007.00,0.00,98144.00,47.59,-122.31,1380.00,1751.00
2223069112.00,20141112T000000,465000.00,3.00,2.25,2560.00,117176.00,1.00,0.00,0.00,4.00,9.00,1280.00,1280.00,1977.00,0.00,98027.00,47.47,-122.03,2760.00,57063.00
7278100665.00,20150204T000000,370000.00,3.00,1.00,1060.00,7419.00,1.00,0.00,2.00,4.00,6.00,1060.00,0.00,1906.00,0.00,98177.00,47.77,-122.39,2190.00,5953.00
822059038.00,20140731T000000,290000.00,6.00,4.50,2810.00,11214.00,1.00,0.00,0.00,3.00,8.00,2010.00,800.00,1958.00,0.00,98031.00,47.40,-122.20,1940.00,8349.00
7977201065.00,20141104T000000,350000.00,3.00,1.75,1380.00,4590.00,1.00,0.00,0.00,2.00,7.00,930.00,450.00,1950.00,0.00,98115.00,47.68,-122.29,1320.00,4692.00
7977201065.00,20150305T000000,740000.00,3.00,1.75,1380.00,4590.00,1.00,0.00,0.00,2.00,7.00,930.00,450.00,1950.00,0.00,98115.00,47.68,-122.29,1320.00,4692.00
5255000110.00,20141007T000000,460000.00,3.00,1.75,2560.00,8400.00,1.00,0.00,0.00,3.00,7.00,1970.00,590.00,1959.00,0.00,98011.00,47.77,-122.20,1970.00,8400.00
9407001790.00,20140826T000000,290000.00,3.00,1.00,1010.00,10800.00,1.00,0.00,0.00,4.00,7.00,1010.00,0.00,1972.00,0.00,98045.00,47.45,-121.77,1370.00,9500.00
1120069059.00,20140918T000000,475000.00,3.00,1.50,1790.00,229125.00,2.00,0.00,3.00,3.00,7.00,1790.00,0.00,1987.00,0.00,98022.00,47.23,-122.01,1970.00,216928.00
2048000330.00,20140926T000000,214000.00,3.00,2.50,1600.00,2231.00,2.00,0.00,0.00,3.00,7.00,1600.00,0.00,2003.00,0.00,98001.00,47.33,-122.29,1600.00,2962.00
8820903080.00,20150508T000000,455000.00,2.00,1.00,910.00,5759.00,1.00,0.00,0.00,3.00,6.00,910.00,0.00,1951.00,0.00,98125.00,47.72,-122.28,1520.00,7518.00
1687000210.00,20140725T000000,275000.00,3.00,2.50,2497.00,4400.00,2.00,0.00,0.00,3.00,8.00,2497.00,0.00,2007.00,0.00,98001.00,47.29,-122.28,2434.00,4400.00
621049103.00,20140709T000000,305000.00,3.00,1.50,1800.00,12196.00,1.00,0.00,0.00,4.00,7.00,1800.00,0.00,1966.00,0.00,98023.00,47.33,-122.35,1490.00,11730.00
1321059052.00,20150409T000000,449000.00,5.00,2.50,2570.00,61855.00,1.00,0.00,0.00,4.00,7.00,1470.00,1100.00,1981.00,0.00,98092.00,47.30,-122.11,1990.00,49658.00
2114700540.00,20141021T000000,366000.00,3.00,2.50,1320.00,4320.00,1.00,0.00,0.00,3.00,6.00,660.00,660.00,1918.00,0.00,98106.00,47.53,-122.35,1190.00,4200.00
4307330180.00,20150328T000000,348000.00,3.00,2.50,1670.00,5090.00,2.00,0.00,0.00,3.00,7.00,1670.00,0.00,2003.00,0.00,98056.00,47.48,-122.18,2560.00,4851.00
114100304.00,20141203T000000,515000.00,4.00,2.50,2800.00,21370.00,2.00,0.00,0.00,3.00,8.00,2800.00,0.00,2003.00,0.00,98028.00,47.78,-122.25,1880.00,9336.00
7501000220.00,20140620T000000,950000.00,4.00,2.50,3360.00,11548.00,2.00,0.00,0.00,3.00,9.00,3360.00,0.00,1988.00,0.00,98033.00,47.65,-122.18,3400.00,14091.00
8562901910.00,20140730T000000,815000.00,3.00,2.50,2590.00,21494.00,2.00,0.00,0.00,4.00,8.00,2590.00,0.00,1991.00,0.00,98074.00,47.61,-122.06,2590.00,10720.00
1442800150.00,20150120T000000,199950.00,3.00,3.00,1530.00,2132.00,2.00,0.00,0.00,3.00,8.00,1530.00,0.00,1993.00,0.00,98038.00,47.37,-122.06,1530.00,3384.00
3715500220.00,20140605T000000,386000.00,3.00,2.00,1330.00,8100.00,1.00,0.00,0.00,4.00,7.00,1330.00,0.00,1969.00,0.00,98034.00,47.73,-122.18,1590.00,8100.00
8647800150.00,20150102T000000,273000.00,3.00,2.25,2160.00,7964.00,2.00,0.00,0.00,3.00,8.00,2160.00,0.00,1991.00,0.00,98042.00,47.36,-122.07,2000.00,7964.00
2508800220.00,20150325T000000,284000.00,4.00,2.50,1830.00,6360.00,2.00,0.00,0.00,3.00,8.00,1830.00,0.00,1994.00,0.00,98031.00,47.42,-122.18,1830.00,6596.00
106000044.00,20140826T000000,399950.00,3.00,1.00,1470.00,7930.00,1.00,0.00,0.00,3.00,7.00,1070.00,400.00,1950.00,0.00,98177.00,47.70,-122.37,1440.00,8100.00
5652601035.00,20150115T000000,285000.00,3.00,1.75,1150.00,6423.00,1.00,0.00,0.00,3.00,5.00,590.00,560.00,1927.00,0.00,98115.00,47.70,-122.30,1150.00,8367.00
4142450490.00,20150403T000000,315000.00,3.00,2.50,1790.00,6452.00,2.00,0.00,0.00,3.00,7.00,1790.00,0.00,2004.00,0.00,98038.00,47.38,-122.04,1610.00,3600.00
2788400090.00,20140807T000000,250000.00,3.00,1.00,1700.00,7700.00,1.00,0.00,0.00,3.00,7.00,1120.00,580.00,1960.00,0.00,98168.00,47.51,-122.32,1700.00,8800.00
7524200330.00,20150316T000000,290000.00,4.00,2.00,1630.00,7618.00,1.50,0.00,0.00,3.00,7.00,1630.00,0.00,1967.00,0.00,98198.00,47.37,-122.32,1320.00,8774.00
9359300220.00,20140623T000000,725000.00,4.00,2.50,3420.00,30410.00,2.00,0.00,0.00,3.00,9.00,3420.00,0.00,1988.00,0.00,98077.00,47.77,-122.09,2940.00,45916.00
3840700455.00,20140523T000000,410000.00,3.00,2.00,1650.00,9641.00,1.50,0.00,0.00,3.00,7.00,1650.00,0.00,1983.00,0.00,98034.00,47.71,-122.23,1940.00,6701.00
6790950150.00,20140817T000000,855000.00,4.00,2.50,2810.00,52062.00,1.50,0.00,0.00,4.00,9.00,2810.00,0.00,1988.00,0.00,98075.00,47.59,-122.03,3330.00,49783.00
3303950760.00,20140728T000000,399900.00,4.00,2.50,2710.00,8127.00,2.00,0.00,0.00,3.00,8.00,2710.00,0.00,1994.00,0.00,98038.00,47.38,-122.03,2520.00,8436.00
2600000210.00,20140611T000000,852600.00,4.00,2.50,3320.00,11901.00,2.00,0.00,0.00,5.00,9.00,2650.00,670.00,1977.00,0.00,98006.00,47.55,-122.16,2700.00,11114.00
2341300115.00,20140808T000000,235000.00,2.00,1.00,720.00,6321.00,1.00,0.00,0.00,3.00,6.00,720.00,0.00,1940.00,0.00,98118.00,47.55,-122.29,920.00,5684.00
8655900100.00,20140807T000000,230950.00,2.00,1.00,930.00,12724.00,1.00,0.00,0.00,4.00,6.00,930.00,0.00,1912.00,0.00,98014.00,47.66,-121.91,1240.00,21828.00
4345000210.00,20150330T000000,230000.00,3.00,2.25,1490.00,8722.00,2.00,0.00,0.00,3.00,7.00,1490.00,0.00,1997.00,0.00,98030.00,47.36,-122.19,1510.00,8061.00
8929000330.00,20140729T000000,404763.00,3.00,2.50,1690.00,1609.00,2.00,0.00,0.00,3.00,8.00,1150.00,540.00,2014.00,0.00,98029.00,47.55,-122.00,1690.00,1860.00
6700390150.00,20140923T000000,245000.00,3.00,2.50,1720.00,3407.00,2.00,0.00,0.00,3.00,7.00,1720.00,0.00,1992.00,0.00,98031.00,47.40,-122.19,1720.00,3407.00
1645000100.00,20150129T000000,188000.00,3.00,1.50,1140.00,8500.00,1.00,0.00,0.00,4.00,7.00,1140.00,0.00,1964.00,0.00,98022.00,47.21,-122.01,1600.00,8500.00
8078350100.00,20141204T000000,626100.00,4.00,2.50,2280.00,7219.00,2.00,0.00,0.00,4.00,8.00,2280.00,0.00,1987.00,0.00,98029.00,47.57,-122.02,2240.00,7471.00
6430500008.00,20150302T000000,428750.00,3.00,1.00,1100.00,4080.00,1.00,0.00,0.00,4.00,7.00,900.00,200.00,1929.00,0.00,98103.00,47.69,-122.35,1170.00,4080.00
3902300100.00,20140512T000000,522000.00,4.00,2.25,1800.00,8623.00,1.00,0.00,0.00,4.00,8.00,1360.00,440.00,1980.00,0.00,98033.00,47.69,-122.18,2370.00,8623.00
2193330090.00,20150311T000000,684000.00,4.00,2.50,2500.00,8434.00,2.00,0.00,0.00,4.00,8.00,2500.00,0.00,1988.00,0.00,98052.00,47.69,-122.10,1900.00,8131.00
3524039202.00,20150420T000000,1065500.00,3.00,2.25,2950.00,7232.00,1.00,0.00,2.00,3.00,8.00,1520.00,1430.00,1983.00,0.00,98136.00,47.53,-122.38,2130.00,7140.00
59000201.00,20150505T000000,611206.00,1.00,1.00,1940.00,6300.00,1.00,0.00,3.00,3.00,8.00,1940.00,0.00,1963.00,0.00,98116.00,47.58,-122.40,2560.00,6300.00
1782000085.00,20140915T000000,350000.00,2.00,1.00,1280.00,5250.00,1.00,0.00,0.00,4.00,7.00,1140.00,140.00,1942.00,0.00,98126.00,47.53,-122.38,1050.00,5250.00
3121500150.00,20150423T000000,894000.00,4.00,2.50,3800.00,22029.00,2.00,0.00,0.00,3.00,9.00,3800.00,0.00,1993.00,0.00,98053.00,47.67,-122.03,3170.00,24979.00
5207200360.00,20140903T000000,420000.00,2.00,1.00,930.00,5368.00,1.00,0.00,0.00,4.00,7.00,930.00,0.00,1953.00,0.00,98115.00,47.70,-122.28,1770.00,6000.00
2570500230.00,20140529T000000,400000.00,5.00,2.00,1930.00,9747.00,1.00,0.00,0.00,4.00,7.00,1020.00,910.00,1962.00,0.00,98028.00,47.77,-122.24,2040.00,9370.00
2481600110.00,20140525T000000,675000.00,3.00,3.00,2980.00,28000.00,1.00,0.00,0.00,3.00,10.00,1820.00,1160.00,1981.00,0.00,98052.00,47.73,-122.14,2570.00,28500.00
5104520150.00,20140520T000000,426000.00,4.00,2.50,2800.00,8494.00,2.00,0.00,0.00,3.00,8.00,2800.00,0.00,2004.00,0.00,98038.00,47.35,-122.01,3740.00,8494.00
7504110760.00,20140627T000000,750000.00,4.00,2.25,3190.00,11597.00,2.00,0.00,0.00,3.00,10.00,2300.00,890.00,1984.00,0.00,98074.00,47.63,-122.04,2990.00,10679.00
3649100276.00,20140609T000000,368000.00,3.00,1.75,1710.00,10800.00,1.00,0.00,0.00,4.00,7.00,1710.00,0.00,1958.00,0.00,98028.00,47.74,-122.24,1890.00,10800.00
4302700559.00,20150327T000000,342000.00,3.00,1.00,1980.00,6450.00,1.00,0.00,0.00,4.00,6.00,1120.00,860.00,1950.00,0.00,98106.00,47.53,-122.36,1180.00,5160.00
2883200961.00,20140605T000000,700000.00,3.00,1.75,1910.00,4800.00,1.00,0.00,0.00,3.00,7.00,1080.00,830.00,1959.00,0.00,98103.00,47.68,-122.33,1750.00,4800.00
2767601280.00,20140722T000000,848750.00,6.00,3.75,3160.00,5000.00,2.00,0.00,0.00,3.00,8.00,3160.00,0.00,1989.00,0.00,98107.00,47.67,-122.38,1740.00,5000.00
625049274.00,20150303T000000,720000.00,3.00,2.00,1590.00,5200.00,1.00,0.00,0.00,3.00,7.00,1320.00,270.00,1939.00,0.00,98103.00,47.69,-122.34,1620.00,5150.00
686400210.00,20140922T000000,525000.00,4.00,2.25,1890.00,8549.00,1.00,0.00,0.00,3.00,8.00,1890.00,0.00,1967.00,0.00,98008.00,47.63,-122.12,1940.00,7210.00
121059038.00,20150324T000000,397900.00,3.00,2.75,2500.00,35245.00,1.00,0.00,0.00,3.00,7.00,1580.00,920.00,2000.00,0.00,98042.00,47.34,-122.12,2060.00,153766.00
3649100264.00,20140815T000000,405000.00,3.00,2.00,1740.00,18000.00,1.00,0.00,0.00,3.00,7.00,1230.00,510.00,1989.00,0.00,98028.00,47.74,-122.24,1740.00,11250.00
6743700015.00,20150128T000000,392800.00,3.00,2.00,1080.00,11856.00,1.00,0.00,0.00,5.00,7.00,1080.00,0.00,1986.00,0.00,98033.00,47.70,-122.18,1220.00,9247.00
217500015.00,20150224T000000,394999.00,3.00,1.50,1730.00,7800.00,1.00,0.00,0.00,3.00,7.00,1330.00,400.00,1958.00,0.00,98133.00,47.74,-122.34,1780.00,8309.00
8691500410.00,20140619T000000,340000.00,3.00,2.50,2480.00,6112.00,2.00,0.00,0.00,3.00,7.00,2480.00,0.00,2004.00,0.00,98058.00,47.44,-122.11,3220.00,6727.00
9828702667.00,20140519T000000,482500.00,3.00,2.25,1450.00,1445.00,2.00,0.00,0.00,3.00,7.00,980.00,470.00,2005.00,0.00,98122.00,47.62,-122.30,1510.00,1370.00
2597531110.00,20140909T000000,812500.00,4.00,2.50,2750.00,10159.00,2.00,0.00,0.00,3.00,10.00,2750.00,0.00,1991.00,0.00,98006.00,47.54,-122.14,3160.00,10159.00
1126049095.00,20140926T000000,450000.00,3.00,2.50,2820.00,10208.00,1.00,0.00,1.00,4.00,8.00,1410.00,1410.00,1954.00,0.00,98028.00,47.76,-122.26,1540.00,10684.00
126049100.00,20141104T000000,398000.00,3.00,1.75,1830.00,27468.00,1.00,0.00,0.00,3.00,7.00,1830.00,0.00,1954.00,0.00,98028.00,47.78,-122.23,1860.00,10180.00
1724069060.00,20150507T000000,1075000.00,2.00,3.25,1550.00,1767.00,3.00,1.00,3.00,3.00,8.00,1550.00,0.00,2006.00,0.00,98075.00,47.57,-122.06,2710.00,3444.00
9530101385.00,20141014T000000,540000.00,2.00,2.00,1640.00,3021.00,1.00,0.00,2.00,3.00,7.00,840.00,800.00,1959.00,0.00,98107.00,47.67,-122.36,1780.00,4500.00
7243500015.00,20141003T000000,275000.00,4.00,2.00,1720.00,5472.00,1.00,0.00,0.00,3.00,6.00,860.00,860.00,1923.00,0.00,98118.00,47.53,-122.29,1720.00,5670.00
1498303700.00,20140822T000000,780000.00,5.00,2.00,2880.00,12000.00,2.00,0.00,0.00,3.00,8.00,2880.00,0.00,1921.00,0.00,98144.00,47.59,-122.30,1720.00,5000.00
3352400325.00,20140724T000000,225000.00,3.00,1.50,1220.00,8345.00,1.50,0.00,0.00,3.00,7.00,1220.00,0.00,1931.00,0.00,98178.00,47.50,-122.27,1880.00,10169.00
8021700495.00,20140722T000000,503045.00,3.00,3.00,1560.00,2250.00,2.00,0.00,0.00,3.00,9.00,1560.00,0.00,2009.00,0.00,98103.00,47.69,-122.33,1610.00,4500.00
9406500530.00,20140912T000000,249000.00,2.00,2.00,1090.00,1357.00,2.00,0.00,0.00,3.00,7.00,1090.00,0.00,1990.00,0.00,98028.00,47.75,-122.24,1078.00,1318.00
9468200100.00,20140710T000000,569950.00,4.00,1.00,1140.00,5940.00,1.00,0.00,2.00,3.00,7.00,1140.00,0.00,1916.00,0.00,98103.00,47.68,-122.35,1630.00,4000.00
3179100482.00,20150126T000000,450000.00,2.00,2.25,1040.00,1377.00,2.00,0.00,0.00,3.00,8.00,1040.00,0.00,2003.00,0.00,98105.00,47.67,-122.28,1264.00,1892.00
5035300650.00,20140603T000000,1099500.00,4.00,2.00,2580.00,6000.00,1.00,0.00,0.00,5.00,9.00,1300.00,1280.00,1950.00,0.00,98199.00,47.65,-122.41,2300.00,6200.00
6431000015.00,20140530T000000,700000.00,4.00,2.50,2310.00,3570.00,1.50,0.00,0.00,3.00,7.00,1490.00,820.00,1927.00,2014.00,98103.00,47.69,-122.35,1580.00,3060.00
5366200210.00,20140819T000000,454000.00,3.00,2.50,1590.00,4094.00,2.00,0.00,0.00,3.00,7.00,1590.00,0.00,1991.00,0.00,98122.00,47.61,-122.29,1940.00,3924.00
9512501450.00,20150429T000000,555000.00,3.00,1.75,1270.00,9170.00,1.00,0.00,0.00,3.00,7.00,1270.00,0.00,1969.00,0.00,98052.00,47.67,-122.15,1700.00,8500.00
8651411460.00,20150106T000000,214000.00,3.00,1.50,1240.00,5200.00,1.00,0.00,0.00,5.00,6.00,1240.00,0.00,1970.00,0.00,98042.00,47.37,-122.08,1060.00,5200.00
8078380230.00,20140808T000000,590000.00,3.00,2.50,2210.00,8622.00,2.00,0.00,0.00,3.00,8.00,2210.00,0.00,1988.00,0.00,98029.00,47.57,-122.02,2340.00,7192.00
1523069096.00,20140811T000000,459900.00,3.00,1.75,2340.00,51836.00,1.50,0.00,0.00,3.00,8.00,1510.00,830.00,1978.00,0.00,98027.00,47.48,-122.04,2060.00,77536.00
7893203480.00,20150512T000000,205000.00,3.00,1.50,1420.00,5000.00,1.00,0.00,0.00,3.00,7.00,920.00,500.00,1987.00,0.00,98198.00,47.42,-122.33,1400.00,7500.00
7795810110.00,20150512T000000,390000.00,3.00,1.75,1430.00,9857.00,1.00,0.00,2.00,4.00,7.00,1140.00,290.00,1980.00,0.00,98045.00,47.50,-121.77,1310.00,9880.00
191100410.00,20140620T000000,970500.00,3.00,2.75,2470.00,10125.00,2.00,0.00,0.00,3.00,8.00,2470.00,0.00,1960.00,2012.00,98040.00,47.57,-122.22,2290.00,10125.00
6151800330.00,20150421T000000,790000.00,3.00,2.50,2390.00,15084.00,2.00,0.00,0.00,3.00,8.00,2390.00,0.00,2000.00,0.00,98010.00,47.34,-122.05,1850.00,17494.00
1771100360.00,20140707T000000,320000.00,3.00,1.00,1120.00,10576.00,1.00,0.00,0.00,4.00,7.00,1120.00,0.00,1969.00,0.00,98077.00,47.76,-122.07,1300.00,10000.00
1556200265.00,20140723T000000,552500.00,3.00,2.25,2700.00,4025.00,2.00,0.00,0.00,4.00,8.00,1760.00,940.00,1907.00,0.00,98122.00,47.61,-122.29,1580.00,4025.00
6742700210.00,20141119T000000,1050000.00,3.00,3.00,3490.00,4500.00,2.50,0.00,0.00,3.00,9.00,3170.00,320.00,1924.00,0.00,98102.00,47.64,-122.32,2840.00,4050.00
1423800210.00,20140923T000000,230000.00,3.00,1.00,1640.00,7187.00,1.00,0.00,0.00,3.00,7.00,1640.00,0.00,1966.00,0.00,98058.00,47.46,-122.18,1340.00,8346.00
2125049131.00,20140729T000000,680000.00,3.00,1.75,1620.00,5500.00,1.00,0.00,0.00,3.00,7.00,1110.00,510.00,1950.00,0.00,98112.00,47.64,-122.31,2100.00,6500.00
5318101765.00,20140602T000000,985000.00,3.00,1.75,1670.00,5400.00,2.00,0.00,0.00,5.00,8.00,1670.00,0.00,1912.00,0.00,98112.00,47.64,-122.28,2100.00,5400.00
6624300110.00,20140623T000000,375000.00,4.00,2.50,1870.00,7471.00,2.00,0.00,0.00,3.00,8.00,1870.00,0.00,1990.00,0.00,98055.00,47.43,-122.20,2020.00,8912.00
5160700035.00,20150422T000000,431000.00,2.00,1.50,1300.00,4000.00,1.50,0.00,0.00,4.00,6.00,1300.00,0.00,1900.00,0.00,98144.00,47.59,-122.30,1480.00,4000.00
1472800220.00,20140909T000000,463000.00,3.00,2.50,2190.00,17108.00,2.00,0.00,0.00,3.00,8.00,2190.00,0.00,1991.00,0.00,98019.00,47.73,-121.96,2400.00,14040.00
3755000090.00,20141006T000000,350000.00,3.00,1.75,1320.00,10500.00,1.00,0.00,0.00,3.00,7.00,1320.00,0.00,1966.00,0.00,98034.00,47.73,-122.23,1310.00,10500.00
259601010.00,20150414T000000,485000.00,3.00,1.00,1250.00,7200.00,1.00,0.00,0.00,3.00,7.00,1250.00,0.00,1964.00,0.00,98008.00,47.63,-122.12,1430.00,7400.00
7939000090.00,20140929T000000,355000.00,4.00,1.75,2040.00,15000.00,1.00,0.00,0.00,4.00,7.00,1360.00,680.00,1967.00,0.00,98092.00,47.31,-122.19,2310.00,15000.00
2675600025.00,20150327T000000,603500.00,3.00,1.75,2140.00,7280.00,1.00,0.00,0.00,3.00,7.00,1070.00,1070.00,1910.00,0.00,98117.00,47.70,-122.38,2280.00,8400.00
5700000975.00,20140819T000000,860000.00,5.00,1.75,2510.00,6000.00,1.50,0.00,0.00,5.00,8.00,2010.00,500.00,1920.00,0.00,98144.00,47.58,-122.29,2240.00,5000.00
9407150360.00,20150306T000000,259875.00,5.00,2.50,2200.00,6250.00,2.00,0.00,0.00,3.00,7.00,2200.00,0.00,1996.00,0.00,98038.00,47.37,-122.02,1850.00,6091.00
8146300015.00,20140716T000000,685000.00,4.00,2.50,2170.00,8680.00,1.00,0.00,0.00,3.00,7.00,1220.00,950.00,1959.00,0.00,98004.00,47.61,-122.19,2010.00,8680.00
9406570300.00,20140930T000000,382500.00,4.00,2.50,2980.00,8786.00,2.00,0.00,0.00,3.00,8.00,2980.00,0.00,2003.00,0.00,98038.00,47.38,-122.03,2980.00,6718.00
7518500301.00,20150301T000000,490000.00,3.00,1.00,1180.00,2250.00,1.50,0.00,0.00,3.00,7.00,1180.00,0.00,1902.00,0.00,98117.00,47.68,-122.38,1320.00,5100.00
3739500096.00,20150126T000000,229000.00,3.00,2.00,1540.00,6000.00,1.00,0.00,0.00,4.00,6.00,1540.00,0.00,1953.00,0.00,98155.00,47.74,-122.31,1490.00,8213.00
3739500096.00,20150505T000000,430000.00,3.00,2.00,1540.00,6000.00,1.00,0.00,0.00,4.00,6.00,1540.00,0.00,1953.00,0.00,98155.00,47.74,-122.31,1490.00,8213.00
267020090.00,20140818T000000,580000.00,5.00,2.50,3110.00,15783.00,1.00,0.00,0.00,3.00,8.00,1720.00,1390.00,1974.00,0.00,98052.00,47.63,-122.10,2550.00,12220.00
534000195.00,20141113T000000,510000.00,3.00,1.75,1370.00,6700.00,1.00,0.00,0.00,3.00,8.00,1370.00,0.00,1940.00,2012.00,98117.00,47.70,-122.36,1180.00,6694.00
5469502700.00,20140508T000000,489990.00,5.00,2.25,2440.00,20828.00,1.50,0.00,0.00,4.00,8.00,2440.00,0.00,1975.00,0.00,98042.00,47.38,-122.16,2670.00,14472.00
7010700110.00,20140916T000000,440000.00,3.00,2.25,1760.00,1800.00,2.00,0.00,0.00,3.00,7.00,1330.00,430.00,1983.00,0.00,98199.00,47.66,-122.39,1150.00,4575.00
8106300090.00,20150428T000000,479950.00,3.00,2.50,2810.00,4984.00,1.00,0.00,0.00,3.00,9.00,1750.00,1060.00,2006.00,0.00,98055.00,47.45,-122.21,2810.00,5711.00
225069013.00,20140623T000000,806000.00,4.00,2.50,2500.00,206474.00,1.00,0.00,0.00,3.00,10.00,2500.00,0.00,1997.00,0.00,98053.00,47.68,-121.99,3680.00,208652.00
1685800100.00,20140624T000000,875000.00,4.00,2.50,3220.00,22588.00,2.00,0.00,0.00,3.00,10.00,3220.00,0.00,1996.00,0.00,98077.00,47.73,-122.06,3220.00,22922.00
293800870.00,20140911T000000,710800.00,3.00,2.50,2880.00,36820.00,2.00,0.00,0.00,3.00,10.00,2880.00,0.00,1992.00,0.00,98077.00,47.77,-122.04,3190.00,36820.00
7852190580.00,20150210T000000,565000.00,3.00,2.50,2700.00,6037.00,2.00,0.00,0.00,3.00,8.00,2700.00,0.00,2004.00,0.00,98065.00,47.54,-121.88,2740.00,6054.00
5636000210.00,20150223T000000,359999.00,5.00,3.00,2680.00,9624.00,2.00,0.00,0.00,3.00,7.00,1870.00,810.00,1995.00,0.00,98010.00,47.33,-122.01,1860.00,9921.00
1623301185.00,20150123T000000,625000.00,3.00,1.75,1780.00,4500.00,1.00,0.00,0.00,4.00,7.00,920.00,860.00,1922.00,0.00,98117.00,47.68,-122.36,1360.00,4000.00
3260810590.00,20140912T000000,349950.00,3.00,2.50,2240.00,7565.00,2.00,0.00,0.00,3.00,8.00,2240.00,0.00,1999.00,0.00,98003.00,47.35,-122.30,2190.00,8254.00
8589100090.00,20140617T000000,415000.00,4.00,2.00,1610.00,9600.00,1.00,0.00,0.00,5.00,7.00,1610.00,0.00,1967.00,0.00,98056.00,47.53,-122.19,1450.00,9600.00
7579200767.00,20141105T000000,435000.00,2.00,2.00,1440.00,1170.00,2.00,0.00,0.00,3.00,9.00,960.00,480.00,2004.00,0.00,98116.00,47.56,-122.39,1440.00,1350.00
623049273.00,20141121T000000,225000.00,3.00,1.75,1550.00,9060.00,2.00,0.00,0.00,3.00,7.00,1550.00,0.00,1948.00,1979.00,98146.00,47.51,-122.35,1080.00,7620.00
1186000035.00,20140512T000000,770000.00,3.00,1.75,1720.00,5000.00,1.00,0.00,0.00,3.00,9.00,1720.00,0.00,1954.00,2014.00,98122.00,47.62,-122.29,2120.00,4188.00
2228900191.00,20150106T000000,340000.00,3.00,1.75,1740.00,10800.00,1.00,0.00,0.00,3.00,7.00,1740.00,0.00,1959.00,0.00,98133.00,47.77,-122.35,1810.00,7735.00
2597450120.00,20150312T000000,965000.00,5.00,2.75,3280.00,12673.00,1.00,0.00,0.00,4.00,9.00,2050.00,1230.00,1981.00,0.00,98006.00,47.55,-122.15,3060.00,12847.00
3339400515.00,20150113T000000,667000.00,3.00,2.75,2216.00,31215.00,1.00,0.00,0.00,3.00,9.00,2216.00,0.00,1968.00,2005.00,98092.00,47.32,-122.20,2216.00,30048.00
1221000395.00,20140507T000000,250000.00,1.00,1.00,1100.00,4373.00,1.00,0.00,0.00,2.00,6.00,820.00,280.00,1947.00,0.00,98166.00,47.47,-122.34,1100.00,7500.00
1526300015.00,20140612T000000,397990.00,3.00,1.00,1180.00,11862.00,1.00,0.00,0.00,4.00,7.00,1180.00,0.00,1948.00,0.00,98177.00,47.72,-122.36,1540.00,8100.00
6163901772.00,20140918T000000,535000.00,3.00,1.75,2020.00,10031.00,1.00,0.00,0.00,5.00,7.00,1370.00,650.00,1952.00,0.00,98155.00,47.75,-122.32,1500.00,8456.00
1180007005.00,20140625T000000,265950.00,3.00,1.50,1150.00,8450.00,1.00,0.00,0.00,4.00,6.00,1150.00,0.00,1951.00,0.00,98178.00,47.49,-122.22,1160.00,6800.00
5420300210.00,20141007T000000,258000.00,3.00,1.75,2090.00,7461.00,1.00,0.00,0.00,3.00,6.00,1200.00,890.00,1986.00,0.00,98030.00,47.38,-122.18,1420.00,7462.00
476000331.00,20141202T000000,505500.00,3.00,2.50,1300.00,1187.00,3.00,0.00,0.00,3.00,8.00,1300.00,0.00,2005.00,0.00,98107.00,47.67,-122.39,1320.00,1194.00
2558700090.00,20140506T000000,455000.00,5.00,2.50,2240.00,7770.00,1.00,0.00,0.00,3.00,7.00,1340.00,900.00,1978.00,0.00,98034.00,47.72,-122.17,1820.00,7770.00
4151800410.00,20141031T000000,1348000.00,5.00,3.25,3540.00,5971.00,1.00,0.00,2.00,3.00,10.00,2000.00,1540.00,2005.00,0.00,98033.00,47.66,-122.20,2820.00,6029.00
3586501075.00,20150109T000000,600000.00,4.00,2.25,2840.00,31720.00,1.00,0.00,0.00,3.00,8.00,1780.00,1060.00,1958.00,0.00,98177.00,47.75,-122.38,2290.00,29577.00
4136870110.00,20150205T000000,329800.00,4.00,2.50,2080.00,7047.00,2.00,0.00,0.00,3.00,8.00,2080.00,0.00,1996.00,0.00,98092.00,47.26,-122.22,2580.00,7227.00
6623400090.00,20150421T000000,222000.00,2.00,1.00,1550.00,38449.00,1.00,0.00,0.00,3.00,6.00,1550.00,0.00,1947.00,0.00,98055.00,47.43,-122.20,1188.00,25875.00
1560800150.00,20150405T000000,450000.00,4.00,2.50,1900.00,9240.00,1.00,0.00,0.00,3.00,7.00,1900.00,0.00,1962.00,0.00,98007.00,47.62,-122.14,2040.00,8052.00
2770605548.00,20141218T000000,952000.00,3.00,3.50,2760.00,4500.00,2.00,0.00,0.00,3.00,9.00,2120.00,640.00,2004.00,0.00,98119.00,47.65,-122.37,1950.00,6000.00
2023700040.00,20140723T000000,625000.00,4.00,2.00,1410.00,4480.00,1.50,0.00,0.00,3.00,8.00,1410.00,0.00,1927.00,0.00,98109.00,47.64,-122.34,1240.00,3400.00
1164000040.00,20150312T000000,226800.00,2.00,1.00,1240.00,11393.00,1.00,0.00,0.00,4.00,7.00,1240.00,0.00,1960.00,0.00,98030.00,47.37,-122.21,1660.00,11393.00
7135520650.00,20141212T000000,1205000.00,5.00,4.25,4420.00,13497.00,2.00,0.00,0.00,3.00,11.00,3510.00,910.00,2000.00,0.00,98059.00,47.53,-122.14,4220.00,12015.00
3528400180.00,20141003T000000,350000.00,4.00,2.75,3390.00,16153.00,1.00,0.00,0.00,4.00,7.00,1970.00,1420.00,1961.00,0.00,98031.00,47.40,-122.18,2530.00,8495.00
7820000015.00,20150312T000000,395000.00,3.00,1.75,1400.00,8640.00,1.00,0.00,0.00,3.00,7.00,1400.00,0.00,1962.00,0.00,98011.00,47.77,-122.20,1630.00,8640.00
1105000229.00,20140919T000000,285000.00,5.00,3.00,2110.00,5260.00,2.00,0.00,0.00,3.00,7.00,1670.00,440.00,2002.00,0.00,98118.00,47.54,-122.27,2110.00,5260.00
3625059166.00,20150107T000000,553000.00,3.00,1.00,1310.00,18135.00,1.00,0.00,0.00,3.00,7.00,1310.00,0.00,1948.00,0.00,98008.00,47.61,-122.11,2150.00,18135.00
8108600442.00,20150505T000000,254000.00,3.00,1.00,1270.00,16800.00,1.00,0.00,0.00,4.00,7.00,1270.00,0.00,1957.00,0.00,98188.00,47.46,-122.28,1700.00,10200.00
8143600015.00,20140826T000000,348140.00,2.00,1.50,2060.00,10880.00,1.00,0.00,0.00,3.00,6.00,1190.00,870.00,1924.00,0.00,98106.00,47.52,-122.36,1430.00,8781.00
8731900790.00,20140626T000000,354950.00,4.00,2.75,2530.00,7350.00,1.00,0.00,0.00,5.00,8.00,1280.00,1250.00,1977.00,0.00,98023.00,47.31,-122.37,2280.00,7350.00
6079500230.00,20140612T000000,706000.00,3.00,2.75,1900.00,6400.00,1.00,0.00,0.00,5.00,7.00,1410.00,490.00,1942.00,0.00,98105.00,47.67,-122.28,1350.00,6400.00
7853302370.00,20140505T000000,499000.00,4.00,2.50,2910.00,6479.00,2.00,0.00,0.00,3.00,7.00,2910.00,0.00,2006.00,0.00,98065.00,47.54,-121.89,2320.00,5178.00
122069107.00,20141204T000000,427500.00,3.00,1.50,1900.00,43186.00,1.50,0.00,0.00,4.00,7.00,1300.00,600.00,1971.00,0.00,98038.00,47.42,-121.99,2080.00,108028.00
4204400175.00,20150217T000000,439000.00,5.00,3.50,2880.00,10000.00,2.00,0.00,3.00,3.00,8.00,1980.00,900.00,1991.00,0.00,98055.00,47.49,-122.22,2120.00,9535.00
2896310120.00,20141117T000000,545000.00,4.00,2.50,2820.00,25995.00,2.00,0.00,0.00,3.00,9.00,2820.00,0.00,1998.00,0.00,98010.00,47.34,-122.03,3330.00,27653.00
4083301380.00,20141017T000000,842000.00,3.00,1.00,1620.00,4774.00,1.50,0.00,0.00,3.00,7.00,1620.00,0.00,1920.00,0.00,98103.00,47.66,-122.34,1880.00,4560.00
1332000100.00,20141210T000000,685000.00,4.00,2.50,3320.00,38043.00,2.00,0.00,0.00,3.00,9.00,3320.00,0.00,1997.00,0.00,98053.00,47.65,-122.00,3170.00,42621.00
3622069122.00,20140903T000000,665000.00,4.00,3.50,3770.00,47480.00,2.00,0.00,0.00,3.00,9.00,3770.00,0.00,2003.00,0.00,98010.00,47.36,-121.99,3380.00,42689.00
6052401215.00,20140609T000000,255000.00,2.00,1.00,1200.00,9000.00,1.00,0.00,2.00,5.00,6.00,1200.00,0.00,1917.00,0.00,98198.00,47.40,-122.32,1660.00,9000.00
7010700245.00,20141231T000000,565000.00,5.00,2.25,2130.00,4360.00,1.00,0.00,2.00,3.00,8.00,1240.00,890.00,1959.00,0.00,98199.00,47.66,-122.40,1830.00,5000.00
1311100490.00,20150225T000000,274000.00,5.00,1.75,1950.00,8720.00,1.00,0.00,0.00,3.00,7.00,1050.00,900.00,1962.00,0.00,98001.00,47.34,-122.29,1660.00,8030.00
9510900360.00,20140509T000000,260000.00,3.00,2.00,1920.00,8075.00,1.00,0.00,0.00,4.00,7.00,1510.00,410.00,1969.00,0.00,98023.00,47.31,-122.38,1920.00,7826.00
8679600150.00,20140507T000000,581000.00,4.00,2.00,2510.00,13695.00,1.00,0.00,0.00,4.00,7.00,1280.00,1230.00,1961.00,2001.00,98033.00,47.70,-122.17,1220.00,12500.00
7203600040.00,20140725T000000,625000.00,3.00,1.50,1990.00,5978.00,1.50,1.00,4.00,4.00,7.00,1990.00,0.00,1926.00,0.00,98198.00,47.34,-122.33,2100.00,6221.00
2212900180.00,20141229T000000,220000.00,3.00,1.00,1230.00,9720.00,1.00,0.00,0.00,5.00,7.00,1230.00,0.00,1969.00,0.00,98042.00,47.33,-122.14,1230.00,9720.00
2124079010.00,20141028T000000,765000.00,3.00,2.25,3190.00,324086.00,2.00,0.00,2.00,3.00,9.00,3190.00,0.00,1982.00,0.00,98024.00,47.55,-121.93,3190.00,217800.00
2424059052.00,20140710T000000,1325000.00,6.00,4.25,5720.00,10213.00,2.00,0.00,0.00,3.00,10.00,4170.00,1550.00,2004.00,0.00,98006.00,47.55,-122.12,4300.00,10224.00
6746700615.00,20150318T000000,700000.00,8.00,2.50,2280.00,3000.00,1.50,0.00,0.00,3.00,7.00,1210.00,1070.00,1911.00,0.00,98105.00,47.67,-122.32,1610.00,3000.00
3298300530.00,20140924T000000,351000.00,4.00,1.00,1550.00,7260.00,1.00,0.00,0.00,4.00,6.00,1550.00,0.00,1959.00,0.00,98008.00,47.62,-122.12,1210.00,7260.00
8929000360.00,20140805T000000,413565.00,3.00,2.50,1690.00,1613.00,2.00,0.00,0.00,3.00,8.00,1150.00,540.00,2014.00,0.00,98029.00,47.55,-122.00,1690.00,1619.00
2291400236.00,20140612T000000,363000.00,3.00,3.25,1651.00,1779.00,2.00,0.00,0.00,3.00,8.00,1341.00,310.00,2008.00,0.00,98133.00,47.71,-122.35,1650.00,2908.00
6445800120.00,20150404T000000,679000.00,4.00,1.75,2260.00,41236.00,1.00,0.00,0.00,4.00,8.00,1690.00,570.00,1962.00,0.00,98029.00,47.55,-122.03,3080.00,30240.00
8682261010.00,20140910T000000,473000.00,2.00,1.75,1510.00,4555.00,1.00,0.00,0.00,3.00,8.00,1510.00,0.00,2005.00,0.00,98053.00,47.71,-122.03,1640.00,4500.00
8045000180.00,20150421T000000,585888.00,3.00,2.00,1490.00,7431.00,1.00,0.00,0.00,4.00,7.00,1490.00,0.00,1966.00,0.00,98052.00,47.67,-122.16,1700.00,7725.00
9475700220.00,20140626T000000,405000.00,4.00,2.50,2220.00,4652.00,2.00,0.00,0.00,3.00,7.00,2220.00,0.00,2001.00,0.00,98059.00,47.49,-122.15,1840.00,4500.00
3222049055.00,20150116T000000,650000.00,3.00,1.75,2800.00,19386.00,1.00,1.00,4.00,3.00,8.00,1400.00,1400.00,1965.00,0.00,98198.00,47.36,-122.32,3270.00,31450.00
1222069133.00,20150224T000000,415000.00,4.00,2.50,2210.00,213008.00,1.00,0.00,0.00,4.00,7.00,1210.00,1000.00,1975.00,0.00,98038.00,47.40,-121.98,2270.00,52707.00
9165100230.00,20141222T000000,575000.00,3.00,2.00,2150.00,3880.00,1.00,0.00,0.00,3.00,8.00,1080.00,1070.00,1951.00,0.00,98117.00,47.68,-122.39,2130.00,4000.00
8091411120.00,20140717T000000,220000.00,3.00,2.25,1400.00,7205.00,1.00,0.00,0.00,3.00,7.00,1140.00,260.00,1985.00,0.00,98030.00,47.35,-122.17,1970.00,7252.00
1777600230.00,20140506T000000,610000.00,4.00,3.00,2450.00,10117.00,1.00,0.00,0.00,5.00,8.00,1580.00,870.00,1967.00,0.00,98006.00,47.57,-122.13,2530.00,10125.00
5101400862.00,20140512T000000,499950.00,3.00,1.00,980.00,6380.00,1.00,0.00,0.00,3.00,7.00,760.00,220.00,1941.00,0.00,98115.00,47.69,-122.31,1390.00,6380.00
5317100325.00,20150303T000000,883000.00,4.00,2.50,2800.00,6874.00,2.00,0.00,0.00,3.00,9.00,2170.00,630.00,1990.00,0.00,98112.00,47.62,-122.29,1430.00,6240.00
9324800455.00,20141023T000000,436000.00,2.00,1.00,1240.00,8100.00,1.50,0.00,2.00,3.00,7.00,1240.00,0.00,1925.00,0.00,98125.00,47.73,-122.29,2790.00,8100.00
880000208.00,20141213T000000,320000.00,3.00,2.50,1610.00,1356.00,2.00,0.00,0.00,3.00,8.00,1240.00,370.00,2007.00,0.00,98106.00,47.53,-122.36,1270.00,1314.00
1223089081.00,20140530T000000,425000.00,3.00,1.75,1510.00,44000.00,1.00,0.00,0.00,3.00,7.00,1240.00,270.00,1989.00,0.00,98045.00,47.49,-121.72,2290.00,36242.00
5556800150.00,20140515T000000,204700.00,4.00,2.00,1670.00,9987.00,1.00,0.00,0.00,3.00,7.00,1670.00,0.00,1967.00,0.00,98001.00,47.34,-122.28,1640.00,7280.00
4174600331.00,20140717T000000,384000.00,6.00,3.00,2320.00,4502.00,1.00,0.00,0.00,4.00,7.00,1200.00,1120.00,1987.00,0.00,98108.00,47.56,-122.30,1160.00,5628.00
5419801120.00,20150113T000000,314000.00,3.00,2.75,1900.00,8200.00,2.00,0.00,0.00,4.00,7.00,1900.00,0.00,1984.00,0.00,98031.00,47.40,-122.18,1620.00,8200.00
3649100674.00,20150430T000000,535000.00,3.00,2.50,2390.00,6263.00,2.00,0.00,0.00,3.00,9.00,2390.00,0.00,2003.00,0.00,98028.00,47.74,-122.25,2390.00,11761.00
1525069058.00,20140626T000000,568000.00,4.00,1.75,2110.00,265716.00,1.00,0.00,0.00,4.00,8.00,2110.00,0.00,1979.00,0.00,98053.00,47.66,-122.03,2110.00,110597.00
7202000220.00,20150501T000000,426000.00,4.00,1.50,1470.00,5850.00,1.00,0.00,0.00,4.00,7.00,810.00,660.00,1973.00,0.00,98052.00,47.70,-122.13,1290.00,7300.00
7129301001.00,20141209T000000,675000.00,4.00,2.75,2670.00,6780.00,2.00,0.00,3.00,5.00,8.00,1630.00,1040.00,1908.00,0.00,98118.00,47.51,-122.26,2400.00,5989.00
8860500150.00,20140613T000000,380000.00,4.00,2.50,2540.00,6365.00,2.00,0.00,0.00,3.00,8.00,1870.00,670.00,2000.00,0.00,98055.00,47.46,-122.22,2290.00,5942.00
7384500110.00,20140723T000000,685000.00,3.00,2.50,3450.00,8000.00,3.00,0.00,0.00,4.00,8.00,2970.00,480.00,1927.00,1975.00,98116.00,47.56,-122.40,1880.00,6135.00
622069123.00,20140819T000000,429000.00,3.00,2.00,1700.00,52826.00,1.00,0.00,0.00,3.00,7.00,1700.00,0.00,1991.00,0.00,98058.00,47.42,-122.09,2480.00,114728.00
164000361.00,20150421T000000,799000.00,4.00,1.50,1810.00,6583.00,1.00,0.00,0.00,3.00,7.00,1500.00,310.00,1968.00,0.00,98133.00,47.73,-122.35,860.00,8670.00
3438500790.00,20140920T000000,318500.00,5.00,1.75,1550.00,6986.00,1.00,0.00,0.00,3.00,7.00,1030.00,520.00,1978.00,0.00,98106.00,47.55,-122.36,1550.00,6986.00
2024059110.00,20150420T000000,925000.00,3.00,3.25,4110.00,20900.00,2.00,0.00,0.00,3.00,9.00,2630.00,1480.00,2002.00,0.00,98006.00,47.55,-122.19,2640.00,14700.00
7338400945.00,20150224T000000,420000.00,3.00,1.50,2080.00,5000.00,1.00,0.00,0.00,3.00,7.00,1300.00,780.00,1963.00,0.00,98118.00,47.53,-122.29,1860.00,5000.00
809003160.00,20141218T000000,570000.00,2.00,1.00,1100.00,4000.00,1.00,0.00,0.00,3.00,7.00,1100.00,0.00,1906.00,0.00,98109.00,47.64,-122.35,1590.00,4000.00
8650700090.00,20140813T000000,1052500.00,4.00,2.75,3950.00,12840.00,2.00,0.00,0.00,5.00,8.00,3950.00,0.00,1960.00,0.00,98040.00,47.55,-122.22,2350.00,12507.00
8151600663.00,20140917T000000,333000.00,3.00,1.00,1250.00,8450.00,1.00,0.00,0.00,4.00,7.00,1250.00,0.00,1954.00,0.00,98146.00,47.50,-122.36,1350.00,9300.00
7352200100.00,20150224T000000,1360000.00,2.00,1.75,2620.00,14138.00,2.00,1.00,4.00,3.00,8.00,2120.00,500.00,1931.00,1991.00,98125.00,47.71,-122.28,1830.00,8279.00
1952200220.00,20140603T000000,660000.00,3.00,2.50,2290.00,2798.00,3.00,0.00,0.00,4.00,9.00,2290.00,0.00,1953.00,1983.00,98102.00,47.64,-122.32,2260.00,5000.00
1568100300.00,20140917T000000,350000.00,6.00,4.50,3500.00,8504.00,2.00,0.00,0.00,3.00,7.00,3500.00,0.00,1980.00,0.00,98155.00,47.74,-122.30,1550.00,8460.00
1568100300.00,20150121T000000,682500.00,6.00,4.50,3500.00,8504.00,2.00,0.00,0.00,3.00,7.00,3500.00,0.00,1980.00,0.00,98155.00,47.74,-122.30,1550.00,8460.00
2113700485.00,20141210T000000,399990.00,5.00,2.75,1690.00,4000.00,1.00,0.00,0.00,5.00,7.00,970.00,720.00,1943.00,0.00,98106.00,47.53,-122.35,1240.00,4000.00
1454600156.00,20140625T000000,860000.00,5.00,3.25,4500.00,9648.00,2.00,0.00,4.00,4.00,8.00,3000.00,1500.00,1968.00,0.00,98125.00,47.73,-122.28,2780.00,21132.00
4204400201.00,20141021T000000,216180.00,2.00,1.00,1120.00,7797.00,1.00,0.00,0.00,3.00,6.00,1120.00,0.00,1948.00,0.00,98055.00,47.49,-122.22,2180.00,7200.00
8856890330.00,20140915T000000,300000.00,4.00,2.25,1740.00,9613.00,2.00,0.00,0.00,5.00,8.00,1740.00,0.00,1989.00,0.00,98058.00,47.46,-122.13,1680.00,9769.00
1922059278.00,20141014T000000,145000.00,3.00,1.00,1010.00,11880.00,1.00,0.00,0.00,3.00,7.00,1010.00,0.00,1960.00,0.00,98030.00,47.38,-122.22,1150.00,9435.00
1922059278.00,20150305T000000,255000.00,3.00,1.00,1010.00,11880.00,1.00,0.00,0.00,3.00,7.00,1010.00,0.00,1960.00,0.00,98030.00,47.38,-122.22,1150.00,9435.00
6623400356.00,20140702T000000,250000.00,3.00,1.75,1200.00,24805.00,1.00,0.00,0.00,3.00,6.00,1200.00,0.00,1984.00,0.00,98031.00,47.42,-122.20,2150.00,4339.00
9407111250.00,20141029T000000,245000.00,3.00,1.00,1020.00,8625.00,1.00,0.00,0.00,3.00,7.00,1020.00,0.00,1978.00,0.00,98045.00,47.45,-121.77,1290.00,9440.00
5422570760.00,20141014T000000,445000.00,3.00,1.75,1850.00,7056.00,2.50,0.00,0.00,4.00,8.00,1850.00,0.00,1979.00,0.00,98052.00,47.66,-122.13,1970.00,7056.00
4036800910.00,20140514T000000,562000.00,3.00,1.50,1830.00,8000.00,1.00,0.00,0.00,4.00,7.00,1830.00,0.00,1957.00,0.00,98008.00,47.60,-122.12,1310.00,7500.00
259600530.00,20140505T000000,501000.00,4.00,1.00,2070.00,7519.00,1.00,0.00,0.00,3.00,7.00,1160.00,910.00,1963.00,0.00,98008.00,47.63,-122.12,1730.00,7519.00
6303400981.00,20150113T000000,190000.00,3.00,1.75,1160.00,5850.00,1.00,0.00,0.00,4.00,6.00,1160.00,0.00,1918.00,0.00,98146.00,47.51,-122.36,1110.00,8382.00
7701990300.00,20140516T000000,862500.00,4.00,2.75,3280.00,24440.00,2.00,0.00,0.00,3.00,10.00,3280.00,0.00,1996.00,0.00,98077.00,47.71,-122.07,3490.00,25138.00
5700002510.00,20140611T000000,1085000.00,5.00,2.50,2340.00,6000.00,2.00,0.00,0.00,4.00,10.00,2340.00,0.00,1922.00,0.00,98144.00,47.58,-122.29,2350.00,6000.00
2011400230.00,20140626T000000,575000.00,5.00,3.00,3690.00,49709.00,1.00,0.00,2.00,3.00,9.00,2690.00,1000.00,1960.00,0.00,98198.00,47.39,-122.32,2590.00,8691.00
1921069059.00,20141230T000000,250000.00,1.00,1.00,720.00,123710.00,1.00,0.00,0.00,4.00,6.00,720.00,0.00,1935.00,0.00,98092.00,47.29,-122.08,1860.00,297514.00
1471700410.00,20150506T000000,310000.00,7.00,1.50,2660.00,15111.00,1.50,0.00,0.00,4.00,7.00,2660.00,0.00,1962.00,0.00,98059.00,47.46,-122.07,1710.00,15429.00
2102700025.00,20141009T000000,1400000.00,5.00,3.25,4300.00,9270.00,2.00,0.00,3.00,3.00,10.00,2910.00,1390.00,1957.00,2009.00,98116.00,47.57,-122.41,2780.00,6610.00
4222300040.00,20141216T000000,284850.00,3.00,1.50,1590.00,8256.00,1.00,0.00,1.00,3.00,7.00,1090.00,500.00,1969.00,0.00,98003.00,47.35,-122.30,1950.00,7840.00
3649100676.00,20150219T000000,570000.00,4.00,2.50,2590.00,7910.00,2.00,0.00,0.00,3.00,9.00,2590.00,0.00,2003.00,0.00,98028.00,47.74,-122.25,2110.00,11761.00
372000040.00,20141003T000000,304000.00,3.00,1.75,1720.00,6000.00,1.00,0.00,2.00,3.00,7.00,1000.00,720.00,1954.00,0.00,98178.00,47.50,-122.22,1690.00,6000.00
7312200040.00,20141216T000000,560000.00,4.00,2.50,1790.00,9787.00,1.00,0.00,2.00,4.00,8.00,1240.00,550.00,1983.00,0.00,98056.00,47.53,-122.19,1790.00,9787.00
6052400975.00,20140826T000000,325000.00,3.00,1.00,1590.00,8160.00,1.00,0.00,1.00,3.00,7.00,1090.00,500.00,1954.00,0.00,98198.00,47.40,-122.32,1540.00,10500.00
826000495.00,20150206T000000,557510.00,4.00,2.00,1580.00,4800.00,1.50,0.00,2.00,3.00,7.00,1580.00,0.00,1912.00,0.00,98136.00,47.55,-122.38,1580.00,4800.00
8731900880.00,20150420T000000,305000.00,4.00,2.25,2580.00,8820.00,1.00,0.00,0.00,4.00,9.00,1620.00,960.00,1967.00,0.00,98023.00,47.31,-122.38,2140.00,8400.00
1523059100.00,20140902T000000,320000.00,5.00,1.00,1740.00,27350.00,1.00,0.00,0.00,4.00,5.00,1740.00,0.00,1958.00,0.00,98059.00,47.48,-122.15,2760.00,10749.00
2597550090.00,20140905T000000,455000.00,5.00,2.25,3470.00,28212.00,1.50,0.00,0.00,4.00,8.00,2790.00,680.00,1978.00,0.00,98042.00,47.33,-122.11,2020.00,28177.00
3581000210.00,20140904T000000,383001.00,3.00,1.00,1180.00,7210.00,1.00,0.00,0.00,4.00,7.00,1180.00,0.00,1963.00,0.00,98034.00,47.73,-122.24,1700.00,7210.00
4048400191.00,20140605T000000,545000.00,3.00,1.75,1700.00,51649.00,1.50,0.00,0.00,5.00,6.00,1700.00,0.00,1931.00,0.00,98059.00,47.47,-122.08,1100.00,39504.00
7578200025.00,20150408T000000,487500.00,2.00,1.00,1190.00,5000.00,1.00,0.00,0.00,3.00,7.00,1190.00,0.00,1925.00,0.00,98116.00,47.57,-122.38,1600.00,5000.00
2379300330.00,20140702T000000,345000.00,5.00,2.50,2450.00,6994.00,2.00,0.00,0.00,3.00,8.00,2450.00,0.00,2002.00,0.00,98030.00,47.36,-122.19,1940.00,6035.00
8917100180.00,20140604T000000,583000.00,6.00,2.75,2630.00,16411.00,1.00,0.00,0.00,4.00,8.00,1650.00,980.00,1974.00,0.00,98052.00,47.63,-122.09,2250.00,12255.00
3395300180.00,20140812T000000,534950.00,3.00,2.25,2130.00,12286.00,2.00,0.00,0.00,3.00,8.00,2130.00,0.00,1977.00,0.00,98052.00,47.65,-122.11,2130.00,10158.00
369000690.00,20140812T000000,403504.00,4.00,1.00,1060.00,5750.00,1.00,0.00,0.00,3.00,6.00,950.00,110.00,1904.00,0.00,98199.00,47.66,-122.39,1790.00,5857.00
7977200720.00,20150427T000000,500000.00,3.00,1.75,1480.00,6120.00,1.50,0.00,0.00,3.00,7.00,1480.00,0.00,1946.00,0.00,98115.00,47.69,-122.30,1480.00,6120.00
2322069175.00,20150224T000000,319502.00,3.00,1.75,1610.00,38707.00,1.00,0.00,0.00,3.00,7.00,1610.00,0.00,1990.00,0.00,98010.00,47.38,-122.00,1930.00,45151.00
2324039100.00,20141112T000000,525000.00,4.00,2.75,2440.00,5080.00,2.00,0.00,0.00,3.00,8.00,1750.00,690.00,1960.00,0.00,98126.00,47.55,-122.38,1920.00,6375.00
5631500866.00,20140506T000000,563000.00,4.00,3.00,3100.00,15480.00,2.00,0.00,0.00,3.00,8.00,2400.00,700.00,1996.00,0.00,98028.00,47.75,-122.24,2000.00,42500.00
2877101745.00,20140804T000000,898500.00,4.00,2.75,2890.00,5000.00,1.50,0.00,0.00,3.00,8.00,1990.00,900.00,1911.00,2014.00,98117.00,47.68,-122.36,1080.00,3750.00
721069087.00,20140507T000000,651000.00,3.00,2.50,3240.00,108366.00,2.00,0.00,0.00,4.00,10.00,3240.00,0.00,1991.00,0.00,98042.00,47.33,-122.09,2090.00,108366.00
7934000145.00,20141201T000000,450000.00,4.00,2.75,2900.00,6400.00,2.00,0.00,0.00,3.00,7.00,2040.00,860.00,1911.00,1970.00,98136.00,47.56,-122.39,1340.00,6144.00
6072760360.00,20150321T000000,665000.00,4.00,2.25,2650.00,8149.00,1.00,0.00,0.00,4.00,8.00,1610.00,1040.00,1975.00,0.00,98006.00,47.56,-122.18,2290.00,8019.00
6021501635.00,20141102T000000,825000.00,4.00,2.50,2560.00,4000.00,2.00,0.00,0.00,5.00,8.00,1610.00,950.00,1929.00,0.00,98117.00,47.69,-122.39,1760.00,4000.00
1821059067.00,20140625T000000,200000.00,3.00,1.00,1150.00,4800.00,1.50,0.00,0.00,4.00,6.00,1150.00,0.00,1938.00,0.00,98002.00,47.31,-122.21,1310.00,9510.00
3295750610.00,20140904T000000,295000.00,3.00,2.00,1760.00,6092.00,1.00,0.00,0.00,3.00,7.00,1760.00,0.00,1998.00,0.00,98030.00,47.38,-122.18,2590.00,6255.00
2926059146.00,20141215T000000,748000.00,4.00,2.50,3220.00,8379.00,2.00,0.00,0.00,3.00,10.00,3220.00,0.00,2004.00,0.00,98034.00,47.70,-122.19,2720.00,7635.00
9429500146.00,20140714T000000,580000.00,3.00,2.50,3200.00,18750.00,1.00,0.00,0.00,2.00,9.00,2660.00,540.00,1967.00,1996.00,98027.00,47.57,-122.12,3200.00,22475.00
7893207490.00,20150212T000000,275000.00,3.00,1.00,1250.00,10744.00,1.00,0.00,0.00,3.00,6.00,1250.00,0.00,1942.00,0.00,98198.00,47.42,-122.33,1500.00,10710.00
8945300110.00,20150326T000000,196000.00,3.00,1.00,1000.00,8470.00,1.00,0.00,0.00,4.00,6.00,1000.00,0.00,1963.00,0.00,98023.00,47.31,-122.37,1020.00,8470.00
8151600610.00,20140522T000000,235750.00,2.00,1.00,740.00,11250.00,1.00,0.00,0.00,2.00,6.00,740.00,0.00,1938.00,0.00,98146.00,47.50,-122.36,1390.00,11250.00
2923049399.00,20150323T000000,315000.00,3.00,2.25,2170.00,8480.00,1.00,0.00,0.00,3.00,8.00,2170.00,0.00,1965.00,0.00,98148.00,47.46,-122.33,2080.00,8452.00
3260810110.00,20140825T000000,338000.00,4.00,2.50,2370.00,10631.00,2.00,0.00,0.00,3.00,8.00,2370.00,0.00,1999.00,0.00,98003.00,47.35,-122.30,2200.00,8297.00
5104530770.00,20150121T000000,353000.00,4.00,2.50,2300.00,4249.00,2.00,0.00,0.00,3.00,8.00,2300.00,0.00,2006.00,0.00,98038.00,47.35,-122.00,2390.00,4385.00
8661000033.00,20140627T000000,235000.00,3.00,1.75,1400.00,6300.00,1.00,0.00,0.00,3.00,7.00,1400.00,0.00,1998.00,0.00,98022.00,47.21,-122.00,1400.00,8490.00
4017050820.00,20150320T000000,569999.00,3.00,2.50,3080.00,13880.00,2.00,0.00,0.00,3.00,9.00,3080.00,0.00,1990.00,0.00,98038.00,47.37,-122.03,2780.00,15318.00
226039279.00,20140918T000000,505000.00,4.00,2.25,2350.00,12540.00,2.00,0.00,0.00,3.00,8.00,2350.00,0.00,1968.00,0.00,98177.00,47.77,-122.38,2090.00,7964.00
1338800785.00,20150306T000000,1234000.00,4.00,3.00,2660.00,4600.00,1.50,0.00,0.00,3.00,8.00,1820.00,840.00,1906.00,2002.00,98112.00,47.63,-122.31,2350.00,4600.00
2921049079.00,20140514T000000,299000.00,2.00,1.75,1250.00,34395.00,1.00,0.00,0.00,4.00,7.00,1250.00,0.00,1950.00,0.00,98003.00,47.28,-122.32,1910.00,26042.00
5113260040.00,20141016T000000,240000.00,3.00,2.00,1100.00,6360.00,1.00,0.00,0.00,3.00,7.00,1100.00,0.00,1991.00,0.00,98038.00,47.39,-122.05,1620.00,6360.00
3124059023.00,20150213T000000,1955000.00,3.00,1.75,3330.00,12566.00,1.00,1.00,4.00,4.00,8.00,1940.00,1390.00,1960.00,0.00,98040.00,47.53,-122.22,3730.00,16560.00
5351200265.00,20140911T000000,1265000.00,4.00,3.25,3640.00,3604.00,2.00,0.00,2.00,5.00,9.00,1960.00,1680.00,1913.00,0.00,98122.00,47.61,-122.28,1940.00,4600.00
2591010150.00,20150414T000000,405000.00,2.00,1.75,1350.00,2653.00,2.00,0.00,0.00,3.00,7.00,1350.00,0.00,1986.00,0.00,98033.00,47.69,-122.18,1370.00,4115.00
6163900821.00,20140624T000000,304000.00,4.00,2.00,1310.00,8454.00,1.00,0.00,0.00,4.00,7.00,1310.00,0.00,1953.00,0.00,98155.00,47.76,-122.32,1320.00,8274.00
2310060230.00,20141010T000000,272000.00,4.00,2.25,1800.00,5555.00,2.00,0.00,0.00,3.00,7.00,1800.00,0.00,2003.00,0.00,98038.00,47.35,-122.05,1810.00,5669.00
4449800315.00,20140620T000000,412000.00,2.00,1.00,1260.00,3960.00,1.00,0.00,0.00,3.00,6.00,690.00,570.00,1925.00,0.00,98117.00,47.69,-122.39,1250.00,3960.00
3299600120.00,20140718T000000,698000.00,4.00,2.50,2990.00,7231.00,2.00,0.00,0.00,3.00,9.00,2990.00,0.00,2001.00,0.00,98075.00,47.56,-122.03,3160.00,8339.00
2490200615.00,20140609T000000,400000.00,2.00,1.00,1140.00,5100.00,1.00,0.00,0.00,3.00,7.00,1140.00,0.00,1942.00,0.00,98136.00,47.53,-122.38,1230.00,5100.00
1565950230.00,20141120T000000,305000.00,3.00,2.50,2100.00,6825.00,2.00,0.00,0.00,3.00,8.00,2100.00,0.00,1994.00,0.00,98055.00,47.43,-122.19,2180.00,7614.00
6402700110.00,20140910T000000,585000.00,4.00,2.00,2400.00,12753.00,1.00,0.00,0.00,4.00,7.00,2400.00,0.00,1962.00,0.00,98033.00,47.69,-122.18,1830.00,12060.00
5029450100.00,20140812T000000,190000.00,2.00,1.50,1400.00,9031.00,1.00,0.00,0.00,3.00,7.00,960.00,440.00,1982.00,0.00,98023.00,47.29,-122.37,1450.00,7658.00
7525530590.00,20140720T000000,760000.00,4.00,2.50,2990.00,12788.00,2.00,0.00,0.00,3.00,10.00,2990.00,0.00,1988.00,0.00,98075.00,47.56,-122.04,3250.00,12212.00
226059103.00,20140527T000000,570000.00,3.00,1.75,1930.00,36210.00,1.00,0.00,0.00,3.00,8.00,1930.00,0.00,1977.00,0.00,98072.00,47.77,-122.13,1930.00,35060.00
6197200021.00,20141106T000000,144000.00,3.00,1.00,980.00,6800.00,1.00,0.00,0.00,3.00,6.00,980.00,0.00,1946.00,0.00,98058.00,47.44,-122.19,1140.00,9975.00
7227500910.00,20140624T000000,139000.00,2.00,1.00,690.00,5280.00,1.00,0.00,0.00,4.00,5.00,690.00,0.00,1942.00,0.00,98056.00,47.50,-122.19,1140.00,4860.00
5100402644.00,20141119T000000,525000.00,4.00,1.50,1430.00,6380.00,1.50,0.00,0.00,4.00,7.00,1130.00,300.00,1945.00,0.00,98115.00,47.69,-122.32,1570.00,6380.00
748000205.00,20140716T000000,293000.00,1.00,1.00,1110.00,5421.00,1.00,0.00,0.00,3.00,6.00,1110.00,0.00,1935.00,0.00,98177.00,47.73,-122.36,1230.00,8100.00
7899800476.00,20150427T000000,267100.00,2.00,2.50,1250.00,1580.00,2.00,0.00,0.00,3.00,7.00,1030.00,220.00,2005.00,0.00,98106.00,47.52,-122.36,1250.00,1361.00
3885804390.00,20150421T000000,1500000.00,4.00,3.25,3470.00,5222.00,2.00,0.00,0.00,3.00,10.00,2830.00,640.00,2005.00,0.00,98033.00,47.68,-122.21,3090.00,6758.00
1796370150.00,20141028T000000,240000.00,3.00,2.25,1500.00,15334.00,2.00,0.00,0.00,4.00,7.00,1500.00,0.00,1992.00,0.00,98042.00,47.37,-122.09,1530.00,8102.00
7935000625.00,20150409T000000,975000.00,3.00,2.50,2530.00,7000.00,2.50,0.00,4.00,3.00,9.00,2530.00,0.00,1915.00,1999.00,98136.00,47.55,-122.40,2380.00,7000.00
1761300100.00,20140618T000000,279950.00,5.00,1.75,2150.00,7171.00,1.00,0.00,0.00,4.00,7.00,1460.00,690.00,1970.00,0.00,98031.00,47.40,-122.18,1710.00,7300.00
1112700150.00,20150127T000000,405000.00,3.00,1.75,1260.00,7373.00,1.00,0.00,0.00,4.00,7.00,1260.00,0.00,1979.00,0.00,98034.00,47.73,-122.23,1360.00,7373.00
2622049052.00,20140516T000000,400000.00,3.00,2.50,2740.00,83199.00,2.00,0.00,4.00,3.00,9.00,2740.00,0.00,1973.00,0.00,98032.00,47.36,-122.27,2500.00,29269.00
423000035.00,20141124T000000,225000.00,3.00,1.00,960.00,6500.00,1.00,0.00,0.00,4.00,5.00,960.00,0.00,1954.00,0.00,98056.00,47.50,-122.17,1150.00,6500.00
1555300490.00,20141229T000000,250000.00,3.00,1.00,1520.00,7800.00,1.00,0.00,0.00,4.00,7.00,1120.00,400.00,1967.00,0.00,98032.00,47.38,-122.29,1740.00,8000.00
6802210450.00,20150331T000000,272950.00,3.00,2.25,1570.00,9096.00,1.00,0.00,0.00,4.00,7.00,1180.00,390.00,1991.00,0.00,98022.00,47.19,-121.99,1570.00,8418.00
7853310150.00,20140722T000000,625000.00,5.00,1.00,3240.00,5324.00,2.00,0.00,0.00,3.00,9.00,3240.00,0.00,2007.00,0.00,98065.00,47.52,-121.88,3240.00,6036.00
4086300065.00,20140718T000000,670000.00,3.00,1.75,1280.00,2147.00,1.50,0.00,0.00,4.00,7.00,1280.00,0.00,1910.00,0.00,98102.00,47.64,-122.32,2010.00,2640.00
809003085.00,20150401T000000,1065000.00,3.00,2.50,2130.00,3545.00,3.00,0.00,0.00,5.00,9.00,2130.00,0.00,1990.00,0.00,98109.00,47.64,-122.35,1970.00,3464.00
259100110.00,20140618T000000,540000.00,3.00,1.75,1970.00,8200.00,1.00,0.00,0.00,5.00,8.00,1420.00,550.00,1963.00,0.00,98177.00,47.76,-122.36,2140.00,8000.00
2316800100.00,20141105T000000,525000.00,3.00,2.50,2990.00,6725.00,2.00,0.00,0.00,3.00,9.00,2990.00,0.00,2003.00,0.00,98059.00,47.49,-122.14,2790.00,6725.00
6414600051.00,20150303T000000,425000.00,2.00,1.00,1160.00,17700.00,1.00,0.00,0.00,3.00,7.00,1160.00,0.00,1947.00,0.00,98133.00,47.72,-122.33,1440.00,9000.00
1704900206.00,20140602T000000,465500.00,3.00,1.75,1890.00,7004.00,1.00,0.00,0.00,3.00,7.00,1290.00,600.00,1965.00,0.00,98118.00,47.56,-122.28,1440.00,5378.00
7853301240.00,20140717T000000,443500.00,3.00,2.50,2170.00,5866.00,2.00,0.00,0.00,3.00,7.00,2170.00,0.00,2006.00,0.00,98065.00,47.54,-121.89,2440.00,5798.00
3420069055.00,20141203T000000,350000.00,4.00,2.25,1570.00,499571.00,1.00,0.00,3.00,4.00,7.00,1570.00,0.00,1972.00,0.00,98022.00,47.18,-122.02,1700.00,181708.00
1726069198.00,20140918T000000,850000.00,3.00,2.50,3260.00,91911.00,2.00,0.00,0.00,4.00,9.00,3260.00,0.00,1984.00,0.00,98077.00,47.74,-122.07,2520.00,65775.00
4468400211.00,20150220T000000,205000.00,3.00,2.25,1250.00,952.00,3.00,0.00,0.00,3.00,8.00,1250.00,0.00,2008.00,0.00,98133.00,47.71,-122.33,1250.00,1030.00
1864900230.00,20140626T000000,315000.00,4.00,2.50,1940.00,10200.00,1.00,0.00,0.00,4.00,8.00,1140.00,800.00,1977.00,0.00,98042.00,47.42,-122.16,1920.00,12600.00
8079040490.00,20140623T000000,470000.00,3.00,2.50,2150.00,8221.00,2.00,0.00,0.00,3.00,8.00,2150.00,0.00,1992.00,0.00,98059.00,47.51,-122.15,2490.00,7951.00
7856400410.00,20140729T000000,1100000.00,4.00,2.25,3310.00,8540.00,1.00,0.00,4.00,4.00,9.00,1660.00,1650.00,1973.00,0.00,98006.00,47.56,-122.16,3450.00,9566.00
1825079018.00,20141120T000000,340000.00,3.00,1.75,3400.00,46382.00,1.00,0.00,0.00,3.00,7.00,2050.00,1350.00,1979.00,0.00,98053.00,47.65,-121.96,2320.00,20624.00
5151600120.00,20140618T000000,310000.00,4.00,2.50,2660.00,12672.00,1.00,0.00,0.00,4.00,8.00,1740.00,920.00,1960.00,0.00,98003.00,47.33,-122.32,2280.00,12477.00
4024101050.00,20140602T000000,305000.00,3.00,1.00,950.00,13475.00,1.00,0.00,0.00,3.00,7.00,950.00,0.00,1950.00,0.00,98155.00,47.75,-122.31,1240.00,8910.00
2854800090.00,20140710T000000,307150.00,3.00,1.50,1480.00,6752.00,1.00,0.00,0.00,4.00,7.00,1480.00,0.00,1959.00,0.00,98056.00,47.50,-122.18,1450.00,8023.00
1726600120.00,20140701T000000,729032.00,4.00,2.50,2840.00,12866.00,1.00,0.00,0.00,4.00,9.00,1780.00,1060.00,1977.00,0.00,98005.00,47.64,-122.17,2840.00,13209.00
627300195.00,20150303T000000,750000.00,5.00,2.50,3240.00,9960.00,1.00,0.00,1.00,3.00,8.00,2020.00,1220.00,1958.00,0.00,98008.00,47.59,-122.11,2730.00,10400.00
2140900100.00,20150203T000000,289000.00,4.00,2.50,1961.00,3207.00,2.00,0.00,0.00,3.00,7.00,1961.00,0.00,2006.00,0.00,98042.00,47.35,-122.16,1961.00,3401.00
446000150.00,20150415T000000,480000.00,3.00,1.00,1100.00,5700.00,1.00,0.00,0.00,3.00,7.00,1100.00,0.00,1950.00,0.00,98115.00,47.69,-122.28,1560.00,6588.00
7436500120.00,20150219T000000,529000.00,3.00,1.75,1500.00,7367.00,1.00,0.00,0.00,3.00,8.00,1500.00,0.00,1974.00,0.00,98033.00,47.67,-122.17,1920.00,7579.00
6917700195.00,20140728T000000,585000.00,3.00,1.75,1480.00,4800.00,2.00,0.00,0.00,4.00,7.00,1140.00,340.00,1944.00,0.00,98199.00,47.66,-122.40,1810.00,4800.00
4377000100.00,20140925T000000,704000.00,4.00,2.75,2510.00,12500.00,1.00,0.00,0.00,5.00,8.00,2050.00,460.00,1976.00,0.00,98052.00,47.63,-122.11,2200.00,12088.00
925049278.00,20150304T000000,607000.00,4.00,2.00,1490.00,4054.00,1.50,0.00,0.00,5.00,7.00,1490.00,0.00,1926.00,0.00,98115.00,47.67,-122.30,1510.00,3889.00
7558750120.00,20150310T000000,580000.00,3.00,2.25,2190.00,8188.00,2.00,0.00,0.00,3.00,8.00,1810.00,380.00,1978.00,0.00,98052.00,47.69,-122.11,2190.00,8374.00
7856610490.00,20140805T000000,875000.00,5.00,2.50,2530.00,8564.00,2.00,0.00,0.00,4.00,8.00,2530.00,0.00,1976.00,0.00,98006.00,47.56,-122.15,2480.00,8714.00
9346930100.00,20141015T000000,610000.00,4.00,2.50,2440.00,9350.00,1.00,0.00,0.00,4.00,8.00,1560.00,880.00,1976.00,0.00,98006.00,47.56,-122.13,2260.00,8500.00
114100763.00,20140728T000000,230000.00,3.00,0.75,1040.00,15000.00,1.00,0.00,0.00,3.00,6.00,1040.00,0.00,1941.00,0.00,98028.00,47.76,-122.23,1410.00,19000.00
7214700580.00,20140608T000000,510000.00,4.00,2.25,2450.00,62290.00,2.00,0.00,0.00,3.00,8.00,2450.00,0.00,1976.00,0.00,98077.00,47.76,-122.07,2450.00,41181.00
4237901075.00,20150305T000000,733000.00,4.00,2.50,2210.00,5002.00,1.00,0.00,0.00,3.00,7.00,1370.00,840.00,1977.00,0.00,98199.00,47.66,-122.40,1970.00,4920.00
302000375.00,20140814T000000,169100.00,3.00,2.00,1050.00,18304.00,1.00,0.00,0.00,4.00,7.00,1050.00,0.00,1953.00,0.00,98001.00,47.32,-122.27,1690.00,15675.00
302000375.00,20150506T000000,250000.00,3.00,2.00,1050.00,18304.00,1.00,0.00,0.00,4.00,7.00,1050.00,0.00,1953.00,0.00,98001.00,47.32,-122.27,1690.00,15675.00
6843300090.00,20141103T000000,500000.00,4.00,2.25,2730.00,35100.00,2.00,0.00,0.00,3.00,8.00,2730.00,0.00,1977.00,0.00,98075.00,47.59,-122.01,2730.00,36677.00
3524039144.00,20141007T000000,700000.00,2.00,1.00,1620.00,9855.00,1.00,0.00,4.00,3.00,8.00,1320.00,300.00,1948.00,0.00,98136.00,47.53,-122.38,1820.00,7700.00
1787250210.00,20141222T000000,379000.00,4.00,2.75,2410.00,5225.00,2.00,0.00,0.00,3.00,8.00,2410.00,0.00,2001.00,0.00,98058.00,47.42,-122.15,2300.00,5378.00
3022079080.00,20140715T000000,650000.00,4.00,2.50,3420.00,222156.00,2.00,0.00,0.00,3.00,9.00,3420.00,0.00,2002.00,0.00,98010.00,47.36,-121.97,3340.00,222156.00
2402100205.00,20141119T000000,412133.00,2.00,1.00,920.00,4400.00,1.00,0.00,0.00,3.00,7.00,920.00,0.00,1948.00,0.00,98103.00,47.69,-122.33,1560.00,4600.00
1973800150.00,20150402T000000,480000.00,4.00,2.25,2330.00,14190.00,1.00,0.00,0.00,3.00,8.00,1740.00,590.00,1962.00,0.00,98034.00,47.72,-122.24,2330.00,14190.00
5315100805.00,20141218T000000,650000.00,3.00,1.75,1940.00,10245.00,1.00,0.00,0.00,3.00,7.00,1940.00,0.00,1957.00,0.00,98040.00,47.58,-122.24,2720.00,11448.00
8682262240.00,20150330T000000,505000.00,2.00,2.50,1900.00,5065.00,2.00,0.00,0.00,3.00,8.00,1900.00,0.00,2005.00,0.00,98053.00,47.72,-122.03,1350.00,4664.00
9541600490.00,20150505T000000,931088.00,4.00,2.50,3510.00,17400.00,1.00,0.00,0.00,4.00,9.00,1930.00,1580.00,1957.00,0.00,98005.00,47.60,-122.17,2730.00,12120.00
686200490.00,20140926T000000,570000.00,4.00,1.75,1860.00,7700.00,1.00,0.00,0.00,4.00,8.00,1860.00,0.00,1964.00,0.00,98008.00,47.63,-122.11,1860.00,7700.00
8121101380.00,20140813T000000,475000.00,3.00,1.00,1380.00,4635.00,1.00,0.00,0.00,4.00,6.00,1380.00,0.00,1919.00,0.00,98144.00,47.57,-122.29,1790.00,4635.00
9198600035.00,20140805T000000,240000.00,6.00,1.75,2210.00,8594.00,1.00,0.00,0.00,3.00,7.00,1310.00,900.00,1959.00,0.00,98188.00,47.46,-122.27,1850.00,8594.00
322069141.00,20150114T000000,462000.00,4.00,2.50,2640.00,47480.00,1.00,0.00,0.00,4.00,8.00,1590.00,1050.00,1979.00,0.00,98038.00,47.43,-122.02,2390.00,67415.00
2523039054.00,20150210T000000,1115000.00,3.00,2.50,4530.00,22873.00,2.00,0.00,2.00,5.00,8.00,3220.00,1310.00,1912.00,0.00,98166.00,47.46,-122.37,3100.00,18210.00
1446401540.00,20140916T000000,243000.00,3.00,1.00,1500.00,6600.00,1.00,0.00,0.00,2.00,6.00,1500.00,0.00,1970.00,0.00,98168.00,47.48,-122.33,1730.00,6600.00
9541600015.00,20150211T000000,660000.00,4.00,2.25,2010.00,15375.00,1.00,0.00,0.00,4.00,8.00,2010.00,0.00,1957.00,0.00,98005.00,47.60,-122.17,1930.00,15375.00
7352200025.00,20141013T000000,1190000.00,2.00,1.75,2080.00,8112.00,1.00,1.00,4.00,4.00,8.00,1040.00,1040.00,1939.00,1984.00,98125.00,47.71,-122.28,2030.00,8408.00
853600150.00,20140524T000000,1680000.00,4.00,4.25,5584.00,68257.00,2.00,0.00,0.00,3.00,11.00,5584.00,0.00,1998.00,0.00,98014.00,47.61,-121.95,5030.00,101901.00
9208900037.00,20140919T000000,6885000.00,6.00,7.75,9890.00,31374.00,2.00,0.00,4.00,3.00,13.00,8860.00,1030.00,2001.00,0.00,98039.00,47.63,-122.24,4540.00,42730.00
7853230720.00,20140910T000000,368000.00,3.00,2.50,2080.00,4307.00,2.00,0.00,0.00,3.00,7.00,2080.00,0.00,2004.00,0.00,98065.00,47.53,-121.85,2080.00,4947.00
8562750220.00,20141120T000000,811500.00,5.00,4.25,3970.00,4500.00,2.00,0.00,0.00,3.00,9.00,2860.00,1110.00,2004.00,0.00,98027.00,47.54,-122.07,3480.00,4500.00
3995700325.00,20140604T000000,275000.00,2.00,1.00,770.00,8149.00,1.00,0.00,0.00,5.00,6.00,770.00,0.00,1948.00,0.00,98155.00,47.74,-122.30,770.00,8150.00
2387400120.00,20140929T000000,650000.00,4.00,2.50,2500.00,6005.00,2.00,0.00,0.00,3.00,9.00,2500.00,0.00,2001.00,0.00,98033.00,47.69,-122.17,2680.00,7200.00
822039146.00,20150219T000000,485000.00,3.00,2.00,2410.00,50654.00,1.50,0.00,0.00,3.00,7.00,2410.00,0.00,1995.00,0.00,98070.00,47.42,-122.46,1900.00,36300.00
1925069183.00,20140815T000000,425000.00,3.00,2.50,1340.00,10018.00,1.00,0.00,0.00,4.00,7.00,1340.00,0.00,1976.00,0.00,98052.00,47.64,-122.09,2520.00,13068.00
6205500580.00,20141210T000000,530000.00,3.00,2.50,2640.00,13775.00,1.00,0.00,0.00,3.00,8.00,1550.00,1090.00,1978.00,0.00,98005.00,47.59,-122.18,2120.00,12432.00
8835400805.00,20140522T000000,657000.00,4.00,1.75,2740.00,8520.00,1.00,0.00,2.00,3.00,8.00,1370.00,1370.00,1954.00,0.00,98118.00,47.54,-122.26,2740.00,9286.00
1518000230.00,20141231T000000,315000.00,4.00,2.75,1580.00,3770.00,1.00,0.00,0.00,3.00,7.00,1080.00,500.00,2002.00,0.00,98019.00,47.74,-121.97,1740.00,3800.00
4053200410.00,20140513T000000,273000.00,4.00,1.50,2180.00,22870.00,1.00,0.00,0.00,4.00,6.00,1280.00,900.00,1954.00,1975.00,98042.00,47.32,-122.08,2420.00,22614.00
2141300620.00,20140915T000000,550000.00,3.00,2.75,1960.00,13252.00,1.00,0.00,0.00,5.00,8.00,1240.00,720.00,1975.00,0.00,98006.00,47.56,-122.14,2040.00,9866.00
3278602170.00,20141215T000000,347000.00,2.00,2.25,1560.00,1705.00,2.00,0.00,0.00,3.00,8.00,1270.00,290.00,2006.00,0.00,98126.00,47.55,-122.37,1560.00,1758.00
3876310300.00,20140606T000000,525000.00,5.00,2.75,2440.00,8000.00,1.00,0.00,0.00,4.00,7.00,1240.00,1200.00,1972.00,0.00,98034.00,47.73,-122.17,1780.00,8391.00
8141200027.00,20140925T000000,490000.00,3.00,1.50,990.00,1343.00,2.00,0.00,0.00,3.00,8.00,840.00,150.00,2007.00,0.00,98112.00,47.62,-122.31,1350.00,2521.00
3034200543.00,20141229T000000,500000.00,3.00,2.25,2210.00,7916.00,2.00,0.00,0.00,3.00,8.00,2210.00,0.00,1978.00,0.00,98133.00,47.72,-122.34,1450.00,7955.00
7787050180.00,20150128T000000,585000.00,3.00,2.75,3080.00,7282.00,2.00,0.00,0.00,3.00,9.00,3080.00,0.00,2008.00,0.00,98059.00,47.48,-122.15,3080.00,7274.00
3760500475.00,20141106T000000,926500.00,4.00,2.75,2900.00,17802.00,1.00,0.00,2.00,3.00,9.00,1750.00,1150.00,1981.00,0.00,98034.00,47.70,-122.23,2900.00,15720.00
9301301145.00,20141024T000000,465000.00,1.00,1.00,1020.00,3200.00,1.00,0.00,0.00,3.00,7.00,1020.00,0.00,1927.00,0.00,98109.00,47.64,-122.34,1670.00,3480.00
5615100330.00,20150327T000000,200000.00,4.00,2.00,1900.00,8160.00,1.00,0.00,0.00,3.00,7.00,1900.00,0.00,1975.00,0.00,98022.00,47.21,-121.99,1280.00,6532.00
4139500410.00,20150126T000000,1680000.00,6.00,4.75,5770.00,16747.00,2.00,0.00,3.00,3.00,12.00,4500.00,1270.00,1998.00,0.00,98006.00,47.55,-122.11,4470.00,14571.00
722039087.00,20140923T000000,220500.00,2.00,1.00,990.00,57499.00,1.00,0.00,0.00,2.00,6.00,990.00,0.00,1949.00,0.00,98070.00,47.41,-122.46,2090.00,27442.00
722039087.00,20150504T000000,329000.00,2.00,1.00,990.00,57499.00,1.00,0.00,0.00,2.00,6.00,990.00,0.00,1949.00,0.00,98070.00,47.41,-122.46,2090.00,27442.00
8129700644.00,20140703T000000,715000.00,3.00,4.00,2080.00,2250.00,3.00,0.00,4.00,3.00,8.00,2080.00,0.00,1997.00,0.00,98103.00,47.66,-122.36,2080.00,2250.00
8129700644.00,20150424T000000,780000.00,3.00,4.00,2080.00,2250.00,3.00,0.00,4.00,3.00,8.00,2080.00,0.00,1997.00,0.00,98103.00,47.66,-122.36,2080.00,2250.00
4443800385.00,20140818T000000,410000.00,2.00,1.00,1480.00,4080.00,1.00,0.00,0.00,3.00,7.00,1050.00,430.00,1949.00,0.00,98117.00,47.68,-122.39,1310.00,4080.00
4443800385.00,20150506T000000,778100.00,2.00,1.00,1480.00,4080.00,1.00,0.00,0.00,3.00,7.00,1050.00,430.00,1949.00,0.00,98117.00,47.68,-122.39,1310.00,4080.00
7405700015.00,20150330T000000,406000.00,3.00,1.00,1090.00,11292.00,1.00,0.00,0.00,4.00,7.00,1090.00,0.00,1952.00,0.00,98133.00,47.74,-122.36,1570.00,8198.00
2780400035.00,20140505T000000,665000.00,4.00,2.50,2800.00,5900.00,1.00,0.00,0.00,3.00,8.00,1660.00,1140.00,1963.00,0.00,98115.00,47.68,-122.29,2580.00,5900.00
5562100325.00,20141125T000000,305000.00,2.00,1.00,1000.00,8212.00,1.00,0.00,0.00,4.00,7.00,1000.00,0.00,1947.00,0.00,98133.00,47.74,-122.34,1620.00,8214.00
7437101030.00,20140822T000000,265000.00,3.00,2.50,1640.00,7668.00,2.00,0.00,0.00,3.00,7.00,1640.00,0.00,1991.00,0.00,98038.00,47.35,-122.03,1850.00,7200.00
3856904610.00,20141002T000000,485000.00,4.00,1.00,1620.00,4080.00,1.50,0.00,0.00,3.00,7.00,1620.00,0.00,1923.00,0.00,98105.00,47.67,-122.32,1760.00,4080.00
1423069095.00,20140507T000000,600000.00,3.00,2.50,2460.00,108900.00,1.00,0.00,0.00,4.00,9.00,1860.00,600.00,1977.00,0.00,98027.00,47.48,-122.00,2870.00,102366.00
2523400205.00,20150421T000000,510000.00,2.00,1.50,1860.00,5100.00,1.00,0.00,0.00,3.00,7.00,1060.00,800.00,1940.00,0.00,98136.00,47.56,-122.39,1710.00,5100.00
3530420110.00,20140521T000000,195000.00,2.00,1.00,1080.00,3899.00,1.00,0.00,0.00,4.00,8.00,1080.00,0.00,1972.00,0.00,98198.00,47.38,-122.32,1090.00,3899.00
6046401030.00,20140528T000000,432500.00,3.00,1.75,1980.00,5100.00,1.00,0.00,0.00,3.00,7.00,1270.00,710.00,1965.00,0.00,98103.00,47.69,-122.35,1400.00,5100.00
8563000770.00,20141210T000000,490000.00,3.00,1.75,1510.00,8433.00,1.00,0.00,0.00,4.00,7.00,1220.00,290.00,1967.00,0.00,98008.00,47.62,-122.10,1950.00,8199.00
2215900180.00,20140711T000000,270000.00,3.00,2.50,1690.00,7165.00,2.00,0.00,0.00,4.00,7.00,1690.00,0.00,1992.00,0.00,98038.00,47.35,-122.06,1410.00,8590.00
2771602450.00,20140826T000000,370000.00,2.00,1.50,1010.00,2102.00,2.00,0.00,0.00,3.00,7.00,1010.00,0.00,1984.00,0.00,98119.00,47.64,-122.38,1480.00,2632.00
722059233.00,20141215T000000,327500.00,3.00,2.50,2090.00,12027.00,2.00,0.00,0.00,3.00,8.00,2090.00,0.00,1991.00,0.00,98031.00,47.41,-122.21,2090.00,12666.00
1257201095.00,20150323T000000,826000.00,2.00,1.00,1060.00,6120.00,1.00,0.00,0.00,3.00,7.00,1060.00,0.00,1908.00,0.00,98103.00,47.67,-122.33,1730.00,4080.00
4391600035.00,20140701T000000,510000.00,3.00,1.75,1750.00,7020.00,2.00,0.00,0.00,3.00,7.00,1750.00,0.00,1934.00,1978.00,98010.00,47.33,-122.04,1170.00,9546.00
625049310.00,20150311T000000,587750.00,2.00,1.00,890.00,4730.00,1.00,0.00,0.00,3.00,7.00,890.00,0.00,1941.00,0.00,98103.00,47.69,-122.34,1330.00,5904.00
424059100.00,20150327T000000,449228.00,5.00,2.50,3020.00,24750.00,1.00,0.00,0.00,3.00,8.00,1650.00,1370.00,1965.00,0.00,98005.00,47.59,-122.18,2930.00,16062.00
1422029138.00,20140902T000000,565000.00,3.00,2.50,2030.00,217805.00,1.00,0.00,0.00,3.00,9.00,2030.00,0.00,1999.00,0.00,98070.00,47.39,-122.52,1870.00,109468.00
2723069146.00,20150424T000000,660000.00,4.00,2.50,3170.00,186436.00,2.00,0.00,0.00,3.00,9.00,3170.00,0.00,2000.00,0.00,98038.00,47.45,-122.03,3250.00,215186.00
5112800042.00,20141203T000000,400000.00,5.00,2.75,2470.00,19200.00,1.00,0.00,0.00,5.00,8.00,1250.00,1220.00,1977.00,0.00,98058.00,47.45,-122.08,2140.00,35140.00
579002870.00,20140506T000000,612500.00,4.00,2.00,2060.00,5000.00,1.00,0.00,0.00,3.00,7.00,1030.00,1030.00,1949.00,2013.00,98117.00,47.70,-122.38,1280.00,5000.00
2461900790.00,20150313T000000,560000.00,4.00,1.75,2120.00,6250.00,1.00,0.00,0.00,5.00,7.00,1060.00,1060.00,1917.00,0.00,98136.00,47.55,-122.39,1410.00,6250.00
6788200360.00,20140903T000000,727000.00,3.00,2.25,2180.00,4200.00,1.50,0.00,0.00,5.00,8.00,1520.00,660.00,1939.00,0.00,98112.00,47.64,-122.30,1850.00,4200.00
1018000110.00,20150423T000000,224000.00,4.00,3.00,2300.00,7609.00,2.00,0.00,0.00,4.00,7.00,2300.00,0.00,1976.00,0.00,98002.00,47.29,-122.23,940.00,5937.00
7701960720.00,20141017T000000,1080000.00,4.00,2.50,4200.00,35267.00,2.00,0.00,0.00,3.00,11.00,4200.00,0.00,1990.00,0.00,98077.00,47.71,-122.07,3540.00,22234.00
9477201530.00,20150423T000000,439000.00,3.00,2.25,1480.00,7565.00,1.00,0.00,0.00,3.00,7.00,1220.00,260.00,1977.00,0.00,98034.00,47.73,-122.19,1660.00,7565.00
1821069072.00,20140508T000000,335000.00,3.00,1.50,2240.00,87625.00,1.50,0.00,0.00,2.00,7.00,1480.00,760.00,1980.00,0.00,98092.00,47.30,-122.09,1920.00,110206.00
5035300572.00,20141016T000000,779000.00,4.00,1.50,2740.00,4912.00,1.00,0.00,0.00,4.00,8.00,1370.00,1370.00,1937.00,0.00,98199.00,47.65,-122.41,2160.00,5006.00
1023089019.00,20140730T000000,452000.00,5.00,1.75,1830.00,47916.00,1.50,0.00,0.00,3.00,6.00,1830.00,0.00,1948.00,0.00,98045.00,47.49,-121.78,2010.00,13135.00
2710600015.00,20150327T000000,775000.00,4.00,3.00,2000.00,5304.00,1.50,0.00,0.00,4.00,7.00,2000.00,0.00,1947.00,0.00,98115.00,47.68,-122.29,1670.00,5304.00
1502400300.00,20140916T000000,235000.00,3.00,1.75,1380.00,8362.00,1.00,0.00,0.00,3.00,7.00,1380.00,0.00,1967.00,0.00,98003.00,47.31,-122.32,1380.00,8800.00
4045700115.00,20141028T000000,370000.00,3.00,1.75,1620.00,37913.00,2.00,0.00,0.00,4.00,7.00,1620.00,0.00,1953.00,1975.00,98001.00,47.29,-122.29,2190.00,21518.00
7504010590.00,20141114T000000,790000.00,4.00,3.00,3180.00,12070.00,2.00,0.00,0.00,4.00,9.00,3180.00,0.00,1976.00,0.00,98074.00,47.64,-122.06,3110.00,12600.00
4389200610.00,20141201T000000,903000.00,2.00,1.50,1140.00,7800.00,1.00,0.00,0.00,4.00,6.00,1140.00,0.00,1947.00,0.00,98004.00,47.61,-122.21,2020.00,7800.00
1321039076.00,20140627T000000,209950.00,3.00,1.00,970.00,9583.00,1.00,0.00,0.00,4.00,6.00,970.00,0.00,1967.00,0.00,98023.00,47.30,-122.37,970.00,7875.00
4123800180.00,20140827T000000,309000.00,3.00,2.50,1780.00,7859.00,2.00,0.00,0.00,3.00,7.00,1780.00,0.00,1988.00,0.00,98038.00,47.38,-122.05,1670.00,6618.00
6415100410.00,20140609T000000,440000.00,3.00,1.75,2240.00,8153.00,1.00,0.00,0.00,3.00,7.00,1120.00,1120.00,1948.00,0.00,98125.00,47.73,-122.33,1710.00,8100.00
4420600015.00,20141006T000000,571500.00,4.00,2.25,2810.00,25990.00,2.00,0.00,0.00,3.00,8.00,1860.00,950.00,1959.00,0.00,98001.00,47.30,-122.29,2020.00,16140.00
3856901880.00,20140815T000000,514000.00,2.00,1.00,920.00,4000.00,1.00,0.00,0.00,4.00,7.00,920.00,0.00,1906.00,0.00,98105.00,47.67,-122.33,1300.00,4000.00
3878900395.00,20140728T000000,323000.00,3.00,1.75,1830.00,12500.00,1.00,0.00,1.00,3.00,7.00,1200.00,630.00,1947.00,0.00,98178.00,47.51,-122.25,1830.00,7300.00
9183701345.00,20141103T000000,290000.00,2.00,1.75,1560.00,7575.00,1.00,0.00,0.00,3.00,8.00,1560.00,0.00,2002.00,0.00,98030.00,47.38,-122.23,2050.00,9000.00
7768700300.00,20141205T000000,2575000.00,4.00,4.25,5540.00,15408.00,2.00,0.00,1.00,3.00,11.00,4280.00,1260.00,2006.00,0.00,98004.00,47.61,-122.21,3570.00,14750.00
3536900110.00,20141009T000000,1362500.00,3.00,2.00,2310.00,21318.00,1.00,0.00,0.00,3.00,10.00,2310.00,0.00,1979.00,1996.00,98004.00,47.64,-122.22,2950.00,21814.00
7518503830.00,20140723T000000,551000.00,4.00,1.50,1470.00,5100.00,1.50,0.00,0.00,3.00,7.00,1470.00,0.00,1946.00,0.00,98117.00,47.68,-122.38,1470.00,5100.00
2125059161.00,20141023T000000,960000.00,4.00,2.50,3430.00,43560.00,1.50,0.00,2.00,5.00,10.00,3430.00,0.00,1979.00,0.00,98005.00,47.64,-122.18,3700.00,44431.00
2597520720.00,20141103T000000,720000.00,5.00,2.50,2900.00,9525.00,2.00,0.00,0.00,3.00,9.00,2900.00,0.00,1989.00,0.00,98006.00,47.54,-122.14,2910.00,11854.00
109200730.00,20140506T000000,218000.00,3.00,1.75,1850.00,7684.00,1.00,0.00,0.00,3.00,8.00,1320.00,530.00,1979.00,0.00,98023.00,47.30,-122.37,1940.00,7630.00
2621750110.00,20141223T000000,334950.00,4.00,2.50,2190.00,7000.00,2.00,0.00,0.00,3.00,8.00,2190.00,0.00,1997.00,0.00,98042.00,47.37,-122.11,2040.00,7700.00
8644400040.00,20140729T000000,605000.00,4.00,2.25,2510.00,31584.00,2.00,0.00,0.00,4.00,9.00,2510.00,0.00,1979.00,0.00,98074.00,47.62,-122.05,2510.00,39221.00
4237901345.00,20141217T000000,825000.00,4.00,3.25,3200.00,4477.00,2.00,0.00,0.00,3.00,9.00,2390.00,810.00,2006.00,0.00,98199.00,47.66,-122.40,1830.00,4920.00
8731982250.00,20140812T000000,268500.00,4.00,1.75,1670.00,8000.00,1.00,0.00,0.00,4.00,8.00,1670.00,0.00,1974.00,0.00,98023.00,47.32,-122.38,1720.00,8000.00
7942100180.00,20140627T000000,230000.00,3.00,1.75,1010.00,9600.00,1.00,0.00,0.00,5.00,7.00,1010.00,0.00,1969.00,0.00,98042.00,47.38,-122.09,1320.00,9600.00
3324079089.00,20141121T000000,1335000.00,4.00,4.00,5050.00,202554.00,2.00,0.00,0.00,3.00,10.00,3260.00,1790.00,2000.00,0.00,98027.00,47.53,-121.92,3370.00,213444.00
7147800015.00,20150401T000000,245500.00,2.00,1.50,1430.00,9782.00,1.00,0.00,0.00,3.00,7.00,1430.00,0.00,1955.00,0.00,98188.00,47.44,-122.28,1430.00,9828.00
2826049023.00,20140729T000000,440000.00,3.00,2.25,1880.00,7989.00,1.00,0.00,0.00,3.00,7.00,1280.00,600.00,1982.00,0.00,98125.00,47.71,-122.30,1820.00,7414.00
3905081530.00,20141007T000000,571500.00,4.00,2.75,2180.00,5799.00,2.00,0.00,0.00,4.00,8.00,2180.00,0.00,1993.00,0.00,98029.00,47.57,-122.00,2060.00,6061.00
9543000945.00,20150427T000000,182500.00,3.00,2.25,1830.00,4744.00,2.00,0.00,0.00,3.00,7.00,1830.00,0.00,1997.00,0.00,98001.00,47.27,-122.25,1670.00,8001.00
402000145.00,20141028T000000,217000.00,2.00,1.00,970.00,5600.00,1.00,0.00,0.00,3.00,6.00,970.00,0.00,1951.00,0.00,98118.00,47.53,-122.28,1020.00,5600.00
4364200015.00,20150109T000000,335000.00,2.00,1.50,1170.00,5248.00,1.00,0.00,0.00,5.00,6.00,1170.00,0.00,1941.00,0.00,98126.00,47.53,-122.37,1170.00,5120.00
2979800845.00,20140524T000000,501000.00,2.00,1.00,1010.00,4320.00,1.00,0.00,0.00,5.00,7.00,1010.00,0.00,1924.00,0.00,98115.00,47.68,-122.32,1680.00,4320.00
7230900120.00,20141027T000000,339950.00,3.00,2.50,2140.00,7641.00,1.00,0.00,0.00,3.00,8.00,1290.00,850.00,1979.00,0.00,98056.00,47.51,-122.19,2090.00,8000.00
5018200155.00,20150121T000000,340000.00,3.00,1.75,2230.00,10403.00,1.00,0.00,0.00,3.00,8.00,1630.00,600.00,1968.00,0.00,98198.00,47.41,-122.30,1730.00,9450.00
6743700317.00,20150204T000000,582500.00,2.00,1.00,1140.00,23779.00,1.50,0.00,0.00,3.00,6.00,1140.00,0.00,1966.00,0.00,98033.00,47.69,-122.17,2940.00,8417.00
3738900035.00,20140825T000000,298800.00,2.00,1.00,860.00,8189.00,1.00,0.00,0.00,3.00,6.00,860.00,0.00,1948.00,0.00,98155.00,47.74,-122.31,1180.00,8189.00
1328300040.00,20150312T000000,317500.00,6.00,1.75,2540.00,8400.00,1.00,0.00,0.00,3.00,8.00,1340.00,1200.00,1977.00,0.00,98058.00,47.44,-122.13,1900.00,7695.00
952000495.00,20150402T000000,598000.00,4.00,2.50,2420.00,5118.00,1.50,0.00,2.00,5.00,7.00,1550.00,870.00,1926.00,0.00,98126.00,47.57,-122.38,1740.00,5750.00
7996700220.00,20150430T000000,375000.00,2.00,2.25,1640.00,2240.00,2.00,0.00,0.00,3.00,8.00,1640.00,0.00,1980.00,0.00,98133.00,47.72,-122.34,1640.00,2240.00
7972601445.00,20150116T000000,465000.00,4.00,2.25,2550.00,7650.00,2.00,0.00,2.00,4.00,9.00,2550.00,0.00,1996.00,0.00,98106.00,47.53,-122.34,2550.00,7650.00
3751601785.00,20150225T000000,551870.00,3.00,2.50,2507.00,18400.00,2.00,0.00,0.00,3.00,8.00,2507.00,0.00,2006.00,0.00,98001.00,47.29,-122.27,1520.00,14709.00
7212650650.00,20140508T000000,295000.00,3.00,2.50,1920.00,7229.00,2.00,0.00,0.00,3.00,8.00,1920.00,0.00,1993.00,0.00,98003.00,47.27,-122.31,2310.00,8009.00
2413300730.00,20140924T000000,263500.00,4.00,1.75,2210.00,6375.00,1.00,0.00,0.00,3.00,8.00,1640.00,570.00,1977.00,0.00,98003.00,47.33,-122.33,2070.00,7210.00
8127700735.00,20140616T000000,1095000.00,4.00,4.00,3530.00,8400.00,2.00,0.00,0.00,5.00,8.00,2630.00,900.00,1958.00,0.00,98199.00,47.64,-122.40,2340.00,8216.00
2113701080.00,20141112T000000,300000.00,2.00,1.00,1100.00,4010.00,1.50,0.00,0.00,5.00,6.00,1100.00,0.00,1920.00,0.00,98106.00,47.53,-122.35,980.00,4501.00
5700000120.00,20140722T000000,780000.00,4.00,1.00,3390.00,4500.00,1.50,0.00,0.00,3.00,8.00,2190.00,1200.00,1924.00,2014.00,98144.00,47.58,-122.29,2030.00,4872.00
3172600031.00,20150327T000000,325000.00,3.00,1.50,1590.00,7936.00,1.00,0.00,0.00,3.00,7.00,1590.00,0.00,1956.00,0.00,98106.00,47.52,-122.37,1590.00,7936.00
66000265.00,20140807T000000,370000.00,2.00,1.00,820.00,6550.00,1.00,0.00,0.00,3.00,7.00,820.00,0.00,1949.00,2012.00,98126.00,47.55,-122.38,1640.00,6550.00
4045800040.00,20140725T000000,715000.00,4.00,2.50,2370.00,10000.00,1.00,0.00,0.00,5.00,8.00,1660.00,710.00,1974.00,0.00,98052.00,47.64,-122.10,2480.00,9875.00
1430800100.00,20150116T000000,356000.00,4.00,2.00,1600.00,12500.00,1.00,0.00,0.00,5.00,7.00,1600.00,0.00,1938.00,0.00,98166.00,47.47,-122.36,1260.00,8306.00
2473411240.00,20150324T000000,329950.00,4.00,1.75,1740.00,7208.00,1.50,0.00,0.00,3.00,8.00,1740.00,0.00,1976.00,0.00,98058.00,47.45,-122.13,1680.00,7350.00
2877100985.00,20140623T000000,490000.00,3.00,2.25,1470.00,2500.00,2.00,0.00,0.00,3.00,8.00,1080.00,390.00,1984.00,0.00,98117.00,47.68,-122.36,1640.00,4300.00
4310701575.00,20140610T000000,429000.00,3.00,3.25,1410.00,1246.00,3.00,0.00,0.00,3.00,8.00,1410.00,0.00,2005.00,0.00,98103.00,47.70,-122.34,1410.00,1253.00
7715801030.00,20150331T000000,510000.00,4.00,2.50,1620.00,8125.00,2.00,0.00,0.00,4.00,7.00,1620.00,0.00,1983.00,0.00,98074.00,47.63,-122.06,1480.00,8120.00
7202331050.00,20140924T000000,550000.00,3.00,2.50,2360.00,4080.00,2.00,0.00,0.00,3.00,7.00,2360.00,0.00,2003.00,0.00,98053.00,47.68,-122.04,2290.00,4080.00
8820903555.00,20150105T000000,467500.00,3.00,1.00,1830.00,6453.00,1.00,0.00,0.00,4.00,7.00,1830.00,0.00,1956.00,0.00,98125.00,47.71,-122.29,1670.00,8012.00
5708500315.00,20140623T000000,615000.00,5.00,2.00,2130.00,4180.00,1.50,0.00,0.00,5.00,7.00,1270.00,860.00,1926.00,0.00,98116.00,47.58,-122.39,1710.00,4180.00
526059103.00,20141013T000000,325000.00,2.00,1.00,990.00,15120.00,1.00,0.00,0.00,4.00,6.00,990.00,0.00,1953.00,0.00,98011.00,47.77,-122.21,1300.00,11500.00
1352300315.00,20140808T000000,219950.00,2.00,1.00,1010.00,4120.00,2.00,0.00,0.00,3.00,6.00,1010.00,0.00,1907.00,1953.00,98055.00,47.49,-122.20,1200.00,4120.00
3307700150.00,20150413T000000,950000.00,3.00,1.00,1720.00,9830.00,1.00,0.00,0.00,4.00,7.00,1720.00,0.00,1946.00,0.00,98040.00,47.59,-122.25,3200.00,8923.00
809001400.00,20140922T000000,925000.00,3.00,1.00,1630.00,3200.00,1.50,0.00,0.00,4.00,8.00,1630.00,0.00,1912.00,0.00,98109.00,47.64,-122.35,1710.00,3600.00
6123600090.00,20140519T000000,251200.00,4.00,1.50,1310.00,8250.00,1.00,0.00,0.00,3.00,7.00,1060.00,250.00,1953.00,0.00,98148.00,47.43,-122.33,1260.00,8255.00
8651401720.00,20140918T000000,215000.00,3.00,1.50,1610.00,5304.00,1.00,0.00,0.00,4.00,6.00,1610.00,0.00,1968.00,0.00,98042.00,47.36,-122.09,1060.00,5304.00
6386700110.00,20140805T000000,245000.00,3.00,2.00,1850.00,8208.00,1.00,0.00,0.00,4.00,7.00,1180.00,670.00,1970.00,0.00,98023.00,47.31,-122.36,1790.00,8174.00
8100900115.00,20150206T000000,259000.00,3.00,1.75,1270.00,4815.00,1.50,0.00,0.00,3.00,6.00,980.00,290.00,1922.00,0.00,98108.00,47.55,-122.31,1270.00,6431.00
7549801395.00,20141113T000000,349950.00,4.00,1.50,1420.00,6720.00,1.50,0.00,0.00,3.00,7.00,1420.00,0.00,1925.00,0.00,98108.00,47.55,-122.31,1560.00,5600.00
226059096.00,20141118T000000,1565000.00,5.00,4.50,5220.00,67319.00,2.00,0.00,0.00,3.00,11.00,5220.00,0.00,2001.00,0.00,98072.00,47.77,-122.13,4190.00,40609.00
6021502070.00,20150508T000000,600000.00,2.00,1.00,1410.00,4500.00,1.00,0.00,0.00,3.00,7.00,1020.00,390.00,1939.00,0.00,98117.00,47.69,-122.38,1300.00,4500.00
2767603608.00,20141002T000000,405000.00,2.00,1.50,1170.00,1274.00,3.00,0.00,0.00,3.00,8.00,1170.00,0.00,2001.00,0.00,98107.00,47.67,-122.38,1290.00,1308.00
425059103.00,20141202T000000,625000.00,3.00,2.50,1860.00,10027.00,2.00,0.00,0.00,3.00,8.00,1860.00,0.00,1993.00,0.00,98033.00,47.68,-122.17,1530.00,9204.00
1624079057.00,20140717T000000,430000.00,4.00,1.00,1620.00,37075.00,1.50,0.00,0.00,3.00,7.00,1620.00,0.00,1943.00,0.00,98024.00,47.57,-121.93,2190.00,87117.00
1931300688.00,20150429T000000,533000.00,3.00,3.00,1280.00,1085.00,3.00,0.00,0.00,3.00,8.00,1280.00,0.00,2004.00,0.00,98103.00,47.66,-122.35,1300.00,1310.00
7732650120.00,20140728T000000,1050000.00,4.00,2.50,2750.00,9949.00,2.00,0.00,0.00,3.00,10.00,2750.00,0.00,1999.00,0.00,98007.00,47.66,-122.15,2750.00,9860.00
179001425.00,20141024T000000,230000.00,3.00,1.75,1420.00,3000.00,1.00,0.00,0.00,3.00,5.00,710.00,710.00,1931.00,2014.00,98178.00,47.49,-122.27,1960.00,5000.00
5469300330.00,20140905T000000,275000.00,4.00,1.75,2000.00,8700.00,1.00,0.00,0.00,5.00,7.00,1010.00,990.00,1975.00,0.00,98042.00,47.37,-122.14,1490.00,7350.00
3678900110.00,20140610T000000,403000.00,2.00,1.00,1100.00,3598.00,1.00,0.00,0.00,4.00,7.00,1100.00,0.00,1926.00,0.00,98144.00,47.57,-122.31,1240.00,3598.00
3388300730.00,20140910T000000,550388.00,3.00,3.00,1720.00,70567.00,1.00,0.00,2.00,5.00,7.00,1720.00,0.00,1966.00,0.00,98027.00,47.49,-122.07,2740.00,70567.00
4037600115.00,20140922T000000,415500.00,3.00,1.50,1240.00,12400.00,1.00,0.00,0.00,3.00,7.00,1240.00,0.00,1958.00,0.00,98007.00,47.61,-122.13,1640.00,9600.00
4083302485.00,20150420T000000,913000.00,3.00,1.75,2170.00,4000.00,1.00,0.00,0.00,4.00,7.00,1110.00,1060.00,1925.00,0.00,98103.00,47.65,-122.34,1890.00,4000.00
7857000716.00,20150313T000000,334998.00,2.00,1.00,1800.00,5182.00,1.00,0.00,0.00,3.00,6.00,900.00,900.00,1942.00,0.00,98108.00,47.55,-122.30,1570.00,5876.00
8857600490.00,20140509T000000,201500.00,3.00,1.00,1160.00,8320.00,1.00,0.00,0.00,4.00,7.00,1160.00,0.00,1959.00,0.00,98032.00,47.38,-122.29,1480.00,7800.00
925069100.00,20150327T000000,820000.00,3.00,2.50,3030.00,46538.00,2.00,0.00,0.00,3.00,10.00,3030.00,0.00,1997.00,0.00,98053.00,47.66,-122.04,3370.00,51450.00
4077800518.00,20140611T000000,371000.00,3.00,1.00,890.00,7200.00,1.00,0.00,0.00,3.00,7.00,890.00,0.00,1951.00,0.00,98125.00,47.71,-122.29,1630.00,7455.00
2212200100.00,20141022T000000,229950.00,4.00,2.50,2150.00,7670.00,1.00,0.00,0.00,5.00,7.00,1240.00,910.00,1976.00,0.00,98031.00,47.39,-122.19,1610.00,7350.00
2212200100.00,20150422T000000,344900.00,4.00,2.50,2150.00,7670.00,1.00,0.00,0.00,5.00,7.00,1240.00,910.00,1976.00,0.00,98031.00,47.39,-122.19,1610.00,7350.00
5100403876.00,20140820T000000,840000.00,3.00,2.50,2060.00,9715.00,2.00,0.00,0.00,3.00,8.00,2060.00,0.00,1924.00,2006.00,98115.00,47.70,-122.32,1240.00,7072.00
821049191.00,20140916T000000,285000.00,3.00,1.50,1380.00,12196.00,1.00,0.00,0.00,4.00,7.00,1380.00,0.00,1967.00,0.00,98003.00,47.32,-122.32,1600.00,10720.00
126039599.00,20150326T000000,475000.00,4.00,2.25,1800.00,7200.00,1.00,0.00,0.00,3.00,7.00,1230.00,570.00,1979.00,0.00,98177.00,47.77,-122.38,2260.00,7498.00
1218000195.00,20150303T000000,420000.00,2.00,1.00,1460.00,7832.00,1.00,0.00,0.00,3.00,6.00,1460.00,0.00,1924.00,0.00,98166.00,47.46,-122.35,1460.00,7632.00
9287800375.00,20141030T000000,685000.00,3.00,2.00,2210.00,5000.00,1.50,0.00,2.00,3.00,7.00,1710.00,500.00,1909.00,0.00,98103.00,47.68,-122.36,1920.00,5000.00
926069140.00,20140721T000000,879000.00,4.00,3.00,3590.00,89640.00,2.00,0.00,0.00,3.00,10.00,3590.00,0.00,2005.00,0.00,98077.00,47.76,-122.04,2790.00,54014.00
2407000145.00,20150120T000000,197200.00,3.00,1.00,1140.00,8775.00,1.00,0.00,0.00,3.00,6.00,990.00,150.00,1942.00,0.00,98146.00,47.48,-122.34,1300.00,8775.00
452001280.00,20140703T000000,529950.00,3.00,1.00,1240.00,5000.00,1.50,0.00,0.00,5.00,7.00,1240.00,0.00,1909.00,0.00,98107.00,47.68,-122.37,1240.00,4900.00
425069020.00,20140505T000000,1090000.00,4.00,2.50,4340.00,141570.00,2.50,0.00,0.00,3.00,11.00,4340.00,0.00,1992.00,0.00,98053.00,47.68,-122.05,2720.00,97138.00
4232901120.00,20140520T000000,792000.00,3.00,1.50,1570.00,1050.00,2.00,0.00,0.00,3.00,8.00,1570.00,0.00,1915.00,0.00,98109.00,47.64,-122.36,2070.00,3600.00
4233400490.00,20140820T000000,262000.00,3.00,2.50,1680.00,10300.00,2.00,0.00,0.00,4.00,7.00,1680.00,0.00,1994.00,0.00,98010.00,47.31,-122.00,1680.00,9849.00
4302201005.00,20141007T000000,353900.00,3.00,1.75,1560.00,5760.00,1.00,0.00,0.00,5.00,6.00,780.00,780.00,1927.00,0.00,98106.00,47.53,-122.36,1320.00,7680.00
2026079055.00,20140818T000000,380000.00,1.00,1.50,1200.00,44866.00,1.50,0.00,0.00,3.00,7.00,1200.00,0.00,1983.00,0.00,98019.00,47.72,-121.93,1480.00,67082.00
5104510120.00,20150327T000000,305000.00,3.00,2.50,1690.00,5175.00,2.00,0.00,0.00,3.00,7.00,1690.00,0.00,2002.00,0.00,98038.00,47.36,-122.02,1830.00,5175.00
7857003851.00,20150420T000000,440000.00,4.00,2.00,2310.00,5004.00,1.00,0.00,0.00,3.00,7.00,1430.00,880.00,1994.00,0.00,98108.00,47.55,-122.30,1630.00,5060.00
1257202430.00,20140617T000000,1008000.00,4.00,3.50,2650.00,3060.00,2.00,0.00,0.00,3.00,9.00,2060.00,590.00,2001.00,0.00,98103.00,47.67,-122.33,1470.00,3060.00
5104511530.00,20140919T000000,549900.00,5.00,3.00,3610.00,7555.00,2.00,0.00,0.00,3.00,8.00,3610.00,0.00,2003.00,0.00,98038.00,47.35,-122.01,3610.00,7979.00
522069111.00,20150127T000000,678500.00,4.00,3.00,2620.00,214750.00,2.00,0.00,0.00,3.00,8.00,2620.00,0.00,1992.00,0.00,98058.00,47.42,-122.07,2060.00,212137.00
5379804537.00,20140826T000000,270000.00,3.00,2.25,1760.00,8287.00,1.00,0.00,0.00,3.00,7.00,1160.00,600.00,1986.00,0.00,98188.00,47.45,-122.27,1290.00,9587.00
3034200410.00,20150330T000000,430000.00,3.00,1.00,940.00,12521.00,1.50,0.00,0.00,4.00,7.00,940.00,0.00,1949.00,0.00,98133.00,47.72,-122.33,1920.00,9046.00
5700003630.00,20140630T000000,1925000.00,5.00,4.25,4830.00,8050.00,2.50,0.00,2.00,4.00,11.00,3710.00,1120.00,1914.00,0.00,98144.00,47.58,-122.29,4470.00,9194.00
7203220410.00,20140813T000000,790500.00,4.00,2.75,3350.00,5416.00,2.00,0.00,0.00,3.00,9.00,3350.00,0.00,2014.00,0.00,98053.00,47.68,-122.02,3625.00,5637.00
2426049168.00,20141017T000000,447450.00,3.00,2.25,1570.00,7200.00,2.00,0.00,0.00,3.00,8.00,1570.00,0.00,1991.00,0.00,98034.00,47.73,-122.23,1620.00,7318.00
9828701565.00,20150209T000000,375000.00,3.00,2.00,2240.00,5200.00,1.00,0.00,0.00,3.00,7.00,1630.00,610.00,1954.00,0.00,98112.00,47.62,-122.30,1470.00,3775.00
259600620.00,20150206T000000,565000.00,4.00,2.00,1950.00,9940.00,1.00,0.00,0.00,4.00,7.00,1950.00,0.00,1963.00,0.00,98008.00,47.63,-122.12,1920.00,9270.00
5312100040.00,20150423T000000,400000.00,2.00,1.00,1010.00,3916.00,1.00,0.00,2.00,4.00,6.00,810.00,200.00,1918.00,0.00,98144.00,47.57,-122.31,1580.00,3888.00
1938400040.00,20150220T000000,246000.00,3.00,1.50,1630.00,10200.00,1.00,0.00,0.00,4.00,8.00,1300.00,330.00,1976.00,0.00,98023.00,47.32,-122.36,1960.00,6700.00
6632900405.00,20141029T000000,329922.00,3.00,1.75,1420.00,6289.00,1.00,0.00,0.00,3.00,7.00,1100.00,320.00,1967.00,0.00,98155.00,47.74,-122.31,1460.00,7402.00
2125059123.00,20150414T000000,1249000.00,5.00,3.25,3950.00,44431.00,1.00,0.00,0.00,3.00,10.00,2100.00,1850.00,1969.00,0.00,98005.00,47.65,-122.17,3860.00,45870.00
6411600113.00,20150420T000000,375000.00,3.00,1.00,1210.00,7425.00,1.00,0.00,0.00,4.00,6.00,1210.00,0.00,1910.00,0.00,98133.00,47.71,-122.33,1260.00,7425.00
6381500035.00,20140508T000000,385000.00,3.00,1.75,1890.00,9920.00,1.00,0.00,0.00,3.00,7.00,1230.00,660.00,1944.00,0.00,98125.00,47.73,-122.31,1380.00,9086.00
7518500985.00,20140903T000000,591500.00,4.00,2.50,1690.00,4080.00,1.50,0.00,0.00,4.00,7.00,1140.00,550.00,1912.00,0.00,98117.00,47.68,-122.38,1600.00,4590.00
5149800040.00,20140918T000000,255000.00,4.00,2.00,2560.00,12155.00,1.00,0.00,0.00,4.00,7.00,1350.00,1210.00,1960.00,0.00,98003.00,47.33,-122.32,1790.00,11906.00
3211000930.00,20150316T000000,275000.00,3.00,1.50,1350.00,7800.00,1.00,0.00,0.00,3.00,7.00,1350.00,0.00,1959.00,0.00,98059.00,47.48,-122.16,1510.00,8040.00
1853081250.00,20141229T000000,800000.00,4.00,2.75,3120.00,5000.00,2.00,0.00,0.00,3.00,9.00,3120.00,0.00,2010.00,0.00,98074.00,47.59,-122.06,3200.00,5000.00
6632300040.00,20150425T000000,327000.00,2.00,1.00,1140.00,7435.00,1.00,0.00,0.00,3.00,7.00,1140.00,0.00,1952.00,1990.00,98125.00,47.73,-122.31,1320.00,9385.00
6117501755.00,20141230T000000,355000.00,4.00,1.50,2230.00,11536.00,1.00,0.00,1.00,4.00,7.00,1220.00,1010.00,1954.00,0.00,98166.00,47.44,-122.35,2170.00,12465.00
6163900411.00,20141003T000000,310000.00,2.00,1.00,1050.00,8220.00,1.00,0.00,0.00,4.00,6.00,780.00,270.00,1947.00,0.00,98155.00,47.76,-122.32,1340.00,7651.00
1924069039.00,20140519T000000,869000.00,5.00,3.25,4180.00,49222.00,2.00,0.00,0.00,4.00,8.00,2880.00,1300.00,1979.00,0.00,98027.00,47.55,-122.09,3170.00,8029.00
4058801065.00,20140808T000000,272000.00,3.00,2.00,1200.00,5700.00,1.00,0.00,0.00,5.00,7.00,1200.00,0.00,1942.00,0.00,98178.00,47.50,-122.24,1190.00,6384.00
1223089038.00,20140711T000000,665000.00,5.00,2.25,3320.00,60984.00,2.00,0.00,0.00,3.00,9.00,3320.00,0.00,2000.00,0.00,98045.00,47.49,-121.72,1580.00,55322.00
5420800090.00,20141117T000000,225000.00,3.00,2.50,1590.00,8449.00,2.00,0.00,0.00,3.00,7.00,1590.00,0.00,1989.00,0.00,98030.00,47.35,-122.18,1750.00,7172.00
2591720360.00,20141226T000000,375000.00,3.00,2.50,2750.00,37096.00,2.00,0.00,0.00,3.00,9.00,2750.00,0.00,1989.00,0.00,98038.00,47.37,-122.02,2700.00,40091.00
9286750100.00,20140610T000000,375500.00,3.00,1.50,1530.00,7200.00,1.00,0.00,0.00,3.00,8.00,1530.00,0.00,1975.00,0.00,98155.00,47.77,-122.30,2150.00,7216.00
2392100090.00,20150402T000000,550000.00,3.00,1.75,1570.00,6500.00,1.00,0.00,0.00,3.00,7.00,920.00,650.00,1948.00,0.00,98116.00,47.57,-122.40,1570.00,5750.00
4302201085.00,20140918T000000,248000.00,3.00,1.00,1470.00,7680.00,1.00,0.00,0.00,3.00,7.00,1220.00,250.00,1946.00,0.00,98106.00,47.53,-122.36,1470.00,6784.00
4302201085.00,20150506T000000,546940.00,3.00,1.00,1470.00,7680.00,1.00,0.00,0.00,3.00,7.00,1220.00,250.00,1946.00,0.00,98106.00,47.53,-122.36,1470.00,6784.00
7215730580.00,20140902T000000,680000.00,4.00,3.00,3150.00,6175.00,2.00,0.00,0.00,3.00,9.00,3150.00,0.00,2001.00,0.00,98075.00,47.60,-122.02,3150.00,6986.00
2095500120.00,20140718T000000,350000.00,4.00,2.50,2380.00,6124.00,2.00,0.00,0.00,3.00,8.00,2380.00,0.00,1997.00,0.00,98030.00,47.37,-122.18,2170.00,6097.00
136000220.00,20150325T000000,593000.00,2.00,2.50,2000.00,2500.00,3.00,0.00,1.00,3.00,8.00,1810.00,190.00,1994.00,0.00,98116.00,47.58,-122.40,1970.00,5650.00
3834000720.00,20150319T000000,390000.00,2.00,1.00,1140.00,8147.00,1.00,0.00,0.00,3.00,7.00,1140.00,0.00,1958.00,0.00,98125.00,47.73,-122.29,1260.00,8148.00
3523029077.00,20141007T000000,297000.00,3.00,1.00,1340.00,18000.00,1.00,0.00,0.00,4.00,7.00,1340.00,0.00,1924.00,0.00,98070.00,47.44,-122.51,1660.00,196591.00
42000065.00,20150305T000000,355000.00,2.00,1.00,1450.00,9150.00,1.00,0.00,0.00,4.00,7.00,1450.00,0.00,1965.00,0.00,98188.00,47.47,-122.28,1440.00,10636.00
3275330120.00,20140814T000000,309900.00,3.00,2.50,2020.00,26670.00,2.00,0.00,0.00,3.00,7.00,2020.00,0.00,1987.00,0.00,98003.00,47.26,-122.31,1680.00,10939.00
2312400230.00,20140924T000000,257000.00,3.00,2.25,1810.00,12000.00,2.00,0.00,0.00,3.00,7.00,1810.00,0.00,1992.00,0.00,98003.00,47.35,-122.30,1720.00,9916.00
3472800065.00,20140826T000000,1698000.00,4.00,3.00,3600.00,9687.00,2.00,0.00,0.00,4.00,9.00,3600.00,0.00,1959.00,1995.00,98004.00,47.63,-122.21,2620.00,10400.00
7518501140.00,20150113T000000,300000.00,3.00,2.00,1260.00,2550.00,2.00,0.00,0.00,3.00,7.00,1260.00,0.00,1987.00,0.00,98117.00,47.68,-122.38,1590.00,3825.00
9126100815.00,20141217T000000,500000.00,3.00,2.00,1560.00,1156.00,3.00,0.00,0.00,3.00,8.00,1560.00,0.00,2014.00,0.00,98122.00,47.61,-122.30,1560.00,1728.00
2769600590.00,20141016T000000,900000.00,8.00,4.00,4020.00,7500.00,1.00,0.00,0.00,3.00,8.00,2010.00,2010.00,1968.00,0.00,98107.00,47.67,-122.36,1560.00,3737.00
7215730040.00,20140515T000000,695000.00,4.00,3.00,3150.00,9130.00,2.00,0.00,0.00,3.00,9.00,3150.00,0.00,2001.00,0.00,98075.00,47.60,-122.02,2970.00,6228.00
8155760040.00,20141218T000000,213400.00,4.00,2.50,1680.00,6655.00,2.00,0.00,0.00,3.00,7.00,1680.00,0.00,2001.00,0.00,98030.00,47.39,-122.19,1680.00,6982.00
1376800220.00,20140709T000000,425000.00,2.00,1.00,1320.00,8830.00,1.00,0.00,0.00,3.00,7.00,1020.00,300.00,1939.00,0.00,98199.00,47.64,-122.40,1620.00,8531.00
3623059101.00,20140811T000000,420000.00,3.00,3.00,2700.00,47050.00,2.00,0.00,0.00,4.00,9.00,1570.00,1130.00,1986.00,0.00,98058.00,47.44,-122.10,2260.00,45901.00
7010701016.00,20150209T000000,411000.00,1.00,1.00,1080.00,5000.00,1.50,0.00,0.00,3.00,7.00,1080.00,0.00,1948.00,0.00,98199.00,47.66,-122.39,1620.00,4000.00
1025069210.00,20150209T000000,762500.00,4.00,2.25,3130.00,41382.00,2.00,0.00,0.00,3.00,9.00,3130.00,0.00,1986.00,0.00,98053.00,47.67,-122.03,3130.00,54886.00
721049096.00,20140527T000000,569950.00,5.00,4.50,4850.00,40902.00,2.00,0.00,0.00,3.00,10.00,4850.00,0.00,2001.00,0.00,98023.00,47.32,-122.34,1640.00,13503.00
7347600210.00,20150424T000000,258000.00,4.00,1.00,1220.00,8500.00,1.50,0.00,0.00,5.00,6.00,1220.00,0.00,1916.00,0.00,98168.00,47.48,-122.28,1460.00,8500.00
3630030180.00,20150224T000000,499000.00,3.00,2.25,1780.00,3665.00,2.00,0.00,0.00,3.00,8.00,1780.00,0.00,2004.00,0.00,98029.00,47.55,-122.00,1770.00,3669.00
9353300820.00,20150511T000000,310000.00,3.00,1.00,1250.00,10723.00,1.00,0.00,0.00,4.00,7.00,1250.00,0.00,1961.00,0.00,98059.00,47.49,-122.14,1520.00,10723.00
4310702876.00,20141103T000000,398500.00,2.00,2.50,1780.00,1311.00,3.00,0.00,0.00,3.00,8.00,1350.00,430.00,2005.00,0.00,98103.00,47.70,-122.34,1390.00,1227.00
5647900120.00,20140613T000000,250600.00,4.00,2.50,1930.00,8660.00,1.00,0.00,0.00,3.00,7.00,1120.00,810.00,1981.00,0.00,98001.00,47.33,-122.26,1830.00,9591.00
4123800580.00,20140812T000000,352000.00,4.00,2.50,2470.00,6116.00,1.00,0.00,0.00,3.00,7.00,1420.00,1050.00,1985.00,0.00,98038.00,47.38,-122.05,1670.00,7627.00
6169901006.00,20140715T000000,600000.00,2.00,1.00,1180.00,2160.00,1.00,0.00,1.00,3.00,7.00,940.00,240.00,1909.00,0.00,98119.00,47.63,-122.37,2700.00,5400.00
3735901080.00,20150324T000000,645000.00,3.00,1.00,2270.00,4182.00,1.00,0.00,0.00,4.00,7.00,1170.00,1100.00,1946.00,0.00,98115.00,47.69,-122.32,1860.00,4080.00
5104520620.00,20140724T000000,291500.00,4.00,2.50,1770.00,5000.00,2.00,0.00,0.00,3.00,7.00,1770.00,0.00,2004.00,0.00,98038.00,47.35,-122.01,2080.00,5100.00
2422049107.00,20140508T000000,350000.00,4.00,1.75,2250.00,13515.00,1.00,0.00,0.00,4.00,8.00,2150.00,100.00,1940.00,0.00,98030.00,47.38,-122.23,2150.00,12508.00
3260700360.00,20140919T000000,279000.00,3.00,2.50,1540.00,7280.00,1.00,0.00,0.00,3.00,7.00,1080.00,460.00,1974.00,0.00,98003.00,47.31,-122.32,1220.00,6440.00
1862400057.00,20150304T000000,320000.00,2.00,1.00,820.00,5400.00,1.00,0.00,0.00,3.00,6.00,820.00,0.00,1940.00,0.00,98117.00,47.70,-122.38,1370.00,5632.00
8682262720.00,20150310T000000,495000.00,2.00,2.00,1580.00,5203.00,1.00,0.00,0.00,3.00,8.00,1580.00,0.00,2004.00,0.00,98053.00,47.72,-122.03,1560.00,4770.00
3183110180.00,20140828T000000,490000.00,4.00,2.50,2430.00,42646.00,1.00,0.00,0.00,3.00,7.00,1450.00,980.00,1989.00,0.00,98014.00,47.62,-121.95,2000.00,38159.00
7986400360.00,20140717T000000,770000.00,5.00,1.50,2160.00,5000.00,1.50,0.00,2.00,4.00,8.00,2160.00,0.00,1926.00,0.00,98107.00,47.66,-122.36,1450.00,4265.00
1789900065.00,20140709T000000,215000.00,3.00,1.75,1770.00,29004.00,1.00,0.00,0.00,3.00,8.00,1770.00,0.00,1959.00,0.00,98023.00,47.32,-122.36,2300.00,24534.00
222069057.00,20150330T000000,665000.00,3.00,3.50,3580.00,95832.00,1.50,0.00,0.00,3.00,9.00,3580.00,0.00,2005.00,0.00,98038.00,47.42,-122.02,2880.00,60548.00
3822200164.00,20140819T000000,423500.00,3.00,2.25,1890.00,7498.00,1.00,0.00,0.00,3.00,7.00,1190.00,700.00,1987.00,0.00,98125.00,47.73,-122.30,1660.00,8100.00
1931300665.00,20141009T000000,850000.00,3.00,3.00,1910.00,4800.00,1.50,0.00,0.00,3.00,9.00,1910.00,0.00,1900.00,1991.00,98103.00,47.66,-122.35,1280.00,1310.00
1443500385.00,20140513T000000,155000.00,2.00,1.00,910.00,6232.00,1.00,0.00,0.00,3.00,6.00,910.00,0.00,1943.00,0.00,98118.00,47.53,-122.27,1070.00,6232.00
259600410.00,20150413T000000,505000.00,3.00,2.25,1460.00,7210.00,1.00,0.00,0.00,3.00,7.00,1460.00,0.00,1963.00,0.00,98008.00,47.63,-122.12,1850.00,7519.00
3630120880.00,20150227T000000,780000.00,3.00,3.50,3310.00,5558.00,2.00,0.00,0.00,3.00,9.00,3310.00,0.00,2005.00,0.00,98029.00,47.56,-122.00,3310.00,5270.00
2822049210.00,20140825T000000,165000.00,3.00,1.50,1630.00,22764.00,1.00,0.00,0.00,3.00,7.00,1630.00,0.00,1970.00,0.00,98032.00,47.36,-122.29,1620.00,17859.00
6821100015.00,20140828T000000,707000.00,2.00,2.50,2130.00,5001.00,1.00,0.00,0.00,5.00,8.00,1330.00,800.00,1972.00,0.00,98199.00,47.66,-122.40,1750.00,6000.00
2267000458.00,20150501T000000,497000.00,3.00,2.50,1220.00,1475.00,3.00,0.00,0.00,3.00,8.00,1220.00,0.00,2000.00,0.00,98117.00,47.69,-122.40,1220.00,1546.00
2976800115.00,20141105T000000,349170.00,4.00,1.75,1670.00,8856.00,1.00,0.00,2.00,3.00,7.00,1070.00,600.00,1955.00,0.00,98178.00,47.51,-122.25,1660.00,8088.00
7436600090.00,20150102T000000,287000.00,4.00,1.50,1300.00,10050.00,1.50,0.00,0.00,3.00,7.00,1300.00,0.00,1963.00,0.00,98059.00,47.49,-122.12,1730.00,10050.00
6072800205.00,20141119T000000,2375000.00,4.00,2.50,3220.00,20251.00,1.00,0.00,0.00,3.00,10.00,3220.00,0.00,1969.00,0.00,98006.00,47.57,-122.19,4200.00,22114.00
3296000110.00,20140602T000000,645000.00,4.00,2.50,2430.00,14400.00,1.00,0.00,0.00,5.00,8.00,1670.00,760.00,1963.00,0.00,98007.00,47.62,-122.14,2140.00,9048.00
5054800110.00,20141016T000000,238000.00,5.00,2.25,2240.00,9652.00,2.00,0.00,0.00,3.00,7.00,2240.00,0.00,1990.00,0.00,98055.00,47.42,-122.21,2180.00,11644.00
5054800110.00,20150213T000000,328000.00,5.00,2.25,2240.00,9652.00,2.00,0.00,0.00,3.00,7.00,2240.00,0.00,1990.00,0.00,98055.00,47.42,-122.21,2180.00,11644.00
7443000652.00,20141103T000000,365000.00,2.00,1.50,790.00,1123.00,2.00,0.00,0.00,3.00,8.00,700.00,90.00,2003.00,0.00,98119.00,47.65,-122.37,1370.00,1281.00
3995700220.00,20150317T000000,380000.00,3.00,1.00,1380.00,8147.00,1.00,0.00,0.00,4.00,7.00,1380.00,0.00,1948.00,0.00,98155.00,47.74,-122.30,1360.00,8147.00
4191400090.00,20150310T000000,525000.00,4.00,1.50,1680.00,10500.00,2.00,0.00,0.00,3.00,7.00,1680.00,0.00,1962.00,0.00,98033.00,47.68,-122.17,1830.00,10264.00
7518505070.00,20140625T000000,402000.00,4.00,2.25,2000.00,3672.00,2.00,0.00,0.00,5.00,7.00,1650.00,350.00,1926.00,0.00,98117.00,47.68,-122.38,2000.00,5100.00
9144300110.00,20150424T000000,308000.00,2.00,1.00,1680.00,9250.00,1.00,0.00,0.00,3.00,7.00,860.00,820.00,1969.00,0.00,98072.00,47.76,-122.16,1590.00,9542.00
7853301930.00,20141009T000000,405000.00,3.00,2.50,1960.00,6997.00,2.00,0.00,0.00,3.00,7.00,1960.00,0.00,2006.00,0.00,98065.00,47.54,-121.89,2320.00,5178.00
3586500770.00,20140923T000000,808000.00,3.00,1.75,2590.00,32380.00,1.00,0.00,0.00,3.00,8.00,2590.00,0.00,1951.00,1994.00,98177.00,47.75,-122.37,2340.00,28456.00
7203100730.00,20150210T000000,875000.00,4.00,3.50,3790.00,6874.00,2.50,0.00,0.00,3.00,9.00,3790.00,0.00,2010.00,0.00,98053.00,47.70,-122.02,3370.00,6535.00
8644400180.00,20150319T000000,860000.00,3.00,2.50,2370.00,55321.00,3.00,0.00,0.00,4.00,8.00,2370.00,0.00,1982.00,0.00,98074.00,47.61,-122.06,2590.00,41553.00
2071500011.00,20140811T000000,367500.00,4.00,2.25,1930.00,7925.00,1.00,0.00,0.00,3.00,8.00,1300.00,630.00,1960.00,0.00,98155.00,47.76,-122.31,1930.00,7200.00
5423600100.00,20140805T000000,604000.00,6.00,3.50,2580.00,13572.00,1.00,0.00,0.00,3.00,8.00,1290.00,1290.00,1987.00,0.00,98052.00,47.68,-122.11,2020.00,11656.00
3734900110.00,20150204T000000,230000.00,2.00,0.75,890.00,19703.00,1.00,0.00,0.00,3.00,6.00,890.00,0.00,1934.00,0.00,98045.00,47.49,-121.78,1270.00,9800.00
2126049154.00,20141217T000000,435000.00,4.00,2.75,2160.00,8148.00,1.00,0.00,0.00,3.00,7.00,1410.00,750.00,1978.00,0.00,98125.00,47.73,-122.31,2060.00,8100.00
1864700300.00,20141010T000000,347500.00,4.00,2.50,1970.00,7098.00,2.00,0.00,0.00,3.00,7.00,1970.00,0.00,2007.00,0.00,98038.00,47.36,-122.06,1970.00,5361.00
1310930100.00,20150318T000000,525000.00,4.00,1.75,1570.00,16697.00,1.00,0.00,2.00,3.00,7.00,1030.00,540.00,1981.00,0.00,98052.00,47.67,-122.14,1560.00,9698.00
8103000110.00,20140603T000000,280000.00,2.00,1.50,1480.00,15641.00,1.00,0.00,0.00,4.00,7.00,1480.00,0.00,1940.00,0.00,98146.00,47.50,-122.37,1520.00,7525.00
8103000110.00,20150205T000000,490000.00,2.00,1.50,1480.00,15641.00,1.00,0.00,0.00,4.00,7.00,1480.00,0.00,1940.00,0.00,98146.00,47.50,-122.37,1520.00,7525.00
7227501765.00,20150323T000000,265000.00,4.00,1.75,1430.00,5490.00,1.00,0.00,0.00,5.00,6.00,1430.00,0.00,1942.00,0.00,98056.00,47.49,-122.18,1030.00,5900.00
824069188.00,20140902T000000,645000.00,4.00,2.25,2720.00,18295.00,1.00,0.00,0.00,4.00,8.00,2000.00,720.00,1979.00,0.00,98075.00,47.59,-122.07,2720.00,18295.00
1402000210.00,20150427T000000,390000.00,3.00,2.25,2420.00,31497.00,1.00,0.00,0.00,4.00,8.00,1750.00,670.00,1964.00,0.00,98058.00,47.44,-122.15,2040.00,30472.00
5412400180.00,20150417T000000,267500.00,3.00,2.50,1400.00,7629.00,1.00,0.00,0.00,3.00,7.00,1120.00,280.00,1988.00,0.00,98030.00,47.38,-122.18,1530.00,7688.00
8894200150.00,20141217T000000,1275000.00,4.00,3.50,5844.00,10766.00,2.00,0.00,1.00,3.00,11.00,5844.00,0.00,2007.00,0.00,98023.00,47.33,-122.36,3413.00,10766.00
4037500110.00,20140506T000000,404000.00,4.00,1.75,1840.00,10720.00,1.00,0.00,0.00,3.00,7.00,960.00,880.00,1958.00,0.00,98008.00,47.61,-122.13,1840.00,9044.00
1843100540.00,20150429T000000,380000.00,3.00,2.25,2530.00,12042.00,2.00,0.00,0.00,3.00,8.00,2530.00,0.00,1989.00,0.00,98042.00,47.37,-122.13,2480.00,10172.00
7856620210.00,20140808T000000,812500.00,4.00,2.75,2810.00,10300.00,1.00,0.00,0.00,4.00,9.00,1810.00,1000.00,1978.00,0.00,98006.00,47.56,-122.15,2710.00,9900.00
425200145.00,20140703T000000,265000.00,3.00,1.00,1020.00,8610.00,1.00,0.00,0.00,5.00,7.00,1020.00,0.00,1959.00,0.00,98056.00,47.50,-122.17,1070.00,5940.00
6073300750.00,20140709T000000,480000.00,5.00,2.75,2550.00,7725.00,1.00,0.00,0.00,5.00,8.00,1390.00,1160.00,1967.00,0.00,98056.00,47.54,-122.17,2450.00,7725.00
6450301220.00,20140916T000000,264000.00,1.00,1.00,710.00,4725.00,1.00,0.00,0.00,3.00,6.00,710.00,0.00,1939.00,0.00,98133.00,47.73,-122.34,900.00,5250.00
3401700150.00,20150423T000000,1350000.00,5.00,3.00,5530.00,38816.00,1.50,0.00,2.00,3.00,10.00,5530.00,0.00,1969.00,1994.00,98072.00,47.74,-122.12,3800.00,44417.00
7200001254.00,20140709T000000,550000.00,4.00,1.75,2150.00,9000.00,1.00,0.00,0.00,4.00,7.00,1110.00,1040.00,1966.00,0.00,98052.00,47.68,-122.11,2040.00,9000.00
9828201745.00,20150504T000000,615000.00,2.00,1.50,880.00,2400.00,1.50,0.00,0.00,3.00,7.00,880.00,0.00,1929.00,0.00,98122.00,47.61,-122.30,1220.00,4440.00
9238500410.00,20140519T000000,464000.00,3.00,1.75,1630.00,28600.00,1.00,0.00,0.00,3.00,8.00,1630.00,0.00,1967.00,0.00,98072.00,47.77,-122.14,2260.00,26000.00
2587910180.00,20140716T000000,365000.00,3.00,1.00,1380.00,30940.00,2.00,0.00,0.00,3.00,8.00,1380.00,0.00,1976.00,0.00,98042.00,47.33,-122.11,2350.00,32500.00
8663200450.00,20140715T000000,490000.00,4.00,2.25,2800.00,10800.00,1.00,0.00,0.00,3.00,8.00,1680.00,1120.00,1977.00,0.00,98011.00,47.74,-122.18,2260.00,9800.00
1310960220.00,20140626T000000,280927.00,4.00,2.25,2070.00,7350.00,2.00,0.00,0.00,4.00,8.00,2070.00,0.00,1977.00,0.00,98032.00,47.36,-122.27,2080.00,7210.00
396100110.00,20140516T000000,282613.00,2.00,1.00,830.00,6017.00,1.00,0.00,0.00,4.00,6.00,830.00,0.00,1954.00,0.00,98133.00,47.75,-122.33,1340.00,6040.00
7785350490.00,20141023T000000,675000.00,3.00,2.25,2770.00,15886.00,2.00,0.00,0.00,3.00,10.00,2770.00,0.00,1982.00,0.00,98177.00,47.75,-122.36,3290.00,15886.00
1795900210.00,20140518T000000,575550.00,4.00,2.50,2060.00,7475.00,1.00,0.00,0.00,3.00,8.00,1440.00,620.00,1985.00,0.00,98052.00,47.73,-122.11,2280.00,8396.00
1796370730.00,20140520T000000,259900.00,3.00,2.00,1490.00,7770.00,1.00,0.00,0.00,4.00,7.00,1490.00,0.00,1990.00,0.00,98042.00,47.37,-122.09,1540.00,7366.00
7787100210.00,20141209T000000,450000.00,4.00,2.25,2120.00,8267.00,2.00,0.00,0.00,3.00,8.00,2120.00,0.00,1996.00,0.00,98045.00,47.49,-121.78,2150.00,7746.00
1137450120.00,20140729T000000,487500.00,4.00,2.50,2810.00,6296.00,2.00,0.00,0.00,3.00,9.00,2810.00,0.00,2013.00,0.00,98059.00,47.50,-122.15,2850.00,6140.00
1921059303.00,20150128T000000,275000.00,4.00,2.25,2400.00,17842.00,2.00,0.00,0.00,4.00,7.00,2400.00,0.00,1973.00,0.00,98002.00,47.29,-122.22,1610.00,12100.00
6699000610.00,20140811T000000,305000.00,3.00,2.50,2460.00,5027.00,2.00,0.00,0.00,3.00,8.00,2460.00,0.00,2002.00,0.00,98042.00,47.37,-122.10,2740.00,5000.00
3621059048.00,20141010T000000,395000.00,3.00,1.75,2030.00,217800.00,1.00,0.00,2.00,4.00,8.00,2030.00,0.00,1977.00,0.00,98092.00,47.26,-122.12,2570.00,216057.00
2620069077.00,20150422T000000,215000.00,3.00,1.00,880.00,7648.00,1.00,0.00,2.00,4.00,6.00,880.00,0.00,1940.00,0.00,98022.00,47.20,-122.00,1020.00,7566.00
3083000910.00,20140708T000000,410000.00,3.00,2.00,1320.00,6000.00,1.50,0.00,0.00,4.00,7.00,1320.00,0.00,1920.00,0.00,98144.00,47.58,-122.30,1620.00,4000.00
192600100.00,20140626T000000,440000.00,4.00,2.50,2160.00,7826.00,1.00,0.00,0.00,4.00,7.00,1390.00,770.00,1976.00,0.00,98155.00,47.78,-122.28,2190.00,9900.00
5608010750.00,20140829T000000,1160000.00,4.00,3.50,4190.00,15724.00,2.00,0.00,2.00,3.00,11.00,4190.00,0.00,1994.00,0.00,98027.00,47.55,-122.10,3300.00,10113.00
6140100150.00,20141125T000000,500000.00,4.00,2.00,2280.00,7200.00,1.00,0.00,0.00,4.00,7.00,2280.00,0.00,1956.00,0.00,98133.00,47.71,-122.36,1100.00,7620.00
9550203690.00,20141120T000000,961000.00,5.00,2.75,2590.00,6120.00,2.00,0.00,0.00,3.00,8.00,2590.00,0.00,1909.00,0.00,98105.00,47.67,-122.33,1390.00,3060.00
5423010180.00,20140724T000000,825000.00,4.00,2.25,2770.00,9340.00,2.00,0.00,0.00,4.00,9.00,2770.00,0.00,1979.00,0.00,98027.00,47.56,-122.08,3010.00,9340.00
2919200665.00,20141103T000000,734000.00,3.00,1.75,2145.00,3840.00,1.50,0.00,0.00,5.00,8.00,2145.00,0.00,1910.00,0.00,98103.00,47.69,-122.36,1140.00,3840.00
2122059199.00,20141002T000000,490000.00,4.00,4.25,4480.00,5715.00,2.00,0.00,0.00,3.00,7.00,3680.00,800.00,2003.00,0.00,98030.00,47.37,-122.18,2190.00,6070.00
3601200017.00,20140702T000000,175000.00,4.00,2.50,1780.00,6000.00,2.00,0.00,0.00,3.00,7.00,1780.00,0.00,1991.00,0.00,98198.00,47.38,-122.30,1630.00,6000.00
2658000115.00,20140618T000000,190000.00,1.00,1.00,720.00,4800.00,1.00,0.00,0.00,3.00,6.00,720.00,0.00,1914.00,0.00,98118.00,47.53,-122.27,1240.00,4860.00
7349400610.00,20140812T000000,305000.00,4.00,2.25,2050.00,12581.00,2.00,0.00,0.00,4.00,7.00,2050.00,0.00,1978.00,0.00,98002.00,47.32,-122.20,1620.00,7400.00
868001790.00,20150316T000000,1300000.00,3.00,1.00,2040.00,7936.00,1.00,0.00,3.00,5.00,8.00,1680.00,360.00,1940.00,0.00,98177.00,47.70,-122.39,2300.00,10080.00
1105000015.00,20140609T000000,417000.00,2.00,1.00,920.00,6600.00,1.00,0.00,0.00,3.00,6.00,920.00,0.00,1919.00,2003.00,98118.00,47.55,-122.27,1510.00,5944.00
2919201385.00,20141113T000000,275000.00,2.00,1.00,680.00,4190.00,1.00,0.00,0.00,2.00,5.00,680.00,0.00,1906.00,0.00,98103.00,47.69,-122.36,1070.00,4175.00
7202470100.00,20141210T000000,661000.00,3.00,2.50,1940.00,8196.00,2.00,0.00,0.00,3.00,8.00,1940.00,0.00,1991.00,0.00,98052.00,47.68,-122.15,2070.00,8514.00
2832100910.00,20140708T000000,435000.00,4.00,2.75,2230.00,9640.00,1.00,0.00,0.00,3.00,8.00,1320.00,910.00,1998.00,0.00,98125.00,47.73,-122.33,2100.00,9600.00
4100000040.00,20141023T000000,788000.00,5.00,2.25,2910.00,9454.00,1.00,0.00,1.00,3.00,8.00,1910.00,1000.00,1972.00,0.00,98005.00,47.59,-122.17,2400.00,10690.00
9320100090.00,20140610T000000,1795000.00,5.00,3.25,5270.00,17232.00,2.00,0.00,1.00,3.00,10.00,4010.00,1260.00,1977.00,2003.00,98040.00,47.55,-122.23,3550.00,13917.00
2589300180.00,20140630T000000,408000.00,5.00,3.25,2820.00,6589.00,1.50,0.00,0.00,3.00,7.00,2320.00,500.00,1906.00,2014.00,98118.00,47.54,-122.27,1560.00,5647.00
357000025.00,20141020T000000,570000.00,2.00,1.00,1790.00,3760.00,1.50,0.00,0.00,4.00,8.00,1490.00,300.00,1912.00,0.00,98144.00,47.59,-122.29,1458.00,3760.00
3179100180.00,20150507T000000,1540000.00,5.00,3.25,2920.00,6960.00,2.00,0.00,1.00,3.00,9.00,2120.00,800.00,1953.00,2008.00,98105.00,47.67,-122.27,2470.00,6735.00
2487700065.00,20140505T000000,400000.00,2.00,1.00,840.00,5510.00,1.00,0.00,0.00,3.00,7.00,840.00,0.00,1955.00,0.00,98136.00,47.52,-122.39,1630.00,5510.00
8732040820.00,20141017T000000,247000.00,3.00,1.75,1820.00,8740.00,1.00,0.00,0.00,4.00,8.00,1820.00,0.00,1987.00,0.00,98023.00,47.31,-122.39,2210.00,8320.00
1160000300.00,20150304T000000,453000.00,3.00,1.75,1550.00,7200.00,1.00,0.00,0.00,3.00,7.00,1100.00,450.00,1949.00,0.00,98125.00,47.71,-122.31,1560.00,7440.00
3904100035.00,20140508T000000,235000.00,2.00,1.00,1270.00,3008.00,1.00,0.00,0.00,4.00,6.00,650.00,620.00,1923.00,0.00,98118.00,47.54,-122.28,1270.00,1514.00
5288200230.00,20150421T000000,675000.00,4.00,1.75,2460.00,5750.00,1.50,0.00,3.00,5.00,7.00,1620.00,840.00,1919.00,0.00,98126.00,47.56,-122.38,1760.00,4830.00
3331500820.00,20140610T000000,516200.00,3.00,2.00,2110.00,5150.00,1.00,0.00,0.00,5.00,6.00,1080.00,1030.00,1919.00,0.00,98118.00,47.55,-122.27,1170.00,5107.00
3023039231.00,20140714T000000,650000.00,1.00,1.00,920.00,91476.00,1.50,0.00,0.00,3.00,6.00,920.00,0.00,1996.00,2002.00,98070.00,47.45,-122.47,1746.00,91476.00
5595900355.00,20141216T000000,257100.00,3.00,1.50,1500.00,10227.00,1.00,0.00,0.00,4.00,7.00,1000.00,500.00,1945.00,0.00,98022.00,47.20,-122.00,1490.00,7670.00
8682290360.00,20150330T000000,457000.00,2.00,2.00,1440.00,9985.00,1.00,0.00,0.00,3.00,8.00,1440.00,0.00,2006.00,0.00,98053.00,47.72,-122.03,1510.00,4560.00
5200100115.00,20141117T000000,540000.00,3.00,1.75,1610.00,3478.00,1.50,0.00,0.00,4.00,7.00,1060.00,550.00,1929.00,0.00,98117.00,47.68,-122.37,1610.00,3478.00
1310700210.00,20140603T000000,268000.00,3.00,1.75,1970.00,10270.00,1.00,0.00,0.00,4.00,8.00,1970.00,0.00,1966.00,0.00,98032.00,47.36,-122.29,1970.00,8400.00
3298500690.00,20140708T000000,300000.00,3.00,1.00,1150.00,7314.00,1.00,0.00,0.00,3.00,7.00,1150.00,0.00,1960.00,0.00,98008.00,47.62,-122.11,1350.00,7350.00
722059002.00,20140909T000000,380000.00,2.00,2.50,2110.00,114127.00,1.00,0.00,0.00,4.00,8.00,1590.00,520.00,1975.00,0.00,98031.00,47.41,-122.21,1960.00,11250.00
1022069183.00,20140627T000000,725000.00,3.00,2.50,3580.00,54450.00,1.50,0.00,0.00,3.00,9.00,3580.00,0.00,1990.00,0.00,98038.00,47.40,-122.03,3090.00,35943.00
4053200933.00,20140623T000000,249000.00,3.00,1.00,1000.00,19204.00,1.00,0.00,0.00,3.00,7.00,1000.00,0.00,1968.00,2010.00,98042.00,47.32,-122.08,2450.00,25927.00
5589300205.00,20140805T000000,274000.00,5.00,1.00,1680.00,9383.00,1.00,0.00,0.00,3.00,7.00,1400.00,280.00,1929.00,0.00,98155.00,47.75,-122.31,1680.00,9458.00
644000040.00,20150429T000000,1780000.00,4.00,3.25,3950.00,10912.00,2.00,0.00,0.00,3.00,10.00,3950.00,0.00,2003.00,0.00,98004.00,47.59,-122.20,3000.00,10998.00
1787600165.00,20140623T000000,396500.00,3.00,1.75,2390.00,7149.00,1.00,0.00,0.00,3.00,8.00,1350.00,1040.00,1955.00,0.00,98125.00,47.72,-122.33,1710.00,7402.00
405100165.00,20141119T000000,460000.00,2.00,1.50,1820.00,7800.00,1.00,0.00,0.00,4.00,7.00,1240.00,580.00,1956.00,0.00,98133.00,47.75,-122.36,1400.00,7800.00
223049087.00,20140616T000000,277000.00,3.00,1.00,1100.00,8536.00,1.00,0.00,0.00,4.00,7.00,1100.00,0.00,1957.00,0.00,98118.00,47.52,-122.26,1570.00,8040.00
2742100085.00,20141104T000000,449500.00,6.00,4.00,2280.00,5275.00,1.00,0.00,0.00,3.00,7.00,1270.00,1010.00,1998.00,0.00,98108.00,47.56,-122.29,1760.00,6642.00
3204300625.00,20140903T000000,785950.00,4.00,3.00,2530.00,4560.00,1.50,0.00,0.00,3.00,7.00,1540.00,990.00,1925.00,2014.00,98112.00,47.63,-122.30,1640.00,4560.00
6619910230.00,20140616T000000,545000.00,3.00,2.50,1940.00,9775.00,1.00,0.00,2.00,3.00,8.00,1440.00,500.00,1975.00,0.00,98034.00,47.71,-122.22,2830.00,9775.00
3275310220.00,20141222T000000,244000.00,3.00,2.00,1360.00,9688.00,1.00,0.00,0.00,4.00,7.00,1360.00,0.00,1983.00,0.00,98003.00,47.26,-122.31,1390.00,9685.00
5466310730.00,20140822T000000,165000.00,3.00,2.50,1660.00,2415.00,2.00,0.00,0.00,3.00,7.00,1660.00,0.00,1983.00,0.00,98042.00,47.38,-122.15,1740.00,2624.00
2767704055.00,20140609T000000,435000.00,2.00,1.00,800.00,5000.00,1.00,0.00,0.00,3.00,7.00,800.00,0.00,1906.00,0.00,98107.00,47.68,-122.37,1410.00,5000.00
7504100110.00,20140530T000000,642000.00,3.00,2.50,2670.00,10082.00,1.00,0.00,0.00,3.00,10.00,2670.00,0.00,1987.00,0.00,98074.00,47.64,-122.05,2740.00,10854.00
9320990110.00,20150409T000000,340000.00,3.00,2.50,1720.00,4120.00,2.00,0.00,0.00,3.00,7.00,1720.00,0.00,1999.00,0.00,98148.00,47.43,-122.33,1720.00,5544.00
1400700150.00,20140722T000000,730000.00,4.00,2.50,3550.00,35689.00,2.00,0.00,0.00,4.00,9.00,3550.00,0.00,1991.00,0.00,98077.00,47.75,-122.07,3350.00,35711.00
1186000150.00,20150123T000000,563250.00,3.00,1.75,1370.00,2800.00,1.00,0.00,0.00,5.00,7.00,800.00,570.00,1982.00,0.00,98122.00,47.62,-122.29,2270.00,3773.00
1024069009.00,20140502T000000,675000.00,5.00,2.50,2820.00,67518.00,2.00,0.00,0.00,3.00,8.00,2820.00,0.00,1979.00,0.00,98029.00,47.58,-122.03,2820.00,48351.00
464001115.00,20140512T000000,620000.00,3.00,1.50,1620.00,6630.00,1.00,0.00,0.00,3.00,8.00,1280.00,340.00,1954.00,0.00,98117.00,47.69,-122.39,1880.00,5100.00
886000015.00,20141210T000000,275000.00,2.00,2.00,1290.00,9041.00,1.00,0.00,0.00,3.00,7.00,950.00,340.00,1956.00,0.00,98108.00,47.53,-122.29,1290.00,5000.00
3578600062.00,20140512T000000,270000.00,3.00,1.00,1830.00,8209.00,1.00,0.00,0.00,3.00,7.00,1830.00,0.00,1942.00,0.00,98028.00,47.74,-122.23,2150.00,12000.00
1402950450.00,20150415T000000,325000.00,4.00,2.50,2040.00,5472.00,2.00,0.00,0.00,3.00,8.00,2040.00,0.00,2003.00,0.00,98092.00,47.33,-122.19,2420.00,5782.00
3629970620.00,20141003T000000,476100.00,4.00,2.50,1850.00,1836.00,2.00,0.00,0.00,3.00,7.00,1600.00,250.00,2005.00,0.00,98029.00,47.55,-122.00,1770.00,2236.00
3537900180.00,20141020T000000,700000.00,2.00,1.00,1300.00,12000.00,1.00,0.00,0.00,4.00,8.00,1300.00,0.00,1959.00,0.00,98004.00,47.64,-122.23,2420.00,15000.00
8651442510.00,20140926T000000,220000.00,4.00,2.00,1620.00,5200.00,1.50,0.00,0.00,4.00,7.00,1620.00,0.00,1978.00,0.00,98042.00,47.36,-122.09,1500.00,5200.00
114700150.00,20141114T000000,236000.00,3.00,1.75,1560.00,10919.00,1.00,0.00,0.00,3.00,7.00,1560.00,0.00,1975.00,0.00,98023.00,47.29,-122.37,1730.00,10919.00
472000620.00,20140502T000000,790000.00,3.00,2.50,2600.00,4750.00,1.00,0.00,0.00,4.00,9.00,1700.00,900.00,1951.00,0.00,98117.00,47.68,-122.40,2380.00,4750.00
5491200210.00,20140820T000000,350000.00,3.00,1.00,2010.00,6000.00,1.00,0.00,0.00,3.00,7.00,1210.00,800.00,1967.00,0.00,98108.00,47.55,-122.30,2460.00,6000.00
7973202712.00,20150324T000000,130000.00,2.00,1.00,780.00,5300.00,1.00,0.00,0.00,3.00,6.00,780.00,0.00,1941.00,0.00,98146.00,47.51,-122.35,780.00,5300.00
7970800100.00,20140527T000000,283200.00,4.00,2.50,1982.00,6406.00,2.00,0.00,0.00,3.00,8.00,1982.00,0.00,2004.00,0.00,98030.00,47.36,-122.19,2340.00,6501.00
8122600165.00,20141015T000000,273000.00,3.00,1.00,1500.00,6250.00,1.00,0.00,0.00,3.00,6.00,890.00,610.00,1945.00,0.00,98126.00,47.54,-122.37,1210.00,6250.00
686530110.00,20141215T000000,599000.00,5.00,2.25,2460.00,8710.00,1.00,0.00,0.00,4.00,8.00,1330.00,1130.00,1976.00,0.00,98052.00,47.67,-122.15,2460.00,8870.00
5151600530.00,20150423T000000,460000.00,4.00,2.50,2680.00,11998.00,1.00,0.00,3.00,3.00,8.00,1510.00,1170.00,1960.00,0.00,98003.00,47.34,-122.32,2680.00,12746.00
1926069192.00,20140509T000000,1157200.00,4.00,4.25,5860.00,52889.00,2.00,0.00,0.00,4.00,10.00,4910.00,950.00,1996.00,0.00,98072.00,47.72,-122.10,3320.00,39066.00
5649000150.00,20140610T000000,385000.00,4.00,1.75,1720.00,8750.00,1.00,0.00,0.00,3.00,7.00,860.00,860.00,1971.00,0.00,98034.00,47.73,-122.21,1790.00,8750.00
7812800775.00,20140910T000000,264250.00,3.00,1.00,1420.00,7420.00,1.50,0.00,0.00,3.00,6.00,1420.00,0.00,1944.00,0.00,98178.00,47.49,-122.24,1290.00,6600.00
2770604410.00,20141029T000000,608000.00,3.00,2.50,1760.00,1472.00,3.00,0.00,0.00,3.00,8.00,1640.00,120.00,2006.00,0.00,98119.00,47.65,-122.37,1760.00,5400.00
9485951510.00,20140915T000000,450000.00,3.00,2.50,2790.00,48994.00,2.00,0.00,0.00,4.00,9.00,2790.00,0.00,1984.00,0.00,98042.00,47.35,-122.09,2550.00,37834.00
1337800805.00,20140703T000000,1755000.00,3.00,2.00,2360.00,4800.00,2.00,0.00,0.00,3.00,9.00,2360.00,0.00,1909.00,2014.00,98112.00,47.63,-122.31,2260.00,4800.00
4059400265.00,20141114T000000,339950.00,5.00,2.00,1890.00,6050.00,2.00,0.00,0.00,4.00,7.00,1890.00,0.00,1944.00,0.00,98178.00,47.50,-122.24,1170.00,6050.00
993000100.00,20150410T000000,760000.00,6.00,3.75,3810.00,6150.00,2.00,0.00,0.00,4.00,8.00,3810.00,0.00,1977.00,0.00,98103.00,47.69,-122.34,1830.00,5125.00
2917200085.00,20150408T000000,350000.00,2.00,1.00,1160.00,5395.00,1.00,0.00,0.00,3.00,7.00,860.00,300.00,1940.00,0.00,98103.00,47.70,-122.35,1664.00,5363.00
3914000090.00,20150421T000000,541500.00,3.00,1.75,2320.00,55847.00,1.00,0.00,2.00,4.00,8.00,2320.00,0.00,1960.00,0.00,98001.00,47.31,-122.25,2400.00,26112.00
4157600150.00,20150327T000000,730000.00,6.00,2.75,3280.00,16449.00,1.00,0.00,0.00,4.00,7.00,1910.00,1370.00,1963.00,0.00,98007.00,47.59,-122.13,2550.00,9532.00
3624039111.00,20150429T000000,215000.00,3.00,1.00,980.00,5600.00,1.00,0.00,0.00,2.00,6.00,980.00,0.00,1949.00,0.00,98106.00,47.53,-122.36,1840.00,5302.00
8099900490.00,20140515T000000,420000.00,3.00,2.00,1640.00,9972.00,1.00,0.00,0.00,4.00,7.00,1640.00,0.00,1977.00,0.00,98075.00,47.58,-122.00,1680.00,10165.00
1687910100.00,20140530T000000,655000.00,4.00,2.25,2060.00,8470.00,1.00,0.00,0.00,3.00,8.00,1440.00,620.00,1983.00,0.00,98006.00,47.56,-122.12,2180.00,8978.00
5419800330.00,20150115T000000,240000.00,3.00,2.50,1500.00,10652.00,2.00,0.00,0.00,4.00,7.00,1500.00,0.00,1981.00,0.00,98031.00,47.40,-122.18,1610.00,7417.00
5035300085.00,20140602T000000,730000.00,4.00,2.00,2360.00,6000.00,1.00,0.00,0.00,5.00,7.00,1260.00,1100.00,1939.00,0.00,98199.00,47.65,-122.41,1720.00,6000.00
325059131.00,20141013T000000,390000.00,4.00,1.50,1940.00,12100.00,1.00,0.00,0.00,3.00,7.00,1940.00,0.00,1962.00,0.00,98033.00,47.69,-122.16,1380.00,12100.00
2201500450.00,20141028T000000,473000.00,3.00,1.00,1280.00,10000.00,1.00,0.00,0.00,4.00,7.00,1280.00,0.00,1954.00,0.00,98006.00,47.57,-122.14,1240.00,10000.00
3342101270.00,20150324T000000,698000.00,4.00,3.50,3630.00,5670.00,2.00,0.00,0.00,3.00,10.00,3630.00,0.00,1970.00,2008.00,98056.00,47.52,-122.21,1620.00,5400.00
3574750150.00,20140514T000000,511000.00,3.00,2.50,1820.00,4883.00,2.00,0.00,0.00,3.00,9.00,1820.00,0.00,2005.00,0.00,98028.00,47.74,-122.22,2720.00,5002.00
9828702055.00,20140508T000000,358000.00,2.00,1.50,960.00,1808.00,2.00,0.00,0.00,3.00,7.00,960.00,0.00,1993.00,0.00,98122.00,47.62,-122.30,1290.00,1668.00
2207100650.00,20150410T000000,499990.00,3.00,1.75,1630.00,8400.00,1.00,0.00,0.00,4.00,7.00,1060.00,570.00,1955.00,0.00,98007.00,47.60,-122.15,1630.00,7245.00
240000031.00,20150313T000000,322000.00,4.00,2.25,1940.00,10200.00,1.00,0.00,0.00,3.00,7.00,1360.00,580.00,1960.00,0.00,98188.00,47.43,-122.28,1940.00,10200.00
2953000300.00,20141008T000000,201000.00,3.00,1.00,980.00,9682.00,1.00,0.00,0.00,3.00,7.00,980.00,0.00,1969.00,0.00,98031.00,47.41,-122.21,1580.00,9682.00
6119700150.00,20141112T000000,765000.00,4.00,2.50,3140.00,16200.00,1.00,0.00,1.00,3.00,9.00,2570.00,570.00,1988.00,0.00,98166.00,47.44,-122.34,2530.00,13200.00
9274200365.00,20140606T000000,920000.00,4.00,2.75,2880.00,5750.00,1.50,0.00,0.00,5.00,9.00,1710.00,1170.00,1928.00,0.00,98116.00,47.59,-122.39,1640.00,5750.00
6187700501.00,20150415T000000,360000.00,4.00,2.00,1650.00,7552.00,1.00,0.00,0.00,4.00,7.00,860.00,790.00,1977.00,0.00,98155.00,47.78,-122.32,1410.00,7199.00
4137020910.00,20150507T000000,297300.00,3.00,1.75,1980.00,9220.00,2.00,0.00,0.00,3.00,8.00,1980.00,0.00,1987.00,0.00,98092.00,47.26,-122.22,2080.00,8305.00
1233100720.00,20140925T000000,399000.00,3.00,1.00,860.00,9403.00,1.00,0.00,0.00,4.00,6.00,860.00,0.00,1942.00,1990.00,98033.00,47.68,-122.17,2136.00,13009.00
3034200530.00,20140620T000000,400000.00,3.00,1.00,1430.00,10005.00,1.50,0.00,0.00,4.00,7.00,1430.00,0.00,1950.00,0.00,98133.00,47.72,-122.34,1720.00,8822.00
1463400081.00,20140827T000000,230000.00,3.00,1.75,1260.00,10164.00,1.00,0.00,0.00,4.00,6.00,1260.00,0.00,1964.00,0.00,98059.00,47.48,-122.13,1190.00,10640.00
1773101050.00,20150220T000000,290000.00,3.00,1.00,960.00,4560.00,1.00,0.00,0.00,4.00,7.00,960.00,0.00,1968.00,0.00,98106.00,47.55,-122.37,970.00,4800.00
1895450090.00,20150430T000000,323800.00,3.00,2.50,2060.00,7658.00,2.00,0.00,0.00,3.00,8.00,2060.00,0.00,2003.00,0.00,98023.00,47.29,-122.36,2250.00,7299.00
5101406384.00,20141020T000000,574500.00,4.00,1.50,1430.00,6380.00,1.50,0.00,0.00,4.00,9.00,1430.00,0.00,1930.00,0.00,98125.00,47.70,-122.31,1220.00,5112.00
6821102346.00,20140522T000000,505000.00,3.00,2.25,1670.00,1596.00,2.00,0.00,0.00,3.00,8.00,1220.00,450.00,2002.00,0.00,98199.00,47.65,-122.40,1670.00,1596.00
1926049210.00,20150422T000000,372500.00,2.00,1.00,880.00,10950.00,1.00,0.00,0.00,4.00,7.00,880.00,0.00,1944.00,0.00,98133.00,47.73,-122.35,1450.00,7560.00
1842200040.00,20140701T000000,425000.00,3.00,1.50,1300.00,19163.00,1.00,0.00,0.00,3.00,7.00,1300.00,0.00,1964.00,0.00,98052.00,47.67,-122.15,1590.00,9744.00
2623089002.00,20150416T000000,446250.00,3.00,2.50,2380.00,214315.00,1.50,0.00,0.00,3.00,9.00,2380.00,0.00,2000.00,0.00,98045.00,47.45,-121.75,2400.00,68824.00
4391600065.00,20140814T000000,330000.00,2.00,0.75,520.00,6862.00,1.00,0.00,0.00,4.00,4.00,520.00,0.00,1924.00,1980.00,98010.00,47.33,-122.04,1170.00,8756.00
3760500602.00,20150427T000000,608095.00,3.00,2.50,2680.00,17707.00,2.00,0.00,1.00,3.00,9.00,2680.00,0.00,1983.00,0.00,98034.00,47.70,-122.22,2840.00,21743.00
6071000265.00,20150125T000000,550000.00,3.00,2.50,2140.00,10136.00,1.00,0.00,0.00,3.00,8.00,1320.00,820.00,1958.00,0.00,98006.00,47.56,-122.18,1980.00,11200.00
3222059206.00,20140828T000000,265000.00,4.00,2.50,1820.00,16103.00,2.00,0.00,0.00,3.00,7.00,1820.00,0.00,2004.00,0.00,98030.00,47.36,-122.20,2120.00,21277.00
3034200933.00,20140619T000000,399888.00,4.00,2.25,1820.00,8255.00,1.50,0.00,0.00,4.00,7.00,1320.00,500.00,1930.00,0.00,98133.00,47.72,-122.34,1550.00,7628.00
2028701165.00,20140627T000000,430000.00,2.00,1.00,1050.00,2570.00,1.00,0.00,0.00,5.00,7.00,850.00,200.00,1927.00,0.00,98117.00,47.68,-122.37,1080.00,2800.00
5634500234.00,20150513T000000,554990.00,3.00,2.50,2100.00,6092.00,2.00,0.00,0.00,3.00,8.00,2100.00,0.00,2013.00,0.00,98028.00,47.75,-122.24,2250.00,8592.00
2310100180.00,20141107T000000,359950.00,3.00,2.50,2210.00,6280.00,2.00,0.00,0.00,3.00,8.00,2210.00,0.00,2003.00,0.00,98038.00,47.35,-122.04,2250.00,5972.00
2767600921.00,20140623T000000,405000.00,2.00,1.00,860.00,2599.00,1.00,0.00,0.00,4.00,6.00,860.00,0.00,1901.00,0.00,98107.00,47.68,-122.38,1300.00,3900.00
8835200790.00,20150406T000000,280000.00,2.00,1.00,870.00,4025.00,1.00,0.00,0.00,3.00,7.00,870.00,0.00,1981.00,0.00,98034.00,47.72,-122.16,1370.00,3488.00
2473000410.00,20150408T000000,479950.00,4.00,2.25,2570.00,11070.00,2.00,0.00,0.00,4.00,8.00,2570.00,0.00,1966.00,0.00,98058.00,47.45,-122.15,2210.00,9600.00
3286800110.00,20140904T000000,575000.00,5.00,1.75,2980.00,53578.00,1.00,0.00,0.00,4.00,9.00,2230.00,750.00,1976.00,0.00,98027.00,47.49,-122.06,2860.00,75546.00
1402600110.00,20150226T000000,392000.00,4.00,2.25,2360.00,7733.00,2.00,0.00,0.00,3.00,8.00,2360.00,0.00,1983.00,0.00,98058.00,47.44,-122.14,2160.00,7733.00
1126059170.00,20150225T000000,760500.00,4.00,2.25,2310.00,36136.00,2.00,0.00,0.00,4.00,9.00,2310.00,0.00,1977.00,0.00,98072.00,47.75,-122.12,3930.00,36136.00
8035350090.00,20140616T000000,435000.00,3.00,2.50,2300.00,9521.00,2.00,0.00,0.00,3.00,8.00,2300.00,0.00,2003.00,0.00,98019.00,47.74,-121.98,3020.00,10042.00
4389200753.00,20140819T000000,1565000.00,4.00,2.75,2810.00,8570.00,2.00,0.00,0.00,3.00,10.00,2810.00,0.00,1993.00,0.00,98004.00,47.62,-122.21,2810.00,9621.00
6818400110.00,20141203T000000,261000.00,4.00,1.50,2040.00,10488.00,1.00,0.00,0.00,3.00,7.00,1190.00,850.00,1961.00,0.00,98188.00,47.46,-122.27,1960.00,10488.00
4217401035.00,20150507T000000,1482500.00,3.00,2.25,3290.00,5000.00,2.00,0.00,0.00,3.00,9.00,2730.00,560.00,1939.00,0.00,98105.00,47.66,-122.28,2340.00,4000.00
1683400165.00,20150430T000000,853800.00,7.00,4.00,2960.00,2665.00,2.00,0.00,0.00,3.00,9.00,1950.00,1010.00,1927.00,2013.00,98144.00,47.58,-122.31,1970.00,4410.00
1939120450.00,20140522T000000,657500.00,3.00,2.50,2670.00,10496.00,2.00,0.00,0.00,3.00,9.00,2670.00,0.00,1989.00,0.00,98074.00,47.63,-122.03,2490.00,8636.00
4137010530.00,20140504T000000,331950.00,4.00,2.50,2530.00,9933.00,2.00,0.00,2.00,3.00,8.00,2010.00,520.00,1990.00,0.00,98092.00,47.27,-122.22,2140.00,9933.00
2624039133.00,20140611T000000,514000.00,3.00,1.75,1720.00,5899.00,1.00,0.00,1.00,3.00,8.00,1220.00,500.00,1986.00,0.00,98136.00,47.54,-122.39,1900.00,6244.00
2794700120.00,20140912T000000,496000.00,3.00,3.50,3090.00,27598.00,2.00,0.00,2.00,4.00,9.00,2020.00,1070.00,1995.00,0.00,98070.00,47.35,-122.45,2180.00,17085.00
2944010210.00,20150218T000000,1093000.00,4.00,2.50,3930.00,21894.00,2.00,0.00,0.00,3.00,11.00,3930.00,0.00,1987.00,0.00,98052.00,47.72,-122.13,3930.00,20000.00
8651443360.00,20141106T000000,195700.00,3.00,1.00,1120.00,5200.00,1.00,0.00,0.00,5.00,7.00,1120.00,0.00,1976.00,0.00,98042.00,47.36,-122.09,1690.00,5200.00
1338300180.00,20140729T000000,1395710.00,4.00,2.25,3960.00,8640.00,2.00,0.00,2.00,3.00,9.00,2630.00,1330.00,1925.00,0.00,98112.00,47.63,-122.30,3850.00,8640.00
624110540.00,20141205T000000,1175000.00,4.00,3.25,4060.00,20822.00,2.00,0.00,0.00,3.00,10.00,4060.00,0.00,1991.00,0.00,98077.00,47.72,-122.06,4170.00,23958.00
4039700090.00,20140923T000000,643403.00,3.00,2.50,2350.00,9648.00,1.00,0.00,0.00,4.00,9.00,2350.00,0.00,1966.00,0.00,98008.00,47.62,-122.11,2320.00,10512.00
6752601110.00,20140512T000000,357000.00,4.00,2.50,2380.00,7066.00,2.00,0.00,0.00,4.00,7.00,2380.00,0.00,1997.00,0.00,98031.00,47.40,-122.17,2310.00,8127.00
8861000210.00,20150408T000000,865000.00,3.00,1.75,1480.00,8163.00,1.00,0.00,0.00,3.00,7.00,1040.00,440.00,1953.00,0.00,98004.00,47.64,-122.21,2170.00,11124.00
1088700100.00,20141118T000000,905000.00,3.00,2.50,2930.00,9280.00,2.00,0.00,0.00,4.00,10.00,2930.00,0.00,1988.00,0.00,98007.00,47.63,-122.15,2730.00,10090.00
7893207925.00,20141022T000000,265000.00,3.00,1.50,1290.00,7100.00,1.00,0.00,0.00,3.00,6.00,1290.00,0.00,1954.00,0.00,98198.00,47.42,-122.33,1300.00,7183.00
3449820100.00,20141224T000000,535000.00,2.00,2.50,2730.00,7246.00,2.00,0.00,0.00,3.00,9.00,2730.00,0.00,1998.00,0.00,98056.00,47.51,-122.18,3220.00,7214.00
1588600110.00,20140811T000000,450000.00,3.00,1.00,1290.00,5440.00,1.00,0.00,0.00,4.00,6.00,790.00,500.00,1929.00,0.00,98117.00,47.70,-122.37,1220.00,5464.00
8079040300.00,20150218T000000,460500.00,4.00,2.50,2170.00,7533.00,2.00,0.00,0.00,3.00,8.00,2170.00,0.00,1991.00,0.00,98059.00,47.51,-122.15,2170.00,8728.00
7390400026.00,20141124T000000,315000.00,4.00,1.75,1850.00,8580.00,1.00,0.00,0.00,3.00,7.00,1140.00,710.00,1960.00,0.00,98178.00,47.49,-122.24,2210.00,9240.00
2425059144.00,20150213T000000,607500.00,4.00,2.50,2110.00,13939.00,1.00,0.00,0.00,3.00,8.00,1270.00,840.00,1978.00,0.00,98008.00,47.64,-122.11,2140.00,8882.00
7821200375.00,20150126T000000,432000.00,2.00,1.00,960.00,3235.00,1.00,0.00,0.00,4.00,7.00,960.00,0.00,1916.00,0.00,98103.00,47.66,-122.34,1290.00,2069.00
1370800700.00,20150209T000000,1695000.00,3.00,4.00,3910.00,5350.00,2.00,0.00,2.00,5.00,10.00,2610.00,1300.00,1933.00,0.00,98199.00,47.64,-122.41,2890.00,5350.00
8857640710.00,20140820T000000,479000.00,4.00,2.50,2590.00,6139.00,2.00,0.00,0.00,3.00,8.00,2590.00,0.00,2001.00,0.00,98038.00,47.39,-122.04,2410.00,6139.00
9558020240.00,20150320T000000,475000.00,5.00,2.75,3080.00,6600.00,2.00,0.00,0.00,3.00,9.00,3080.00,0.00,2002.00,0.00,98058.00,47.45,-122.12,3080.00,6600.00
3834000400.00,20141119T000000,415000.00,3.00,1.00,1630.00,8146.00,1.00,0.00,0.00,3.00,7.00,1630.00,0.00,1952.00,0.00,98125.00,47.73,-122.29,1480.00,8146.00
461002050.00,20140826T000000,450000.00,2.00,1.00,910.00,5000.00,1.00,0.00,0.00,4.00,6.00,910.00,0.00,1914.00,0.00,98117.00,47.68,-122.37,1480.00,5000.00
724069065.00,20140703T000000,1140000.00,3.00,2.50,2780.00,33503.00,1.50,0.00,1.00,4.00,8.00,2110.00,670.00,1969.00,0.00,98075.00,47.58,-122.08,3150.00,15542.00
4307351180.00,20140915T000000,430000.00,5.00,3.00,3880.00,8432.00,2.00,0.00,0.00,3.00,7.00,3880.00,0.00,2004.00,0.00,98056.00,47.48,-122.18,2620.00,5623.00
984100340.00,20140903T000000,296000.00,3.00,1.75,1360.00,10742.00,1.00,0.00,0.00,5.00,7.00,960.00,400.00,1971.00,0.00,98058.00,47.44,-122.17,1830.00,9000.00
8159620260.00,20140711T000000,303000.00,4.00,2.25,2560.00,8927.00,1.00,0.00,0.00,3.00,7.00,1790.00,770.00,1976.00,0.00,98001.00,47.34,-122.27,1920.00,9669.00
7559600200.00,20141021T000000,641000.00,4.00,2.50,2600.00,6015.00,2.00,0.00,0.00,3.00,8.00,2600.00,0.00,2004.00,0.00,98075.00,47.60,-122.03,2910.00,5305.00
1995200320.00,20150210T000000,280000.00,3.00,2.25,1220.00,5739.00,1.00,0.00,0.00,3.00,7.00,790.00,430.00,1984.00,0.00,98115.00,47.70,-122.33,1870.00,5739.00
4223000140.00,20140805T000000,260750.00,3.00,2.00,1560.00,9635.00,1.00,0.00,0.00,3.00,7.00,1260.00,300.00,1966.00,0.00,98003.00,47.34,-122.31,1570.00,8276.00
7215730200.00,20141119T000000,601000.00,4.00,2.50,2080.00,5191.00,2.00,0.00,0.00,3.00,8.00,2080.00,0.00,2001.00,0.00,98075.00,47.60,-122.02,2170.00,5518.00
1900600105.00,20140828T000000,255000.00,3.00,1.50,1490.00,6604.00,1.00,0.00,0.00,4.00,6.00,1490.00,0.00,1918.00,0.00,98166.00,47.47,-122.35,1330.00,6604.00
8644300200.00,20140605T000000,555000.00,4.00,2.75,2020.00,10720.00,1.00,0.00,0.00,4.00,8.00,1420.00,600.00,1976.00,0.00,98052.00,47.64,-122.10,2190.00,10164.00
3262301610.00,20141118T000000,865000.00,3.00,1.50,1530.00,10827.00,1.00,0.00,0.00,4.00,8.00,1530.00,0.00,1955.00,0.00,98039.00,47.64,-122.23,2050.00,10827.00
524059250.00,20140922T000000,1388000.00,4.00,2.50,3450.00,17400.00,1.50,0.00,0.00,4.00,9.00,2180.00,1270.00,1964.00,0.00,98004.00,47.60,-122.21,3770.00,19530.00
8594400350.00,20140520T000000,315000.00,3.00,2.25,1400.00,31626.00,1.00,0.00,0.00,2.00,7.00,1140.00,260.00,1987.00,0.00,98092.00,47.30,-122.07,1680.00,35093.00
4031000260.00,20140606T000000,200000.00,2.00,1.00,1730.00,9610.00,1.00,0.00,0.00,3.00,7.00,1380.00,350.00,1962.00,0.00,98001.00,47.30,-122.29,1310.00,9812.00
1454100260.00,20141117T000000,357000.00,3.00,1.00,1370.00,6450.00,1.00,0.00,0.00,3.00,7.00,1370.00,0.00,1948.00,0.00,98125.00,47.72,-122.29,1550.00,6898.00
1934800138.00,20141204T000000,390000.00,2.00,1.50,1050.00,934.00,2.00,0.00,0.00,3.00,8.00,960.00,90.00,2007.00,0.00,98122.00,47.60,-122.31,1470.00,1885.00
9508500075.00,20140729T000000,462000.00,5.00,1.75,2840.00,10220.00,1.00,0.00,0.00,4.00,7.00,2210.00,630.00,1954.00,0.00,98177.00,47.76,-122.36,2000.00,9750.00
2946003415.00,20140516T000000,174500.00,2.00,1.00,1010.00,5200.00,1.00,0.00,0.00,3.00,7.00,1010.00,0.00,1955.00,0.00,98198.00,47.42,-122.32,1580.00,7500.00
1926049326.00,20150210T000000,305000.00,2.00,1.00,1210.00,7140.00,1.50,0.00,0.00,3.00,6.00,1210.00,0.00,1921.00,0.00,98133.00,47.72,-122.35,1150.00,7376.00
7655900187.00,20150205T000000,449000.00,5.00,1.75,1720.00,14040.00,1.00,0.00,0.00,4.00,8.00,1150.00,570.00,1956.00,0.00,98133.00,47.74,-122.34,1750.00,7800.00
7452500565.00,20140829T000000,260000.00,3.00,2.00,2710.00,5000.00,2.00,0.00,0.00,3.00,6.00,2710.00,0.00,1951.00,0.00,98126.00,47.52,-122.37,850.00,5000.00
2871000400.00,20140512T000000,751000.00,4.00,2.50,3110.00,6142.00,2.00,0.00,0.00,3.00,9.00,3110.00,0.00,2004.00,0.00,98052.00,47.70,-122.11,3200.00,6826.00
6150200060.00,20150401T000000,370037.00,2.00,1.00,1250.00,9270.00,1.00,0.00,0.00,4.00,7.00,1250.00,0.00,1948.00,0.00,98133.00,47.73,-122.34,1130.00,6800.00
3668000830.00,20140825T000000,229950.00,3.00,1.75,1900.00,8910.00,2.00,0.00,0.00,4.00,7.00,1900.00,0.00,1988.00,0.00,98092.00,47.28,-122.15,1610.00,8586.00
2473460060.00,20150422T000000,349000.00,3.00,1.75,1740.00,7682.00,1.00,0.00,0.00,3.00,8.00,1330.00,410.00,1978.00,0.00,98058.00,47.45,-122.13,2010.00,8820.00
9558021000.00,20150120T000000,348000.00,4.00,2.50,2070.00,3808.00,2.00,0.00,0.00,3.00,8.00,2070.00,0.00,2003.00,0.00,98058.00,47.45,-122.12,1900.00,2992.00
1250201610.00,20150417T000000,1220000.00,3.00,3.25,3030.00,5600.00,2.00,0.00,2.00,3.00,9.00,2220.00,810.00,1905.00,2005.00,98144.00,47.60,-122.29,2040.00,6600.00
1321720160.00,20150102T000000,510000.00,4.00,3.00,3610.00,18948.00,2.00,0.00,0.00,3.00,10.00,3610.00,0.00,1993.00,0.00,98023.00,47.29,-122.34,3568.00,18948.00
5029450200.00,20150323T000000,265000.00,3.00,1.50,1520.00,6805.00,1.00,0.00,0.00,4.00,7.00,1040.00,480.00,1981.00,0.00,98023.00,47.29,-122.37,1440.00,7041.00
723000226.00,20141028T000000,1250000.00,3.00,2.75,2780.00,4815.00,3.00,0.00,2.00,3.00,10.00,2780.00,0.00,1974.00,0.00,98105.00,47.66,-122.29,2820.00,5000.00
225079036.00,20150107T000000,937500.00,4.00,4.00,5545.00,871200.00,2.00,0.00,0.00,3.00,11.00,3605.00,1940.00,2003.00,0.00,98014.00,47.68,-121.88,3420.00,871200.00
5255700160.00,20140805T000000,485000.00,3.00,1.75,2590.00,8384.00,1.00,0.00,0.00,4.00,8.00,1590.00,1000.00,1971.00,0.00,98011.00,47.77,-122.20,2590.00,8800.00
5683500030.00,20150320T000000,489000.00,4.00,1.00,1150.00,5217.00,1.50,0.00,0.00,3.00,7.00,1150.00,0.00,1951.00,0.00,98115.00,47.68,-122.29,1220.00,5217.00
312000295.00,20150122T000000,400000.00,2.00,1.00,920.00,5120.00,1.00,0.00,0.00,5.00,7.00,920.00,0.00,1952.00,0.00,98136.00,47.56,-122.39,1190.00,5120.00
9510970520.00,20140616T000000,638000.00,3.00,2.50,2110.00,3600.00,2.00,0.00,0.00,3.00,9.00,2110.00,0.00,2005.00,0.00,98052.00,47.67,-122.08,2540.00,4384.00
193600200.00,20140619T000000,440000.00,3.00,1.75,1170.00,8740.00,1.00,0.00,0.00,4.00,7.00,1170.00,0.00,1968.00,0.00,98052.00,47.68,-122.12,1870.00,8448.00
2568300045.00,20140625T000000,305000.00,6.00,2.00,1900.00,8240.00,1.00,0.00,0.00,2.00,7.00,1200.00,700.00,1964.00,0.00,98125.00,47.70,-122.30,1900.00,8240.00
2568300045.00,20150319T000000,649950.00,6.00,2.00,1900.00,8240.00,1.00,0.00,0.00,2.00,7.00,1200.00,700.00,1964.00,0.00,98125.00,47.70,-122.30,1900.00,8240.00
8691410310.00,20150213T000000,680000.00,4.00,2.50,3290.00,6012.00,2.00,0.00,0.00,3.00,9.00,3290.00,0.00,2005.00,0.00,98075.00,47.60,-121.98,3210.00,6005.00
1656600310.00,20140714T000000,629000.00,4.00,2.50,2660.00,22050.00,2.00,0.00,0.00,3.00,9.00,2660.00,0.00,1996.00,0.00,98059.00,47.49,-122.13,3060.00,21111.00
3904940160.00,20140904T000000,555000.00,3.00,2.50,2160.00,7584.00,2.00,0.00,0.00,3.00,8.00,2160.00,0.00,1988.00,0.00,98029.00,47.58,-122.01,2160.00,7372.00
1774200060.00,20140617T000000,669000.00,4.00,2.75,2700.00,35362.00,2.00,0.00,0.00,5.00,8.00,2700.00,0.00,1976.00,0.00,98077.00,47.76,-122.09,2810.00,35915.00
4137070030.00,20140808T000000,272000.00,3.00,2.50,1980.00,6608.00,2.00,0.00,0.00,3.00,8.00,1980.00,0.00,1994.00,0.00,98092.00,47.26,-122.21,2150.00,7495.00
2144800117.00,20140626T000000,270000.00,4.00,2.25,2600.00,9900.00,1.00,0.00,0.00,3.00,7.00,1600.00,1000.00,1965.00,0.00,98178.00,47.49,-122.24,1770.00,11250.00
3392100140.00,20150106T000000,215000.00,3.00,1.00,1280.00,9775.00,1.00,0.00,0.00,3.00,6.00,1280.00,0.00,1964.00,0.00,98003.00,47.33,-122.33,1230.00,8750.00
2581900060.00,20150402T000000,690000.00,3.00,1.50,1710.00,17707.00,1.00,0.00,0.00,4.00,7.00,1180.00,530.00,1947.00,0.00,98040.00,47.54,-122.22,2590.00,9508.00
4058801230.00,20150305T000000,256000.00,4.00,1.75,1270.00,6825.00,1.00,0.00,2.00,3.00,7.00,1270.00,0.00,1950.00,0.00,98178.00,47.51,-122.24,1800.00,6930.00
2787320140.00,20150324T000000,255000.00,3.00,2.25,1890.00,7314.00,1.00,0.00,0.00,3.00,7.00,1100.00,790.00,1981.00,0.00,98031.00,47.41,-122.17,1520.00,7676.00
263000324.00,20140513T000000,550000.00,7.00,4.00,3440.00,8100.00,2.00,0.00,0.00,3.00,7.00,3440.00,0.00,1970.00,0.00,98103.00,47.70,-122.35,1420.00,1560.00
254000695.00,20150508T000000,410000.00,3.00,1.00,1190.00,5280.00,1.00,0.00,0.00,4.00,7.00,1190.00,0.00,1957.00,0.00,98146.00,47.51,-122.38,1280.00,5280.00
3013300830.00,20141106T000000,410000.00,2.00,1.00,1030.00,4366.00,1.00,0.00,0.00,3.00,7.00,1030.00,0.00,1912.00,0.00,98136.00,47.53,-122.38,1890.00,4499.00
2475201070.00,20140716T000000,259000.00,3.00,1.75,1240.00,4000.00,1.00,0.00,0.00,3.00,7.00,1240.00,0.00,1986.00,0.00,98055.00,47.47,-122.19,1570.00,4586.00
798000421.00,20150327T000000,292000.00,3.00,1.00,1730.00,21183.00,1.00,0.00,0.00,3.00,7.00,1030.00,700.00,1955.00,0.00,98168.00,47.50,-122.33,1610.00,13000.00
4104500181.00,20140812T000000,1648000.00,4.00,3.50,4610.00,12500.00,2.00,0.00,2.00,3.00,11.00,4610.00,0.00,2003.00,0.00,98033.00,47.65,-122.20,2340.00,11538.00
8701600030.00,20141113T000000,518000.00,5.00,1.00,1590.00,5000.00,1.50,0.00,0.00,3.00,7.00,1190.00,400.00,1929.00,0.00,98116.00,47.58,-122.38,1590.00,5000.00
8944360390.00,20150305T000000,485000.00,3.00,2.50,1760.00,3097.00,2.00,0.00,0.00,3.00,8.00,1760.00,0.00,1992.00,0.00,98029.00,47.58,-122.00,1760.00,3285.00
7968460270.00,20150303T000000,259500.00,3.00,2.00,1330.00,35060.00,1.00,0.00,0.00,3.00,7.00,1330.00,0.00,1989.00,0.00,98092.00,47.31,-122.13,1660.00,35100.00
9406570350.00,20150423T000000,354000.00,4.00,2.50,2340.00,5420.00,2.00,0.00,0.00,3.00,8.00,2340.00,0.00,2003.00,0.00,98038.00,47.38,-122.03,2420.00,6252.00
686900030.00,20150323T000000,999950.00,3.00,2.25,3740.00,22464.00,2.00,0.00,0.00,5.00,8.00,2330.00,1410.00,1966.00,0.00,98004.00,47.64,-122.20,2680.00,19564.00
6071300030.00,20140624T000000,464500.00,3.00,1.75,1150.00,10466.00,1.00,0.00,0.00,5.00,7.00,1150.00,0.00,1959.00,0.00,98006.00,47.55,-122.18,1350.00,10384.00
5416500520.00,20140825T000000,300000.00,3.00,2.50,1750.00,4200.00,2.00,0.00,0.00,3.00,7.00,1750.00,0.00,2005.00,0.00,98038.00,47.36,-122.04,1890.00,4048.00
1102000270.00,20140701T000000,1080000.00,3.00,2.75,3890.00,7216.00,2.00,0.00,1.00,3.00,8.00,3260.00,630.00,1967.00,2010.00,98118.00,47.54,-122.27,2490.00,9920.00
5422430320.00,20140721T000000,309950.00,4.00,2.50,1770.00,6666.00,2.00,0.00,0.00,3.00,7.00,1770.00,0.00,1989.00,0.00,98023.00,47.29,-122.35,1780.00,6666.00
3157600340.00,20140917T000000,315000.00,3.00,1.00,1160.00,3700.00,1.50,0.00,0.00,3.00,7.00,1160.00,0.00,1909.00,0.00,98106.00,47.57,-122.36,1340.00,3750.00
2061100435.00,20140724T000000,499950.00,3.00,1.00,1440.00,5580.00,1.50,0.00,0.00,3.00,7.00,1440.00,0.00,1908.00,0.00,98115.00,47.69,-122.33,2010.00,5580.00
7011201550.00,20140707T000000,780000.00,4.00,2.00,2600.00,4800.00,1.00,0.00,2.00,3.00,8.00,1400.00,1200.00,1953.00,0.00,98119.00,47.64,-122.37,2050.00,3505.00
2581300055.00,20141121T000000,885000.00,3.00,3.25,2640.00,16090.00,1.00,0.00,2.00,4.00,8.00,1960.00,680.00,1976.00,0.00,98040.00,47.54,-122.21,3690.00,15000.00
1344300045.00,20140507T000000,500000.00,2.00,1.00,1010.00,3885.00,1.50,0.00,0.00,4.00,7.00,1010.00,0.00,1906.00,1990.00,98112.00,47.62,-122.30,1770.00,4200.00
7575620640.00,20141219T000000,329000.00,3.00,2.00,1840.00,6755.00,1.00,0.00,2.00,3.00,8.00,1840.00,0.00,1989.00,0.00,98003.00,47.35,-122.31,1790.00,6459.00
8645500270.00,20141028T000000,246000.00,4.00,1.75,1720.00,7455.00,1.00,0.00,0.00,4.00,7.00,1020.00,700.00,1963.00,0.00,98058.00,47.47,-122.18,1720.00,7700.00
1246700136.00,20141223T000000,405000.00,3.00,1.50,1280.00,9600.00,1.00,0.00,0.00,4.00,7.00,1280.00,0.00,1960.00,0.00,98033.00,47.69,-122.16,1510.00,10005.00
3211100240.00,20140529T000000,349000.00,4.00,1.75,1700.00,7800.00,1.00,0.00,0.00,5.00,7.00,1120.00,580.00,1981.00,0.00,98059.00,47.48,-122.16,1560.00,7800.00
8078100140.00,20150323T000000,374950.00,4.00,2.50,1980.00,12062.00,2.00,0.00,0.00,3.00,8.00,1980.00,0.00,1992.00,0.00,98031.00,47.40,-122.17,2300.00,7902.00
6675500105.00,20140729T000000,306000.00,3.00,2.00,1160.00,7217.00,1.00,0.00,0.00,3.00,7.00,1160.00,0.00,1969.00,0.00,98034.00,47.73,-122.23,1870.00,9104.00
4040700310.00,20140805T000000,416000.00,4.00,1.75,1980.00,7840.00,1.00,0.00,0.00,4.00,7.00,990.00,990.00,1961.00,0.00,98008.00,47.62,-122.12,1520.00,8400.00
6388910160.00,20140623T000000,560000.00,3.00,2.50,1960.00,12476.00,2.00,0.00,0.00,4.00,8.00,1960.00,0.00,1989.00,0.00,98056.00,47.53,-122.17,2450.00,12177.00
4023500990.00,20140617T000000,260000.00,3.00,1.50,1270.00,20700.00,1.00,0.00,0.00,2.00,7.00,1150.00,120.00,1948.00,0.00,98155.00,47.76,-122.30,1990.00,15000.00
2921049121.00,20140516T000000,306500.00,3.00,2.25,2060.00,38377.00,1.00,0.00,0.00,4.00,8.00,1560.00,500.00,1978.00,0.00,98003.00,47.28,-122.32,2080.00,60513.00
7229210060.00,20141211T000000,299950.00,3.00,1.75,1980.00,11274.00,1.00,0.00,0.00,4.00,7.00,1480.00,500.00,1968.00,0.00,98058.00,47.45,-122.17,1520.00,8010.00
4137040060.00,20150406T000000,265500.00,3.00,2.50,1450.00,8977.00,1.00,0.00,0.00,3.00,8.00,1450.00,0.00,1990.00,0.00,98092.00,47.26,-122.21,2410.00,8850.00
7982600030.00,20140812T000000,219000.00,3.00,1.50,1200.00,12000.00,1.00,0.00,0.00,3.00,7.00,1200.00,0.00,1986.00,0.00,98001.00,47.27,-122.25,1200.00,9405.00
1775930140.00,20150505T000000,365000.00,3.00,1.75,1830.00,17349.00,1.00,0.00,0.00,3.00,8.00,1230.00,600.00,1977.00,0.00,98072.00,47.74,-122.11,1840.00,11694.00
3222079083.00,20140514T000000,499000.00,3.00,2.00,2090.00,42689.00,1.50,0.00,0.00,3.00,7.00,2090.00,0.00,1959.00,1998.00,98010.00,47.35,-121.94,1890.00,18276.00
3585210200.00,20140602T000000,366000.00,3.00,1.75,1510.00,8301.00,1.00,0.00,0.00,3.00,7.00,1510.00,0.00,1967.00,0.00,98034.00,47.72,-122.22,1460.00,7910.00
2705600069.00,20150501T000000,514950.00,3.00,2.25,1310.00,1264.00,3.00,0.00,0.00,3.00,8.00,1310.00,0.00,2014.00,0.00,98117.00,47.70,-122.37,1330.00,2183.00
8691360200.00,20140604T000000,875000.00,4.00,2.75,3790.00,10669.00,2.00,0.00,0.00,3.00,10.00,3790.00,0.00,1999.00,0.00,98075.00,47.60,-121.98,3750.00,11634.00
9541600350.00,20150120T000000,831000.00,3.00,2.25,2240.00,8800.00,1.00,0.00,0.00,5.00,8.00,2240.00,0.00,1957.00,0.00,98005.00,47.59,-122.17,2240.00,8800.00
8562740400.00,20140515T000000,689900.00,4.00,3.25,2740.00,7266.00,2.00,0.00,0.00,3.00,9.00,2060.00,680.00,2003.00,0.00,98027.00,47.53,-122.07,3030.00,6546.00
705700960.00,20140724T000000,315000.00,3.00,2.50,1660.00,10763.00,2.00,0.00,0.00,3.00,7.00,1660.00,0.00,1994.00,0.00,98038.00,47.38,-122.03,2010.00,7983.00
3374500520.00,20150429T000000,355000.00,0.00,0.00,2460.00,8049.00,2.00,0.00,0.00,3.00,8.00,2460.00,0.00,1990.00,0.00,98031.00,47.41,-122.17,2520.00,8050.00
2645500013.00,20140624T000000,336500.00,3.00,1.00,1480.00,7284.00,1.00,0.00,0.00,3.00,7.00,970.00,510.00,1963.00,0.00,98133.00,47.78,-122.35,2020.00,7920.00
5318100200.00,20140527T000000,1100000.00,3.00,2.75,2640.00,4050.00,1.50,0.00,0.00,5.00,8.00,1750.00,890.00,1926.00,0.00,98112.00,47.63,-122.28,1920.00,3600.00
2224700045.00,20140804T000000,375000.00,6.00,2.00,1900.00,8057.00,1.00,0.00,0.00,4.00,7.00,1170.00,730.00,1959.00,0.00,98133.00,47.76,-122.34,2090.00,8626.00
4047200135.00,20140811T000000,289275.00,3.00,2.00,2860.00,24046.00,1.00,0.00,0.00,3.00,9.00,1700.00,1160.00,1985.00,0.00,98019.00,47.77,-121.90,1460.00,13648.00
2009000830.00,20140708T000000,455000.00,4.00,3.50,3440.00,6000.00,2.00,0.00,0.00,4.00,8.00,3440.00,0.00,2002.00,0.00,98198.00,47.41,-122.33,1660.00,7800.00
6619910240.00,20140625T000000,505000.00,3.00,1.75,1640.00,10695.00,1.00,0.00,2.00,3.00,8.00,1640.00,0.00,1975.00,0.00,98034.00,47.71,-122.22,2790.00,9775.00
5288200070.00,20140730T000000,450000.00,3.00,1.00,1450.00,3350.00,1.50,0.00,0.00,4.00,7.00,1450.00,0.00,1919.00,0.00,98126.00,47.56,-122.38,1340.00,4255.00
7852110070.00,20140608T000000,567500.00,3.00,2.50,2300.00,7398.00,2.00,0.00,0.00,3.00,8.00,2300.00,0.00,2001.00,0.00,98065.00,47.54,-121.88,2580.00,6983.00
740500070.00,20141006T000000,265000.00,3.00,1.50,1460.00,8505.00,1.00,0.00,0.00,4.00,7.00,1460.00,0.00,1955.00,0.00,98055.00,47.44,-122.20,1580.00,8505.00
4046601420.00,20141230T000000,340000.00,3.00,2.00,1570.00,14992.00,1.00,0.00,0.00,3.00,8.00,1570.00,0.00,2001.00,0.00,98014.00,47.70,-121.92,1640.00,15000.00
2130700860.00,20150430T000000,375000.00,3.00,2.00,1540.00,8885.00,1.50,0.00,0.00,5.00,6.00,1540.00,0.00,1939.00,0.00,98019.00,47.74,-121.98,1730.00,5000.00
3975400045.00,20141226T000000,920000.00,6.00,3.00,3300.00,4218.00,2.00,0.00,0.00,3.00,8.00,2200.00,1100.00,1970.00,0.00,98103.00,47.66,-122.34,1420.00,4218.00
5451200520.00,20140612T000000,850000.00,4.00,2.25,2130.00,11843.00,2.00,0.00,0.00,4.00,9.00,2130.00,0.00,1972.00,0.00,98040.00,47.54,-122.23,2380.00,11643.00
6600400270.00,20141210T000000,202000.00,3.00,1.00,1010.00,9750.00,1.00,0.00,0.00,5.00,7.00,1010.00,0.00,1969.00,0.00,98042.00,47.32,-122.14,1230.00,9750.00
624100990.00,20140929T000000,725000.00,4.00,3.00,2420.00,12000.00,1.00,0.00,0.00,3.00,9.00,2420.00,0.00,1984.00,0.00,98077.00,47.73,-122.06,3100.00,13020.00
2424059139.00,20150206T000000,900000.00,3.00,3.25,3870.00,33980.00,2.00,0.00,0.00,3.00,10.00,3150.00,720.00,1991.00,0.00,98006.00,47.56,-122.12,3590.00,10750.00
2883200875.00,20150206T000000,680200.00,2.00,1.50,1960.00,6000.00,1.00,0.00,0.00,3.00,8.00,1210.00,750.00,1951.00,0.00,98103.00,47.68,-122.33,2060.00,6000.00
1917300105.00,20150414T000000,216500.00,3.00,1.00,1170.00,9000.00,1.00,0.00,0.00,4.00,6.00,1170.00,0.00,1918.00,0.00,98022.00,47.21,-121.99,1280.00,8160.00
7203000200.00,20141212T000000,325000.00,3.00,1.50,1890.00,7650.00,1.00,0.00,0.00,5.00,7.00,1890.00,0.00,1966.00,0.00,98003.00,47.35,-122.31,1510.00,7560.00
9510971070.00,20140812T000000,675000.00,3.00,2.50,2250.00,4134.00,2.00,0.00,0.00,3.00,9.00,2250.00,0.00,2004.00,0.00,98052.00,47.67,-122.08,2390.00,4134.00
3760500240.00,20150512T000000,435000.00,2.00,0.75,750.00,16321.00,1.00,0.00,1.00,3.00,4.00,750.00,0.00,1936.00,0.00,98034.00,47.70,-122.23,3020.00,10625.00
4068300160.00,20150122T000000,263500.00,3.00,1.75,1610.00,14000.00,1.00,0.00,0.00,4.00,7.00,1050.00,560.00,1977.00,0.00,98010.00,47.34,-122.04,1550.00,10080.00
1774220070.00,20150507T000000,550000.00,4.00,2.25,2590.00,36256.00,2.00,0.00,0.00,3.00,8.00,2590.00,0.00,1978.00,0.00,98077.00,47.77,-122.09,2670.00,35657.00
1563102685.00,20150422T000000,875000.00,3.00,2.50,2520.00,3750.00,2.00,0.00,1.00,4.00,9.00,2520.00,0.00,1995.00,0.00,98116.00,47.57,-122.40,2250.00,6200.00
395800370.00,20150411T000000,246600.00,4.00,1.00,1340.00,8400.00,1.00,0.00,0.00,5.00,7.00,1340.00,0.00,1966.00,0.00,98023.00,47.33,-122.34,1120.00,8400.00
3918400013.00,20140701T000000,337000.00,3.00,2.25,1460.00,941.00,3.00,0.00,0.00,3.00,8.00,1460.00,0.00,2006.00,0.00,98133.00,47.71,-122.36,1490.00,1399.00
1545804820.00,20141111T000000,240000.00,3.00,1.75,1380.00,7500.00,1.00,0.00,0.00,3.00,7.00,1380.00,0.00,1988.00,0.00,98038.00,47.36,-122.05,1530.00,7500.00
7811220070.00,20140910T000000,490000.00,3.00,1.75,1510.00,11120.00,1.00,0.00,0.00,4.00,8.00,1510.00,0.00,1984.00,0.00,98005.00,47.59,-122.16,2660.00,10800.00
5561100431.00,20140806T000000,510000.00,5.00,2.50,2510.00,83231.00,1.00,0.00,0.00,4.00,7.00,1260.00,1250.00,1975.00,0.00,98027.00,47.46,-121.98,2460.00,46431.00
5145100310.00,20150307T000000,305000.00,3.00,1.00,910.00,8008.00,1.00,0.00,0.00,3.00,7.00,910.00,0.00,1971.00,0.00,98034.00,47.73,-122.22,1480.00,7404.00
255550270.00,20150403T000000,350000.00,3.00,2.50,1970.00,3655.00,2.00,0.00,0.00,3.00,7.00,1970.00,0.00,2003.00,0.00,98019.00,47.75,-121.98,1970.00,2952.00
1123049129.00,20150224T000000,284200.00,3.00,1.75,1540.00,6632.00,1.00,0.00,0.00,3.00,7.00,1070.00,470.00,1959.00,0.00,98178.00,47.50,-122.25,2510.00,6618.00
9407150310.00,20150128T000000,357000.00,4.00,2.50,1980.00,9757.00,2.00,0.00,0.00,5.00,7.00,1980.00,0.00,1995.00,0.00,98038.00,47.37,-122.02,1610.00,6147.00
7732501000.00,20140617T000000,854000.00,4.00,2.75,3150.00,38865.00,1.00,0.00,0.00,3.00,10.00,2480.00,670.00,1986.00,0.00,98052.00,47.73,-122.11,3150.00,35880.00
1024069205.00,20150114T000000,1175000.00,4.00,2.50,4700.00,49658.00,2.00,0.00,0.00,3.00,10.00,4700.00,0.00,1999.00,0.00,98075.00,47.59,-122.02,2870.00,49658.00
5426300060.00,20141008T000000,1000000.00,3.00,2.25,2300.00,15952.00,1.00,0.00,0.00,4.00,8.00,1150.00,1150.00,1963.00,0.00,98039.00,47.63,-122.23,2200.00,14284.00
3797000400.00,20141125T000000,616500.00,4.00,2.25,1880.00,3000.00,2.00,0.00,0.00,3.00,8.00,1760.00,120.00,1909.00,1977.00,98103.00,47.69,-122.35,1880.00,3000.00
2877102196.00,20141125T000000,750000.00,4.00,2.75,2640.00,3750.00,2.00,0.00,0.00,5.00,7.00,1840.00,800.00,1911.00,0.00,98117.00,47.68,-122.36,1690.00,5000.00
9265200060.00,20141007T000000,650000.00,6.00,4.50,3900.00,9100.00,2.00,0.00,0.00,3.00,8.00,2870.00,1030.00,1979.00,0.00,98052.00,47.66,-122.14,2080.00,9216.00
2894700270.00,20140715T000000,275000.00,4.00,2.25,2670.00,10050.00,1.00,0.00,0.00,4.00,8.00,1420.00,1250.00,1962.00,0.00,98032.00,47.38,-122.28,2190.00,10050.00
2862100260.00,20141003T000000,540000.00,4.00,1.75,1840.00,4280.00,1.00,0.00,0.00,4.00,7.00,920.00,920.00,1918.00,0.00,98105.00,47.67,-122.32,1660.00,4280.00
2730000070.00,20140814T000000,225000.00,3.00,1.00,1120.00,10665.00,1.00,0.00,0.00,4.00,6.00,1120.00,0.00,1961.00,0.00,98001.00,47.29,-122.27,1240.00,10639.00
4139400060.00,20150409T000000,845000.00,4.00,2.50,2970.00,9072.00,2.00,0.00,0.00,3.00,10.00,2970.00,0.00,1991.00,0.00,98006.00,47.56,-122.11,2740.00,8729.00
4365200520.00,20150312T000000,490000.00,3.00,2.25,1410.00,7740.00,1.00,0.00,0.00,5.00,6.00,1410.00,0.00,1923.00,0.00,98126.00,47.52,-122.37,1220.00,7740.00
3629980350.00,20141209T000000,753000.00,4.00,2.50,3060.00,8167.00,2.00,0.00,0.00,3.00,9.00,3060.00,0.00,2005.00,0.00,98029.00,47.55,-121.99,2930.00,4800.00
3211600140.00,20150209T000000,475000.00,3.00,1.75,2490.00,7210.00,1.00,0.00,0.00,3.00,7.00,1290.00,1200.00,1972.00,0.00,98034.00,47.73,-122.20,1610.00,7210.00
3598600049.00,20141003T000000,124000.00,1.00,0.75,840.00,7203.00,1.50,0.00,0.00,3.00,6.00,840.00,0.00,1949.00,0.00,98168.00,47.48,-122.30,1560.00,8603.00
3598600049.00,20150424T000000,224000.00,1.00,0.75,840.00,7203.00,1.50,0.00,0.00,3.00,6.00,840.00,0.00,1949.00,0.00,98168.00,47.48,-122.30,1560.00,8603.00
1232001070.00,20140814T000000,485000.00,2.00,1.00,1130.00,3800.00,1.00,0.00,0.00,4.00,7.00,1130.00,0.00,1916.00,0.00,98117.00,47.69,-122.38,1470.00,3800.00
7812801925.00,20140624T000000,230000.00,4.00,1.75,1850.00,6000.00,1.00,0.00,0.00,4.00,6.00,1270.00,580.00,1944.00,0.00,98178.00,47.49,-122.25,1270.00,6600.00
522059062.00,20141105T000000,372000.00,4.00,2.75,2330.00,14175.00,1.00,0.00,0.00,3.00,7.00,1800.00,530.00,1980.00,0.00,98031.00,47.42,-122.19,1480.00,10125.00
4178500640.00,20150507T000000,306000.00,4.00,2.50,1880.00,9426.00,2.00,0.00,0.00,4.00,7.00,1880.00,0.00,1990.00,0.00,98042.00,47.36,-122.09,1760.00,7040.00
9528104660.00,20140827T000000,905000.00,4.00,3.50,2980.00,3000.00,2.00,0.00,0.00,3.00,9.00,2340.00,640.00,2008.00,0.00,98115.00,47.68,-122.33,1810.00,4545.00
5013500400.00,20150326T000000,440000.00,4.00,1.00,1440.00,6678.00,1.00,0.00,0.00,3.00,7.00,1040.00,400.00,1950.00,0.00,98116.00,47.57,-122.39,1320.00,6678.00
2550820060.00,20150428T000000,280000.00,3.00,1.75,1630.00,10001.00,1.00,0.00,0.00,4.00,7.00,1100.00,530.00,1977.00,0.00,98042.00,47.36,-122.12,1630.00,10001.00
425079046.00,20140729T000000,435000.00,3.00,2.50,1778.00,147823.00,2.00,0.00,0.00,3.00,7.00,1778.00,0.00,1999.00,0.00,98014.00,47.68,-121.92,2840.00,43676.00
3905050240.00,20140624T000000,425000.00,3.00,2.50,1930.00,4500.00,2.00,0.00,0.00,3.00,8.00,1930.00,0.00,1990.00,0.00,98029.00,47.58,-122.00,1770.00,4500.00
5381000070.00,20140826T000000,204950.00,2.00,0.75,1130.00,11429.00,1.00,0.00,0.00,3.00,7.00,1130.00,0.00,1956.00,0.00,98188.00,47.45,-122.28,1550.00,10700.00
1245002445.00,20140714T000000,670000.00,2.00,1.75,1650.00,7500.00,1.00,0.00,0.00,4.00,7.00,1000.00,650.00,1959.00,0.00,98033.00,47.69,-122.21,2530.00,9000.00
6865200831.00,20140507T000000,475000.00,2.00,1.00,820.00,2723.00,1.00,0.00,0.00,3.00,7.00,820.00,0.00,1921.00,0.00,98103.00,47.66,-122.34,1370.00,3850.00
1446801000.00,20150320T000000,352000.00,5.00,2.50,2900.00,6650.00,1.00,0.00,0.00,3.00,7.00,1450.00,1450.00,1964.00,0.00,98168.00,47.49,-122.33,1600.00,8246.00
4038700830.00,20150409T000000,575000.00,4.00,1.75,2330.00,8800.00,1.00,0.00,2.00,4.00,7.00,1260.00,1070.00,1961.00,0.00,98008.00,47.61,-122.11,2270.00,8800.00
4094800260.00,20141126T000000,1730000.00,4.00,3.50,4440.00,20668.00,2.00,0.00,2.00,5.00,10.00,3240.00,1200.00,1965.00,0.00,98040.00,47.55,-122.24,4240.00,18650.00
2742100152.00,20141013T000000,491000.00,3.00,2.00,1660.00,5070.00,2.00,0.00,3.00,3.00,8.00,1660.00,0.00,1950.00,1990.00,98108.00,47.56,-122.30,2440.00,6664.00
8691410060.00,20140709T000000,750000.00,4.00,2.50,3020.00,7465.00,2.00,0.00,0.00,3.00,9.00,3020.00,0.00,2004.00,0.00,98075.00,47.60,-121.98,3100.00,5587.00
1325059083.00,20140527T000000,830000.00,4.00,2.50,1850.00,50662.00,1.00,0.00,0.00,3.00,8.00,1430.00,420.00,1978.00,0.00,98052.00,47.65,-122.12,2090.00,10599.00
7852011070.00,20150109T000000,1140000.00,6.00,3.75,5960.00,20197.00,2.00,0.00,4.00,3.00,10.00,3900.00,2060.00,2005.00,0.00,98065.00,47.54,-121.87,3860.00,12800.00
2323059074.00,20140709T000000,137124.00,3.00,1.00,960.00,27442.00,1.00,0.00,0.00,4.00,6.00,960.00,0.00,1970.00,0.00,98058.00,47.47,-122.13,1100.00,29019.00
7950304075.00,20140813T000000,225000.00,4.00,1.00,1150.00,6000.00,1.50,0.00,0.00,3.00,6.00,1150.00,0.00,1907.00,0.00,98118.00,47.56,-122.28,840.00,3030.00
3260000340.00,20140622T000000,732600.00,4.00,2.50,2130.00,7300.00,1.00,0.00,0.00,4.00,7.00,1230.00,900.00,1963.00,0.00,98005.00,47.61,-122.17,2130.00,7560.00
9552701000.00,20150316T000000,818000.00,4.00,2.25,2460.00,8001.00,2.00,0.00,0.00,4.00,8.00,2460.00,0.00,1984.00,0.00,98006.00,47.55,-122.15,2460.00,9126.00
5469501200.00,20140820T000000,431000.00,3.00,2.25,2360.00,14950.00,1.00,0.00,0.00,4.00,9.00,2360.00,0.00,1978.00,0.00,98042.00,47.39,-122.16,2720.00,14388.00
6300500105.00,20141002T000000,304000.00,2.00,2.25,1320.00,1034.00,3.00,0.00,0.00,3.00,7.00,1320.00,0.00,1996.00,0.00,98133.00,47.70,-122.34,1330.00,1206.00
4400200060.00,20141021T000000,650000.00,5.00,2.00,1910.00,4667.00,1.00,0.00,0.00,3.00,7.00,1010.00,900.00,1908.00,0.00,98112.00,47.62,-122.31,1230.00,2545.00
5422560860.00,20150410T000000,450000.00,2.00,2.00,1610.00,6160.00,2.00,0.00,0.00,4.00,8.00,1610.00,0.00,1977.00,0.00,98052.00,47.66,-122.13,1750.00,6305.00
7789000260.00,20140822T000000,269000.00,4.00,1.00,1610.00,8401.00,1.00,0.00,0.00,3.00,7.00,1610.00,0.00,1958.00,0.00,98056.00,47.51,-122.17,1610.00,8401.00
8861000060.00,20141231T000000,875000.00,3.00,1.00,1160.00,10732.00,1.00,0.00,0.00,3.00,7.00,1160.00,0.00,1953.00,0.00,98004.00,47.64,-122.21,2390.00,13656.00
9350900550.00,20150429T000000,890000.00,4.00,2.25,2870.00,8393.00,1.00,0.00,0.00,4.00,8.00,1480.00,1390.00,1977.00,0.00,98040.00,47.58,-122.25,2930.00,9850.00
9560800310.00,20141009T000000,565000.00,4.00,2.50,2280.00,9725.00,2.00,0.00,0.00,3.00,8.00,2280.00,0.00,1986.00,0.00,98072.00,47.76,-122.14,2140.00,8780.00
9187200228.00,20150313T000000,448175.00,2.00,2.00,1370.00,1339.00,2.00,0.00,0.00,4.00,8.00,1150.00,220.00,2006.00,0.00,98122.00,47.60,-122.30,1370.00,1339.00
7849202190.00,20141223T000000,235000.00,0.00,0.00,1470.00,4800.00,2.00,0.00,0.00,3.00,7.00,1470.00,0.00,1996.00,0.00,98065.00,47.53,-121.83,1060.00,7200.00
7215730070.00,20140911T000000,680000.00,5.00,3.00,2970.00,6500.00,2.00,0.00,0.00,3.00,9.00,2970.00,0.00,2000.00,0.00,98075.00,47.60,-122.02,2970.00,6588.00
121039083.00,20150206T000000,629000.00,3.00,1.75,1460.00,12367.00,2.00,1.00,4.00,4.00,8.00,1120.00,340.00,1970.00,0.00,98023.00,47.33,-122.38,1970.00,18893.00
2770601677.00,20150422T000000,494000.00,3.00,3.50,1570.00,1486.00,2.50,0.00,0.00,3.00,8.00,1330.00,240.00,2000.00,0.00,98199.00,47.65,-122.38,1610.00,1486.00
3720800070.00,20150127T000000,1100000.00,4.00,3.00,2880.00,5500.00,2.00,0.00,0.00,4.00,9.00,1920.00,960.00,1926.00,0.00,98102.00,47.64,-122.32,2110.00,5500.00
3558910570.00,20150116T000000,450000.00,5.00,2.50,1900.00,9460.00,1.00,0.00,0.00,3.00,7.00,1190.00,710.00,1969.00,0.00,98034.00,47.71,-122.20,1940.00,8360.00
1081300390.00,20141030T000000,330000.00,3.00,1.75,2020.00,11050.00,1.00,0.00,0.00,4.00,8.00,1320.00,700.00,1969.00,0.00,98059.00,47.47,-122.12,1940.00,11050.00
7805450560.00,20140820T000000,960000.00,4.00,2.50,3110.00,11397.00,2.00,0.00,3.00,4.00,10.00,3110.00,0.00,1984.00,0.00,98006.00,47.56,-122.11,3110.00,11586.00
6648770240.00,20141224T000000,360000.00,4.00,2.50,2390.00,7056.00,2.00,0.00,0.00,3.00,9.00,2390.00,0.00,1990.00,0.00,98001.00,47.34,-122.26,2590.00,7801.00
5104520810.00,20140810T000000,378000.00,3.00,2.50,2150.00,11672.00,2.00,0.00,0.00,3.00,8.00,2150.00,0.00,2004.00,0.00,98038.00,47.35,-122.01,2150.00,5450.00
2719100400.00,20140912T000000,499950.00,3.00,1.75,1340.00,6250.00,1.00,0.00,0.00,4.00,7.00,1090.00,250.00,1941.00,0.00,98136.00,47.54,-122.39,1550.00,1755.00
255000320.00,20140724T000000,450000.00,3.00,2.50,1990.00,12866.00,2.00,0.00,0.00,4.00,7.00,1990.00,0.00,1986.00,0.00,98072.00,47.75,-122.17,2310.00,8803.00
5398600075.00,20140825T000000,523500.00,2.00,2.00,1600.00,5969.00,1.00,0.00,0.00,4.00,7.00,800.00,800.00,1950.00,0.00,98116.00,47.57,-122.39,1520.00,5969.00
7695470200.00,20141208T000000,600000.00,3.00,2.50,2680.00,43995.00,2.00,0.00,0.00,3.00,9.00,2680.00,0.00,1986.00,0.00,98077.00,47.77,-122.09,2520.00,37277.00
6892510200.00,20140602T000000,290000.00,3.00,2.50,2080.00,4828.00,2.00,0.00,0.00,3.00,8.00,2080.00,0.00,2002.00,0.00,98042.00,47.37,-122.13,2190.00,4620.00
4123800320.00,20150206T000000,176000.00,3.00,3.25,1340.00,5434.00,2.00,0.00,0.00,3.00,7.00,1340.00,0.00,1986.00,0.00,98038.00,47.38,-122.05,1670.00,6203.00
809001505.00,20140918T000000,885000.00,3.00,2.00,2590.00,3750.00,1.50,0.00,0.00,5.00,7.00,1790.00,800.00,1904.00,0.00,98109.00,47.64,-122.35,2440.00,4000.00
3856905185.00,20140624T000000,483000.00,2.00,1.75,1240.00,3000.00,1.50,0.00,0.00,3.00,7.00,1240.00,0.00,1906.00,0.00,98105.00,47.67,-122.33,1800.00,4080.00
4051100390.00,20150508T000000,240000.00,3.00,1.00,1310.00,7125.00,1.00,0.00,0.00,4.00,7.00,1310.00,0.00,1978.00,0.00,98042.00,47.37,-122.15,1650.00,7290.00
579003240.00,20140925T000000,720000.00,4.00,2.25,2530.00,5200.00,1.00,0.00,1.00,4.00,8.00,1530.00,1000.00,1957.00,0.00,98117.00,47.70,-122.38,2240.00,5200.00
2333230060.00,20141105T000000,311000.00,4.00,2.50,1780.00,5822.00,2.00,0.00,0.00,3.00,7.00,1780.00,0.00,2001.00,0.00,98058.00,47.45,-122.17,1990.00,4092.00
7129303240.00,20150102T000000,332500.00,3.00,2.00,1600.00,7995.00,1.00,0.00,0.00,3.00,7.00,1600.00,0.00,1950.00,1984.00,98118.00,47.52,-122.26,2440.00,6900.00
1219000473.00,20140626T000000,164950.00,3.00,1.75,1570.00,15330.00,1.00,0.00,0.00,3.00,7.00,1080.00,490.00,1956.00,0.00,98166.00,47.46,-122.34,1250.00,13330.00
1219000473.00,20150323T000000,371000.00,3.00,1.75,1570.00,15330.00,1.00,0.00,0.00,3.00,7.00,1080.00,490.00,1956.00,0.00,98166.00,47.46,-122.34,1250.00,13330.00
5469700060.00,20150123T000000,264500.00,3.00,1.75,1650.00,16200.00,1.00,0.00,0.00,3.00,7.00,1650.00,0.00,1976.00,0.00,98031.00,47.39,-122.17,1650.00,8680.00
1118000935.00,20140705T000000,1738000.00,4.00,2.25,2920.00,6513.00,2.00,0.00,0.00,4.00,9.00,2260.00,660.00,1937.00,0.00,98112.00,47.64,-122.29,4510.00,9248.00
8819900055.00,20150330T000000,503000.00,2.00,1.00,870.00,4280.00,1.00,0.00,2.00,4.00,6.00,870.00,0.00,1921.00,0.00,98105.00,47.67,-122.29,1750.00,4280.00
1995200338.00,20141029T000000,738000.00,4.00,2.50,2830.00,5010.00,2.00,0.00,0.00,3.00,9.00,2170.00,660.00,2000.00,0.00,98115.00,47.70,-122.33,1880.00,5739.00
91000320.00,20140923T000000,393000.00,2.00,1.00,980.00,3350.00,1.00,0.00,0.00,4.00,7.00,980.00,0.00,1925.00,0.00,98103.00,47.69,-122.35,1260.00,4000.00
8887001600.00,20150412T000000,280000.00,2.00,1.00,990.00,45528.00,1.00,0.00,0.00,4.00,7.00,990.00,0.00,1992.00,0.00,98070.00,47.50,-122.46,1730.00,45528.00
7183000060.00,20150325T000000,260000.00,4.00,2.50,2360.00,9647.00,1.00,0.00,2.00,3.00,8.00,1530.00,830.00,1964.00,0.00,98003.00,47.34,-122.33,2580.00,9680.00
194000565.00,20150409T000000,505000.00,2.00,1.00,1000.00,4640.00,1.00,0.00,2.00,3.00,7.00,1000.00,0.00,1915.00,0.00,98116.00,47.57,-122.39,1940.00,5800.00
3830610320.00,20150105T000000,241000.00,3.00,1.50,1660.00,8000.00,1.00,0.00,0.00,4.00,7.00,1120.00,540.00,1976.00,0.00,98030.00,47.35,-122.17,1900.00,7500.00
7922710320.00,20150316T000000,530000.00,3.00,1.75,1520.00,9605.00,1.00,0.00,0.00,3.00,7.00,1520.00,0.00,1975.00,0.00,98052.00,47.67,-122.14,2040.00,9900.00
1231000310.00,20140812T000000,713000.00,1.00,1.00,1180.00,4000.00,1.50,0.00,2.00,4.00,8.00,840.00,340.00,1910.00,0.00,98118.00,47.56,-122.27,1420.00,4000.00
173000140.00,20140722T000000,487000.00,3.00,1.75,1770.00,10125.00,2.00,0.00,0.00,3.00,7.00,1770.00,0.00,1944.00,1978.00,98133.00,47.73,-122.35,1680.00,9825.00
8651411260.00,20141113T000000,128000.00,2.00,1.00,980.00,5393.00,1.00,0.00,0.00,3.00,6.00,980.00,0.00,1969.00,0.00,98042.00,47.37,-122.08,980.00,5200.00
7272000260.00,20141113T000000,210500.00,3.00,1.00,1840.00,10178.00,1.00,0.00,0.00,3.00,7.00,1040.00,800.00,1960.00,0.00,98198.00,47.40,-122.32,2040.00,10660.00
2787700060.00,20150115T000000,420000.00,3.00,2.50,1810.00,7210.00,1.00,0.00,0.00,5.00,7.00,1210.00,600.00,1968.00,0.00,98059.00,47.51,-122.16,1770.00,7210.00
5499700045.00,20141030T000000,679000.00,3.00,2.50,1780.00,4320.00,2.00,0.00,0.00,4.00,8.00,1780.00,0.00,1930.00,1986.00,98115.00,47.68,-122.29,1690.00,4952.00
9433000390.00,20141218T000000,784950.00,4.00,2.75,2840.00,4227.00,3.00,0.00,0.00,3.00,9.00,2840.00,0.00,2014.00,0.00,98052.00,47.71,-122.11,2880.00,4227.00
7300400200.00,20141119T000000,352000.00,4.00,2.50,2650.00,6366.00,2.00,0.00,0.00,3.00,9.00,2650.00,0.00,1998.00,0.00,98092.00,47.33,-122.17,2650.00,6200.00
2771101963.00,20140611T000000,386000.00,3.00,1.50,1270.00,1318.00,2.00,0.00,0.00,3.00,7.00,1080.00,190.00,2004.00,0.00,98199.00,47.65,-122.38,1360.00,1488.00
123039346.00,20150430T000000,335000.00,3.00,1.75,1260.00,17000.00,1.00,0.00,0.00,3.00,7.00,1260.00,0.00,1994.00,0.00,98146.00,47.51,-122.36,1540.00,7213.00
524069116.00,20140602T000000,472500.00,3.00,2.00,1750.00,15500.00,1.00,0.00,0.00,3.00,7.00,1490.00,260.00,1982.00,0.00,98075.00,47.59,-122.07,2450.00,50094.00
3583300075.00,20141103T000000,599950.00,5.00,2.25,2680.00,13292.00,1.00,0.00,0.00,3.00,8.00,1340.00,1340.00,1976.00,0.00,98028.00,47.74,-122.26,2220.00,13181.00
7203220030.00,20140724T000000,963990.00,4.00,3.25,3830.00,6765.00,2.00,0.00,0.00,3.00,9.00,3830.00,0.00,2014.00,0.00,98053.00,47.69,-122.02,3830.00,6507.00
1250201550.00,20140925T000000,735000.00,3.00,2.00,1610.00,3600.00,2.00,0.00,2.00,5.00,8.00,1610.00,0.00,1925.00,0.00,98144.00,47.60,-122.29,2540.00,6600.00
8651611260.00,20150317T000000,858450.00,3.00,4.25,3840.00,9751.00,2.00,0.00,0.00,3.00,10.00,3840.00,0.00,1998.00,0.00,98074.00,47.63,-122.06,3230.00,7189.00
1797501275.00,20150507T000000,665000.00,5.00,2.75,2670.00,4000.00,2.00,0.00,0.00,4.00,7.00,1800.00,870.00,1914.00,0.00,98105.00,47.67,-122.32,2460.00,4000.00
2215900800.00,20140731T000000,290000.00,3.00,2.50,2000.00,7414.00,2.00,0.00,0.00,4.00,7.00,2000.00,0.00,1993.00,0.00,98038.00,47.35,-122.06,2000.00,7414.00
7883602650.00,20150413T000000,250000.00,2.00,1.00,860.00,4320.00,1.00,0.00,0.00,3.00,7.00,860.00,0.00,1925.00,0.00,98108.00,47.53,-122.33,980.00,6000.00
3546000340.00,20141008T000000,192500.00,3.00,1.75,1420.00,7205.00,1.00,0.00,0.00,3.00,7.00,1420.00,0.00,1986.00,0.00,98030.00,47.36,-122.18,1690.00,7405.00
6118600045.00,20140825T000000,350000.00,4.00,2.00,2060.00,13400.00,1.00,0.00,2.00,4.00,8.00,2060.00,0.00,1957.00,0.00,98166.00,47.44,-122.34,1950.00,10370.00
1123059116.00,20150319T000000,518000.00,4.00,2.50,2790.00,9910.00,2.00,0.00,0.00,3.00,8.00,2790.00,0.00,2003.00,0.00,98059.00,47.49,-122.14,2590.00,9910.00
124000160.00,20140701T000000,563000.00,4.00,1.00,1410.00,3376.00,1.50,0.00,0.00,5.00,7.00,1410.00,0.00,1911.00,0.00,98107.00,47.66,-122.37,1040.00,3600.00
8733000045.00,20141007T000000,375000.00,4.00,3.00,2420.00,9566.00,2.00,0.00,0.00,3.00,7.00,2420.00,0.00,2003.00,0.00,98188.00,47.47,-122.27,2420.00,9135.00
263000327.00,20150227T000000,400000.00,3.00,2.50,1460.00,1319.00,3.00,0.00,0.00,3.00,8.00,1460.00,0.00,2002.00,0.00,98103.00,47.70,-122.35,1430.00,1530.00
5153200358.00,20141029T000000,240000.00,5.00,1.75,2460.00,16000.00,1.00,0.00,0.00,3.00,7.00,1230.00,1230.00,1957.00,0.00,98023.00,47.33,-122.35,1990.00,16000.00
2258500045.00,20140923T000000,317500.00,2.00,1.00,1000.00,5120.00,1.00,0.00,0.00,3.00,6.00,1000.00,0.00,1902.00,0.00,98122.00,47.61,-122.31,1940.00,4300.00
6137500310.00,20150213T000000,1315000.00,5.00,4.00,4420.00,36342.00,2.00,0.00,0.00,5.00,10.00,2740.00,1680.00,1982.00,0.00,98007.00,47.65,-122.15,3720.00,37034.00
3323069045.00,20141110T000000,234000.00,3.00,1.00,1240.00,239144.00,1.00,0.00,0.00,3.00,6.00,1240.00,0.00,1921.00,1992.00,98038.00,47.43,-122.05,1990.00,109335.00
8563070030.00,20140513T000000,645000.00,3.00,2.50,1740.00,13750.00,2.00,0.00,0.00,4.00,9.00,1740.00,0.00,1975.00,0.00,98008.00,47.63,-122.09,2540.00,14300.00
425049036.00,20150309T000000,649000.00,2.00,1.00,1280.00,4840.00,1.00,0.00,0.00,3.00,7.00,1200.00,80.00,1908.00,0.00,98115.00,47.68,-122.30,1860.00,5500.00
8562750550.00,20150417T000000,605000.00,4.00,2.50,2520.00,3980.00,2.00,0.00,0.00,3.00,8.00,2520.00,0.00,2004.00,0.00,98027.00,47.54,-122.07,2580.00,3980.00
767000159.00,20140821T000000,337900.00,3.00,3.50,1500.00,1471.00,3.00,0.00,0.00,3.00,7.00,1500.00,0.00,1999.00,0.00,98177.00,47.70,-122.36,1500.00,1445.00
5366200030.00,20150205T000000,535000.00,3.00,2.75,2490.00,3600.00,2.00,0.00,0.00,3.00,8.00,2290.00,200.00,1906.00,0.00,98122.00,47.61,-122.29,1880.00,3600.00
7857000861.00,20140922T000000,325000.00,4.00,1.00,1530.00,5684.00,1.00,0.00,0.00,3.00,7.00,1130.00,400.00,1957.00,0.00,98108.00,47.55,-122.30,1540.00,6095.00
1094000030.00,20141215T000000,429950.00,4.00,2.25,1740.00,10875.00,1.00,0.00,0.00,3.00,8.00,1740.00,0.00,1967.00,0.00,98059.00,47.51,-122.16,1680.00,10701.00
1853000030.00,20150416T000000,775000.00,3.00,2.50,3550.00,32807.00,2.00,0.00,0.00,3.00,9.00,3550.00,0.00,1989.00,0.00,98077.00,47.73,-122.08,3270.00,35001.00
5318101040.00,20140731T000000,650000.00,2.00,1.00,1280.00,6000.00,1.00,0.00,0.00,3.00,7.00,1280.00,0.00,1965.00,0.00,98112.00,47.63,-122.28,2460.00,4800.00
3623500049.00,20150501T000000,1200000.00,4.00,2.25,2320.00,13114.00,2.00,0.00,0.00,5.00,8.00,2320.00,0.00,1967.00,0.00,98040.00,47.58,-122.24,2740.00,15000.00
1026049036.00,20140910T000000,275000.00,2.00,1.00,1140.00,10404.00,1.00,0.00,0.00,3.00,5.00,1140.00,0.00,1935.00,0.00,98155.00,47.75,-122.29,2200.00,11550.00
8568030030.00,20140729T000000,575000.00,4.00,3.50,3930.00,16970.00,2.00,0.00,0.00,3.00,9.00,3930.00,0.00,1997.00,0.00,98019.00,47.74,-121.97,2740.00,17219.00
4022906531.00,20140806T000000,540000.00,3.00,2.50,2370.00,16455.00,1.00,0.00,0.00,5.00,7.00,1640.00,730.00,1959.00,0.00,98155.00,47.76,-122.28,2170.00,15551.00
5700002325.00,20140605T000000,640000.00,3.00,1.75,2340.00,4206.00,1.00,0.00,0.00,5.00,7.00,1170.00,1170.00,1917.00,0.00,98144.00,47.58,-122.29,1360.00,4725.00
2473100510.00,20140923T000000,275000.00,3.00,1.50,1240.00,9125.00,1.00,0.00,0.00,4.00,7.00,1240.00,0.00,1967.00,0.00,98058.00,47.45,-122.16,1670.00,9125.00
629811600.00,20140724T000000,672800.00,4.00,2.50,2740.00,10533.00,2.00,0.00,0.00,3.00,9.00,2740.00,0.00,1997.00,0.00,98074.00,47.61,-122.01,2760.00,8603.00
7923300310.00,20140527T000000,495000.00,4.00,2.25,1940.00,9144.00,1.00,0.00,0.00,4.00,7.00,1430.00,510.00,1956.00,0.00,98007.00,47.59,-122.14,1460.00,9437.00
4054560140.00,20140926T000000,820000.00,3.00,2.50,2950.00,35108.00,1.50,0.00,0.00,3.00,10.00,2950.00,0.00,1995.00,0.00,98077.00,47.73,-122.04,3810.00,35181.00
4027700632.00,20140609T000000,475000.00,4.00,2.75,1980.00,11443.00,1.00,0.00,0.00,5.00,7.00,1980.00,0.00,1952.00,0.00,98155.00,47.77,-122.27,2080.00,15700.00
2818100060.00,20140520T000000,1275000.00,4.00,2.00,2850.00,7861.00,1.00,0.00,4.00,4.00,10.00,1450.00,1400.00,1970.00,0.00,98117.00,47.70,-122.40,2810.00,8087.00
1771000960.00,20150429T000000,380000.00,3.00,1.00,1160.00,9375.00,1.00,0.00,0.00,3.00,7.00,1160.00,0.00,1967.00,0.00,98077.00,47.74,-122.07,1160.00,9650.00
2591830350.00,20140820T000000,397500.00,3.00,2.00,2130.00,8225.00,1.00,0.00,0.00,4.00,8.00,2130.00,0.00,1987.00,0.00,98058.00,47.44,-122.16,2580.00,8225.00
8842400071.00,20140507T000000,352000.00,5.00,2.50,2420.00,8560.00,1.00,0.00,2.00,3.00,7.00,1620.00,800.00,1978.00,0.00,98118.00,47.53,-122.29,2210.00,7040.00
7856700060.00,20150413T000000,893880.00,6.00,2.50,2820.00,8600.00,1.00,0.00,0.00,5.00,8.00,1430.00,1390.00,1967.00,0.00,98006.00,47.57,-122.14,2070.00,8900.00
9186300060.00,20140916T000000,635000.00,5.00,3.25,3710.00,34200.00,2.00,0.00,0.00,3.00,8.00,2510.00,1200.00,1986.00,0.00,98074.00,47.61,-122.05,1720.00,23100.00
3275740030.00,20140507T000000,420000.00,3.00,2.25,1770.00,8165.00,2.00,0.00,0.00,3.00,7.00,1770.00,0.00,1977.00,0.00,98034.00,47.72,-122.24,1650.00,8165.00
452001860.00,20150321T000000,503000.00,3.00,2.00,1260.00,2500.00,1.00,0.00,0.00,4.00,7.00,750.00,510.00,1987.00,0.00,98107.00,47.67,-122.37,1710.00,5000.00
7779200075.00,20140909T000000,689000.00,2.00,1.75,2330.00,10143.00,1.00,0.00,2.00,4.00,7.00,1220.00,1110.00,1953.00,0.00,98146.00,47.49,-122.36,2560.00,9750.00
3975400260.00,20140902T000000,749500.00,4.00,2.75,2490.00,3840.00,1.50,0.00,0.00,4.00,7.00,1610.00,880.00,1922.00,0.00,98103.00,47.66,-122.34,1420.00,4000.00
2225059336.00,20141006T000000,1150000.00,6.00,3.75,4090.00,49542.00,2.00,0.00,0.00,3.00,9.00,3100.00,990.00,1984.00,0.00,98005.00,47.64,-122.15,2980.00,43357.00
8567450060.00,20140609T000000,563500.00,4.00,2.50,2800.00,12831.00,2.00,0.00,0.00,3.00,8.00,2800.00,0.00,2001.00,0.00,98019.00,47.74,-121.97,2810.00,10235.00
6178930340.00,20140630T000000,480000.00,4.00,3.00,2440.00,9664.00,2.00,0.00,0.00,3.00,8.00,1890.00,550.00,1981.00,0.00,98028.00,47.76,-122.25,2380.00,9609.00
8731990370.00,20150422T000000,374950.00,4.00,3.00,2540.00,8800.00,1.00,0.00,1.00,3.00,9.00,1620.00,920.00,1977.00,0.00,98023.00,47.32,-122.39,2540.00,8800.00
9407150350.00,20150410T000000,308950.00,3.00,2.50,1600.00,6250.00,2.00,0.00,0.00,3.00,7.00,1600.00,0.00,1995.00,0.00,98038.00,47.37,-122.02,1760.00,6110.00
3438502200.00,20140917T000000,445000.00,4.00,2.75,2680.00,16934.00,1.00,0.00,0.00,4.00,7.00,1340.00,1340.00,1958.00,0.00,98106.00,47.54,-122.36,1240.00,7000.00
1274500700.00,20150421T000000,237200.00,3.00,1.50,1220.00,9000.00,1.00,0.00,0.00,4.00,7.00,1220.00,0.00,1968.00,0.00,98042.00,47.36,-122.11,1220.00,9472.00
5667100045.00,20140902T000000,453500.00,3.00,1.75,1550.00,7270.00,1.50,0.00,0.00,5.00,7.00,1550.00,0.00,1953.00,0.00,98125.00,47.72,-122.32,1050.00,7210.00
2887700560.00,20150507T000000,616500.00,3.00,2.00,2080.00,4549.00,1.00,0.00,0.00,5.00,7.00,1040.00,1040.00,1954.00,0.00,98115.00,47.69,-122.31,1620.00,4549.00
7215720070.00,20140806T000000,1250000.00,5.00,5.00,5000.00,32909.00,2.00,0.00,0.00,3.00,10.00,5000.00,0.00,2000.00,0.00,98075.00,47.60,-122.02,3030.00,12601.00
6638900550.00,20150407T000000,396000.00,1.00,1.00,630.00,5150.00,1.00,0.00,0.00,4.00,5.00,630.00,0.00,1954.00,0.00,98117.00,47.69,-122.37,1390.00,5150.00
723049307.00,20140708T000000,210000.00,3.00,1.00,1070.00,8179.00,1.00,0.00,0.00,3.00,6.00,1070.00,0.00,1949.00,0.00,98146.00,47.50,-122.35,1050.00,8177.00
7577700521.00,20141001T000000,539000.00,2.00,1.75,1900.00,5175.00,1.00,0.00,0.00,3.00,7.00,1200.00,700.00,1919.00,0.00,98116.00,47.57,-122.39,1370.00,5175.00
7888700030.00,20140825T000000,605000.00,3.00,2.50,2960.00,18600.00,2.00,0.00,0.00,3.00,8.00,2960.00,0.00,1979.00,0.00,98166.00,47.44,-122.34,2740.00,15681.00
3501600135.00,20140707T000000,437500.00,3.00,2.00,1490.00,4800.00,2.00,0.00,0.00,5.00,6.00,1490.00,0.00,1948.00,0.00,98117.00,47.69,-122.36,1500.00,4800.00
1822059331.00,20140716T000000,215000.00,3.00,1.50,1500.00,15000.00,1.00,0.00,0.00,3.00,7.00,1500.00,0.00,1952.00,0.00,98031.00,47.39,-122.21,1790.00,13905.00
7852030310.00,20140618T000000,440000.00,4.00,2.50,2410.00,4780.00,2.00,0.00,0.00,3.00,7.00,2410.00,0.00,2000.00,0.00,98065.00,47.53,-121.88,2410.00,4025.00
8901001090.00,20141117T000000,525000.00,3.00,1.00,2000.00,22500.00,1.00,0.00,0.00,3.00,7.00,1680.00,320.00,1939.00,0.00,98125.00,47.71,-122.31,2000.00,10000.00
192450200.00,20140821T000000,319900.00,3.00,1.50,1140.00,20383.00,1.00,0.00,0.00,3.00,7.00,840.00,300.00,1985.00,0.00,98045.00,47.48,-121.76,1200.00,15625.00
1771100030.00,20150106T000000,335000.00,3.00,1.00,1120.00,9075.00,1.00,0.00,0.00,3.00,7.00,1120.00,0.00,1977.00,0.00,98077.00,47.76,-122.07,1120.00,9705.00
1560920370.00,20141107T000000,485000.00,3.00,2.25,2900.00,35273.00,2.00,0.00,0.00,3.00,9.00,2900.00,0.00,1986.00,0.00,98038.00,47.40,-122.03,2510.00,38487.00
8731981360.00,20140925T000000,359999.00,4.00,2.25,3220.00,7700.00,2.00,0.00,0.00,4.00,8.00,3220.00,0.00,1976.00,0.00,98023.00,47.32,-122.38,2570.00,7700.00
9541600060.00,20140807T000000,799000.00,5.00,2.75,2500.00,19783.00,1.00,0.00,3.00,4.00,8.00,2500.00,0.00,1959.00,0.00,98005.00,47.59,-122.17,1700.00,15375.00
2923049468.00,20140912T000000,280000.00,3.00,2.25,1610.00,10454.00,1.00,0.00,0.00,3.00,7.00,1610.00,0.00,1977.00,0.00,98148.00,47.45,-122.33,1720.00,9583.00
8722100810.00,20140708T000000,1050000.00,4.00,2.75,2250.00,3433.00,1.50,0.00,0.00,3.00,8.00,1500.00,750.00,1927.00,2013.00,98112.00,47.64,-122.31,1970.00,3484.00
7840800135.00,20141119T000000,290000.00,1.00,2.00,1240.00,4800.00,2.00,0.00,0.00,3.00,6.00,1240.00,0.00,1910.00,0.00,98055.00,47.48,-122.21,1030.00,4800.00
8083350070.00,20141217T000000,235000.00,2.00,2.25,1660.00,2748.00,2.00,0.00,0.00,3.00,7.00,1660.00,0.00,1995.00,0.00,98055.00,47.43,-122.21,1620.00,3167.00
1923800135.00,20141001T000000,495000.00,3.00,1.75,2080.00,3000.00,1.00,0.00,0.00,4.00,7.00,1040.00,1040.00,1925.00,0.00,98103.00,47.69,-122.35,1000.00,3193.00
1310980070.00,20150224T000000,290000.00,3.00,2.25,1880.00,7488.00,2.00,0.00,0.00,3.00,8.00,1880.00,0.00,1980.00,0.00,98032.00,47.36,-122.28,2180.00,7344.00
3110800030.00,20141028T000000,230000.00,4.00,1.50,1050.00,9516.00,1.00,0.00,0.00,4.00,7.00,1050.00,0.00,1969.00,0.00,98031.00,47.42,-122.18,1390.00,9600.00
8731801260.00,20150220T000000,234000.00,3.00,1.75,1480.00,8475.00,1.00,0.00,0.00,4.00,7.00,1480.00,0.00,1968.00,0.00,98023.00,47.31,-122.36,1800.00,8800.00
7202270700.00,20141003T000000,597400.00,4.00,2.50,2420.00,4500.00,2.00,0.00,0.00,3.00,7.00,2420.00,0.00,2001.00,0.00,98053.00,47.69,-122.04,2280.00,4500.00
7230300060.00,20140805T000000,370000.00,4.00,2.50,2190.00,17600.00,1.00,0.00,0.00,4.00,7.00,1110.00,1080.00,1966.00,0.00,98059.00,47.47,-122.11,1820.00,17600.00
11510700.00,20140519T000000,755000.00,4.00,2.50,2660.00,10452.00,2.00,0.00,0.00,3.00,9.00,2660.00,0.00,1993.00,0.00,98052.00,47.70,-122.10,2890.00,9025.00
586470350.00,20150403T000000,342000.00,3.00,2.50,2430.00,5715.00,2.00,0.00,0.00,3.00,7.00,2430.00,0.00,1999.00,0.00,98030.00,47.37,-122.17,3040.00,5702.00
6840700036.00,20140728T000000,497000.00,2.00,1.00,770.00,3325.00,1.00,0.00,0.00,3.00,7.00,770.00,0.00,1918.00,0.00,98122.00,47.61,-122.30,960.00,4800.00
1824069083.00,20150429T000000,835000.00,3.00,1.00,3060.00,30166.00,1.00,0.00,0.00,5.00,8.00,3060.00,0.00,1959.00,0.00,98027.00,47.57,-122.09,1880.00,19602.00
1836980240.00,20141015T000000,730000.00,4.00,2.75,2920.00,4500.00,2.00,0.00,0.00,3.00,9.00,2920.00,0.00,1999.00,0.00,98006.00,47.56,-122.12,2920.00,4505.00
3528900160.00,20141001T000000,655000.00,3.00,1.00,1370.00,5250.00,1.00,0.00,0.00,3.00,7.00,1070.00,300.00,1939.00,0.00,98109.00,47.64,-122.35,2410.00,4200.00
1442800060.00,20141120T000000,205000.00,3.00,2.50,1870.00,3118.00,2.00,0.00,0.00,3.00,8.00,1870.00,0.00,1993.00,0.00,98038.00,47.37,-122.06,1580.00,3601.00
8722100030.00,20150407T000000,632750.00,4.00,2.00,1800.00,4800.00,1.50,0.00,0.00,3.00,7.00,1800.00,0.00,1918.00,0.00,98112.00,47.64,-122.30,1950.00,4800.00
1723049624.00,20140512T000000,330000.00,5.00,3.00,2100.00,7715.00,1.00,0.00,0.00,3.00,7.00,1250.00,850.00,2013.00,0.00,98168.00,47.49,-122.32,2100.00,7959.00
4040400200.00,20141007T000000,527500.00,5.00,2.25,2530.00,8250.00,2.00,0.00,0.00,4.00,7.00,2530.00,0.00,1961.00,0.00,98007.00,47.61,-122.13,2020.00,8250.00
8691391090.00,20140508T000000,716500.00,4.00,2.50,3290.00,6465.00,2.00,0.00,0.00,3.00,9.00,3290.00,0.00,2002.00,0.00,98075.00,47.60,-121.98,3100.00,5929.00
7853302190.00,20141217T000000,388500.00,4.00,2.50,1890.00,5395.00,2.00,0.00,0.00,3.00,7.00,1890.00,0.00,2006.00,0.00,98065.00,47.54,-121.88,2060.00,5395.00
3260000700.00,20140904T000000,530000.00,3.00,1.75,1680.00,7770.00,1.00,0.00,0.00,4.00,7.00,1680.00,0.00,1967.00,0.00,98005.00,47.60,-122.17,1880.00,7770.00
5126300510.00,20150108T000000,419000.00,3.00,2.50,2170.00,4517.00,2.00,0.00,0.00,3.00,8.00,2170.00,0.00,2002.00,0.00,98059.00,47.48,-122.14,2610.00,4770.00
7199330370.00,20150309T000000,385000.00,3.00,1.75,1200.00,7360.00,1.00,0.00,0.00,4.00,7.00,1200.00,0.00,1978.00,0.00,98052.00,47.70,-122.13,1200.00,7500.00
1854900240.00,20140528T000000,655000.00,4.00,2.50,2990.00,5669.00,2.00,0.00,0.00,3.00,8.00,2990.00,0.00,2003.00,0.00,98074.00,47.61,-122.01,3110.00,5058.00
6738700335.00,20140701T000000,1695000.00,4.00,2.75,3770.00,10900.00,2.00,0.00,2.00,5.00,9.00,3070.00,700.00,1924.00,0.00,98144.00,47.58,-122.29,3000.00,5000.00
322059264.00,20140926T000000,279000.00,2.00,1.00,1020.00,47044.00,1.00,0.00,0.00,5.00,7.00,1020.00,0.00,1904.00,1958.00,98042.00,47.42,-122.16,1930.00,12139.00
5557500270.00,20150209T000000,262000.00,3.00,1.50,1700.00,9579.00,1.00,0.00,0.00,4.00,7.00,1100.00,600.00,1962.00,0.00,98023.00,47.32,-122.34,1700.00,9628.00
9164100125.00,20140807T000000,533000.00,4.00,1.00,1550.00,4750.00,1.50,0.00,0.00,3.00,7.00,1550.00,0.00,1919.00,0.00,98117.00,47.68,-122.39,1320.00,4750.00
7370600045.00,20150402T000000,640000.00,3.00,1.75,1680.00,8100.00,1.00,0.00,2.00,3.00,8.00,1680.00,0.00,1950.00,0.00,98177.00,47.72,-122.36,1880.00,7750.00
8594400060.00,20140609T000000,285000.00,3.00,2.25,1680.00,35127.00,2.00,0.00,0.00,3.00,7.00,1680.00,0.00,1987.00,0.00,98092.00,47.30,-122.07,1820.00,35166.00
7818900060.00,20140708T000000,458400.00,4.00,2.50,1910.00,10300.00,1.00,0.00,0.00,3.00,8.00,1910.00,0.00,1921.00,1968.00,98177.00,47.76,-122.36,1910.00,7750.00
2126059139.00,20150318T000000,620000.00,5.00,3.25,3160.00,10587.00,1.00,0.00,0.00,5.00,7.00,2190.00,970.00,1960.00,0.00,98034.00,47.72,-122.17,2200.00,7761.00
1759701600.00,20140512T000000,465000.00,3.00,1.50,2020.00,11358.00,1.00,0.00,0.00,4.00,6.00,1190.00,830.00,1956.00,0.00,98033.00,47.66,-122.19,2370.00,9520.00
1795920310.00,20140804T000000,690000.00,4.00,3.75,3210.00,7054.00,2.00,0.00,0.00,4.00,8.00,3210.00,0.00,1985.00,0.00,98052.00,47.73,-122.10,2350.00,8020.00
1626069139.00,20140821T000000,462500.00,3.00,2.25,2350.00,51400.00,1.00,0.00,0.00,3.00,7.00,1390.00,960.00,1977.00,0.00,98077.00,47.74,-122.05,2350.00,51400.00
3303951600.00,20140820T000000,369950.00,4.00,2.50,1910.00,10221.00,2.00,0.00,0.00,3.00,8.00,1910.00,0.00,1994.00,0.00,98038.00,47.38,-122.04,2210.00,8705.00
3353402400.00,20150326T000000,124500.00,2.00,1.00,840.00,6480.00,1.00,0.00,0.00,4.00,5.00,840.00,0.00,1954.00,0.00,98001.00,47.26,-122.26,1100.00,7300.00
2332700060.00,20140806T000000,950000.00,4.00,2.25,2620.00,10920.00,1.00,0.00,0.00,3.00,9.00,2620.00,0.00,1965.00,0.00,98005.00,47.61,-122.16,2370.00,11907.00
4040800260.00,20140616T000000,418000.00,4.00,1.50,1220.00,10580.00,1.00,0.00,0.00,3.00,7.00,1220.00,0.00,1965.00,0.00,98008.00,47.62,-122.12,1350.00,7800.00
1202000140.00,20141210T000000,160000.00,3.00,1.00,1060.00,8000.00,1.00,0.00,0.00,4.00,6.00,1060.00,0.00,1927.00,0.00,98002.00,47.31,-122.22,1060.00,4697.00
4022902050.00,20150415T000000,457000.00,4.00,2.50,2200.00,10800.00,1.00,0.00,0.00,3.00,8.00,1500.00,700.00,1964.00,0.00,98155.00,47.77,-122.29,2280.00,10800.00
4364200125.00,20150129T000000,530000.00,2.00,1.75,2120.00,7680.00,1.00,0.00,0.00,5.00,6.00,1130.00,990.00,1948.00,0.00,98126.00,47.53,-122.37,1220.00,7680.00
4036801245.00,20140522T000000,385000.00,3.00,1.00,1250.00,7300.00,1.00,0.00,0.00,4.00,7.00,1250.00,0.00,1956.00,0.00,98008.00,47.60,-122.13,1540.00,7400.00
7375100070.00,20150318T000000,491000.00,3.00,1.75,1440.00,7800.00,1.00,0.00,0.00,4.00,7.00,1440.00,0.00,1958.00,0.00,98008.00,47.60,-122.12,1440.00,7800.00
686400060.00,20140820T000000,521000.00,4.00,2.25,1890.00,8034.00,1.00,0.00,0.00,4.00,8.00,1890.00,0.00,1967.00,0.00,98008.00,47.63,-122.12,1920.00,7210.00
1645000710.00,20150410T000000,255000.00,3.00,1.00,1140.00,8528.00,1.00,0.00,0.00,5.00,7.00,1140.00,0.00,1967.00,0.00,98022.00,47.21,-122.00,1140.00,8112.00
5476800069.00,20140527T000000,292050.00,5.00,3.00,2840.00,7199.00,1.00,0.00,0.00,3.00,7.00,1710.00,1130.00,2003.00,0.00,98178.00,47.51,-122.28,2210.00,10800.00
823059185.00,20140520T000000,326000.00,6.00,3.00,1880.00,7200.00,1.00,0.00,0.00,4.00,7.00,1880.00,0.00,1966.00,0.00,98056.00,47.50,-122.19,1540.00,13022.00
4364200075.00,20140624T000000,300000.00,2.00,1.00,750.00,5120.00,1.00,0.00,0.00,4.00,6.00,750.00,0.00,1941.00,0.00,98126.00,47.53,-122.38,930.00,7200.00
2473420070.00,20150430T000000,291600.00,3.00,1.75,1630.00,7480.00,1.00,0.00,0.00,3.00,7.00,1330.00,300.00,1979.00,0.00,98058.00,47.45,-122.16,1940.00,7480.00
5706201360.00,20150219T000000,435000.00,5.00,1.50,1720.00,12551.00,1.00,0.00,0.00,3.00,7.00,1720.00,0.00,1967.00,0.00,98027.00,47.52,-122.05,1560.00,12960.00
4442800012.00,20141218T000000,465000.00,3.00,2.50,1600.00,1311.00,3.00,0.00,0.00,3.00,8.00,1600.00,0.00,2005.00,0.00,98117.00,47.69,-122.39,1390.00,1321.00
3339900640.00,20140620T000000,200000.00,3.00,2.25,1230.00,7420.00,1.50,0.00,0.00,5.00,7.00,1230.00,0.00,1913.00,0.00,98002.00,47.32,-122.22,1260.00,7556.00
425400070.00,20140717T000000,238000.00,3.00,1.50,1610.00,6132.00,1.00,0.00,2.00,4.00,7.00,1090.00,520.00,1959.00,0.00,98056.00,47.50,-122.17,1650.00,6132.00
4036800370.00,20141103T000000,455000.00,4.00,2.50,1320.00,7000.00,1.00,0.00,0.00,4.00,7.00,1320.00,0.00,1956.00,0.00,98008.00,47.60,-122.13,1550.00,8610.00
2412600070.00,20141030T000000,230000.00,6.00,3.00,2180.00,7220.00,2.00,0.00,0.00,3.00,7.00,2180.00,0.00,1980.00,0.00,98003.00,47.30,-122.31,2260.00,7344.00
8805900570.00,20140911T000000,808000.00,4.00,2.25,2190.00,4104.00,2.00,0.00,0.00,5.00,8.00,1410.00,780.00,1928.00,0.00,98112.00,47.64,-122.31,1990.00,3860.00
9178600810.00,20141217T000000,578500.00,3.00,1.00,1490.00,5700.00,1.50,0.00,0.00,3.00,7.00,1490.00,0.00,1916.00,0.00,98103.00,47.65,-122.33,2290.00,5700.00
2979800764.00,20140605T000000,390000.00,3.00,2.00,1463.00,868.00,3.00,0.00,0.00,3.00,7.00,1463.00,0.00,2003.00,0.00,98115.00,47.68,-122.32,1484.00,4320.00
3904980270.00,20150505T000000,517500.00,3.00,2.50,1800.00,3933.00,2.00,0.00,0.00,3.00,8.00,1800.00,0.00,1989.00,0.00,98029.00,47.57,-122.01,1800.00,4659.00
6738700075.00,20140626T000000,755000.00,4.00,2.75,2880.00,4000.00,1.50,0.00,0.00,3.00,9.00,2100.00,780.00,1912.00,2000.00,98144.00,47.58,-122.29,2110.00,4000.00
1646501920.00,20141030T000000,579500.00,3.00,1.75,1250.00,4120.00,1.00,0.00,0.00,4.00,7.00,980.00,270.00,1925.00,0.00,98117.00,47.69,-122.36,1250.00,4120.00
2997800075.00,20140929T000000,649950.00,3.00,2.75,1670.00,1350.00,3.00,0.00,0.00,3.00,9.00,1350.00,320.00,2014.00,0.00,98116.00,47.58,-122.41,1520.00,4800.00
4440400125.00,20140508T000000,228000.00,4.00,1.75,2000.00,6120.00,1.00,0.00,0.00,3.00,7.00,1100.00,900.00,1965.00,0.00,98178.00,47.50,-122.26,1880.00,6120.00
3423600060.00,20141202T000000,665000.00,4.00,1.75,2280.00,3680.00,1.50,0.00,0.00,5.00,7.00,1470.00,810.00,1926.00,0.00,98115.00,47.68,-122.30,1850.00,3680.00
1523560030.00,20150325T000000,689000.00,4.00,2.50,2110.00,6069.00,2.00,0.00,0.00,3.00,9.00,2110.00,0.00,1999.00,0.00,98052.00,47.64,-122.11,2180.00,9000.00
2896000710.00,20141022T000000,560000.00,4.00,2.50,2520.00,11240.00,1.00,0.00,0.00,3.00,8.00,1440.00,1080.00,1977.00,0.00,98052.00,47.67,-122.14,2360.00,10345.00
9238900060.00,20140529T000000,529000.00,3.00,1.00,1590.00,6420.00,1.00,0.00,0.00,3.00,7.00,1590.00,0.00,1944.00,0.00,98136.00,47.54,-122.39,1780.00,5900.00
1081310060.00,20150108T000000,375000.00,5.00,2.50,2100.00,14858.00,1.00,0.00,0.00,5.00,8.00,2100.00,0.00,1970.00,0.00,98059.00,47.47,-122.12,1980.00,11730.00
3256400060.00,20140923T000000,325000.00,4.00,2.75,2090.00,9240.00,1.00,0.00,0.00,4.00,6.00,2090.00,0.00,1949.00,0.00,98146.00,47.49,-122.34,1460.00,9240.00
8914200060.00,20150115T000000,583000.00,4.00,2.50,3390.00,10519.00,2.00,0.00,2.00,3.00,10.00,3390.00,0.00,1990.00,0.00,98003.00,47.33,-122.33,2830.00,10519.00
732000160.00,20150429T000000,330000.00,2.00,1.00,790.00,9784.00,1.00,0.00,0.00,3.00,6.00,790.00,0.00,1932.00,0.00,98155.00,47.76,-122.28,2350.00,10102.00
1592080060.00,20150417T000000,262000.00,3.00,2.50,1970.00,8727.00,2.00,0.00,0.00,3.00,7.00,1970.00,0.00,1995.00,0.00,98092.00,47.33,-122.19,1670.00,9168.00
7852190320.00,20150313T000000,555000.00,4.00,2.50,2870.00,6776.00,2.00,0.00,0.00,3.00,8.00,2870.00,0.00,2004.00,0.00,98065.00,47.54,-121.88,2770.00,6658.00
7950303270.00,20150302T000000,585000.00,2.00,1.00,1110.00,6000.00,1.00,0.00,0.00,3.00,7.00,1010.00,100.00,1951.00,0.00,98118.00,47.56,-122.28,1410.00,3500.00
7853340960.00,20150227T000000,425590.00,3.00,2.75,1940.00,3088.00,2.00,0.00,3.00,3.00,8.00,1770.00,170.00,2008.00,0.00,98065.00,47.52,-121.88,1410.00,2335.00
7312900060.00,20140603T000000,235000.00,2.00,1.00,720.00,4840.00,1.00,0.00,0.00,4.00,6.00,720.00,0.00,1947.00,0.00,98126.00,47.55,-122.38,1510.00,4840.00
1231001090.00,20140724T000000,362362.00,2.00,1.00,710.00,4000.00,1.00,0.00,0.00,3.00,6.00,710.00,0.00,1909.00,0.00,98118.00,47.55,-122.27,960.00,4000.00
1545805460.00,20150204T000000,252000.00,3.00,2.00,1370.00,7500.00,1.00,0.00,0.00,3.00,7.00,1370.00,0.00,1997.00,0.00,98038.00,47.36,-122.05,1420.00,7500.00
1473120390.00,20141224T000000,439000.00,4.00,2.50,2690.00,9551.00,2.00,0.00,0.00,3.00,9.00,2690.00,0.00,1992.00,0.00,98058.00,47.43,-122.16,2890.00,9121.00
1657300070.00,20140812T000000,465000.00,4.00,2.25,3360.00,10810.00,2.00,0.00,0.00,4.00,9.00,3360.00,0.00,1988.00,0.00,98092.00,47.33,-122.20,2590.00,10810.00
104501040.00,20141003T000000,249900.00,4.00,2.00,1500.00,7854.00,1.50,0.00,0.00,3.00,7.00,1500.00,0.00,1983.00,0.00,98023.00,47.31,-122.35,1500.00,7334.00
9345400350.00,20140718T000000,665000.00,2.00,2.50,2600.00,5000.00,1.00,0.00,0.00,5.00,8.00,1300.00,1300.00,1926.00,0.00,98126.00,47.58,-122.38,2260.00,5000.00
2592400400.00,20141014T000000,370000.00,3.00,1.75,1160.00,8774.00,1.00,0.00,0.00,3.00,7.00,1160.00,0.00,1972.00,0.00,98034.00,47.72,-122.17,1990.00,7908.00
6788200295.00,20140612T000000,620000.00,2.00,1.00,1430.00,3000.00,1.50,0.00,0.00,3.00,7.00,1300.00,130.00,1929.00,0.00,98112.00,47.64,-122.30,1750.00,4000.00
7308900445.00,20140724T000000,375000.00,3.00,1.00,1870.00,7671.00,1.00,0.00,0.00,4.00,8.00,1720.00,150.00,1937.00,0.00,98177.00,47.72,-122.36,1460.00,7679.00
3034200435.00,20140827T000000,552625.00,4.00,2.00,2560.00,9390.00,1.00,0.00,0.00,5.00,8.00,1280.00,1280.00,1957.00,0.00,98133.00,47.72,-122.33,1830.00,8169.00
3755000060.00,20140930T000000,315500.00,3.00,1.00,1160.00,10500.00,1.00,0.00,0.00,4.00,7.00,1160.00,0.00,1966.00,0.00,98034.00,47.73,-122.23,1520.00,10500.00
7524950710.00,20140919T000000,620000.00,2.00,1.75,1680.00,8187.00,1.00,0.00,0.00,4.00,8.00,1680.00,0.00,1983.00,0.00,98027.00,47.56,-122.08,2390.00,7801.00
6071200400.00,20141125T000000,510000.00,4.00,2.50,2010.00,9075.00,1.00,0.00,0.00,4.00,8.00,1310.00,700.00,1959.00,0.00,98006.00,47.55,-122.18,1850.00,9220.00
1939000030.00,20140627T000000,652500.00,4.00,2.50,2540.00,38677.00,2.00,0.00,0.00,3.00,9.00,2540.00,0.00,1987.00,0.00,98053.00,47.67,-122.04,2560.00,36280.00
6979900370.00,20141114T000000,574000.00,4.00,2.50,3240.00,22795.00,2.00,0.00,0.00,3.00,8.00,3240.00,0.00,1998.00,0.00,98053.00,47.63,-121.97,2570.00,29761.00
3303860160.00,20150224T000000,430000.00,3.00,2.50,2670.00,12806.00,2.00,0.00,0.00,3.00,9.00,2670.00,0.00,2010.00,0.00,98038.00,47.37,-122.06,3010.00,7231.00
6413100311.00,20140603T000000,390000.00,3.00,2.00,1080.00,7236.00,1.00,0.00,0.00,5.00,7.00,1080.00,0.00,1947.00,0.00,98125.00,47.71,-122.32,1120.00,8008.00
1232002015.00,20140605T000000,466500.00,3.00,1.00,1430.00,3840.00,1.00,0.00,0.00,3.00,7.00,950.00,480.00,1945.00,0.00,98117.00,47.68,-122.38,1430.00,3840.00
5116060030.00,20141028T000000,315000.00,2.00,2.25,1290.00,2436.00,2.00,0.00,0.00,3.00,7.00,1290.00,0.00,1984.00,0.00,98052.00,47.68,-122.16,1360.00,3088.00
1898700310.00,20140505T000000,220000.00,4.00,1.50,1240.00,9600.00,1.00,0.00,0.00,3.00,7.00,1240.00,0.00,1971.00,0.00,98023.00,47.32,-122.40,1240.00,9592.00
1079600270.00,20150306T000000,325000.00,3.00,1.75,1840.00,17286.00,1.00,0.00,0.00,4.00,7.00,1440.00,400.00,1978.00,0.00,98030.00,47.37,-122.17,1840.00,14541.00
1073100030.00,20150428T000000,365000.00,3.00,1.00,1120.00,8443.00,1.00,0.00,0.00,3.00,7.00,1120.00,0.00,1953.00,0.00,98133.00,47.77,-122.34,1450.00,8433.00
1157200189.00,20140514T000000,356000.00,3.00,3.50,2100.00,12384.00,2.00,0.00,0.00,3.00,9.00,2100.00,0.00,1980.00,0.00,98188.00,47.47,-122.26,2400.00,7776.00
3822200105.00,20140923T000000,380000.00,4.00,1.75,2030.00,12518.00,1.00,0.00,0.00,3.00,8.00,1610.00,420.00,1950.00,0.00,98125.00,47.73,-122.30,1650.00,7872.00
8121200700.00,20140713T000000,579000.00,4.00,2.25,2030.00,8764.00,2.00,0.00,0.00,4.00,8.00,2030.00,0.00,1983.00,0.00,98052.00,47.72,-122.11,1950.00,8750.00
4221900030.00,20150501T000000,682000.00,2.00,1.00,890.00,5000.00,1.00,0.00,0.00,3.00,7.00,890.00,0.00,1943.00,0.00,98105.00,47.67,-122.28,1680.00,5000.00
9475200030.00,20140616T000000,499000.00,3.00,1.75,1750.00,12325.00,1.00,0.00,0.00,4.00,7.00,1470.00,280.00,1968.00,0.00,98052.00,47.68,-122.12,1820.00,9750.00
3585220070.00,20150423T000000,333760.00,3.00,1.00,1300.00,5880.00,1.00,0.00,0.00,3.00,7.00,1300.00,0.00,1968.00,0.00,98052.00,47.69,-122.11,1300.00,7700.00
8644220070.00,20140910T000000,745000.00,4.00,2.50,2650.00,18903.00,2.00,0.00,0.00,3.00,11.00,2650.00,0.00,1994.00,0.00,98075.00,47.58,-121.99,3270.00,18843.00
9225900055.00,20140722T000000,380000.00,3.00,1.75,1750.00,10870.00,1.00,0.00,0.00,5.00,7.00,1750.00,0.00,1968.00,0.00,98056.00,47.50,-122.19,1230.00,10868.00
1972202010.00,20140801T000000,435000.00,3.00,3.00,1440.00,1350.00,3.50,0.00,2.00,3.00,8.00,1440.00,0.00,2005.00,0.00,98103.00,47.65,-122.35,1440.00,1350.00
9547200340.00,20150120T000000,520000.00,3.00,2.75,1700.00,3264.00,1.00,0.00,0.00,3.00,7.00,1060.00,640.00,1919.00,0.00,98115.00,47.68,-122.31,1880.00,4080.00
2481630030.00,20150427T000000,965000.00,4.00,2.50,3920.00,41206.00,2.00,0.00,0.00,4.00,10.00,3920.00,0.00,1988.00,0.00,98072.00,47.73,-122.13,3780.00,36562.00
3092000030.00,20140808T000000,270000.00,3.00,2.25,1470.00,16728.00,1.00,0.00,0.00,4.00,7.00,1350.00,120.00,1959.00,0.00,98168.00,47.50,-122.30,1540.00,9000.00
3592500340.00,20150313T000000,1100000.00,5.00,2.75,2520.00,4643.00,1.50,0.00,0.00,4.00,8.00,2120.00,400.00,1916.00,0.00,98112.00,47.63,-122.30,2100.00,4564.00
3447000060.00,20141008T000000,577500.00,3.00,1.75,2140.00,13286.00,1.00,0.00,0.00,4.00,8.00,1220.00,920.00,1964.00,0.00,98006.00,47.57,-122.13,2250.00,13286.00
2767704860.00,20140728T000000,650000.00,3.00,1.75,1550.00,5000.00,1.00,0.00,0.00,3.00,7.00,1250.00,300.00,1911.00,2011.00,98107.00,47.67,-122.37,1110.00,5000.00
4141000060.00,20141205T000000,1227500.00,4.00,2.50,3180.00,10319.00,2.00,0.00,0.00,4.00,11.00,3180.00,0.00,1986.00,0.00,98040.00,47.54,-122.23,3130.00,12120.00
7767000060.00,20140912T000000,1900000.00,5.00,4.25,6510.00,16471.00,2.00,0.00,3.00,4.00,11.00,3250.00,3260.00,1980.00,0.00,98040.00,47.58,-122.24,4480.00,16471.00
2061100390.00,20140721T000000,475000.00,2.00,2.00,1440.00,3720.00,1.50,0.00,0.00,3.00,7.00,1440.00,0.00,1983.00,0.00,98115.00,47.69,-122.33,1490.00,4308.00
4388000260.00,20150330T000000,200000.00,3.00,1.00,1150.00,10132.00,1.00,0.00,0.00,4.00,7.00,1150.00,0.00,1970.00,0.00,98023.00,47.32,-122.37,1180.00,8713.00
7787110510.00,20140620T000000,397000.00,4.00,2.50,2320.00,11717.00,2.00,0.00,0.00,3.00,8.00,2320.00,0.00,1997.00,0.00,98045.00,47.48,-121.78,2320.00,9714.00
4024100982.00,20150219T000000,383610.00,3.00,2.00,1230.00,8450.00,1.00,0.00,0.00,3.00,7.00,1230.00,0.00,1989.00,0.00,98155.00,47.75,-122.31,2110.00,8536.00
2621420060.00,20140728T000000,275000.00,4.00,2.50,2060.00,5742.00,2.00,0.00,0.00,3.00,7.00,2060.00,0.00,1999.00,0.00,98030.00,47.36,-122.19,1610.00,7298.00
4319200060.00,20140709T000000,840000.00,3.00,2.00,2783.00,11177.00,2.00,0.00,0.00,3.00,8.00,2783.00,0.00,1910.00,1999.00,98126.00,47.54,-122.38,1730.00,8018.00
2473480310.00,20140918T000000,365000.00,4.00,2.50,2140.00,7350.00,2.00,0.00,0.00,3.00,8.00,2140.00,0.00,1985.00,0.00,98058.00,47.45,-122.12,2120.00,8395.00
3629960060.00,20140904T000000,362000.00,3.00,2.75,1420.00,955.00,2.00,0.00,0.00,3.00,8.00,1160.00,260.00,2004.00,0.00,98029.00,47.55,-122.00,1420.00,955.00
7857000732.00,20141101T000000,350000.00,3.00,1.75,2090.00,6258.00,1.00,0.00,0.00,3.00,7.00,1390.00,700.00,1956.00,0.00,98108.00,47.55,-122.30,1790.00,5793.00
7805600070.00,20141111T000000,200000.00,2.00,1.75,1320.00,13052.00,1.50,0.00,0.00,3.00,7.00,1320.00,0.00,1980.00,0.00,98014.00,47.71,-121.35,1320.00,13052.00
109200140.00,20150506T000000,299000.00,4.00,2.50,2300.00,8100.00,1.00,0.00,0.00,4.00,8.00,1360.00,940.00,1979.00,0.00,98023.00,47.30,-122.37,1910.00,7630.00
3224059033.00,20141007T000000,555000.00,4.00,1.50,3050.00,82764.00,1.00,0.00,0.00,3.00,8.00,1650.00,1400.00,1966.00,0.00,98056.00,47.53,-122.19,2930.00,10074.00
868002015.00,20150225T000000,1326000.00,3.00,2.25,2960.00,8330.00,1.00,0.00,3.00,4.00,10.00,2260.00,700.00,1953.00,0.00,98177.00,47.70,-122.39,2960.00,8840.00
321100260.00,20140630T000000,896000.00,5.00,2.75,2520.00,16100.00,1.00,0.00,3.00,4.00,8.00,1570.00,950.00,1960.00,0.00,98040.00,47.53,-122.22,2760.00,16988.00
2325039084.00,20141217T000000,550000.00,2.00,1.75,1740.00,7290.00,1.00,0.00,0.00,3.00,8.00,1280.00,460.00,1950.00,0.00,98199.00,47.65,-122.40,1820.00,6174.00
2126049083.00,20150508T000000,324500.00,2.00,1.00,1300.00,6617.00,1.00,0.00,0.00,3.00,7.00,1300.00,0.00,1986.00,0.00,98125.00,47.72,-122.30,1820.00,7800.00
3298400350.00,20150105T000000,312500.00,3.00,1.00,1170.00,7350.00,1.00,0.00,0.00,4.00,7.00,1170.00,0.00,1960.00,0.00,98008.00,47.63,-122.12,1170.00,7350.00
7558800240.00,20150414T000000,485000.00,4.00,3.25,1946.00,17786.00,2.00,0.00,1.00,4.00,7.00,1946.00,0.00,1990.00,0.00,98070.00,47.36,-122.45,1460.00,16661.00
5100402782.00,20141020T000000,511000.00,2.00,1.00,1250.00,5413.00,1.00,0.00,0.00,4.00,7.00,1250.00,0.00,1923.00,0.00,98115.00,47.69,-122.32,1250.00,5413.00
5466310060.00,20150324T000000,139500.00,2.00,1.50,1230.00,1561.00,2.00,0.00,0.00,3.00,7.00,1230.00,0.00,1983.00,0.00,98042.00,47.38,-122.15,1660.00,2243.00
8079010310.00,20140611T000000,464000.00,4.00,2.50,2180.00,7203.00,2.00,0.00,0.00,4.00,8.00,2180.00,0.00,1989.00,0.00,98059.00,47.51,-122.15,2350.00,7334.00
8581200240.00,20150429T000000,255000.00,3.00,1.75,1740.00,8800.00,1.00,0.00,0.00,3.00,7.00,1140.00,600.00,1978.00,0.00,98023.00,47.30,-122.37,1690.00,7920.00
7853250070.00,20150417T000000,679975.00,4.00,2.50,3830.00,4644.00,2.00,0.00,0.00,3.00,8.00,2900.00,930.00,2004.00,0.00,98065.00,47.54,-121.88,3400.00,6163.00
7785000260.00,20140709T000000,624800.00,3.00,2.00,2250.00,14274.00,1.00,0.00,0.00,4.00,8.00,1500.00,750.00,1964.00,0.00,98040.00,47.58,-122.22,2820.00,13813.00
3525069037.00,20141120T000000,920000.00,3.00,2.75,2590.00,223027.00,2.00,0.00,0.00,3.00,9.00,2590.00,0.00,1983.00,0.00,98074.00,47.61,-122.00,3410.00,212137.00
4217401180.00,20140530T000000,1365000.00,3.00,2.50,2090.00,6000.00,1.50,0.00,0.00,4.00,9.00,2090.00,0.00,1928.00,0.00,98105.00,47.66,-122.28,2730.00,6000.00
8861700030.00,20141212T000000,510000.00,3.00,1.50,2400.00,10275.00,1.00,0.00,0.00,4.00,8.00,1540.00,860.00,1964.00,0.00,98052.00,47.69,-122.13,2380.00,10125.00
2287400030.00,20140626T000000,289659.00,4.00,2.25,2260.00,7200.00,2.00,0.00,0.00,4.00,7.00,2260.00,0.00,1984.00,0.00,98031.00,47.41,-122.18,1720.00,7200.00
7852010510.00,20150424T000000,585000.00,4.00,2.50,2910.00,6250.00,2.00,0.00,0.00,3.00,8.00,2910.00,0.00,1999.00,0.00,98065.00,47.54,-121.87,2550.00,6250.00
5104512180.00,20140626T000000,555000.00,5.00,3.00,3640.00,6930.00,2.00,0.00,0.00,3.00,8.00,3640.00,0.00,2004.00,0.00,98038.00,47.35,-122.01,3740.00,7182.00
9201000030.00,20150313T000000,940000.00,4.00,2.75,3770.00,24897.00,2.00,0.00,2.00,4.00,8.00,2550.00,1220.00,1964.00,0.00,98075.00,47.58,-122.08,2640.00,11502.00
7199340560.00,20140909T000000,460000.00,3.00,2.00,1600.00,7350.00,1.00,0.00,0.00,4.00,7.00,1600.00,0.00,1979.00,0.00,98052.00,47.70,-122.13,1600.00,7200.00
5561700340.00,20141121T000000,319000.00,3.00,2.50,2110.00,7434.00,2.00,0.00,0.00,4.00,7.00,2110.00,0.00,1978.00,0.00,98031.00,47.39,-122.17,2100.00,7749.00
1657530350.00,20140519T000000,280000.00,3.00,2.50,1720.00,1916.00,2.00,0.00,0.00,3.00,7.00,1720.00,0.00,2005.00,0.00,98059.00,47.49,-122.17,1760.00,1916.00
9423800030.00,20141118T000000,250000.00,3.00,1.00,1100.00,7470.00,1.00,0.00,0.00,4.00,5.00,1100.00,0.00,1917.00,0.00,98065.00,47.52,-121.83,1280.00,7055.00
1939100560.00,20150116T000000,749950.00,4.00,2.50,2620.00,8312.00,2.00,0.00,0.00,3.00,9.00,2620.00,0.00,1990.00,0.00,98074.00,47.63,-122.03,2260.00,8515.00
626059276.00,20140530T000000,458000.00,5.00,2.50,3090.00,23265.00,1.00,0.00,0.00,3.00,8.00,2990.00,100.00,1957.00,0.00,98011.00,47.77,-122.21,2560.00,18773.00
7852020800.00,20150402T000000,465000.00,3.00,2.50,1890.00,4808.00,2.00,0.00,0.00,3.00,8.00,1890.00,0.00,2000.00,0.00,98065.00,47.53,-121.87,2460.00,5348.00
1994200012.00,20150413T000000,580000.00,3.00,1.75,1850.00,2797.00,1.00,0.00,0.00,3.00,8.00,1150.00,700.00,1977.00,0.00,98103.00,47.69,-122.34,1450.00,4599.00
6626100260.00,20140806T000000,700000.00,4.00,2.50,3100.00,36562.00,2.00,0.00,0.00,3.00,10.00,3100.00,0.00,1994.00,0.00,98077.00,47.76,-122.07,3080.00,39351.00
4166800320.00,20141110T000000,350000.00,4.00,2.50,2506.00,7206.00,2.00,0.00,0.00,3.00,8.00,2506.00,0.00,2007.00,0.00,98023.00,47.32,-122.34,2441.00,7220.00
5490210200.00,20140905T000000,456000.00,4.00,1.00,1700.00,7689.00,1.00,0.00,0.00,3.00,7.00,1080.00,620.00,1977.00,0.00,98052.00,47.70,-122.12,1700.00,7333.00
5067400162.00,20150218T000000,290000.00,3.00,2.00,1550.00,18958.00,1.50,0.00,0.00,3.00,7.00,1550.00,0.00,1983.00,0.00,98198.00,47.37,-122.32,1840.00,12826.00
4306500070.00,20140711T000000,475000.00,4.00,2.75,2200.00,16288.00,1.00,0.00,0.00,3.00,7.00,1290.00,910.00,1980.00,0.00,98059.00,47.48,-122.12,2650.00,6620.00
5416500260.00,20140908T000000,285000.00,3.00,2.50,1890.00,3629.00,2.00,0.00,0.00,3.00,7.00,1890.00,0.00,2005.00,0.00,98038.00,47.36,-122.04,1980.00,4000.00
1446800710.00,20150227T000000,309000.00,3.00,1.00,1140.00,6400.00,1.00,0.00,0.00,3.00,7.00,1140.00,0.00,1962.00,0.00,98168.00,47.49,-122.33,1340.00,6650.00
2324800350.00,20140506T000000,860000.00,4.00,2.00,3740.00,32417.00,2.00,0.00,0.00,3.00,9.00,3740.00,0.00,2000.00,0.00,98053.00,47.67,-122.01,3180.00,32417.00
6648500390.00,20150226T000000,219000.00,3.00,2.25,1940.00,6500.00,1.00,0.00,0.00,3.00,8.00,1440.00,500.00,1979.00,0.00,98042.00,47.36,-122.15,1880.00,8991.00
8078440140.00,20141009T000000,546500.00,3.00,2.50,2130.00,7199.00,2.00,0.00,0.00,3.00,8.00,2130.00,0.00,1990.00,0.00,98074.00,47.63,-122.03,1890.00,7546.00
2624049050.00,20150213T000000,338000.00,2.00,1.00,1470.00,5566.00,1.00,0.00,0.00,4.00,7.00,770.00,700.00,1919.00,0.00,98118.00,47.53,-122.27,1410.00,5808.00
1862400226.00,20150311T000000,505000.00,2.00,1.00,1070.00,8130.00,1.00,0.00,0.00,3.00,7.00,1070.00,0.00,1942.00,0.00,98117.00,47.70,-122.37,1360.00,7653.00
4046700140.00,20141002T000000,340000.00,4.00,1.75,1680.00,15084.00,1.00,0.00,0.00,4.00,7.00,840.00,840.00,1979.00,0.00,98014.00,47.69,-121.91,1800.00,15092.00
3066410810.00,20140822T000000,678000.00,3.00,2.25,2730.00,10675.00,2.00,0.00,0.00,3.00,9.00,2730.00,0.00,1990.00,0.00,98074.00,47.63,-122.04,2770.00,10570.00
5453700140.00,20141208T000000,800000.00,3.00,1.75,1890.00,10292.00,1.00,0.00,0.00,4.00,8.00,1890.00,0.00,1969.00,0.00,98040.00,47.54,-122.23,2630.00,10625.00
2648500030.00,20140725T000000,112000.00,1.00,1.00,1080.00,3230.00,1.00,0.00,0.00,3.00,6.00,1080.00,0.00,1963.00,0.00,98002.00,47.31,-122.22,1210.00,5760.00
4167100240.00,20150310T000000,252000.00,3.00,1.75,1440.00,16819.00,1.50,0.00,0.00,4.00,6.00,1440.00,0.00,1925.00,0.00,98023.00,47.33,-122.37,1560.00,12376.00
2460700030.00,20140604T000000,335000.00,4.00,2.75,2540.00,7210.00,1.00,0.00,0.00,4.00,7.00,1600.00,940.00,1979.00,0.00,98058.00,47.46,-122.17,1820.00,7766.00
682000030.00,20140703T000000,610000.00,3.00,2.00,2300.00,13418.00,1.00,0.00,0.00,3.00,8.00,1430.00,870.00,1955.00,0.00,98004.00,47.61,-122.20,2140.00,9380.00
9211500560.00,20141028T000000,245000.00,3.00,2.00,1690.00,6790.00,1.00,0.00,0.00,3.00,7.00,1360.00,330.00,1979.00,0.00,98023.00,47.30,-122.38,1740.00,6790.00
3211800140.00,20150205T000000,493500.00,3.00,1.75,1800.00,16026.00,1.00,0.00,0.00,3.00,8.00,1390.00,410.00,1972.00,0.00,98008.00,47.58,-122.12,2210.00,13959.00
2193340260.00,20150107T000000,596500.00,4.00,2.25,1770.00,8505.00,2.00,0.00,0.00,3.00,8.00,1770.00,0.00,1986.00,0.00,98052.00,47.69,-122.10,1880.00,8939.00
3419600125.00,20140701T000000,245000.00,3.00,2.00,1190.00,4072.00,1.50,0.00,0.00,5.00,6.00,1190.00,0.00,1907.00,0.00,98118.00,47.53,-122.27,1680.00,5850.00
1357300240.00,20141027T000000,333500.00,3.00,1.75,1320.00,7200.00,1.00,0.00,0.00,4.00,7.00,1320.00,0.00,1977.00,0.00,98028.00,47.73,-122.24,1750.00,7260.00
3876820140.00,20141110T000000,373000.00,3.00,1.00,1290.00,8974.00,1.00,0.00,0.00,5.00,7.00,1290.00,0.00,1976.00,0.00,98072.00,47.74,-122.17,1540.00,7500.00
9526600710.00,20140724T000000,759900.00,4.00,2.50,3000.00,5639.00,2.00,0.00,0.00,3.00,8.00,3000.00,0.00,2008.00,0.00,98052.00,47.71,-122.12,3000.00,4587.00
2291400350.00,20140826T000000,317000.00,3.00,2.25,1358.00,1204.00,3.00,0.00,0.00,3.00,7.00,1358.00,0.00,2007.00,0.00,98133.00,47.71,-122.35,1358.00,1196.00
9834200390.00,20150512T000000,670000.00,3.00,1.50,1220.00,4080.00,1.50,0.00,0.00,5.00,7.00,1220.00,0.00,1914.00,0.00,98144.00,47.57,-122.29,1320.00,4080.00
7631200310.00,20141106T000000,985000.00,2.00,2.50,2720.00,26761.00,2.00,1.00,4.00,3.00,7.00,2720.00,0.00,1990.00,0.00,98166.00,47.45,-122.38,1870.00,12396.00
3438500796.00,20150430T000000,310000.00,3.00,1.50,1060.00,6954.00,1.00,0.00,0.00,4.00,6.00,1060.00,0.00,1983.00,0.00,98106.00,47.55,-122.36,1560.00,6372.00
11520200.00,20141015T000000,750000.00,4.00,2.50,3020.00,13122.00,2.00,0.00,0.00,3.00,9.00,2540.00,480.00,1997.00,0.00,98052.00,47.70,-122.11,3020.00,10873.00
339600070.00,20140721T000000,408000.00,3.00,2.00,1640.00,3440.00,2.00,0.00,0.00,3.00,7.00,1640.00,0.00,1987.00,0.00,98052.00,47.68,-122.10,1070.00,3549.00
629810800.00,20140617T000000,900000.00,5.00,3.75,3870.00,8225.00,2.00,0.00,0.00,3.00,10.00,3870.00,0.00,1998.00,0.00,98074.00,47.61,-122.01,3600.00,9361.00
8665900070.00,20150123T000000,460000.00,4.00,2.25,2860.00,15054.00,1.00,0.00,0.00,3.00,8.00,1460.00,1400.00,1957.00,0.00,98155.00,47.77,-122.30,1730.00,18525.00
9282800075.00,20150317T000000,339000.00,4.00,2.50,1740.00,6000.00,1.00,0.00,0.00,4.00,7.00,1740.00,0.00,1952.00,0.00,98178.00,47.50,-122.24,1190.00,6000.00
809002675.00,20150413T000000,660000.00,3.00,2.00,1140.00,6000.00,1.00,0.00,0.00,3.00,7.00,1140.00,0.00,1909.00,0.00,98109.00,47.64,-122.36,1260.00,4000.00
6305900350.00,20150422T000000,449950.00,4.00,3.00,3290.00,10783.00,2.00,0.00,0.00,3.00,9.00,3290.00,0.00,1990.00,0.00,98031.00,47.39,-122.18,2810.00,10783.00
1180002075.00,20140825T000000,235000.00,3.00,1.00,1210.00,6000.00,1.00,0.00,0.00,3.00,7.00,1210.00,0.00,1930.00,0.00,98178.00,47.50,-122.22,1210.00,6000.00
8832900135.00,20150113T000000,769000.00,5.00,2.25,3320.00,13138.00,1.00,0.00,2.00,4.00,9.00,1900.00,1420.00,1964.00,0.00,98028.00,47.76,-122.27,2820.00,13138.00
8682230400.00,20140507T000000,428000.00,2.00,2.00,1350.00,3900.00,1.00,0.00,0.00,3.00,8.00,1350.00,0.00,2003.00,0.00,98053.00,47.71,-122.03,1440.00,3900.00
9560800390.00,20140516T000000,445000.00,3.00,2.25,1990.00,7340.00,2.00,0.00,0.00,3.00,8.00,1990.00,0.00,1984.00,0.00,98072.00,47.76,-122.14,2180.00,11223.00
2558630350.00,20150321T000000,462000.00,4.00,2.50,2060.00,6958.00,1.00,0.00,0.00,3.00,7.00,1220.00,840.00,1974.00,0.00,98034.00,47.73,-122.17,1760.00,7350.00
7517500310.00,20150506T000000,775000.00,3.00,1.00,1460.00,6198.00,1.50,0.00,0.00,4.00,7.00,1460.00,0.00,1916.00,0.00,98107.00,47.66,-122.36,2280.00,5160.00
4141400030.00,20141201T000000,605000.00,4.00,1.75,2250.00,10108.00,1.00,0.00,0.00,4.00,8.00,2250.00,0.00,1967.00,0.00,98008.00,47.59,-122.12,2050.00,9750.00
8570900162.00,20141016T000000,193500.00,2.00,1.00,950.00,15996.00,1.00,0.00,0.00,4.00,7.00,950.00,0.00,1946.00,1995.00,98045.00,47.50,-121.79,950.00,25510.00
6837820030.00,20140522T000000,389950.00,4.00,2.50,3140.00,8060.00,2.00,0.00,0.00,3.00,9.00,3140.00,0.00,1991.00,0.00,98023.00,47.31,-122.34,3000.00,8060.00
98030400.00,20140711T000000,790000.00,4.00,3.50,3560.00,6098.00,2.00,0.00,0.00,3.00,10.00,3560.00,0.00,2006.00,0.00,98075.00,47.58,-121.97,3660.00,6846.00
7312400030.00,20150130T000000,442000.00,2.00,1.00,1410.00,5000.00,1.00,0.00,2.00,4.00,7.00,940.00,470.00,1918.00,0.00,98126.00,47.55,-122.38,1450.00,5000.00
5452800800.00,20140613T000000,890000.00,4.00,2.25,2770.00,13500.00,2.00,0.00,0.00,3.00,8.00,2770.00,0.00,1974.00,0.00,98040.00,47.54,-122.23,2300.00,13500.00
7889000125.00,20150319T000000,235000.00,3.00,1.00,1864.00,6978.00,1.00,0.00,0.00,4.00,7.00,1864.00,0.00,1958.00,0.00,98002.00,47.29,-122.21,990.00,8000.00
5101402276.00,20141217T000000,495000.00,4.00,1.75,1930.00,6720.00,1.00,0.00,2.00,3.00,8.00,1130.00,800.00,1959.00,0.00,98115.00,47.69,-122.31,1850.00,6380.00
1621069045.00,20150105T000000,600000.00,4.00,2.50,3870.00,50965.00,2.00,0.00,0.00,3.00,10.00,3870.00,0.00,2007.00,0.00,98010.00,47.31,-122.05,2170.00,65843.00
1370800935.00,20140618T000000,1400000.00,3.00,2.00,2020.00,5500.00,1.50,0.00,3.00,3.00,10.00,1790.00,230.00,1937.00,0.00,98199.00,47.64,-122.41,2580.00,5500.00
7522600030.00,20140826T000000,251000.00,3.00,2.00,1300.00,8400.00,1.00,0.00,0.00,4.00,7.00,1300.00,0.00,1967.00,0.00,98198.00,47.37,-122.32,1300.00,7500.00
123059046.00,20150326T000000,471000.00,4.00,2.25,3410.00,57063.00,2.00,0.00,0.00,4.00,8.00,2410.00,1000.00,1978.00,0.00,98059.00,47.51,-122.11,2870.00,145490.00
5201000030.00,20150323T000000,597000.00,4.00,2.50,2370.00,41338.00,2.00,0.00,0.00,3.00,8.00,2370.00,0.00,1995.00,0.00,98077.00,47.74,-122.05,2340.00,46661.00
8965500030.00,20140923T000000,804000.00,5.00,3.50,2770.00,9305.00,2.00,0.00,0.00,3.00,9.00,2770.00,0.00,1985.00,0.00,98006.00,47.56,-122.11,2520.00,9773.00
4019300030.00,20141013T000000,357000.00,3.00,1.75,1250.00,17493.00,1.00,0.00,0.00,3.00,7.00,1250.00,0.00,1972.00,0.00,98155.00,47.76,-122.27,2180.00,19553.00
8929000030.00,20140821T000000,419990.00,3.00,2.50,1690.00,1689.00,2.00,0.00,0.00,3.00,8.00,1150.00,540.00,2014.00,0.00,98029.00,47.55,-122.00,1540.00,1689.00
7880020030.00,20141110T000000,725000.00,4.00,2.50,3040.00,35201.00,2.00,0.00,0.00,4.00,10.00,3040.00,0.00,1987.00,0.00,98027.00,47.49,-122.07,2990.00,35416.00
806800400.00,20150209T000000,275000.00,3.00,2.50,2710.00,5733.00,2.00,0.00,0.00,3.00,7.00,2710.00,0.00,2003.00,0.00,98092.00,47.34,-122.17,2720.00,5733.00
7327500270.00,20140925T000000,445000.00,3.00,2.25,1190.00,13630.00,1.00,0.00,0.00,3.00,7.00,1190.00,0.00,1984.00,0.00,98045.00,47.48,-121.74,1630.00,14405.00
8568010310.00,20140912T000000,510000.00,3.00,2.50,2300.00,27566.00,2.00,0.00,0.00,3.00,9.00,2300.00,0.00,1995.00,0.00,98019.00,47.74,-121.96,2480.00,16650.00
1126049105.00,20140527T000000,330000.00,4.00,1.00,1360.00,13372.00,1.00,0.00,0.00,3.00,7.00,1360.00,0.00,1955.00,0.00,98028.00,47.76,-122.26,1540.00,10283.00
3438501662.00,20140818T000000,270000.00,3.00,1.00,1500.00,5605.00,1.00,0.00,0.00,5.00,6.00,750.00,750.00,1942.00,0.00,98106.00,47.55,-122.36,1050.00,9100.00
293000036.00,20150403T000000,495000.00,4.00,2.00,1610.00,4770.00,1.00,0.00,0.00,4.00,7.00,1230.00,380.00,1941.00,0.00,98126.00,47.53,-122.38,1180.00,6120.00
2648000071.00,20150306T000000,225000.00,4.00,1.75,1420.00,10300.00,2.00,0.00,0.00,3.00,7.00,1420.00,0.00,1950.00,2001.00,98002.00,47.31,-122.22,1420.00,10300.00
5273200060.00,20150504T000000,716528.00,3.00,1.50,1750.00,5400.00,1.00,0.00,0.00,4.00,7.00,1050.00,700.00,1952.00,0.00,98115.00,47.68,-122.28,1750.00,5400.00
2025701360.00,20141014T000000,260000.00,3.00,2.50,1510.00,6095.00,2.00,0.00,0.00,4.00,7.00,1510.00,0.00,1991.00,0.00,98038.00,47.35,-122.04,1520.00,6000.00
7787120260.00,20140609T000000,471000.00,4.00,2.50,2330.00,9928.00,2.00,0.00,0.00,3.00,8.00,2330.00,0.00,1998.00,0.00,98045.00,47.48,-121.78,2430.00,8175.00
4154305085.00,20150226T000000,690000.00,5.00,3.50,2690.00,4800.00,2.00,0.00,2.00,3.00,8.00,1930.00,760.00,1919.00,1984.00,98118.00,47.56,-122.27,2080.00,4900.00
967000400.00,20150428T000000,548000.00,5.00,1.50,1700.00,7200.00,1.50,0.00,0.00,3.00,7.00,1700.00,0.00,1937.00,0.00,98011.00,47.76,-122.20,1460.00,7194.00
5101401816.00,20140726T000000,505000.00,3.00,1.00,1020.00,5410.00,1.00,0.00,0.00,4.00,7.00,880.00,140.00,1928.00,0.00,98115.00,47.69,-122.31,1580.00,5376.00
3755000310.00,20141217T000000,325000.00,3.00,1.00,1160.00,11799.00,1.00,0.00,0.00,3.00,7.00,1160.00,0.00,1966.00,0.00,98034.00,47.73,-122.23,1220.00,10500.00
7300200400.00,20141105T000000,682000.00,4.00,2.25,2450.00,34092.00,2.00,0.00,0.00,4.00,8.00,2450.00,0.00,1980.00,0.00,98075.00,47.58,-122.05,2410.00,35378.00
1795920350.00,20140617T000000,605000.00,3.00,2.25,2010.00,10760.00,2.00,0.00,0.00,3.00,8.00,2010.00,0.00,1985.00,0.00,98052.00,47.73,-122.10,2240.00,9357.00
3530440140.00,20150505T000000,276200.00,2.00,1.75,1370.00,4495.00,1.00,0.00,0.00,4.00,8.00,1370.00,0.00,1975.00,0.00,98198.00,47.38,-122.32,1370.00,4686.00
6690500060.00,20140724T000000,530000.00,3.00,1.00,1370.00,4040.00,1.50,0.00,0.00,3.00,7.00,1370.00,0.00,1906.00,0.00,98103.00,47.69,-122.35,1220.00,3030.00
3568200060.00,20140902T000000,245000.00,3.00,3.00,1990.00,9600.00,1.00,0.00,0.00,3.00,7.00,1440.00,550.00,1988.00,0.00,98003.00,47.35,-122.30,1670.00,9600.00
3530200160.00,20140603T000000,654950.00,4.00,2.50,2790.00,45902.00,2.00,0.00,0.00,3.00,9.00,2790.00,0.00,1987.00,0.00,98077.00,47.77,-122.09,2890.00,42421.00
40000228.00,20141015T000000,221900.00,2.00,1.00,780.00,6727.00,1.00,0.00,0.00,3.00,6.00,780.00,0.00,1939.00,0.00,98168.00,47.47,-122.28,1860.00,10124.00
3878900270.00,20150429T000000,466000.00,4.00,2.00,2240.00,4508.00,1.00,0.00,2.00,4.00,8.00,1340.00,900.00,1926.00,0.00,98178.00,47.51,-122.25,1930.00,5250.00
8029600400.00,20150213T000000,383150.00,3.00,2.00,2210.00,6387.00,1.00,0.00,0.00,3.00,8.00,2210.00,0.00,2003.00,0.00,98003.00,47.27,-122.30,2570.00,6497.00
4083300510.00,20140505T000000,657100.00,4.00,1.00,1390.00,4240.00,1.00,0.00,0.00,3.00,7.00,1050.00,340.00,1924.00,0.00,98103.00,47.66,-122.34,1810.00,4240.00
1026069155.00,20150312T000000,539000.00,3.00,2.00,1800.00,43995.00,2.00,0.00,0.00,3.00,8.00,1800.00,0.00,1988.00,0.00,98077.00,47.76,-122.02,2290.00,51400.00
3298600340.00,20140905T000000,400000.00,6.00,3.00,3320.00,15600.00,1.00,0.00,0.00,4.00,8.00,1660.00,1660.00,1977.00,0.00,98092.00,47.30,-122.17,2330.00,15360.00
1921059235.00,20140620T000000,215000.00,4.00,2.50,1960.00,11600.00,1.00,0.00,0.00,5.00,6.00,980.00,980.00,1931.00,0.00,98002.00,47.29,-122.22,1160.00,7685.00
2887701420.00,20141124T000000,489000.00,2.00,1.00,850.00,2850.00,1.00,0.00,0.00,4.00,7.00,850.00,0.00,1927.00,0.00,98115.00,47.69,-122.31,1450.00,4015.00
2553300270.00,20141105T000000,649000.00,4.00,2.50,2980.00,12764.00,2.00,0.00,0.00,3.00,10.00,2980.00,0.00,1994.00,0.00,98075.00,47.59,-122.03,3080.00,9810.00
6206100075.00,20150512T000000,700000.00,4.00,1.75,1980.00,10800.00,1.00,0.00,0.00,4.00,8.00,1320.00,660.00,1953.00,0.00,98005.00,47.59,-122.17,2310.00,10800.00
1397300055.00,20140520T000000,268500.00,2.00,1.00,790.00,8424.00,1.00,0.00,0.00,4.00,6.00,790.00,0.00,1953.00,0.00,98133.00,47.75,-122.35,1470.00,8424.00
1357900060.00,20140610T000000,515000.00,3.00,2.50,1800.00,5001.00,2.00,0.00,0.00,3.00,7.00,1800.00,0.00,1996.00,0.00,98034.00,47.71,-122.23,2106.00,5618.00
9346700030.00,20150223T000000,685000.00,4.00,2.00,2260.00,10800.00,1.00,0.00,0.00,3.00,9.00,2260.00,0.00,1978.00,0.00,98007.00,47.61,-122.15,2650.00,9900.00
730000139.00,20141016T000000,305000.00,2.00,1.50,800.00,2142.00,2.00,0.00,0.00,3.00,7.00,800.00,0.00,2006.00,0.00,98144.00,47.59,-122.30,1320.00,2742.00
4219400465.00,20150112T000000,950000.00,4.00,2.00,2490.00,4600.00,1.50,0.00,2.00,3.00,8.00,2090.00,400.00,1926.00,0.00,98105.00,47.66,-122.28,2910.00,5000.00
8947250060.00,20150326T000000,292500.00,4.00,2.50,1610.00,4568.00,2.00,0.00,0.00,3.00,7.00,1610.00,0.00,2006.00,0.00,98001.00,47.34,-122.29,1834.00,4604.00
3293700496.00,20140814T000000,270000.00,4.00,1.75,1850.00,7730.00,1.00,0.00,0.00,5.00,7.00,1100.00,750.00,1956.00,0.00,98133.00,47.75,-122.36,2260.00,8581.00
3293700496.00,20141204T000000,450000.00,4.00,1.75,1850.00,7730.00,1.00,0.00,0.00,5.00,7.00,1100.00,750.00,1956.00,0.00,98133.00,47.75,-122.36,2260.00,8581.00
2921700060.00,20141027T000000,535000.00,4.00,1.00,1920.00,6480.00,1.50,0.00,0.00,3.00,7.00,1920.00,0.00,1920.00,0.00,98117.00,47.69,-122.37,1600.00,6470.00
3629870200.00,20150306T000000,550000.00,3.00,2.50,1740.00,3082.00,2.00,0.00,0.00,3.00,8.00,1740.00,0.00,2000.00,0.00,98029.00,47.55,-122.01,1910.00,3075.00
6909200335.00,20140624T000000,457500.00,3.00,2.25,1430.00,2003.00,2.00,0.00,0.00,3.00,8.00,980.00,450.00,1996.00,0.00,98144.00,47.59,-122.29,2210.00,4000.00
8945100320.00,20140506T000000,136500.00,3.00,1.50,1420.00,8580.00,1.00,0.00,0.00,3.00,6.00,1420.00,0.00,1962.00,0.00,98023.00,47.31,-122.36,1200.00,8580.00
8945100320.00,20141008T000000,224097.00,3.00,1.50,1420.00,8580.00,1.00,0.00,0.00,3.00,6.00,1420.00,0.00,1962.00,0.00,98023.00,47.31,-122.36,1200.00,8580.00
6792200282.00,20140922T000000,254000.00,3.00,2.50,1560.00,10608.00,2.00,0.00,0.00,3.00,7.00,1560.00,0.00,1994.00,0.00,98042.00,47.36,-122.16,1360.00,10608.00
1471701170.00,20140611T000000,335000.00,4.00,2.25,2030.00,13500.00,1.00,0.00,0.00,3.00,7.00,1230.00,800.00,1963.00,0.00,98059.00,47.46,-122.07,1830.00,13800.00
8564850200.00,20150402T000000,594950.00,5.00,2.50,3280.00,6553.00,2.00,0.00,0.00,3.00,9.00,3280.00,0.00,2012.00,0.00,98045.00,47.48,-121.74,3360.00,7242.00
1471610070.00,20140827T000000,350000.00,3.00,1.75,1360.00,18123.00,1.00,0.00,0.00,3.00,8.00,1360.00,0.00,1983.00,0.00,98045.00,47.47,-121.76,1570.00,16817.00
3384300160.00,20140916T000000,169950.00,3.00,1.00,1180.00,9832.00,1.00,0.00,0.00,3.00,7.00,1180.00,0.00,1970.00,0.00,98042.00,47.38,-122.09,1220.00,9894.00
6139800390.00,20141006T000000,432500.00,3.00,2.50,1940.00,10800.00,1.00,0.00,0.00,3.00,8.00,1340.00,600.00,1979.00,0.00,98077.00,47.75,-122.08,2080.00,9600.00
8819900270.00,20140520T000000,440000.00,2.00,1.75,1300.00,4000.00,2.00,0.00,0.00,3.00,7.00,1300.00,0.00,1948.00,0.00,98105.00,47.67,-122.29,1350.00,4013.00
8944290200.00,20140918T000000,233703.00,3.00,2.25,1650.00,3788.00,2.00,0.00,0.00,3.00,7.00,1650.00,0.00,1985.00,0.00,98031.00,47.39,-122.17,1510.00,3994.00
4057300030.00,20141114T000000,310000.00,3.00,1.50,1140.00,3292.00,2.00,0.00,0.00,3.00,7.00,1140.00,0.00,1988.00,0.00,98029.00,47.57,-122.02,1150.00,3592.00
1277000240.00,20150402T000000,735000.00,3.00,2.50,2540.00,6762.00,2.00,0.00,0.00,3.00,10.00,2540.00,0.00,1998.00,0.00,98007.00,47.62,-122.14,2870.00,6631.00
3345100002.00,20141217T000000,730000.00,4.00,2.75,3440.00,8150.00,2.00,0.00,0.00,3.00,10.00,3440.00,0.00,2014.00,0.00,98056.00,47.52,-122.19,2560.00,8315.00
179000505.00,20141024T000000,257000.00,3.00,1.75,1800.00,9000.00,1.00,0.00,0.00,3.00,7.00,1200.00,600.00,1961.00,0.00,98178.00,47.49,-122.28,980.00,6000.00
1972200751.00,20140519T000000,485000.00,2.00,2.25,1260.00,1240.00,3.00,0.00,0.00,3.00,8.00,1260.00,0.00,2004.00,0.00,98103.00,47.65,-122.35,1330.00,1300.00
868002080.00,20140619T000000,899000.00,4.00,2.25,2370.00,6000.00,1.00,0.00,2.00,3.00,8.00,1440.00,930.00,1959.00,0.00,98177.00,47.70,-122.39,3280.00,8843.00
4426600125.00,20141118T000000,279000.00,3.00,1.00,1520.00,8055.00,1.50,0.00,0.00,3.00,7.00,1520.00,0.00,1952.00,0.00,98125.00,47.72,-122.31,1560.00,8160.00
1683500140.00,20141211T000000,225000.00,4.00,2.00,1750.00,7245.00,1.00,0.00,0.00,4.00,7.00,1050.00,700.00,1974.00,0.00,98092.00,47.32,-122.20,1640.00,7245.00
1689401230.00,20140625T000000,1355000.00,3.00,1.50,2680.00,4775.00,2.00,0.00,2.00,5.00,8.00,1880.00,800.00,1913.00,0.00,98109.00,47.63,-122.35,2280.00,5947.00
7852060370.00,20140811T000000,355000.00,3.00,2.50,1590.00,4242.00,2.00,0.00,0.00,3.00,7.00,1590.00,0.00,2000.00,0.00,98065.00,47.53,-121.88,1590.00,3702.00
3876200060.00,20140502T000000,382500.00,4.00,1.75,1560.00,8700.00,1.00,0.00,0.00,4.00,7.00,1560.00,0.00,1967.00,0.00,98034.00,47.73,-122.18,2080.00,8000.00
2571910260.00,20141107T000000,324360.00,3.00,2.50,2000.00,9669.00,2.00,0.00,0.00,4.00,8.00,2000.00,0.00,1992.00,0.00,98022.00,47.20,-122.01,1930.00,9202.00
8731900640.00,20150324T000000,315000.00,3.00,1.75,2380.00,10450.00,1.50,0.00,0.00,3.00,8.00,2380.00,0.00,1966.00,0.00,98023.00,47.31,-122.37,2320.00,8500.00
1826049094.00,20140716T000000,426000.00,2.00,1.00,2230.00,11472.00,2.00,0.00,0.00,3.00,7.00,2230.00,0.00,1951.00,0.00,98133.00,47.74,-122.35,1870.00,8649.00
2345700260.00,20150406T000000,395000.00,5.00,2.50,2820.00,6305.00,2.00,0.00,0.00,3.00,8.00,2820.00,0.00,2003.00,0.00,98003.00,47.26,-122.30,2610.00,6306.00
3622069050.00,20141121T000000,212644.00,3.00,1.00,1570.00,9650.00,1.50,0.00,0.00,5.00,5.00,1570.00,0.00,1922.00,0.00,98010.00,47.35,-121.98,1330.00,9650.00
3342100160.00,20141009T000000,510000.00,3.00,3.00,1845.00,5100.00,2.00,0.00,2.00,5.00,8.00,1845.00,0.00,1947.00,0.00,98056.00,47.52,-122.21,2100.00,7650.00
2422049104.00,20140915T000000,85000.00,2.00,1.00,830.00,9000.00,1.00,0.00,0.00,3.00,6.00,830.00,0.00,1939.00,0.00,98032.00,47.38,-122.24,1160.00,7680.00
2422049104.00,20141230T000000,235000.00,2.00,1.00,830.00,9000.00,1.00,0.00,0.00,3.00,6.00,830.00,0.00,1939.00,0.00,98032.00,47.38,-122.24,1160.00,7680.00
6600350140.00,20150408T000000,295000.00,4.00,2.50,2030.00,5754.00,2.00,0.00,0.00,3.00,8.00,2030.00,0.00,2001.00,0.00,98042.00,47.35,-122.14,2030.00,5784.00
510003230.00,20140810T000000,720001.00,3.00,2.50,1430.00,2200.00,1.50,0.00,0.00,4.00,7.00,1430.00,0.00,1910.00,0.00,98103.00,47.66,-122.33,1740.00,4275.00
1995200200.00,20140506T000000,313950.00,3.00,1.00,1510.00,6083.00,1.00,0.00,0.00,4.00,6.00,860.00,650.00,1940.00,0.00,98115.00,47.70,-122.32,1510.00,5712.00
1995200200.00,20141008T000000,415000.00,3.00,1.00,1510.00,6083.00,1.00,0.00,0.00,4.00,6.00,860.00,650.00,1940.00,0.00,98115.00,47.70,-122.32,1510.00,5712.00
2473480350.00,20140519T000000,305000.00,3.00,1.75,1610.00,12247.00,1.00,0.00,0.00,3.00,8.00,1610.00,0.00,1981.00,0.00,98058.00,47.45,-122.12,2010.00,9271.00
1189000700.00,20141001T000000,625000.00,3.00,1.50,1600.00,4128.00,1.50,0.00,0.00,3.00,8.00,1250.00,350.00,1906.00,0.00,98122.00,47.61,-122.30,1540.00,3976.00
7923700030.00,20150414T000000,490000.00,3.00,1.00,1420.00,11040.00,1.00,0.00,0.00,4.00,7.00,1420.00,0.00,1961.00,0.00,98007.00,47.60,-122.14,1530.00,8208.00
1796360340.00,20140722T000000,269950.00,3.00,2.00,1660.00,8641.00,2.00,0.00,0.00,4.00,8.00,1660.00,0.00,1987.00,0.00,98042.00,47.37,-122.09,1490.00,8641.00
625059036.00,20140813T000000,2700000.00,5.00,4.00,4230.00,27295.00,2.00,1.00,4.00,3.00,8.00,3230.00,1000.00,1949.00,1985.00,98033.00,47.68,-122.21,2660.00,27295.00
5694500200.00,20140813T000000,829000.00,4.00,3.00,3310.00,4500.00,2.50,0.00,0.00,5.00,9.00,2910.00,400.00,1900.00,0.00,98103.00,47.66,-122.35,1440.00,3750.00
224069114.00,20140829T000000,635000.00,4.00,2.50,2470.00,77550.00,1.00,0.00,0.00,4.00,7.00,2470.00,0.00,1987.00,0.00,98075.00,47.59,-122.01,2490.00,40894.00
5379802871.00,20150312T000000,217500.00,3.00,1.00,1040.00,9750.00,1.00,0.00,0.00,3.00,7.00,1040.00,0.00,1959.00,0.00,98188.00,47.46,-122.27,1510.00,11100.00
1311600030.00,20140716T000000,270000.00,4.00,1.75,1850.00,7350.00,1.00,0.00,0.00,3.00,7.00,1050.00,800.00,1965.00,0.00,98001.00,47.34,-122.28,1450.00,7250.00
669000350.00,20140926T000000,1245000.00,3.00,3.00,4610.00,8400.00,2.00,0.00,2.00,3.00,8.00,2790.00,1820.00,1947.00,1999.00,98144.00,47.59,-122.29,2160.00,5000.00
2494000070.00,20150127T000000,480000.00,4.00,2.50,2480.00,5100.00,2.00,0.00,0.00,3.00,8.00,2480.00,0.00,2007.00,0.00,98019.00,47.74,-121.97,2270.00,5115.00
2771600350.00,20140506T000000,575000.00,3.00,1.75,2130.00,6500.00,1.00,0.00,2.00,3.00,8.00,1170.00,960.00,1954.00,0.00,98199.00,47.64,-122.39,2020.00,5000.00
1091310140.00,20141103T000000,426950.00,4.00,2.75,2350.00,5589.00,2.00,0.00,0.00,3.00,7.00,2350.00,0.00,2001.00,0.00,98059.00,47.51,-122.16,2014.00,6365.00
1450100390.00,20140905T000000,125000.00,3.00,1.00,920.00,7314.00,1.00,0.00,0.00,3.00,6.00,920.00,0.00,1960.00,0.00,98002.00,47.29,-122.22,1010.00,7420.00
1450100390.00,20150316T000000,208000.00,3.00,1.00,920.00,7314.00,1.00,0.00,0.00,3.00,6.00,920.00,0.00,1960.00,0.00,98002.00,47.29,-122.22,1010.00,7420.00
2473250400.00,20140924T000000,325000.00,4.00,2.00,1780.00,10622.00,1.00,0.00,0.00,4.00,7.00,900.00,880.00,1976.00,0.00,98058.00,47.46,-122.16,1550.00,8900.00
1420700030.00,20140922T000000,597157.00,7.00,4.00,2690.00,10880.00,1.00,0.00,0.00,4.00,8.00,2690.00,0.00,1960.00,0.00,98033.00,47.68,-122.17,1840.00,10836.00
3630110340.00,20150107T000000,728725.00,4.00,2.50,3010.00,3120.00,2.50,0.00,2.00,3.00,8.00,3010.00,0.00,2006.00,0.00,98029.00,47.55,-122.00,2140.00,3840.00
1313000240.00,20140818T000000,708000.00,5.00,2.00,3180.00,10800.00,1.00,0.00,0.00,3.00,8.00,1910.00,1270.00,1968.00,0.00,98052.00,47.64,-122.10,2440.00,9750.00
1441600160.00,20140723T000000,1300000.00,4.00,3.00,4120.00,14021.00,2.00,0.00,0.00,3.00,11.00,4120.00,0.00,2005.00,0.00,98075.00,47.60,-122.03,4390.00,14684.00
8807600140.00,20150424T000000,405000.00,3.00,1.00,1280.00,11625.00,1.00,0.00,0.00,4.00,7.00,1280.00,0.00,1977.00,0.00,98053.00,47.68,-122.06,1320.00,10875.00
8928100125.00,20141028T000000,550000.00,4.00,2.75,1690.00,6090.00,1.50,0.00,0.00,3.00,7.00,1400.00,290.00,1945.00,0.00,98115.00,47.68,-122.27,1820.00,6090.00
7853302180.00,20150409T000000,451000.00,4.00,2.50,2320.00,5375.00,2.00,0.00,0.00,3.00,7.00,2320.00,0.00,2006.00,0.00,98065.00,47.54,-121.88,2060.00,5395.00
9325200160.00,20140619T000000,540500.00,5.00,3.75,3090.00,7415.00,2.00,0.00,0.00,3.00,8.00,3090.00,0.00,2014.00,0.00,98166.00,47.44,-122.33,2790.00,7425.00
98001000.00,20141007T000000,1025000.00,5.00,3.50,5050.00,16500.00,2.00,0.00,2.00,3.00,11.00,5050.00,0.00,2001.00,0.00,98075.00,47.59,-121.97,4570.00,16500.00
3306200240.00,20141125T000000,218000.00,4.00,1.00,1640.00,10455.00,1.00,0.00,0.00,3.00,7.00,950.00,690.00,1963.00,0.00,98023.00,47.30,-122.37,1360.00,9750.00
7436500060.00,20141020T000000,562000.00,4.00,2.25,2170.00,7007.00,1.00,0.00,0.00,3.00,8.00,1540.00,630.00,1974.00,0.00,98033.00,47.67,-122.17,2040.00,7700.00
1022059032.00,20140812T000000,401500.00,4.00,2.50,3140.00,94525.00,2.00,0.00,0.00,4.00,8.00,2280.00,860.00,1977.00,0.00,98042.00,47.42,-122.16,1910.00,14300.00
1523049083.00,20141112T000000,196700.00,2.00,1.00,1090.00,9994.00,1.00,0.00,0.00,3.00,7.00,1090.00,0.00,1954.00,0.00,98168.00,47.48,-122.29,1090.00,11700.00
9346920070.00,20140822T000000,583000.00,3.00,1.75,1930.00,10183.00,1.00,0.00,0.00,4.00,8.00,1480.00,450.00,1975.00,0.00,98006.00,47.56,-122.14,2320.00,10000.00
5709200030.00,20141204T000000,309900.00,5.00,2.50,2100.00,17825.00,1.00,0.00,0.00,4.00,7.00,1400.00,700.00,1974.00,0.00,98092.00,47.31,-122.19,2200.00,14602.00
5104470070.00,20141016T000000,485000.00,4.00,3.00,3110.00,18843.00,2.00,0.00,0.00,3.00,9.00,3110.00,0.00,1995.00,0.00,98058.00,47.46,-122.15,3080.00,14735.00
3330500075.00,20150424T000000,465000.00,3.00,1.00,930.00,3348.00,1.00,0.00,0.00,4.00,6.00,930.00,0.00,1926.00,0.00,98118.00,47.55,-122.28,1210.00,3348.00
200800200.00,20140812T000000,595000.00,4.00,2.25,2050.00,8372.00,2.00,0.00,0.00,4.00,8.00,2050.00,0.00,1984.00,0.00,98052.00,47.72,-122.11,2010.00,8037.00
1432400570.00,20140718T000000,254000.00,3.00,1.00,1160.00,7560.00,1.00,0.00,0.00,4.00,6.00,1160.00,0.00,1958.00,0.00,98058.00,47.45,-122.18,1160.00,7560.00
1552510160.00,20141030T000000,488500.00,3.00,2.75,1820.00,9490.00,2.00,0.00,0.00,3.00,7.00,1820.00,0.00,1994.00,0.00,98011.00,47.75,-122.18,1950.00,8851.00
2473460860.00,20141027T000000,260000.00,4.00,2.50,2110.00,8990.00,2.00,0.00,0.00,3.00,8.00,2110.00,0.00,1977.00,0.00,98058.00,47.45,-122.13,2040.00,8800.00
7812800681.00,20150102T000000,166000.00,2.00,1.00,870.00,8487.00,1.00,0.00,0.00,4.00,6.00,870.00,0.00,1944.00,0.00,98178.00,47.50,-122.24,1350.00,6850.00
579000550.00,20141107T000000,440000.00,2.00,1.50,1080.00,6760.00,1.00,0.00,2.00,3.00,6.00,1080.00,0.00,1923.00,0.00,98117.00,47.70,-122.39,2080.00,5800.00
2916200138.00,20150202T000000,375000.00,3.00,2.00,1260.00,7560.00,2.00,0.00,0.00,5.00,6.00,1260.00,0.00,1943.00,0.00,98133.00,47.72,-122.35,1260.00,7595.00
6821100125.00,20150225T000000,529500.00,2.00,1.00,900.00,4800.00,1.00,0.00,0.00,4.00,6.00,780.00,120.00,1944.00,0.00,98199.00,47.66,-122.40,1270.00,5520.00
1529300135.00,20141014T000000,338000.00,2.00,1.00,750.00,6439.00,1.00,0.00,0.00,4.00,6.00,750.00,0.00,1934.00,0.00,98103.00,47.70,-122.35,1470.00,6374.00
4124000320.00,20150316T000000,335620.00,3.00,2.25,1800.00,15903.00,1.00,0.00,0.00,3.00,8.00,1340.00,460.00,1986.00,0.00,98038.00,47.38,-122.04,2000.00,15233.00
1775910370.00,20150205T000000,464000.00,4.00,2.25,2220.00,15232.00,1.00,0.00,0.00,3.00,9.00,1690.00,530.00,1978.00,0.00,98072.00,47.74,-122.10,2110.00,15280.00
4365200505.00,20141003T000000,354000.00,2.00,1.00,1390.00,7740.00,1.00,0.00,0.00,4.00,6.00,1390.00,0.00,1925.00,0.00,98126.00,47.52,-122.37,1290.00,7740.00
7960100030.00,20140814T000000,601000.00,4.00,3.50,2160.00,3600.00,2.00,0.00,0.00,3.00,8.00,1660.00,500.00,1998.00,0.00,98122.00,47.61,-122.30,1230.00,3840.00
9264900350.00,20150424T000000,285000.00,3.00,2.25,1840.00,9040.00,1.00,0.00,0.00,3.00,8.00,1370.00,470.00,1979.00,0.00,98023.00,47.31,-122.34,1870.00,8992.00
955000060.00,20140930T000000,462500.00,2.00,2.00,1690.00,4200.00,2.00,0.00,0.00,3.00,7.00,1690.00,0.00,1906.00,0.00,98112.00,47.62,-122.30,1540.00,4200.00
5205000160.00,20140711T000000,350000.00,4.00,2.50,2650.00,10459.00,2.00,0.00,0.00,4.00,8.00,2650.00,0.00,1989.00,0.00,98003.00,47.27,-122.29,2340.00,8777.00
6145600955.00,20141224T000000,329000.00,4.00,1.00,1120.00,3844.00,1.00,0.00,0.00,3.00,7.00,1120.00,0.00,1972.00,0.00,98133.00,47.70,-122.35,1480.00,3844.00
2472950350.00,20150411T000000,312500.00,4.00,2.50,2500.00,11983.00,1.00,0.00,0.00,3.00,7.00,1320.00,1180.00,1984.00,2008.00,98058.00,47.43,-122.15,1460.00,9005.00
9475710060.00,20140613T000000,370000.00,4.00,2.50,2220.00,5338.00,2.00,0.00,0.00,3.00,7.00,2220.00,0.00,2001.00,0.00,98059.00,47.49,-122.15,2220.00,5338.00
1112700060.00,20150311T000000,399900.00,3.00,1.75,1260.00,12750.00,1.00,0.00,0.00,3.00,7.00,1260.00,0.00,1979.00,0.00,98034.00,47.73,-122.23,1460.00,7865.00
66000140.00,20141120T000000,398000.00,3.00,1.00,1480.00,6550.00,1.50,0.00,0.00,4.00,6.00,1480.00,0.00,1925.00,0.00,98126.00,47.55,-122.38,1200.00,6550.00
1021000060.00,20150304T000000,550500.00,2.00,1.50,930.00,7400.00,1.00,0.00,2.00,4.00,7.00,830.00,100.00,1909.00,0.00,98116.00,47.57,-122.41,1920.00,4152.00
4154304740.00,20150224T000000,709000.00,3.00,2.75,2780.00,7200.00,1.50,0.00,0.00,4.00,8.00,1870.00,910.00,1913.00,0.00,98118.00,47.56,-122.27,1700.00,7200.00
7972604215.00,20141212T000000,402000.00,5.00,2.75,2770.00,7620.00,1.00,0.00,0.00,3.00,7.00,1700.00,1070.00,1965.00,0.00,98106.00,47.52,-122.35,1720.00,7620.00
7979900126.00,20140626T000000,450000.00,3.00,1.50,1530.00,23660.00,1.00,0.00,0.00,3.00,7.00,1530.00,0.00,1952.00,0.00,98155.00,47.75,-122.30,1800.00,11407.00
2821100125.00,20141120T000000,524000.00,3.00,2.25,2140.00,6720.00,1.00,0.00,0.00,3.00,8.00,1440.00,700.00,1961.00,0.00,98117.00,47.69,-122.40,2060.00,6720.00
2323089065.00,20141217T000000,800000.00,4.00,2.75,4600.00,322188.00,1.00,0.00,4.00,3.00,10.00,2400.00,2200.00,1989.00,0.00,98045.00,47.46,-121.74,3740.00,114562.00
6623400187.00,20140923T000000,185000.00,4.00,1.00,1760.00,8906.00,1.00,0.00,0.00,3.00,7.00,1230.00,530.00,1966.00,0.00,98055.00,47.43,-122.20,1180.00,10407.00
6623400187.00,20150220T000000,365000.00,4.00,1.00,1760.00,8906.00,1.00,0.00,0.00,3.00,7.00,1230.00,530.00,1966.00,0.00,98055.00,47.43,-122.20,1180.00,10407.00
325049234.00,20140909T000000,925000.00,4.00,2.50,3110.00,11422.00,2.00,0.00,0.00,3.00,9.00,3110.00,0.00,1989.00,0.00,98115.00,47.68,-122.27,2850.00,7254.00
8016300240.00,20150402T000000,714000.00,3.00,1.75,2260.00,11781.00,1.00,0.00,0.00,4.00,8.00,1520.00,740.00,1968.00,0.00,98008.00,47.60,-122.13,2530.00,10176.00
7955040160.00,20141016T000000,495000.00,3.00,2.00,1460.00,9759.00,1.00,0.00,0.00,5.00,7.00,1460.00,0.00,1972.00,0.00,98052.00,47.66,-122.14,1620.00,8421.00
6414600232.00,20150420T000000,535000.00,3.00,2.25,2050.00,6648.00,1.00,0.00,0.00,3.00,7.00,1230.00,820.00,1990.00,0.00,98133.00,47.73,-122.33,1760.00,7200.00
1824059070.00,20141024T000000,880000.00,4.00,2.50,2340.00,10800.00,1.00,0.00,0.00,3.00,8.00,2340.00,0.00,1953.00,2007.00,98040.00,47.57,-122.23,2650.00,13500.00
6031400013.00,20140616T000000,150000.00,3.00,1.50,1230.00,8056.00,1.00,0.00,0.00,4.00,6.00,1230.00,0.00,1949.00,0.00,98168.00,47.49,-122.31,850.00,6714.00
9557300570.00,20150327T000000,554500.00,3.00,2.25,1880.00,6565.00,1.00,0.00,0.00,4.00,8.00,1420.00,460.00,1972.00,0.00,98008.00,47.64,-122.11,2060.00,7280.00
4443800960.00,20150408T000000,520000.00,3.00,1.75,1280.00,3880.00,1.50,0.00,0.00,5.00,7.00,1280.00,0.00,1916.00,0.00,98117.00,47.69,-122.39,980.00,3880.00
7203220310.00,20140822T000000,839990.00,4.00,2.75,3660.00,5637.00,2.00,0.00,0.00,3.00,9.00,3660.00,0.00,2014.00,0.00,98053.00,47.68,-122.02,3625.00,5639.00
7202330030.00,20140822T000000,500000.00,3.00,2.50,1650.00,5683.00,2.00,0.00,0.00,3.00,7.00,1650.00,0.00,2003.00,0.00,98053.00,47.68,-122.04,1650.00,4193.00
3353404510.00,20150107T000000,305000.00,2.00,1.00,1960.00,186872.00,1.50,0.00,0.00,4.00,6.00,1960.00,0.00,1936.00,0.00,98001.00,47.27,-122.27,1650.00,19200.00
6064800550.00,20140802T000000,247800.00,3.00,2.50,1580.00,2170.00,2.00,0.00,0.00,3.00,7.00,1580.00,0.00,2003.00,0.00,98118.00,47.54,-122.29,1610.00,1917.00
1786630160.00,20140711T000000,344200.00,4.00,2.50,2490.00,5812.00,2.00,0.00,0.00,3.00,8.00,2490.00,0.00,2000.00,0.00,98042.00,47.39,-122.16,2690.00,6012.00
3709500140.00,20140623T000000,459950.00,4.00,2.50,2000.00,6107.00,2.00,0.00,0.00,3.00,8.00,2000.00,0.00,2003.00,0.00,98011.00,47.76,-122.22,2040.00,6520.00
7942300070.00,20140915T000000,229900.00,4.00,1.75,1550.00,9899.00,1.00,0.00,0.00,4.00,7.00,1550.00,0.00,1967.00,0.00,98030.00,47.36,-122.18,1500.00,11272.00
7525300240.00,20150219T000000,750000.00,4.00,2.25,2820.00,9602.00,1.00,0.00,1.00,3.00,8.00,1950.00,870.00,1974.00,0.00,98008.00,47.59,-122.11,2890.00,9602.00
3579000800.00,20141024T000000,509000.00,4.00,2.50,2600.00,9355.00,1.00,0.00,0.00,3.00,9.00,1840.00,760.00,1983.00,0.00,98028.00,47.74,-122.25,2250.00,7691.00
3577000116.00,20150325T000000,680000.00,4.00,1.00,2200.00,12137.00,1.00,0.00,4.00,4.00,8.00,1640.00,560.00,1956.00,0.00,98028.00,47.75,-122.26,3250.00,17153.00
5490210320.00,20140627T000000,661500.00,5.00,2.50,2500.00,7200.00,1.00,0.00,0.00,4.00,7.00,1490.00,1010.00,1977.00,0.00,98052.00,47.70,-122.12,1960.00,8325.00
3259400030.00,20141125T000000,370000.00,2.00,1.00,1270.00,1399.00,3.00,0.00,0.00,3.00,7.00,1270.00,0.00,2000.00,0.00,98136.00,47.56,-122.38,1140.00,1442.00
3134100162.00,20140717T000000,785000.00,4.00,2.75,2900.00,17400.00,1.00,0.00,0.00,4.00,8.00,2410.00,490.00,1978.00,0.00,98052.00,47.64,-122.11,2620.00,12240.00
9277700075.00,20140818T000000,355000.00,2.00,1.00,840.00,6720.00,1.00,0.00,0.00,3.00,7.00,840.00,0.00,1952.00,0.00,98116.00,47.57,-122.40,1250.00,6720.00
1172000135.00,20140731T000000,446000.00,4.00,2.00,1940.00,6350.00,1.00,0.00,0.00,4.00,7.00,970.00,970.00,1951.00,0.00,98103.00,47.69,-122.36,960.00,6350.00
1025059094.00,20150128T000000,830000.00,5.00,3.50,3490.00,21780.00,2.00,0.00,0.00,3.00,8.00,3490.00,0.00,1996.00,0.00,98052.00,47.67,-122.14,3070.00,7829.00
6705900070.00,20141028T000000,324000.00,3.00,2.50,1940.00,8347.00,2.00,0.00,0.00,3.00,8.00,1940.00,0.00,1990.00,0.00,98042.00,47.37,-122.16,1940.00,7131.00
9522400350.00,20141008T000000,500000.00,4.00,2.25,2490.00,23478.00,2.00,0.00,0.00,3.00,8.00,2490.00,0.00,1981.00,0.00,98072.00,47.75,-122.09,2030.00,12611.00
650000030.00,20141017T000000,745000.00,3.00,1.00,1390.00,9112.00,1.00,0.00,0.00,4.00,7.00,1390.00,0.00,1951.00,0.00,98004.00,47.61,-122.20,2290.00,9112.00
8712100435.00,20141110T000000,1197000.00,4.00,2.50,3940.00,4407.00,2.00,0.00,0.00,4.00,8.00,2620.00,1320.00,1921.00,0.00,98112.00,47.64,-122.30,1790.00,4407.00
1530900560.00,20141215T000000,385000.00,2.00,2.50,1760.00,3710.00,1.00,0.00,0.00,3.00,8.00,1130.00,630.00,1988.00,0.00,98072.00,47.73,-122.16,1760.00,4200.00
6868200060.00,20141211T000000,565000.00,3.00,2.25,2560.00,8040.00,1.00,0.00,0.00,3.00,8.00,1510.00,1050.00,1958.00,0.00,98125.00,47.71,-122.30,1980.00,8040.00
7767400060.00,20141119T000000,465000.00,4.00,2.50,2300.00,7314.00,1.00,0.00,0.00,4.00,8.00,1420.00,880.00,1979.00,0.00,98133.00,47.77,-122.33,2010.00,7314.00
820000012.00,20140827T000000,401000.00,3.00,3.25,1770.00,1977.00,3.00,0.00,0.00,3.00,8.00,1770.00,0.00,2001.00,0.00,98125.00,47.72,-122.31,1860.00,2210.00
3308030060.00,20140619T000000,385000.00,3.00,1.75,2310.00,11200.00,1.00,0.00,0.00,4.00,8.00,1630.00,680.00,1978.00,0.00,98030.00,47.36,-122.21,2350.00,13300.00
9485750240.00,20141017T000000,395000.00,3.00,2.50,2310.00,4930.00,2.00,0.00,0.00,4.00,8.00,2310.00,0.00,1989.00,0.00,98055.00,47.45,-122.21,2230.00,5324.00
3826000550.00,20150414T000000,245000.00,5.00,1.50,2000.00,8100.00,1.50,0.00,0.00,3.00,6.00,2000.00,0.00,1946.00,0.00,98168.00,47.49,-122.30,960.00,9239.00
7960100075.00,20150325T000000,500000.00,3.00,2.00,1540.00,3600.00,1.00,0.00,0.00,3.00,7.00,890.00,650.00,1994.00,0.00,98122.00,47.61,-122.30,1540.00,3600.00
7461400400.00,20141103T000000,334000.00,5.00,1.75,2590.00,6720.00,1.00,0.00,0.00,4.00,7.00,1750.00,840.00,1979.00,0.00,98055.00,47.44,-122.19,1820.00,7521.00
6206100030.00,20150501T000000,550000.00,3.00,1.00,980.00,10960.00,1.00,0.00,0.00,4.00,7.00,980.00,0.00,1953.00,0.00,98005.00,47.59,-122.17,2100.00,10960.00
7888300340.00,20141124T000000,216000.00,3.00,1.00,1730.00,7950.00,1.00,0.00,0.00,4.00,7.00,1180.00,550.00,1961.00,0.00,98198.00,47.36,-122.31,1830.00,8890.00
1180000885.00,20141030T000000,340500.00,3.00,2.50,3070.00,5871.00,3.00,0.00,0.00,4.00,8.00,2510.00,560.00,1928.00,0.00,98178.00,47.50,-122.22,2220.00,4000.00
1081330060.00,20140813T000000,375000.00,4.00,2.25,2100.00,12738.00,2.00,0.00,0.00,4.00,8.00,2100.00,0.00,1975.00,0.00,98059.00,47.47,-122.12,2000.00,12090.00
9536600105.00,20150109T000000,600000.00,3.00,2.75,2080.00,16740.00,1.00,0.00,3.00,3.00,8.00,1580.00,500.00,1966.00,0.00,98198.00,47.36,-122.32,2175.00,7568.00
2783100160.00,20140515T000000,375000.00,4.00,1.75,1890.00,8000.00,1.00,0.00,0.00,4.00,7.00,1250.00,640.00,1960.00,0.00,98133.00,47.76,-122.33,1870.00,8270.00
9297301505.00,20140509T000000,536500.00,4.00,1.75,2000.00,4000.00,1.50,0.00,0.00,5.00,7.00,1450.00,550.00,1926.00,0.00,98126.00,47.57,-122.38,1430.00,4000.00
5561300340.00,20140924T000000,599900.00,3.00,3.00,3030.00,35123.00,2.00,0.00,0.00,4.00,8.00,1760.00,1270.00,1984.00,0.00,98027.00,47.47,-122.01,2810.00,36205.00
1794500695.00,20150304T000000,750000.00,2.00,1.50,1110.00,3600.00,1.00,0.00,0.00,5.00,7.00,1110.00,0.00,1904.00,0.00,98119.00,47.64,-122.36,1670.00,5400.00
2797500030.00,20150211T000000,355000.00,3.00,1.00,1650.00,10075.00,1.00,0.00,0.00,3.00,7.00,1170.00,480.00,1955.00,0.00,98177.00,47.77,-122.36,1690.00,8125.00
9214400125.00,20140701T000000,590000.00,3.00,2.00,1410.00,6413.00,1.00,0.00,0.00,4.00,7.00,910.00,500.00,1947.00,0.00,98115.00,47.68,-122.30,1330.00,6050.00
6821101895.00,20150507T000000,680000.00,2.00,1.00,2140.00,6000.00,1.00,0.00,0.00,4.00,7.00,1070.00,1070.00,1946.00,0.00,98199.00,47.65,-122.40,1560.00,6000.00
8079040140.00,20141006T000000,429000.00,3.00,2.50,1860.00,11122.00,2.00,0.00,0.00,3.00,8.00,1860.00,0.00,1994.00,0.00,98059.00,47.51,-122.15,2420.00,8542.00
7518507580.00,20150502T000000,581000.00,2.00,1.00,1170.00,4080.00,1.00,0.00,0.00,4.00,7.00,1170.00,0.00,1909.00,0.00,98117.00,47.68,-122.39,1560.00,4586.00
3863800030.00,20150331T000000,463800.00,3.00,1.50,980.00,7770.00,1.00,0.00,0.00,4.00,7.00,980.00,0.00,1968.00,0.00,98033.00,47.69,-122.20,1470.00,7350.00
3303850390.00,20141212T000000,2983000.00,5.00,5.50,7400.00,18898.00,2.00,0.00,3.00,3.00,13.00,6290.00,1110.00,2001.00,0.00,98006.00,47.54,-122.11,6110.00,26442.00
7128300060.00,20140707T000000,443000.00,5.00,1.75,1650.00,3000.00,1.50,0.00,0.00,3.00,8.00,1650.00,0.00,1902.00,0.00,98144.00,47.60,-122.31,1740.00,4000.00
104510340.00,20140925T000000,276200.00,3.00,2.50,1480.00,7210.00,1.00,0.00,0.00,3.00,7.00,1180.00,300.00,1986.00,0.00,98023.00,47.31,-122.35,1690.00,7396.00
114101505.00,20150423T000000,630000.00,5.00,3.50,4060.00,8309.00,2.00,0.00,0.00,3.00,9.00,2960.00,1100.00,2001.00,0.00,98028.00,47.76,-122.23,1730.00,11711.00
1928300350.00,20141222T000000,570000.00,3.00,1.75,1370.00,3300.00,2.00,0.00,0.00,5.00,7.00,1370.00,0.00,1927.00,0.00,98105.00,47.67,-122.32,1560.00,3927.00
1370800560.00,20141013T000000,979700.00,4.00,2.25,2480.00,6000.00,2.00,0.00,2.00,3.00,10.00,2380.00,100.00,1929.00,0.00,98199.00,47.64,-122.41,3030.00,5600.00
8825900310.00,20141211T000000,730000.00,4.00,2.50,2030.00,4080.00,1.50,0.00,0.00,4.00,8.00,1730.00,300.00,1921.00,0.00,98115.00,47.68,-122.31,1980.00,4080.00
4167700240.00,20141204T000000,268450.00,5.00,2.25,2200.00,9600.00,1.00,0.00,0.00,4.00,7.00,1100.00,1100.00,1963.00,0.00,98023.00,47.33,-122.36,1780.00,9680.00
2138800060.00,20150304T000000,490000.00,3.00,1.75,1770.00,7508.00,1.00,0.00,0.00,3.00,7.00,1270.00,500.00,1962.00,0.00,98133.00,47.74,-122.34,1690.00,8880.00
579002220.00,20140827T000000,808000.00,3.00,2.50,2550.00,6240.00,1.00,0.00,3.00,5.00,8.00,1750.00,800.00,1957.00,0.00,98117.00,47.70,-122.39,2180.00,5200.00
9144300060.00,20150430T000000,350000.00,3.00,1.00,1250.00,9786.00,1.00,0.00,0.00,4.00,7.00,1250.00,0.00,1969.00,0.00,98072.00,47.76,-122.16,1660.00,9621.00
4441300416.00,20141028T000000,695000.00,4.00,1.75,2390.00,5880.00,1.00,0.00,2.00,3.00,8.00,1390.00,1000.00,1957.00,0.00,98117.00,47.70,-122.40,2210.00,6260.00
3225069301.00,20140612T000000,1228000.00,4.00,2.50,5730.00,44947.00,2.00,0.00,4.00,3.00,11.00,4280.00,1450.00,1991.00,0.00,98074.00,47.61,-122.06,3310.00,17628.00
6620400400.00,20140813T000000,309950.00,1.00,1.00,1120.00,11800.00,1.50,0.00,0.00,3.00,7.00,1120.00,0.00,1950.00,0.00,98168.00,47.51,-122.33,2330.00,9290.00
3361402041.00,20141030T000000,134000.00,3.00,1.00,1270.00,8508.00,1.00,0.00,0.00,4.00,6.00,650.00,620.00,1942.00,0.00,98168.00,47.50,-122.32,1200.00,9415.00
1150000340.00,20141118T000000,645500.00,4.00,2.50,2390.00,9638.00,2.00,0.00,0.00,3.00,10.00,2390.00,0.00,1988.00,0.00,98029.00,47.56,-122.02,2630.00,9258.00
7015200800.00,20150309T000000,750000.00,3.00,2.00,1760.00,5488.00,1.50,0.00,0.00,3.00,7.00,1540.00,220.00,1927.00,0.00,98119.00,47.65,-122.37,1760.00,5943.00
5316100106.00,20141010T000000,1399000.00,3.00,2.50,2560.00,3600.00,2.00,0.00,0.00,3.00,9.00,2110.00,450.00,1967.00,2003.00,98112.00,47.63,-122.28,2690.00,4800.00
3102700160.00,20140925T000000,344900.00,4.00,1.75,1820.00,7700.00,1.00,0.00,0.00,4.00,7.00,1100.00,720.00,1955.00,0.00,98177.00,47.75,-122.36,1700.00,8500.00
8129700565.00,20141008T000000,601450.00,2.00,3.25,1840.00,1500.00,3.00,0.00,0.00,3.00,8.00,1840.00,0.00,2001.00,0.00,98103.00,47.66,-122.35,1910.00,2500.00
9839300125.00,20150107T000000,575000.00,4.00,2.00,1810.00,4400.00,2.00,0.00,0.00,3.00,8.00,1700.00,110.00,1909.00,0.00,98122.00,47.61,-122.29,1470.00,4400.00
2011400710.00,20140521T000000,405000.00,3.00,1.75,2470.00,9620.00,1.00,0.00,1.00,4.00,7.00,1570.00,900.00,1962.00,0.00,98198.00,47.40,-122.32,2600.00,9620.00
1522700060.00,20140624T000000,518000.00,4.00,2.75,2520.00,14021.00,2.00,0.00,0.00,3.00,9.00,2520.00,0.00,1999.00,0.00,98019.00,47.73,-121.96,2330.00,14007.00
7568700135.00,20140717T000000,265000.00,2.00,1.00,1600.00,7936.00,1.00,0.00,0.00,3.00,7.00,1600.00,0.00,1947.00,0.00,98155.00,47.74,-122.32,1580.00,7440.00
8651411070.00,20140925T000000,180000.00,3.00,1.00,1280.00,4875.00,1.00,0.00,0.00,5.00,6.00,1280.00,0.00,1969.00,0.00,98042.00,47.37,-122.08,1060.00,4875.00
2616700520.00,20150318T000000,285000.00,3.00,2.50,1590.00,9736.00,2.00,0.00,0.00,3.00,7.00,1590.00,0.00,1985.00,0.00,98001.00,47.33,-122.28,1580.00,7500.00
4415600030.00,20150316T000000,433000.00,3.00,2.75,2000.00,7200.00,1.00,0.00,0.00,3.00,7.00,1000.00,1000.00,1954.00,2014.00,98166.00,47.45,-122.35,1440.00,7200.00
1072000260.00,20150223T000000,399000.00,3.00,1.75,1780.00,11440.00,1.00,0.00,0.00,3.00,8.00,1350.00,430.00,1977.00,0.00,98059.00,47.47,-122.14,2180.00,11440.00
8045000340.00,20140802T000000,565000.00,3.00,2.50,1700.00,7210.00,2.00,0.00,0.00,5.00,7.00,1700.00,0.00,1966.00,0.00,98052.00,47.67,-122.16,1700.00,7566.00
42000127.00,20150224T000000,406500.00,3.00,1.50,1970.00,10080.00,1.00,0.00,0.00,3.00,7.00,1970.00,0.00,1966.00,0.00,98168.00,47.47,-122.28,2240.00,10080.00
2205500335.00,20140807T000000,420000.00,4.00,1.75,1940.00,11500.00,1.00,0.00,0.00,4.00,7.00,1090.00,850.00,1955.00,0.00,98006.00,47.58,-122.15,1700.00,8360.00
1814800060.00,20150220T000000,965000.00,4.00,3.50,3290.00,5559.00,1.50,0.00,0.00,3.00,8.00,2290.00,1000.00,1906.00,2004.00,98103.00,47.68,-122.35,1790.00,6000.00
3885804260.00,20141024T000000,1375000.00,4.00,3.50,3500.00,9523.00,2.00,0.00,0.00,3.00,10.00,2460.00,1040.00,1996.00,0.00,98033.00,47.68,-122.21,3160.00,5997.00
9264920270.00,20141007T000000,353950.00,5.00,2.25,3260.00,7969.00,2.00,0.00,0.00,4.00,8.00,3260.00,0.00,1982.00,0.00,98023.00,47.31,-122.34,2070.00,7962.00
1778350160.00,20140710T000000,847700.00,5.00,3.25,4230.00,10260.00,2.00,0.00,0.00,3.00,10.00,3860.00,370.00,1996.00,0.00,98027.00,47.55,-122.08,2980.00,10997.00
623049185.00,20140702T000000,185000.00,5.00,1.00,1590.00,6700.00,1.50,0.00,0.00,3.00,6.00,1090.00,500.00,1942.00,0.00,98146.00,47.51,-122.35,1370.00,8040.00
1180002735.00,20141119T000000,269000.00,2.00,1.50,1010.00,6000.00,1.00,0.00,0.00,4.00,7.00,1010.00,0.00,1923.00,0.00,98178.00,47.50,-122.22,1290.00,6000.00
3876313100.00,20141224T000000,422800.00,3.00,1.75,1820.00,8400.00,1.00,0.00,0.00,3.00,7.00,1340.00,480.00,1976.00,0.00,98072.00,47.73,-122.17,1900.00,8112.00
826000295.00,20141215T000000,379950.00,2.00,1.00,870.00,7500.00,1.00,0.00,0.00,3.00,7.00,870.00,0.00,1947.00,0.00,98136.00,47.55,-122.38,1240.00,5709.00
3876311860.00,20141226T000000,525000.00,3.00,2.00,1620.00,7800.00,1.00,0.00,0.00,3.00,7.00,1200.00,420.00,1969.00,0.00,98034.00,47.73,-122.17,1540.00,7565.00
2224079050.00,20140718T000000,810000.00,4.00,3.50,3980.00,209523.00,2.00,0.00,2.00,3.00,9.00,3980.00,0.00,2006.00,0.00,98024.00,47.56,-121.89,2220.00,65775.00
8945000260.00,20140722T000000,209950.00,4.00,1.00,1630.00,8400.00,1.00,0.00,0.00,3.00,6.00,1630.00,0.00,1962.00,0.00,98023.00,47.31,-122.36,1190.00,8989.00
2768301182.00,20141204T000000,439950.00,3.00,2.00,1230.00,1613.00,2.00,0.00,0.00,3.00,8.00,1010.00,220.00,2003.00,0.00,98107.00,47.67,-122.37,1610.00,1873.00
1827200135.00,20140523T000000,554820.00,4.00,2.00,3510.00,12905.00,1.00,0.00,2.00,3.00,8.00,2210.00,1300.00,1965.00,1982.00,98166.00,47.45,-122.36,2530.00,16143.00
4307300520.00,20150423T000000,359000.00,4.00,2.50,2160.00,4500.00,2.00,0.00,0.00,3.00,7.00,2160.00,0.00,2002.00,0.00,98056.00,47.48,-122.18,2160.00,4496.00
6632900354.00,20140910T000000,242500.00,3.00,1.00,1020.00,5870.00,1.00,0.00,0.00,3.00,6.00,1020.00,0.00,1941.00,0.00,98155.00,47.74,-122.31,1160.00,6901.00
9540100060.00,20140926T000000,330000.00,3.00,1.75,1590.00,9417.00,1.00,0.00,0.00,4.00,7.00,1590.00,0.00,1954.00,0.00,98177.00,47.76,-122.36,1600.00,9272.00
2424059116.00,20141105T000000,740000.00,3.00,2.25,3440.00,44374.00,2.00,0.00,3.00,4.00,10.00,2190.00,1250.00,1979.00,0.00,98006.00,47.55,-122.11,3470.00,40185.00
7600125.00,20141218T000000,630000.00,5.00,1.00,3020.00,4800.00,2.00,0.00,0.00,3.00,7.00,3020.00,0.00,1901.00,0.00,98122.00,47.60,-122.31,1350.00,1307.00
579003645.00,20140815T000000,750000.00,3.00,1.75,2280.00,7800.00,1.00,0.00,3.00,4.00,8.00,1360.00,920.00,1941.00,0.00,98117.00,47.70,-122.39,2280.00,5200.00
3224600340.00,20141013T000000,695000.00,4.00,2.50,2790.00,6540.00,2.00,0.00,0.00,3.00,9.00,2790.00,0.00,1999.00,0.00,98074.00,47.61,-122.02,2790.00,6270.00
7129800036.00,20150114T000000,109000.00,2.00,0.50,580.00,6900.00,1.00,0.00,0.00,3.00,5.00,580.00,0.00,1941.00,0.00,98118.00,47.51,-122.26,1570.00,5040.00
3294700421.00,20150225T000000,389000.00,3.00,1.50,2030.00,10075.00,1.00,0.00,0.00,5.00,7.00,1080.00,950.00,1961.00,0.00,98055.00,47.47,-122.20,2210.00,10075.00
6746700565.00,20141023T000000,447000.00,2.00,1.00,850.00,2700.00,1.00,0.00,0.00,5.00,6.00,850.00,0.00,1924.00,0.00,98105.00,47.67,-122.32,1630.00,3000.00
742000060.00,20141230T000000,1200000.00,3.00,2.00,2480.00,13310.00,1.00,0.00,0.00,2.00,7.00,2480.00,0.00,1955.00,0.00,98052.00,47.68,-122.11,2400.00,11340.00
626059155.00,20141210T000000,315000.00,3.00,1.75,1010.00,12000.00,1.00,0.00,0.00,4.00,7.00,1010.00,0.00,1977.00,0.00,98011.00,47.77,-122.21,1080.00,10619.00
1150000200.00,20150414T000000,640000.00,3.00,2.50,2420.00,8244.00,2.00,0.00,0.00,3.00,10.00,2420.00,0.00,1988.00,0.00,98029.00,47.56,-122.02,2500.00,9320.00
1592000640.00,20141119T000000,570000.00,3.00,2.25,2180.00,9246.00,2.00,0.00,0.00,3.00,9.00,2180.00,0.00,1984.00,0.00,98074.00,47.62,-122.03,2300.00,9298.00
3123039171.00,20140805T000000,495000.00,3.00,2.75,1830.00,208216.00,2.00,0.00,0.00,3.00,8.00,1830.00,0.00,1997.00,0.00,98070.00,47.44,-122.46,1530.00,16988.00
3876312010.00,20140603T000000,449500.00,5.00,2.75,2040.00,7488.00,1.00,0.00,0.00,4.00,7.00,1200.00,840.00,1969.00,0.00,98034.00,47.73,-122.17,1530.00,7488.00
5364200695.00,20150317T000000,1084500.00,4.00,2.75,2640.00,5000.00,2.00,0.00,0.00,3.00,9.00,1840.00,800.00,1943.00,2004.00,98105.00,47.66,-122.28,2010.00,5000.00
7979900806.00,20150311T000000,294950.00,2.00,1.00,1060.00,7868.00,1.00,0.00,0.00,3.00,7.00,1060.00,0.00,1952.00,0.00,98155.00,47.74,-122.30,1530.00,10728.00
8643200060.00,20140923T000000,170500.00,3.00,1.00,1640.00,13939.00,1.00,0.00,0.00,3.00,7.00,1040.00,600.00,1960.00,0.00,98198.00,47.39,-122.31,2080.00,13000.00
7972602080.00,20141208T000000,312000.00,4.00,1.00,1190.00,7620.00,1.50,0.00,0.00,3.00,6.00,1190.00,0.00,1926.00,0.00,98106.00,47.53,-122.35,1060.00,7320.00
7212650200.00,20141027T000000,350000.00,3.00,2.50,2180.00,15484.00,1.00,0.00,0.00,3.00,8.00,2180.00,0.00,1992.00,0.00,98003.00,47.27,-122.31,2090.00,10775.00
8079100140.00,20140728T000000,690000.00,4.00,2.50,2120.00,8448.00,2.00,0.00,0.00,4.00,9.00,2120.00,0.00,1989.00,0.00,98029.00,47.57,-122.01,2140.00,8122.00
8091800140.00,20140610T000000,375000.00,4.00,2.50,2210.00,9427.00,2.00,0.00,0.00,3.00,7.00,2210.00,0.00,1999.00,0.00,98148.00,47.43,-122.33,1770.00,8770.00
7214720510.00,20140806T000000,575000.00,4.00,2.50,2510.00,47044.00,2.00,0.00,0.00,3.00,9.00,2510.00,0.00,1987.00,0.00,98077.00,47.77,-122.09,2600.00,42612.00
9346920260.00,20140604T000000,646000.00,4.00,2.25,2500.00,8500.00,1.00,0.00,0.00,4.00,8.00,1600.00,900.00,1978.00,0.00,98006.00,47.56,-122.13,2290.00,8927.00
3750603471.00,20150327T000000,239950.00,3.00,2.50,1560.00,4800.00,2.00,0.00,0.00,4.00,7.00,1560.00,0.00,1974.00,0.00,98001.00,47.27,-122.29,1510.00,12240.00
3438502501.00,20140729T000000,400000.00,5.00,2.50,2510.00,7525.00,1.50,0.00,0.00,4.00,7.00,1710.00,800.00,1929.00,0.00,98106.00,47.54,-122.36,1270.00,6741.00
1775500310.00,20150121T000000,455000.00,4.00,1.75,3060.00,94089.00,1.00,0.00,0.00,3.00,8.00,3060.00,0.00,1958.00,0.00,98072.00,47.74,-122.09,2180.00,43995.00
1796380310.00,20140904T000000,240000.00,3.00,2.00,1310.00,8069.00,1.00,0.00,0.00,3.00,7.00,1310.00,0.00,1990.00,0.00,98042.00,47.37,-122.08,1310.00,8392.00
1118000320.00,20150508T000000,3400000.00,4.00,4.00,4260.00,11765.00,2.00,0.00,0.00,3.00,11.00,3280.00,980.00,1939.00,2010.00,98112.00,47.64,-122.29,4260.00,10408.00
3362401000.00,20140701T000000,695000.00,3.00,2.00,2500.00,4080.00,1.50,0.00,0.00,5.00,7.00,1680.00,820.00,1922.00,0.00,98103.00,47.68,-122.35,1550.00,3060.00
7454000990.00,20140924T000000,304950.00,2.00,1.00,670.00,6720.00,1.00,0.00,0.00,5.00,6.00,670.00,0.00,1942.00,0.00,98126.00,47.52,-122.37,710.00,6720.00
5244800125.00,20140805T000000,650000.00,3.00,1.75,1840.00,2310.00,1.00,0.00,2.00,4.00,8.00,1140.00,700.00,1914.00,0.00,98109.00,47.65,-122.35,1670.00,4000.00
789000520.00,20140715T000000,402500.00,3.00,1.75,1480.00,2211.00,2.00,0.00,0.00,3.00,7.00,1480.00,0.00,1995.00,0.00,98103.00,47.70,-122.35,1480.00,2197.00
7852000340.00,20140625T000000,482000.00,3.00,2.50,2420.00,7307.00,2.00,0.00,0.00,3.00,7.00,2420.00,0.00,1998.00,0.00,98065.00,47.54,-121.87,2420.00,5577.00
8827900560.00,20141031T000000,655000.00,3.00,2.00,1820.00,4480.00,1.00,0.00,0.00,5.00,7.00,1120.00,700.00,1923.00,0.00,98105.00,47.67,-122.30,1920.00,4480.00
2768000390.00,20140926T000000,577000.00,5.00,2.75,1940.00,5000.00,2.00,0.00,0.00,5.00,7.00,1940.00,0.00,1951.00,0.00,98107.00,47.67,-122.36,1940.00,4230.00
2475200370.00,20141020T000000,350000.00,3.00,2.50,1630.00,5996.00,2.00,0.00,0.00,3.00,7.00,1630.00,0.00,1986.00,0.00,98055.00,47.47,-122.19,1660.00,4504.00
8731981940.00,20140908T000000,415000.00,4.00,2.25,2520.00,8000.00,1.00,0.00,2.00,3.00,8.00,1680.00,840.00,1970.00,0.00,98023.00,47.32,-122.38,2300.00,8000.00
3626079032.00,20140730T000000,396400.00,4.00,2.50,2120.00,215186.00,2.00,0.00,0.00,2.00,7.00,2120.00,0.00,1983.00,0.00,98014.00,47.70,-121.86,2000.00,215186.00
6646200710.00,20150409T000000,654300.00,3.00,2.50,2490.00,8582.00,2.00,0.00,0.00,3.00,9.00,2490.00,0.00,2000.00,0.00,98074.00,47.63,-122.04,2870.00,7598.00
7167000060.00,20141124T000000,774950.00,4.00,2.50,3410.00,179419.00,2.00,0.00,0.00,3.00,10.00,3410.00,0.00,2004.00,0.00,98010.00,47.36,-121.99,3350.00,175421.00
5249802085.00,20140902T000000,855000.00,4.00,2.00,2380.00,10800.00,2.00,0.00,2.00,3.00,8.00,2380.00,0.00,1925.00,0.00,98118.00,47.57,-122.28,2112.00,6600.00
3528900060.00,20140626T000000,1145000.00,3.00,2.50,2490.00,4000.00,2.00,0.00,0.00,5.00,8.00,1670.00,820.00,1918.00,0.00,98109.00,47.64,-122.35,2310.00,4000.00
6056100295.00,20140530T000000,330000.00,2.00,2.50,1240.00,1546.00,2.00,0.00,0.00,3.00,7.00,1240.00,0.00,2007.00,0.00,98108.00,47.56,-122.30,1520.00,2468.00
9392200030.00,20140923T000000,290000.00,4.00,2.25,1900.00,10950.00,1.00,0.00,0.00,4.00,7.00,1400.00,500.00,1959.00,0.00,98032.00,47.36,-122.28,1700.00,11850.00
936000055.00,20141119T000000,519500.00,3.00,3.00,2390.00,19454.00,1.50,0.00,0.00,3.00,8.00,2390.00,0.00,2008.00,0.00,98166.00,47.45,-122.34,1540.00,26979.00
3840700560.00,20140814T000000,450000.00,3.00,1.75,1810.00,12600.00,1.00,0.00,0.00,3.00,7.00,1400.00,410.00,1977.00,0.00,98034.00,47.71,-122.23,1934.00,12600.00
333100295.00,20141124T000000,3120000.00,3.00,3.50,4490.00,56609.00,2.00,1.00,4.00,3.00,12.00,4490.00,0.00,1993.00,0.00,98034.00,47.70,-122.24,2710.00,51330.00
133000127.00,20140623T000000,265000.00,3.00,1.00,1620.00,9450.00,1.50,0.00,0.00,3.00,7.00,1620.00,0.00,1928.00,0.00,98168.00,47.51,-122.31,2070.00,11970.00
4221970060.00,20150506T000000,359000.00,4.00,2.50,2640.00,7883.00,2.00,0.00,0.00,3.00,8.00,2640.00,0.00,1990.00,0.00,98092.00,47.31,-122.19,2150.00,7683.00
1732800310.00,20150302T000000,2000000.00,4.00,3.75,2870.00,4500.00,2.00,0.00,3.00,3.00,10.00,2510.00,360.00,2012.00,0.00,98119.00,47.63,-122.36,2870.00,6354.00
2025069037.00,20150210T000000,1050000.00,4.00,2.50,3250.00,48037.00,1.00,0.00,2.00,3.00,8.00,2030.00,1220.00,1985.00,0.00,98074.00,47.63,-122.07,2970.00,48037.00
2516000486.00,20140701T000000,402500.00,2.00,1.00,800.00,2280.00,1.00,0.00,0.00,5.00,6.00,800.00,0.00,1946.00,0.00,98107.00,47.66,-122.36,1310.00,4200.00
4037400070.00,20140825T000000,450000.00,3.00,1.75,1360.00,5445.00,1.00,0.00,0.00,4.00,7.00,1360.00,0.00,1957.00,0.00,98008.00,47.61,-122.12,1570.00,7840.00
3375300370.00,20150306T000000,262500.00,5.00,2.25,1950.00,8086.00,1.00,0.00,0.00,3.00,7.00,1130.00,820.00,1980.00,0.00,98003.00,47.32,-122.33,1670.00,8550.00
1682500240.00,20150225T000000,285000.00,4.00,2.25,1970.00,7200.00,2.00,0.00,0.00,3.00,8.00,1970.00,0.00,1979.00,0.00,98092.00,47.31,-122.18,1790.00,7500.00
6806100340.00,20150304T000000,290000.00,3.00,2.50,2020.00,4861.00,2.00,0.00,0.00,3.00,7.00,2020.00,0.00,2005.00,0.00,98058.00,47.47,-122.14,2170.00,4600.00
8682281070.00,20140807T000000,752500.00,2.00,2.50,2280.00,6230.00,1.00,0.00,0.00,3.00,8.00,2280.00,0.00,2005.00,0.00,98053.00,47.71,-122.01,1640.00,5931.00
8691330260.00,20141208T000000,820000.00,4.00,2.75,3540.00,13515.00,2.00,0.00,0.00,3.00,10.00,3540.00,0.00,1998.00,0.00,98075.00,47.59,-121.98,3540.00,11538.00
869700140.00,20140811T000000,292000.00,3.00,2.50,1560.00,2740.00,2.00,0.00,0.00,3.00,8.00,1560.00,0.00,1999.00,0.00,98059.00,47.49,-122.15,1310.00,2698.00
7221400320.00,20141003T000000,213000.00,2.00,1.00,750.00,6089.00,1.00,0.00,2.00,3.00,6.00,750.00,0.00,1937.00,0.00,98055.00,47.48,-122.20,1430.00,6451.00
7454001125.00,20141117T000000,400000.00,4.00,3.00,2240.00,7035.00,2.00,0.00,0.00,3.00,7.00,2240.00,0.00,1942.00,1993.00,98146.00,47.51,-122.37,1060.00,6300.00
7129304375.00,20140714T000000,202000.00,1.00,0.75,590.00,5650.00,1.00,0.00,0.00,3.00,6.00,590.00,0.00,1944.00,0.00,98118.00,47.52,-122.27,980.00,5650.00
203100435.00,20140918T000000,484000.00,1.00,0.00,690.00,23244.00,1.00,0.00,0.00,4.00,7.00,690.00,0.00,1948.00,0.00,98053.00,47.64,-121.96,1690.00,19290.00
6189200260.00,20150504T000000,617450.00,3.00,2.00,1580.00,14398.00,1.00,0.00,0.00,3.00,7.00,1080.00,500.00,1981.00,0.00,98005.00,47.63,-122.17,1650.00,14407.00
1430800162.00,20150114T000000,250000.00,3.00,1.00,1040.00,8000.00,1.00,0.00,0.00,4.00,7.00,1040.00,0.00,1956.00,0.00,98166.00,47.47,-122.35,1170.00,9450.00
2570300240.00,20140529T000000,405000.00,5.00,1.75,1880.00,10000.00,1.00,0.00,0.00,3.00,7.00,960.00,920.00,1963.00,0.00,98034.00,47.72,-122.20,1580.00,10000.00
3294700320.00,20150331T000000,325000.00,2.00,1.00,1070.00,8750.00,1.00,0.00,0.00,3.00,7.00,1070.00,0.00,1951.00,0.00,98055.00,47.47,-122.20,1300.00,9670.00
2976800700.00,20140522T000000,301350.00,3.00,3.00,1860.00,7440.00,1.00,0.00,0.00,5.00,7.00,1040.00,820.00,1954.00,0.00,98178.00,47.50,-122.26,1490.00,8160.00
7625704340.00,20150303T000000,425000.00,2.00,1.75,1550.00,7800.00,1.00,0.00,0.00,3.00,7.00,1050.00,500.00,1940.00,0.00,98136.00,47.54,-122.39,1370.00,5000.00
9238900390.00,20140905T000000,460000.00,3.00,1.00,1860.00,6360.00,1.00,0.00,0.00,3.00,8.00,1470.00,390.00,1954.00,0.00,98136.00,47.53,-122.39,1770.00,6175.00
4139430310.00,20150419T000000,938000.00,3.00,2.50,3090.00,10940.00,2.00,0.00,2.00,3.00,10.00,3090.00,0.00,1992.00,0.00,98006.00,47.55,-122.12,3410.00,12157.00
1402630270.00,20140729T000000,348000.00,3.00,1.75,1720.00,8867.00,1.00,0.00,0.00,3.00,8.00,1320.00,400.00,1985.00,0.00,98058.00,47.44,-122.14,2200.00,9170.00
3735901600.00,20140606T000000,435000.00,2.00,1.00,1260.00,4080.00,1.50,0.00,0.00,5.00,7.00,1260.00,0.00,1926.00,0.00,98115.00,47.69,-122.32,1720.00,4080.00
739500270.00,20141113T000000,227950.00,3.00,1.50,1120.00,11430.00,1.00,0.00,0.00,4.00,7.00,1120.00,0.00,1963.00,0.00,98031.00,47.41,-122.19,1790.00,8760.00
3566800125.00,20150330T000000,425000.00,2.00,1.00,1250.00,5880.00,1.00,0.00,0.00,3.00,6.00,900.00,350.00,1948.00,0.00,98117.00,47.69,-122.39,1520.00,5020.00
2886200070.00,20140602T000000,550000.00,3.00,2.00,1810.00,4064.00,1.50,0.00,0.00,3.00,7.00,1810.00,0.00,1925.00,0.00,98103.00,47.69,-122.34,1518.00,2945.00
3529300060.00,20140721T000000,347500.00,3.00,2.50,1890.00,7053.00,2.00,0.00,0.00,4.00,8.00,1890.00,0.00,1992.00,0.00,98031.00,47.40,-122.18,2000.00,7226.00
3085001610.00,20140930T000000,397000.00,4.00,1.75,2020.00,6000.00,1.00,0.00,0.00,3.00,7.00,1620.00,400.00,1959.00,0.00,98144.00,47.58,-122.30,1870.00,4000.00
9414500200.00,20140602T000000,410000.00,4.00,1.75,1790.00,11875.00,1.00,0.00,0.00,4.00,7.00,1490.00,300.00,1969.00,0.00,98027.00,47.52,-122.05,1870.00,11760.00
8651611230.00,20140711T000000,780000.00,3.00,3.50,3190.00,6776.00,2.00,0.00,0.00,3.00,10.00,3190.00,0.00,1998.00,0.00,98074.00,47.63,-122.06,3230.00,7189.00
8712100350.00,20140909T000000,1350000.00,4.00,3.25,3030.00,5164.00,1.50,0.00,0.00,5.00,9.00,2700.00,330.00,1925.00,0.00,98112.00,47.64,-122.30,1890.00,4415.00
7202350310.00,20141028T000000,476000.00,3.00,2.25,1630.00,3070.00,2.00,0.00,0.00,3.00,7.00,1630.00,0.00,2004.00,0.00,98053.00,47.68,-122.03,1690.00,3200.00
1326059070.00,20140708T000000,390000.00,3.00,1.75,1180.00,16552.00,1.00,0.00,0.00,4.00,7.00,1180.00,0.00,1967.00,0.00,98072.00,47.74,-122.12,2780.00,45302.00
1311900240.00,20141230T000000,226500.00,3.00,2.00,1560.00,7000.00,1.00,0.00,0.00,4.00,7.00,1560.00,0.00,1968.00,0.00,98001.00,47.34,-122.28,1560.00,7200.00
7518503490.00,20140731T000000,495000.00,3.00,2.00,1340.00,2550.00,2.00,0.00,0.00,3.00,7.00,1340.00,0.00,1984.00,0.00,98117.00,47.68,-122.38,1370.00,5100.00
6669200200.00,20150319T000000,1500000.00,5.00,3.25,2590.00,11500.00,1.00,0.00,2.00,4.00,9.00,2590.00,0.00,1968.00,0.00,98040.00,47.55,-122.23,2780.00,11989.00
3438501860.00,20150422T000000,385000.00,3.00,1.00,1020.00,5950.00,1.00,0.00,0.00,3.00,6.00,880.00,140.00,1950.00,0.00,98106.00,47.54,-122.36,1800.00,5950.00
7852170570.00,20150309T000000,535950.00,3.00,2.50,2370.00,5344.00,2.00,0.00,0.00,3.00,9.00,2370.00,0.00,2003.00,0.00,98065.00,47.54,-121.86,2990.00,5418.00
9290850060.00,20141022T000000,910000.00,4.00,2.50,3170.00,32430.00,2.50,0.00,0.00,3.00,10.00,3170.00,0.00,1989.00,0.00,98053.00,47.69,-122.06,3360.00,35610.00
4206901505.00,20150326T000000,465000.00,2.00,1.00,1120.00,4000.00,1.00,0.00,0.00,3.00,7.00,1120.00,0.00,1926.00,0.00,98105.00,47.66,-122.33,1620.00,4000.00
6600220550.00,20140626T000000,495000.00,3.00,1.75,1440.00,11787.00,1.00,0.00,0.00,3.00,8.00,1440.00,0.00,1983.00,0.00,98074.00,47.63,-122.03,2190.00,11787.00
8699100160.00,20150210T000000,250000.00,4.00,2.00,2170.00,5404.00,1.50,0.00,0.00,5.00,6.00,1470.00,700.00,1920.00,0.00,98002.00,47.30,-122.22,1030.00,5477.00
1068000520.00,20140506T000000,1225000.00,4.00,2.25,3490.00,6906.00,2.00,0.00,0.00,4.00,10.00,2280.00,1210.00,1928.00,0.00,98199.00,47.64,-122.41,2540.00,6223.00
2558610070.00,20150217T000000,400000.00,4.00,2.25,1970.00,8941.00,2.00,0.00,0.00,3.00,7.00,1970.00,0.00,1973.00,0.00,98034.00,47.72,-122.17,1880.00,7793.00
1829300270.00,20140821T000000,715000.00,4.00,2.50,2780.00,13521.00,2.00,0.00,0.00,3.00,10.00,2780.00,0.00,1987.00,0.00,98074.00,47.64,-122.04,2980.00,11454.00
7212650240.00,20150223T000000,342000.00,3.00,2.00,2250.00,7757.00,1.00,0.00,0.00,3.00,8.00,2250.00,0.00,1992.00,0.00,98003.00,47.27,-122.31,1970.00,6866.00
3205200240.00,20150430T000000,420000.00,4.00,1.75,1340.00,8400.00,1.00,0.00,0.00,5.00,7.00,1340.00,0.00,1967.00,0.00,98056.00,47.54,-122.17,1980.00,8400.00
1682000350.00,20140708T000000,148226.00,3.00,1.00,1400.00,7360.00,1.00,0.00,0.00,4.00,7.00,1400.00,0.00,1968.00,0.00,98092.00,47.31,-122.19,1600.00,8030.00
7229900885.00,20141103T000000,313000.00,3.00,1.00,1510.00,10369.00,1.00,0.00,0.00,4.00,7.00,1010.00,500.00,1968.00,0.00,98059.00,47.48,-122.10,1510.00,16057.00
7888000400.00,20140603T000000,150000.00,3.00,1.00,1320.00,8220.00,1.00,0.00,0.00,3.00,7.00,1320.00,0.00,1959.00,0.00,98198.00,47.37,-122.31,1320.00,7920.00
523049195.00,20140522T000000,150000.00,2.00,1.00,820.00,10270.00,1.00,0.00,0.00,3.00,7.00,820.00,0.00,1954.00,0.00,98168.00,47.51,-122.33,1670.00,10086.00
1423400160.00,20140618T000000,230000.00,2.00,1.00,1080.00,9435.00,1.00,0.00,0.00,3.00,6.00,1080.00,0.00,1958.00,0.00,98058.00,47.46,-122.18,1200.00,9210.00
1766600075.00,20140902T000000,389100.00,2.00,1.00,840.00,5400.00,1.00,0.00,0.00,4.00,7.00,840.00,0.00,1948.00,0.00,98118.00,47.55,-122.27,1340.00,5400.00
1088020070.00,20141216T000000,645000.00,4.00,2.25,2070.00,8720.00,1.00,0.00,0.00,5.00,8.00,1360.00,710.00,1974.00,0.00,98033.00,47.67,-122.18,2180.00,8510.00
7893200486.00,20150302T000000,310000.00,3.00,1.00,1520.00,6500.00,1.00,0.00,0.00,3.00,7.00,990.00,530.00,1958.00,0.00,98198.00,47.42,-122.33,1500.00,7500.00
8929000060.00,20141004T000000,351358.00,2.00,1.75,1210.00,1189.00,2.00,0.00,0.00,3.00,8.00,1210.00,0.00,2014.00,0.00,98029.00,47.55,-122.00,1540.00,1672.00
8146200070.00,20150310T000000,1700000.00,5.00,2.75,3810.00,9360.00,2.00,0.00,0.00,3.00,10.00,3810.00,0.00,2014.00,0.00,98004.00,47.60,-122.19,2110.00,9870.00
624069050.00,20150407T000000,1565000.00,4.00,3.50,5370.00,323215.00,2.00,0.00,0.00,3.00,10.00,5370.00,0.00,2002.00,0.00,98075.00,47.60,-122.08,3780.00,9891.00
5318100935.00,20141020T000000,850000.00,3.00,2.00,1540.00,3600.00,2.00,0.00,0.00,3.00,8.00,1540.00,0.00,1900.00,1988.00,98112.00,47.63,-122.28,2970.00,3600.00
1313300340.00,20140514T000000,470000.00,4.00,2.50,2310.00,14023.00,2.00,0.00,0.00,3.00,9.00,2310.00,0.00,1991.00,0.00,98019.00,47.74,-121.96,2410.00,14007.00
8032700070.00,20141118T000000,770000.00,3.00,2.25,1870.00,1900.00,3.00,0.00,0.00,3.00,8.00,1870.00,0.00,2008.00,0.00,98103.00,47.65,-122.34,1690.00,1694.00
1072000240.00,20140624T000000,366000.00,3.00,1.75,1840.00,11440.00,1.00,0.00,0.00,4.00,8.00,1340.00,500.00,1977.00,0.00,98059.00,47.47,-122.14,1940.00,11440.00
3904920390.00,20140710T000000,545000.00,3.00,2.50,2060.00,7184.00,2.00,0.00,0.00,3.00,8.00,2060.00,0.00,1987.00,0.00,98029.00,47.57,-122.01,2230.00,7788.00
7345200400.00,20140909T000000,205000.00,3.00,1.00,1010.00,8800.00,1.00,0.00,0.00,4.00,7.00,1010.00,0.00,1968.00,0.00,98002.00,47.28,-122.21,1550.00,7700.00
923000270.00,20140508T000000,405000.00,2.00,1.00,1020.00,8155.00,1.00,0.00,0.00,4.00,7.00,1020.00,0.00,1948.00,0.00,98177.00,47.73,-122.36,1430.00,8157.00
7016310270.00,20150410T000000,467000.00,4.00,2.50,2220.00,7210.00,1.00,0.00,0.00,3.00,7.00,1270.00,950.00,1973.00,0.00,98011.00,47.74,-122.18,2220.00,7313.00
3650100105.00,20140926T000000,392500.00,2.00,1.00,1050.00,4125.00,1.00,0.00,0.00,4.00,7.00,1050.00,0.00,1909.00,0.00,98144.00,47.57,-122.31,1650.00,4125.00
3761100240.00,20141027T000000,901000.00,4.00,2.75,3030.00,18400.00,1.50,0.00,3.00,3.00,9.00,2360.00,670.00,1973.00,0.00,98034.00,47.70,-122.24,3030.00,12486.00
2126049277.00,20141203T000000,500000.00,3.00,1.75,1800.00,7199.00,1.00,0.00,0.00,3.00,7.00,1300.00,500.00,1972.00,0.00,98125.00,47.73,-122.31,1800.00,8100.00
253600160.00,20140530T000000,384950.00,3.00,2.50,1860.00,3690.00,2.00,0.00,0.00,3.00,7.00,1860.00,0.00,2000.00,0.00,98028.00,47.78,-122.24,1870.00,4394.00
1623069046.00,20150312T000000,1700000.00,4.00,3.50,4070.00,336283.00,2.00,0.00,0.00,3.00,11.00,4070.00,0.00,2006.00,0.00,98027.00,47.48,-122.04,3020.00,44613.00
9235900030.00,20140717T000000,245000.00,2.00,1.00,860.00,6120.00,1.00,0.00,0.00,3.00,7.00,860.00,0.00,1948.00,0.00,98155.00,47.75,-122.33,1100.00,6860.00
5451200370.00,20150209T000000,1165000.00,4.00,2.25,3080.00,10487.00,2.00,0.00,0.00,4.00,9.00,3080.00,0.00,1968.00,0.00,98040.00,47.53,-122.22,2480.00,10607.00
7338000270.00,20150421T000000,184500.00,3.00,1.50,1280.00,3640.00,2.00,0.00,0.00,3.00,6.00,1280.00,0.00,1983.00,0.00,98002.00,47.33,-122.21,1150.00,4105.00
2115720270.00,20150414T000000,269000.00,2.00,2.00,1540.00,5000.00,1.50,0.00,0.00,3.00,8.00,1540.00,0.00,1986.00,0.00,98023.00,47.32,-122.39,1590.00,5000.00
11200070.00,20140721T000000,570000.00,3.00,2.50,1530.00,3296.00,2.00,0.00,0.00,3.00,8.00,1530.00,0.00,1998.00,0.00,98007.00,47.62,-122.14,1530.00,4099.00
8732300060.00,20140512T000000,850000.00,4.00,1.75,2350.00,11914.00,1.00,0.00,0.00,4.00,8.00,2350.00,0.00,1961.00,0.00,98040.00,47.54,-122.23,2240.00,10706.00
8651410240.00,20150202T000000,209000.00,3.00,1.00,920.00,5200.00,1.00,0.00,0.00,4.00,6.00,920.00,0.00,1969.00,0.00,98042.00,47.36,-122.08,920.00,4875.00
3342102220.00,20140806T000000,327000.00,4.00,1.75,1840.00,5100.00,1.00,0.00,0.00,4.00,5.00,1840.00,0.00,1933.00,0.00,98056.00,47.52,-122.21,2160.00,5400.00
7663700783.00,20140613T000000,369500.00,3.00,1.50,1650.00,9957.00,1.00,0.00,0.00,4.00,7.00,1100.00,550.00,1961.00,0.00,98125.00,47.73,-122.30,1650.00,7957.00
9477201370.00,20150226T000000,440000.00,3.00,1.75,1760.00,8025.00,1.00,0.00,0.00,4.00,7.00,1230.00,530.00,1976.00,0.00,98034.00,47.73,-122.19,1590.00,7543.00
1923000370.00,20140512T000000,947500.00,4.00,2.25,3290.00,12329.00,1.50,0.00,0.00,4.00,10.00,3290.00,0.00,1968.00,0.00,98040.00,47.56,-122.22,3170.00,12329.00
6841700070.00,20150317T000000,510000.00,2.00,1.00,1270.00,4500.00,1.50,0.00,0.00,4.00,7.00,1270.00,0.00,1919.00,0.00,98122.00,47.61,-122.30,2140.00,4550.00
3293700105.00,20150428T000000,385000.00,3.00,2.00,1600.00,10318.00,1.00,0.00,0.00,3.00,7.00,930.00,670.00,1941.00,0.00,98133.00,47.75,-122.35,1590.00,7040.00
8001450060.00,20140820T000000,370000.00,5.00,3.00,2670.00,9920.00,1.00,0.00,0.00,3.00,8.00,1400.00,1270.00,1990.00,0.00,98001.00,47.32,-122.28,1890.00,10341.00
2877104316.00,20141201T000000,660000.00,4.00,1.50,1960.00,4500.00,1.50,0.00,2.00,3.00,7.00,1960.00,0.00,1922.00,0.00,98117.00,47.68,-122.36,1960.00,4500.00
1522039105.00,20150115T000000,729000.00,3.00,4.25,3300.00,308080.00,2.00,0.00,2.00,4.00,9.00,2520.00,780.00,1976.00,0.00,98070.00,47.40,-122.42,2130.00,90604.00
924069190.00,20140819T000000,440000.00,3.00,1.75,2000.00,11880.00,2.00,0.00,0.00,3.00,8.00,2000.00,0.00,1979.00,0.00,98075.00,47.59,-122.05,1820.00,15120.00
2722059185.00,20140910T000000,445000.00,4.00,2.50,2360.00,81892.00,1.00,0.00,0.00,3.00,8.00,2360.00,0.00,2000.00,0.00,98042.00,47.37,-122.16,1730.00,18096.00
4073200575.00,20141201T000000,460000.00,2.00,1.00,1430.00,12092.00,1.00,0.00,0.00,4.00,7.00,1430.00,0.00,1938.00,0.00,98125.00,47.70,-122.28,2320.00,10800.00
9542600070.00,20141202T000000,516000.00,3.00,3.00,2330.00,7304.00,1.00,0.00,0.00,3.00,9.00,1300.00,1030.00,1971.00,0.00,98005.00,47.60,-122.17,2330.00,9518.00
2459960030.00,20140815T000000,343888.00,4.00,2.50,2060.00,5607.00,2.00,0.00,0.00,3.00,7.00,2060.00,0.00,2002.00,0.00,98058.00,47.44,-122.14,2060.00,5367.00
259800640.00,20140609T000000,500000.00,4.00,1.75,2240.00,9886.00,1.50,0.00,0.00,4.00,7.00,2240.00,0.00,1965.00,0.00,98008.00,47.63,-122.12,1540.00,8040.00
1223039195.00,20150508T000000,465000.00,5.00,1.75,2330.00,6450.00,1.00,0.00,1.00,3.00,8.00,1330.00,1000.00,1958.00,0.00,98146.00,47.50,-122.37,2330.00,8258.00
1545804510.00,20140512T000000,302000.00,5.00,2.25,2180.00,7813.00,2.00,0.00,0.00,3.00,7.00,2180.00,0.00,1986.00,0.00,98038.00,47.37,-122.05,1880.00,8649.00
1921059045.00,20141107T000000,195000.00,2.00,1.00,1280.00,7861.00,1.00,0.00,0.00,4.00,6.00,1280.00,0.00,1913.00,0.00,98002.00,47.30,-122.23,1020.00,6480.00
8078460070.00,20140609T000000,640000.00,3.00,2.50,2140.00,8925.00,2.00,0.00,0.00,3.00,8.00,2140.00,0.00,1991.00,0.00,98074.00,47.63,-122.03,2310.00,8956.00
7525300260.00,20140623T000000,502000.00,6.00,2.50,2890.00,8122.00,1.00,0.00,0.00,3.00,8.00,1630.00,1260.00,1977.00,0.00,98008.00,47.59,-122.11,2730.00,9915.00
4249400270.00,20150417T000000,360000.00,3.00,2.50,1480.00,3851.00,2.00,0.00,0.00,3.00,8.00,1480.00,0.00,1998.00,0.00,98072.00,47.77,-122.16,1650.00,4716.00
179000240.00,20150325T000000,290500.00,4.00,2.50,1680.00,3000.00,2.00,0.00,0.00,3.00,7.00,1680.00,0.00,2003.00,0.00,98178.00,47.49,-122.28,1420.00,5500.00
8856004327.00,20140509T000000,248000.00,4.00,3.00,2163.00,5883.00,2.00,0.00,0.00,3.00,7.00,2163.00,0.00,2006.00,0.00,98001.00,47.27,-122.25,1700.00,10143.00
8029550160.00,20140516T000000,433000.00,4.00,2.50,2280.00,7568.00,2.00,0.00,0.00,4.00,7.00,2280.00,0.00,2001.00,0.00,98056.00,47.51,-122.19,2280.00,5312.00
5016001260.00,20150413T000000,480000.00,2.00,1.00,820.00,4200.00,1.00,0.00,0.00,3.00,7.00,820.00,0.00,1980.00,0.00,98112.00,47.62,-122.30,1290.00,4000.00
1133000036.00,20150421T000000,410000.00,3.00,1.00,1330.00,5000.00,1.00,0.00,0.00,3.00,7.00,1120.00,210.00,1957.00,0.00,98125.00,47.72,-122.31,1920.00,7790.00
5416510710.00,20140505T000000,309950.00,4.00,2.75,2310.00,5000.00,2.00,0.00,0.00,3.00,7.00,2310.00,0.00,2006.00,0.00,98038.00,47.36,-122.04,1980.00,5000.00
1796380060.00,20141201T000000,253000.00,3.00,2.00,1290.00,7372.00,1.00,0.00,0.00,5.00,7.00,1290.00,0.00,1990.00,0.00,98042.00,47.37,-122.09,1290.00,7366.00
1223089050.00,20140506T000000,280000.00,3.00,1.75,1630.00,11800.00,1.00,0.00,0.00,4.00,7.00,1630.00,0.00,1971.00,0.00,98045.00,47.49,-121.73,2090.00,57428.00
7436900060.00,20150424T000000,440000.00,3.00,1.00,1410.00,8925.00,1.00,0.00,0.00,3.00,7.00,1410.00,0.00,1958.00,0.00,98052.00,47.68,-122.16,1330.00,8925.00
2202500135.00,20141118T000000,333000.00,5.00,1.75,1240.00,8936.00,1.00,0.00,0.00,3.00,7.00,1240.00,0.00,1954.00,0.00,98006.00,47.57,-122.14,1600.00,9341.00
224069195.00,20140616T000000,759950.00,3.00,2.50,3100.00,23790.00,2.00,0.00,0.00,3.00,9.00,3100.00,0.00,2002.00,0.00,98075.00,47.59,-122.01,2250.00,40854.00
9407101180.00,20141224T000000,345000.00,3.00,2.25,2020.00,9000.00,2.00,0.00,0.00,3.00,7.00,2020.00,0.00,1979.00,0.00,98045.00,47.45,-121.78,1460.00,9680.00
6699950310.00,20140926T000000,350000.00,4.00,2.50,2500.00,5831.00,2.00,0.00,0.00,3.00,8.00,2500.00,0.00,2007.00,0.00,98038.00,47.35,-122.04,2500.00,5188.00
5379800810.00,20140807T000000,198000.00,2.00,1.00,790.00,14200.00,1.00,0.00,0.00,3.00,7.00,790.00,0.00,1951.00,0.00,98188.00,47.46,-122.29,1430.00,10000.00
711000070.00,20140725T000000,730000.00,3.00,1.75,2040.00,11294.00,1.00,0.00,0.00,4.00,7.00,1340.00,700.00,1952.00,0.00,98004.00,47.59,-122.20,2120.00,9587.00
5127001170.00,20140528T000000,266200.00,3.00,1.50,1430.00,9600.00,1.00,0.00,0.00,4.00,7.00,1430.00,0.00,1966.00,0.00,98059.00,47.47,-122.15,1590.00,10240.00
191100140.00,20150316T000000,1060000.00,4.00,2.50,2250.00,10160.00,2.00,0.00,0.00,5.00,8.00,2250.00,0.00,1967.00,0.00,98040.00,47.56,-122.22,2660.00,10125.00
6198400218.00,20140919T000000,95000.00,2.00,1.00,1070.00,20450.00,1.00,0.00,0.00,2.00,6.00,1070.00,0.00,1948.00,0.00,98058.00,47.43,-122.18,1360.00,15581.00
3578400270.00,20140623T000000,430000.00,3.00,1.75,1300.00,12731.00,1.00,0.00,0.00,3.00,8.00,1300.00,0.00,1981.00,0.00,98074.00,47.62,-122.04,1700.00,13556.00
9573120260.00,20140610T000000,650000.00,4.00,2.25,2560.00,9731.00,2.00,0.00,0.00,4.00,7.00,2560.00,0.00,1973.00,0.00,98034.00,47.73,-122.25,1860.00,9731.00
2310110070.00,20150317T000000,379900.00,3.00,2.50,2190.00,5071.00,2.00,0.00,0.00,3.00,8.00,2190.00,0.00,2004.00,0.00,98038.00,47.35,-122.04,2300.00,5654.00
6413600192.00,20150427T000000,325000.00,2.00,1.50,940.00,1222.00,2.00,0.00,0.00,3.00,7.00,860.00,80.00,2004.00,0.00,98125.00,47.72,-122.32,1302.00,1840.00
4037500335.00,20140606T000000,455000.00,4.00,2.25,1740.00,8449.00,1.00,0.00,0.00,4.00,7.00,1170.00,570.00,1958.00,0.00,98008.00,47.61,-122.12,1980.00,11175.00
5141000510.00,20140915T000000,392000.00,4.00,3.75,2220.00,3797.00,1.50,0.00,0.00,4.00,6.00,1330.00,890.00,1917.00,0.00,98108.00,47.56,-122.32,1490.00,4340.00
3876311180.00,20140904T000000,373000.00,3.00,1.75,1310.00,7811.00,1.00,0.00,0.00,3.00,7.00,1310.00,0.00,1976.00,0.00,98034.00,47.73,-122.17,1530.00,7800.00
5036300575.00,20141016T000000,951250.00,5.00,3.00,2710.00,8227.00,1.00,0.00,2.00,3.00,8.00,1910.00,800.00,1953.00,0.00,98199.00,47.65,-122.39,2060.00,5400.00
384000135.00,20140624T000000,502000.00,3.00,2.00,1300.00,14350.00,1.00,0.00,0.00,3.00,7.00,1300.00,0.00,1955.00,2013.00,98006.00,47.57,-122.15,1520.00,10670.00
322059326.00,20150427T000000,362500.00,3.00,2.00,1940.00,40588.00,1.00,0.00,0.00,3.00,7.00,1940.00,0.00,2000.00,0.00,98058.00,47.43,-122.16,1860.00,9657.00
9530101670.00,20140623T000000,525000.00,2.00,1.00,1080.00,3500.00,1.00,0.00,3.00,3.00,7.00,1080.00,0.00,1924.00,0.00,98103.00,47.67,-122.36,1790.00,4000.00
5490220030.00,20150225T000000,580000.00,4.00,2.50,2110.00,11680.00,1.00,0.00,0.00,4.00,7.00,1420.00,690.00,1977.00,0.00,98052.00,47.70,-122.12,1890.00,9600.00
2459500070.00,20141222T000000,278000.00,3.00,2.25,1590.00,9425.00,1.00,0.00,0.00,3.00,7.00,1170.00,420.00,1985.00,0.00,98058.00,47.43,-122.16,1590.00,9394.00
7312400075.00,20141216T000000,422500.00,2.00,1.00,910.00,4800.00,1.00,0.00,0.00,4.00,7.00,910.00,0.00,1923.00,0.00,98126.00,47.55,-122.38,1450.00,5000.00
7011200830.00,20140909T000000,783200.00,4.00,2.00,1590.00,5400.00,1.00,0.00,2.00,3.00,7.00,990.00,600.00,1900.00,0.00,98119.00,47.64,-122.37,2190.00,4800.00
8691390860.00,20140620T000000,715000.00,4.00,2.50,3290.00,6628.00,2.00,0.00,0.00,3.00,9.00,3290.00,0.00,2003.00,0.00,98075.00,47.60,-121.98,3240.00,5831.00
8929000350.00,20140804T000000,472217.00,3.00,2.50,2010.00,2212.00,2.00,0.00,0.00,3.00,8.00,1390.00,620.00,2014.00,0.00,98029.00,47.55,-122.00,1690.00,1619.00
1322049335.00,20140528T000000,244615.00,3.00,2.50,2060.00,4030.00,2.00,0.00,0.00,3.00,7.00,2060.00,0.00,1999.00,0.00,98032.00,47.39,-122.24,2060.00,4029.00
7715600070.00,20141212T000000,385000.00,3.00,1.75,1560.00,14288.00,1.00,0.00,0.00,3.00,6.00,780.00,780.00,1944.00,0.00,98125.00,47.72,-122.31,1320.00,8928.00
2985800070.00,20140725T000000,549995.00,3.00,1.00,1120.00,6600.00,1.00,0.00,0.00,3.00,7.00,1120.00,0.00,1943.00,0.00,98105.00,47.67,-122.27,1300.00,6600.00
98000560.00,20140816T000000,959900.00,4.00,3.75,3550.00,15151.00,2.00,0.00,0.00,3.00,11.00,3550.00,0.00,2004.00,0.00,98075.00,47.59,-121.97,4340.00,15151.00
125059179.00,20140723T000000,510000.00,6.00,4.50,3300.00,7200.00,2.00,0.00,0.00,3.00,8.00,3300.00,0.00,1980.00,0.00,98052.00,47.68,-122.10,2470.00,7561.00
7558800570.00,20140813T000000,367000.00,3.00,1.75,2000.00,12669.00,1.00,0.00,3.00,4.00,7.00,1200.00,800.00,1965.00,0.00,98070.00,47.36,-122.45,1580.00,12055.00
9378700200.00,20141008T000000,375000.00,5.00,3.00,2680.00,8410.00,2.00,0.00,0.00,3.00,8.00,1810.00,870.00,1990.00,0.00,98058.00,47.44,-122.13,1860.00,8410.00
2767603612.00,20140512T000000,500000.00,2.00,2.25,1290.00,1334.00,3.00,0.00,0.00,3.00,8.00,1290.00,0.00,2007.00,0.00,98107.00,47.67,-122.38,1350.00,1334.00
2767603612.00,20150113T000000,489000.00,2.00,2.25,1290.00,1334.00,3.00,0.00,0.00,3.00,8.00,1290.00,0.00,2007.00,0.00,98107.00,47.67,-122.38,1350.00,1334.00
3259400024.00,20150427T000000,340000.00,3.00,2.00,1150.00,700.00,2.00,0.00,0.00,3.00,7.00,800.00,350.00,2000.00,0.00,98136.00,47.56,-122.38,1060.00,1910.00
7954000125.00,20150501T000000,562000.00,3.00,1.75,1880.00,5978.00,1.00,0.00,0.00,5.00,7.00,940.00,940.00,1957.00,0.00,98144.00,47.58,-122.29,1930.00,4770.00
5535600640.00,20140912T000000,489950.00,3.00,2.50,2400.00,7478.00,2.00,0.00,0.00,3.00,9.00,2400.00,0.00,2002.00,0.00,98019.00,47.74,-121.97,2980.00,8182.00
1313000710.00,20141003T000000,652000.00,3.00,2.25,1920.00,9600.00,1.00,0.00,0.00,4.00,8.00,1560.00,360.00,1968.00,0.00,98052.00,47.63,-122.10,2040.00,9600.00
1786700240.00,20141024T000000,472000.00,4.00,3.25,4350.00,7090.00,2.00,0.00,0.00,3.00,8.00,2870.00,1480.00,1999.00,0.00,98042.00,47.37,-122.16,2490.00,7266.00
2739200160.00,20140612T000000,333000.00,4.00,2.50,1910.00,9244.00,1.00,0.00,0.00,4.00,6.00,1910.00,0.00,1963.00,0.00,98059.00,47.49,-122.14,2590.00,9286.00
2874600335.00,20140530T000000,560000.00,3.00,1.50,2000.00,7350.00,1.00,0.00,0.00,3.00,8.00,2000.00,0.00,1953.00,0.00,98177.00,47.71,-122.37,1890.00,6960.00
3222049159.00,20141201T000000,799000.00,4.00,3.50,3290.00,20107.00,2.00,0.00,4.00,3.00,10.00,2220.00,1070.00,1990.00,0.00,98198.00,47.36,-122.32,2990.00,16988.00
7856550240.00,20140710T000000,860000.00,5.00,2.25,3480.00,9200.00,2.00,0.00,0.00,3.00,8.00,3480.00,0.00,1979.00,0.00,98006.00,47.56,-122.15,3130.00,9200.00
2817910030.00,20150430T000000,449500.00,4.00,2.50,2410.00,55931.00,2.00,0.00,0.00,3.00,9.00,2410.00,0.00,1989.00,0.00,98092.00,47.31,-122.10,2780.00,55931.00
8649900160.00,20141205T000000,692500.00,4.00,3.00,2820.00,11500.00,2.00,0.00,0.00,3.00,10.00,2820.00,0.00,1991.00,0.00,98075.00,47.58,-122.03,2770.00,9694.00
7856610160.00,20140812T000000,925000.00,4.00,1.75,2710.00,11400.00,1.00,0.00,0.00,4.00,9.00,1430.00,1280.00,1976.00,0.00,98006.00,47.56,-122.15,2640.00,11000.00
3705000070.00,20141021T000000,267500.00,3.00,2.25,2080.00,2856.00,1.50,0.00,0.00,3.00,7.00,1550.00,530.00,2003.00,0.00,98042.00,47.42,-122.16,2080.00,2275.00
2619950400.00,20140714T000000,396800.00,4.00,2.50,2200.00,6018.00,2.00,0.00,0.00,3.00,8.00,2200.00,0.00,2010.00,0.00,98019.00,47.73,-121.97,2480.00,5899.00
7749500160.00,20150409T000000,220000.00,4.00,1.50,1180.00,8058.00,1.00,0.00,0.00,5.00,7.00,1180.00,0.00,1969.00,0.00,98092.00,47.30,-122.19,1800.00,9348.00
3585300445.00,20140822T000000,892500.00,3.00,1.75,2120.00,56192.00,1.00,0.00,1.00,3.00,9.00,1720.00,400.00,1959.00,0.00,98177.00,47.77,-122.37,2240.00,20500.00
2909700070.00,20140527T000000,455500.00,3.00,2.00,1460.00,10311.00,1.00,0.00,0.00,4.00,7.00,1460.00,0.00,1975.00,0.00,98052.00,47.68,-122.16,1690.00,9679.00
2581900036.00,20140612T000000,743000.00,3.00,1.75,2110.00,11250.00,1.00,0.00,0.00,4.00,8.00,2110.00,0.00,1961.00,0.00,98040.00,47.54,-122.22,2560.00,10992.00
5589900400.00,20141205T000000,338000.00,4.00,1.50,1790.00,17925.00,1.00,0.00,0.00,4.00,6.00,1790.00,0.00,1951.00,0.00,98155.00,47.75,-122.30,1660.00,15165.00
323089159.00,20141003T000000,332000.00,3.00,1.75,1340.00,13115.00,1.00,0.00,0.00,3.00,7.00,1340.00,0.00,1978.00,0.00,98045.00,47.50,-121.77,1370.00,10800.00
5015000700.00,20150123T000000,563225.00,3.00,1.00,2460.00,4000.00,1.50,0.00,0.00,4.00,7.00,1370.00,1090.00,1918.00,0.00,98112.00,47.63,-122.30,1680.00,4000.00
624110860.00,20150427T000000,1150000.00,4.00,3.50,3760.00,20609.00,2.00,0.00,0.00,3.00,11.00,3760.00,0.00,1990.00,0.00,98077.00,47.73,-122.06,3360.00,15761.00
9521100465.00,20141013T000000,645000.00,2.00,1.00,1240.00,5000.00,1.00,0.00,0.00,3.00,7.00,1000.00,240.00,1920.00,0.00,98103.00,47.66,-122.35,1480.00,3500.00
3275790140.00,20141230T000000,739000.00,3.00,2.50,2750.00,16000.00,2.00,0.00,0.00,4.00,9.00,2560.00,190.00,1981.00,0.00,98033.00,47.69,-122.19,2370.00,11279.00
1313300400.00,20140701T000000,435000.00,3.00,2.50,2530.00,13446.00,2.00,0.00,0.00,3.00,9.00,2530.00,0.00,1993.00,0.00,98019.00,47.73,-121.96,2450.00,13446.00
8670900140.00,20140729T000000,995000.00,3.00,2.25,3200.00,3800.00,2.00,0.00,0.00,5.00,9.00,2650.00,550.00,1914.00,0.00,98102.00,47.64,-122.32,2400.00,3900.00
2540850070.00,20150320T000000,520000.00,4.00,2.75,2020.00,7357.00,1.00,0.00,0.00,3.00,7.00,1350.00,670.00,1986.00,0.00,98034.00,47.71,-122.23,1690.00,7804.00
1921069068.00,20150429T000000,400000.00,4.00,2.50,3030.00,180263.00,2.00,0.00,0.00,3.00,7.00,2030.00,1000.00,1987.00,0.00,98092.00,47.30,-122.10,2600.00,182509.00
3574800860.00,20141007T000000,440000.00,3.00,1.75,2350.00,7641.00,1.00,0.00,0.00,3.00,7.00,1510.00,840.00,1978.00,0.00,98034.00,47.73,-122.22,2190.00,7500.00
5652600069.00,20140917T000000,440000.00,3.00,1.50,1690.00,6010.00,1.00,0.00,0.00,3.00,7.00,1230.00,460.00,1946.00,0.00,98115.00,47.70,-122.29,1690.00,5418.00
4083302625.00,20150324T000000,738000.00,3.00,1.00,1280.00,3900.00,1.00,0.00,0.00,4.00,7.00,1280.00,0.00,1921.00,0.00,98103.00,47.65,-122.34,2020.00,4560.00
114100791.00,20150403T000000,250000.00,3.00,1.50,1170.00,9848.00,1.00,0.00,0.00,3.00,7.00,1170.00,0.00,1963.00,0.00,98028.00,47.76,-122.23,2220.00,5542.00
9432900070.00,20140902T000000,338150.00,4.00,2.25,2700.00,8580.00,2.00,0.00,0.00,3.00,8.00,2700.00,0.00,1992.00,0.00,98022.00,47.21,-122.01,2420.00,8580.00
7214820400.00,20140902T000000,425000.00,3.00,2.25,1800.00,7371.00,1.00,0.00,0.00,3.00,7.00,1280.00,520.00,1979.00,0.00,98072.00,47.76,-122.15,1960.00,7675.00
2725069157.00,20140613T000000,883000.00,4.00,2.50,3670.00,54450.00,2.00,0.00,0.00,3.00,10.00,3670.00,0.00,1999.00,0.00,98074.00,47.62,-122.02,2900.00,49658.00
1025079074.00,20141202T000000,510000.00,3.00,2.00,2350.00,266151.00,1.50,0.00,0.00,3.00,7.00,2350.00,0.00,1983.00,0.00,98014.00,47.66,-121.89,2270.00,222156.00
724069070.00,20140913T000000,950000.00,4.00,1.75,3100.00,21303.00,1.00,0.00,1.00,4.00,9.00,3100.00,0.00,1962.00,0.00,98075.00,47.58,-122.08,3480.00,9697.00
2206700070.00,20141013T000000,435000.00,3.00,1.00,1120.00,9656.00,1.00,0.00,0.00,5.00,7.00,1120.00,0.00,1955.00,0.00,98006.00,47.57,-122.14,1720.00,9908.00
8564500240.00,20140527T000000,415000.00,5.00,1.50,1900.00,10226.00,1.00,0.00,0.00,3.00,7.00,1130.00,770.00,1961.00,0.00,98034.00,47.72,-122.23,1690.00,10227.00
7579200765.00,20141006T000000,439000.00,2.00,2.50,1350.00,944.00,2.00,0.00,0.00,3.00,9.00,870.00,480.00,2004.00,0.00,98116.00,47.56,-122.39,1440.00,1350.00
7893205525.00,20140527T000000,295832.00,5.00,1.00,1410.00,6400.00,1.00,0.00,0.00,5.00,7.00,960.00,450.00,1955.00,0.00,98198.00,47.42,-122.33,1400.00,6500.00
9320700400.00,20141031T000000,285000.00,3.00,1.75,1560.00,9514.00,1.00,0.00,0.00,4.00,7.00,1560.00,0.00,1967.00,0.00,98031.00,47.41,-122.21,1550.00,9600.00
3226049045.00,20150430T000000,350000.00,3.00,1.50,1090.00,5003.00,1.00,0.00,0.00,3.00,7.00,1090.00,0.00,1962.00,0.00,98125.00,47.70,-122.32,1540.00,5279.00
9828701741.00,20141021T000000,489000.00,2.00,2.75,1465.00,972.00,2.00,0.00,0.00,3.00,7.00,1050.00,415.00,2006.00,0.00,98112.00,47.62,-122.30,1480.00,1430.00
7205510370.00,20141124T000000,304500.00,3.00,2.25,1790.00,6930.00,1.00,0.00,0.00,3.00,7.00,1390.00,400.00,1974.00,0.00,98003.00,47.35,-122.32,1810.00,7420.00
8899000310.00,20150317T000000,288000.00,3.00,1.50,1300.00,7313.00,1.00,0.00,0.00,4.00,7.00,1300.00,0.00,1968.00,0.00,98055.00,47.46,-122.21,1770.00,8075.00
6804600240.00,20150211T000000,417000.00,3.00,1.75,1920.00,9512.00,1.00,0.00,0.00,3.00,8.00,1440.00,480.00,1980.00,0.00,98011.00,47.76,-122.17,1820.00,9512.00
2902201126.00,20150401T000000,615000.00,3.00,3.00,1420.00,991.00,2.00,0.00,0.00,3.00,8.00,1040.00,380.00,2005.00,0.00,98102.00,47.64,-122.33,1500.00,1301.00
5536500200.00,20140918T000000,730000.00,5.00,3.50,3760.00,4857.00,2.00,0.00,3.00,3.00,9.00,2820.00,940.00,2004.00,0.00,98072.00,47.74,-122.17,3000.00,5693.00
3530490160.00,20140821T000000,178500.00,2.00,1.00,930.00,3447.00,1.00,0.00,0.00,4.00,8.00,930.00,0.00,1978.00,0.00,98198.00,47.38,-122.32,1160.00,3447.00
2008000550.00,20140815T000000,300000.00,4.00,2.00,1580.00,9600.00,1.00,0.00,0.00,5.00,7.00,1050.00,530.00,1965.00,0.00,98198.00,47.41,-122.31,1710.00,9600.00
2045400075.00,20140623T000000,415000.00,4.00,2.50,2170.00,8518.00,1.00,0.00,3.00,3.00,7.00,1350.00,820.00,1955.00,0.00,98178.00,47.51,-122.23,1880.00,7680.00
616000200.00,20140822T000000,452500.00,3.00,1.75,2040.00,15695.00,1.00,0.00,0.00,4.00,8.00,2040.00,0.00,1959.00,0.00,98166.00,47.42,-122.34,2280.00,14400.00
7852160310.00,20140814T000000,1010000.00,4.00,2.75,3430.00,15877.00,1.00,0.00,4.00,3.00,11.00,3430.00,0.00,2005.00,0.00,98065.00,47.54,-121.86,4080.00,14577.00
8079100640.00,20141201T000000,653000.00,4.00,2.50,2160.00,7000.00,2.00,0.00,0.00,4.00,9.00,2160.00,0.00,1989.00,0.00,98029.00,47.57,-122.01,2300.00,7440.00
6662000070.00,20140514T000000,715000.00,4.00,2.25,2060.00,5649.00,1.00,0.00,0.00,5.00,8.00,1360.00,700.00,1941.00,0.00,98199.00,47.65,-122.41,2060.00,5626.00
1928300640.00,20140828T000000,541000.00,3.00,1.75,1410.00,4080.00,1.50,0.00,0.00,4.00,7.00,1410.00,0.00,1927.00,0.00,98105.00,47.67,-122.32,1820.00,4080.00
7888100240.00,20141209T000000,245000.00,4.00,1.50,1850.00,7547.00,1.50,0.00,0.00,4.00,7.00,1850.00,0.00,1960.00,0.00,98198.00,47.37,-122.31,1730.00,7577.00
3034200516.00,20150217T000000,547000.00,2.00,1.00,1370.00,10038.00,1.50,0.00,0.00,4.00,7.00,1370.00,0.00,1922.00,0.00,98133.00,47.72,-122.34,1610.00,8822.00
7504000510.00,20150402T000000,750000.00,5.00,2.75,3330.00,12408.00,1.00,0.00,0.00,3.00,10.00,1740.00,1590.00,1976.00,0.00,98074.00,47.63,-122.06,2780.00,12000.00
9141100070.00,20150126T000000,575000.00,5.00,2.50,1970.00,12375.00,1.00,0.00,0.00,3.00,8.00,1570.00,400.00,1959.00,0.00,98133.00,47.74,-122.35,1970.00,8941.00
921059200.00,20140813T000000,216000.00,3.00,1.75,1310.00,8670.00,1.00,0.00,0.00,4.00,6.00,1310.00,0.00,1984.00,0.00,98092.00,47.32,-122.19,2622.00,7191.00
3645100240.00,20140922T000000,443000.00,3.00,1.75,1640.00,4579.00,1.00,0.00,0.00,4.00,6.00,1640.00,0.00,1916.00,0.00,98133.00,47.71,-122.35,1580.00,5040.00
4123800260.00,20141103T000000,257700.00,4.00,2.25,1600.00,6202.00,2.00,0.00,0.00,4.00,7.00,1600.00,0.00,1986.00,0.00,98038.00,47.38,-122.05,1530.00,6298.00
7334401000.00,20150414T000000,278000.00,3.00,1.00,1230.00,9440.00,1.00,0.00,0.00,3.00,7.00,1230.00,0.00,1978.00,0.00,98045.00,47.47,-121.75,1230.00,10296.00
2111010890.00,20141105T000000,300000.00,3.00,2.50,2240.00,3691.00,2.00,0.00,0.00,3.00,7.00,2240.00,0.00,2003.00,0.00,98092.00,47.34,-122.17,2619.00,3691.00
4137070830.00,20150213T000000,269100.00,3.00,2.50,2190.00,7904.00,2.00,0.00,0.00,3.00,8.00,2190.00,0.00,1995.00,0.00,98092.00,47.26,-122.21,2190.00,7669.00
7283900036.00,20140818T000000,402500.00,3.00,1.00,990.00,10752.00,1.50,0.00,0.00,4.00,7.00,990.00,0.00,1929.00,0.00,98133.00,47.76,-122.35,1820.00,7600.00
345700340.00,20140610T000000,306888.00,2.00,1.50,1010.00,7719.00,2.00,0.00,0.00,3.00,7.00,1010.00,0.00,1981.00,0.00,98056.00,47.51,-122.19,1210.00,7719.00
4178300070.00,20141226T000000,795000.00,4.00,2.50,2920.00,14210.00,2.00,0.00,0.00,4.00,10.00,2920.00,0.00,1978.00,0.00,98007.00,47.62,-122.15,2840.00,13702.00
3342103228.00,20140804T000000,525000.00,4.00,2.50,2310.00,5573.00,2.00,0.00,0.00,4.00,9.00,2310.00,0.00,2003.00,0.00,98056.00,47.52,-122.20,2310.00,6189.00
5451300105.00,20140720T000000,1050000.00,3.00,2.50,3470.00,12076.00,2.00,0.00,3.00,3.00,10.00,2560.00,910.00,1988.00,0.00,98040.00,47.53,-122.24,3590.00,17677.00
5249803645.00,20140829T000000,452000.00,2.00,1.00,1220.00,6000.00,1.00,0.00,0.00,3.00,6.00,880.00,340.00,1938.00,0.00,98118.00,47.56,-122.27,1220.00,6840.00
7326200030.00,20150413T000000,350000.00,3.00,2.25,1550.00,5401.00,2.00,0.00,0.00,3.00,7.00,1550.00,0.00,2000.00,0.00,98019.00,47.74,-121.97,1740.00,4485.00
7227502075.00,20150409T000000,410000.00,4.00,2.50,2070.00,6180.00,2.00,0.00,0.00,3.00,8.00,2070.00,0.00,2007.00,0.00,98056.00,47.49,-122.18,1250.00,6018.00
7011200160.00,20141113T000000,595000.00,3.00,1.75,2060.00,3600.00,1.50,0.00,0.00,3.00,7.00,1180.00,880.00,1905.00,1985.00,98119.00,47.64,-122.37,1730.00,2475.00
7202340390.00,20150407T000000,499000.00,3.00,2.50,1690.00,4851.00,2.00,0.00,0.00,3.00,7.00,1690.00,0.00,2004.00,0.00,98053.00,47.68,-122.03,2330.00,4851.00
5412100240.00,20141022T000000,340000.00,4.00,2.50,2550.00,7555.00,2.00,0.00,0.00,3.00,8.00,2550.00,0.00,2001.00,0.00,98001.00,47.26,-122.29,2550.00,6800.00
1245000685.00,20140625T000000,1065000.00,5.00,3.25,3370.00,7947.00,2.00,0.00,0.00,3.00,10.00,3370.00,0.00,2001.00,0.00,98033.00,47.69,-122.20,2040.00,7900.00
3222059187.00,20140528T000000,460000.00,4.00,3.00,2230.00,52983.00,2.00,0.00,0.00,3.00,8.00,2230.00,0.00,1991.00,0.00,98030.00,47.36,-122.20,2060.00,8755.00
1822500270.00,20140819T000000,345000.00,4.00,2.50,2382.00,5899.00,2.00,0.00,0.00,3.00,8.00,2382.00,0.00,2011.00,0.00,98003.00,47.28,-122.30,2382.00,5897.00
2310010270.00,20150218T000000,280500.00,3.00,2.25,1620.00,7566.00,2.00,0.00,0.00,3.00,7.00,1620.00,0.00,1990.00,0.00,98038.00,47.36,-122.04,1470.00,7566.00
9547204930.00,20150225T000000,704000.00,3.00,1.00,1140.00,6120.00,1.50,0.00,0.00,3.00,7.00,1140.00,0.00,1926.00,0.00,98115.00,47.68,-122.31,1800.00,4080.00
8137500400.00,20141007T000000,545000.00,3.00,2.50,2140.00,40173.00,2.00,0.00,0.00,4.00,8.00,2140.00,0.00,1990.00,0.00,98027.00,47.48,-122.07,2380.00,43016.00
3343901242.00,20140807T000000,335000.00,3.00,1.50,1900.00,7584.00,1.00,0.00,0.00,5.00,7.00,1900.00,0.00,1962.00,0.00,98056.00,47.51,-122.19,1410.00,7584.00
486000510.00,20140523T000000,1325000.00,4.00,3.00,3370.00,7920.00,1.00,0.00,3.00,3.00,10.00,1860.00,1510.00,1988.00,0.00,98117.00,47.68,-122.40,2730.00,7380.00
537000075.00,20140811T000000,420000.00,3.00,2.75,2300.00,8000.00,1.00,0.00,0.00,3.00,7.00,1430.00,870.00,1965.00,0.00,98003.00,47.33,-122.31,2070.00,10200.00
3544400045.00,20150220T000000,705000.00,4.00,2.00,2040.00,5050.00,1.00,0.00,0.00,5.00,7.00,1160.00,880.00,1937.00,0.00,98115.00,47.69,-122.32,2040.00,5050.00
9211520400.00,20141104T000000,274900.00,4.00,1.75,1840.00,10528.00,1.00,0.00,0.00,3.00,7.00,1210.00,630.00,1990.00,0.00,98023.00,47.30,-122.39,1620.00,9331.00
2738600140.00,20140502T000000,499950.00,4.00,2.50,2860.00,3345.00,2.00,0.00,0.00,3.00,8.00,2190.00,670.00,2004.00,0.00,98072.00,47.77,-122.16,2860.00,3596.00
3073500111.00,20150318T000000,415250.00,3.00,1.50,1400.00,7550.00,1.00,0.00,0.00,4.00,7.00,1400.00,0.00,1953.00,0.00,98133.00,47.76,-122.34,1730.00,7562.00
7889000160.00,20150317T000000,222000.00,3.00,1.00,990.00,7520.00,1.00,0.00,0.00,4.00,7.00,990.00,0.00,1958.00,0.00,98002.00,47.29,-122.21,990.00,7440.00
1422059129.00,20140814T000000,375000.00,3.00,2.00,3120.00,42247.00,1.00,0.00,0.00,4.00,7.00,2150.00,970.00,1980.00,0.00,98042.00,47.39,-122.14,2100.00,43416.00
9430000070.00,20150430T000000,300000.00,3.00,2.50,1640.00,5707.00,2.00,0.00,0.00,3.00,7.00,1640.00,0.00,1995.00,0.00,98031.00,47.40,-122.21,1850.00,5827.00
2518400046.00,20141118T000000,456700.00,3.00,1.75,2820.00,8879.00,1.00,0.00,0.00,5.00,7.00,1540.00,1280.00,1920.00,1957.00,98146.00,47.51,-122.38,1640.00,7850.00
1315300070.00,20150319T000000,925500.00,3.00,2.75,1970.00,5200.00,1.50,0.00,3.00,3.00,8.00,1970.00,0.00,1915.00,2002.00,98136.00,47.54,-122.39,2140.00,5200.00
1081330030.00,20140723T000000,375000.00,5.00,2.50,2840.00,15598.00,1.00,0.00,0.00,4.00,8.00,1470.00,1370.00,1975.00,0.00,98059.00,47.47,-122.12,2570.00,14930.00
4397010140.00,20141014T000000,420000.00,3.00,2.50,2370.00,15375.00,2.00,0.00,2.00,3.00,9.00,2370.00,0.00,1993.00,0.00,98042.00,47.38,-122.15,2450.00,9800.00
8564700240.00,20141017T000000,575000.00,3.00,2.50,2610.00,7301.00,2.00,0.00,0.00,3.00,8.00,2610.00,0.00,2004.00,0.00,98072.00,47.76,-122.14,2460.00,7181.00
597000566.00,20150428T000000,335000.00,3.00,2.00,1340.00,1951.00,1.00,0.00,0.00,3.00,6.00,670.00,670.00,1915.00,0.00,98144.00,47.58,-122.31,1520.00,2248.00
9828202030.00,20150218T000000,428000.00,4.00,2.00,1300.00,7200.00,1.00,0.00,0.00,3.00,7.00,1300.00,0.00,1958.00,0.00,98122.00,47.62,-122.29,1540.00,6600.00
7214711260.00,20141001T000000,655000.00,4.00,2.50,3340.00,34238.00,1.00,0.00,0.00,4.00,8.00,2060.00,1280.00,1977.00,0.00,98077.00,47.77,-122.08,2400.00,36590.00
5569620550.00,20140627T000000,738000.00,3.00,3.00,2630.00,4896.00,2.00,0.00,0.00,3.00,9.00,2630.00,0.00,2006.00,0.00,98052.00,47.69,-122.13,2880.00,4972.00
6145601890.00,20140819T000000,415000.00,5.00,1.75,1960.00,3748.00,1.00,0.00,0.00,3.00,7.00,980.00,980.00,1965.00,0.00,98133.00,47.70,-122.35,1410.00,3844.00
9269200831.00,20140825T000000,392000.00,3.00,1.00,1090.00,6125.00,1.00,0.00,0.00,4.00,6.00,790.00,300.00,1945.00,0.00,98126.00,47.53,-122.37,1050.00,6125.00
6021502470.00,20141106T000000,555000.00,2.00,1.00,1550.00,4600.00,1.00,0.00,0.00,4.00,7.00,1050.00,500.00,1941.00,0.00,98117.00,47.69,-122.38,1550.00,4600.00
646910560.00,20150306T000000,260000.00,3.00,2.50,1770.00,2677.00,2.00,0.00,0.00,3.00,7.00,1770.00,0.00,2005.00,0.00,98055.00,47.43,-122.19,1550.00,1798.00
2475900565.00,20150309T000000,392500.00,3.00,1.00,1390.00,10500.00,1.50,0.00,0.00,3.00,6.00,1390.00,0.00,1940.00,0.00,98024.00,47.57,-121.89,1350.00,9800.00
4139430810.00,20140801T000000,912000.00,3.00,2.50,2979.00,17313.00,2.00,0.00,2.00,3.00,11.00,2979.00,0.00,1993.00,0.00,98006.00,47.55,-122.12,3890.00,14797.00
2586800140.00,20141118T000000,135000.00,2.00,1.00,830.00,7609.00,1.00,0.00,0.00,3.00,6.00,830.00,0.00,1943.00,0.00,98146.00,47.51,-122.35,1170.00,7609.00
226059121.00,20140813T000000,500000.00,3.00,2.75,1560.00,77536.00,1.00,0.00,0.00,3.00,7.00,1400.00,160.00,1978.00,0.00,98072.00,47.77,-122.13,2210.00,41449.00
7696610270.00,20141229T000000,238000.00,3.00,1.50,1360.00,7488.00,1.00,0.00,0.00,4.00,7.00,1050.00,310.00,1975.00,0.00,98001.00,47.33,-122.28,1580.00,7508.00
4279900140.00,20141001T000000,251000.00,4.00,2.00,1650.00,5974.00,1.00,0.00,0.00,5.00,7.00,860.00,790.00,1972.00,0.00,98178.00,47.50,-122.26,1940.00,6001.00
5422560810.00,20140714T000000,406500.00,2.00,1.75,1510.00,5319.00,2.00,0.00,0.00,4.00,8.00,1510.00,0.00,1978.00,0.00,98052.00,47.66,-122.13,1740.00,6160.00
1657300270.00,20150312T000000,433495.00,4.00,2.25,3010.00,10925.00,2.00,0.00,0.00,4.00,9.00,3010.00,0.00,1988.00,0.00,98092.00,47.33,-122.20,2690.00,10925.00
8648210140.00,20141224T000000,265000.00,3.00,2.25,1510.00,6071.00,1.00,0.00,0.00,4.00,7.00,1150.00,360.00,1985.00,0.00,98042.00,47.36,-122.08,1510.00,7271.00
3034200247.00,20150206T000000,360000.00,3.00,1.75,1950.00,7260.00,1.00,0.00,0.00,3.00,8.00,1520.00,430.00,1957.00,0.00,98133.00,47.72,-122.33,1950.00,7548.00
2204500550.00,20140717T000000,425000.00,4.00,1.00,1800.00,12485.00,1.00,0.00,0.00,5.00,7.00,950.00,850.00,1955.00,0.00,98006.00,47.57,-122.15,1290.00,9840.00
7390400069.00,20150327T000000,450000.00,2.00,2.75,2810.00,11205.00,1.00,0.00,0.00,3.00,7.00,1510.00,1300.00,1968.00,0.00,98178.00,47.49,-122.24,2520.00,13000.00
1077100070.00,20150316T000000,449900.00,3.00,1.75,1760.00,8266.00,1.00,0.00,0.00,5.00,7.00,1760.00,0.00,1954.00,0.00,98133.00,47.77,-122.34,1400.00,8519.00
423059360.00,20141017T000000,345000.00,4.00,2.50,2040.00,5875.00,2.00,0.00,0.00,3.00,8.00,2040.00,0.00,2004.00,0.00,98056.00,47.51,-122.17,2230.00,5459.00
3316500200.00,20141009T000000,612500.00,4.00,2.00,1690.00,35346.00,1.00,0.00,0.00,3.00,7.00,1690.00,0.00,1967.00,0.00,98008.00,47.61,-122.12,2050.00,37846.00
1328300990.00,20140805T000000,317000.00,3.00,1.75,1530.00,7650.00,1.00,0.00,0.00,4.00,8.00,1530.00,0.00,1977.00,0.00,98058.00,47.44,-122.13,1850.00,6804.00
4443800505.00,20150507T000000,585000.00,3.00,1.50,1810.00,3880.00,1.50,0.00,0.00,4.00,8.00,1310.00,500.00,1929.00,0.00,98117.00,47.68,-122.39,1400.00,3880.00
7327500200.00,20140618T000000,455000.00,3.00,1.75,1180.00,14292.00,1.00,0.00,0.00,3.00,7.00,1180.00,0.00,1981.00,0.00,98045.00,47.48,-121.73,1480.00,14400.00
4054510310.00,20141201T000000,1035000.00,4.00,4.00,4090.00,51908.00,2.00,0.00,0.00,3.00,11.00,4090.00,0.00,1991.00,0.00,98077.00,47.72,-122.04,4290.00,41655.00
7525100060.00,20140820T000000,497000.00,4.00,2.25,2250.00,3463.00,2.00,0.00,0.00,4.00,8.00,2250.00,0.00,1968.00,0.00,98052.00,47.63,-122.11,1850.00,2811.00
3065600270.00,20150422T000000,226750.00,3.00,1.75,1070.00,6315.00,1.00,0.00,0.00,3.00,7.00,1070.00,0.00,1992.00,0.00,98023.00,47.28,-122.36,1520.00,5707.00
2881700273.00,20140819T000000,385000.00,4.00,2.00,1820.00,7102.00,1.00,0.00,0.00,3.00,7.00,1220.00,600.00,1950.00,0.00,98155.00,47.74,-122.32,1650.00,8184.00
7889600685.00,20141211T000000,205000.00,3.00,0.75,1080.00,5025.00,1.00,0.00,0.00,3.00,5.00,1080.00,0.00,1948.00,0.00,98146.00,47.49,-122.34,1370.00,6000.00
1137500070.00,20140929T000000,745000.00,4.00,2.50,2760.00,13093.00,2.00,0.00,0.00,4.00,9.00,2760.00,0.00,1989.00,0.00,98075.00,47.58,-122.06,2810.00,13545.00
5104530810.00,20140620T000000,371000.00,4.00,2.50,2550.00,4770.00,2.00,0.00,0.00,3.00,8.00,2550.00,0.00,2005.00,0.00,98038.00,47.35,-122.00,2380.00,4590.00
3905060070.00,20140829T000000,545000.00,4.00,2.50,2080.00,8504.00,2.00,0.00,0.00,3.00,8.00,2080.00,0.00,1991.00,0.00,98029.00,47.57,-122.00,2000.00,6773.00
6450302545.00,20150508T000000,443000.00,3.00,1.00,1280.00,5460.00,1.50,0.00,0.00,4.00,7.00,1280.00,0.00,1931.00,0.00,98133.00,47.73,-122.33,1390.00,5500.00
7972602435.00,20150318T000000,287000.00,2.00,1.00,950.00,6350.00,1.00,0.00,0.00,3.00,7.00,950.00,0.00,1951.00,0.00,98106.00,47.53,-122.35,1080.00,7620.00
5423500240.00,20140624T000000,194000.00,3.00,1.00,1050.00,7577.00,1.00,0.00,0.00,3.00,7.00,1050.00,0.00,1983.00,0.00,98023.00,47.29,-122.36,1430.00,7245.00
8074200160.00,20140629T000000,265000.00,3.00,1.00,1800.00,7650.00,1.00,0.00,0.00,5.00,7.00,1800.00,0.00,1957.00,0.00,98056.00,47.49,-122.18,1230.00,7650.00
3317500070.00,20150408T000000,1135000.00,4.00,2.75,3840.00,10004.00,1.00,0.00,2.00,4.00,9.00,2110.00,1730.00,1963.00,0.00,98040.00,47.56,-122.23,3500.00,12118.00
6119700030.00,20150508T000000,699950.00,4.00,3.25,3674.00,12793.00,2.00,0.00,1.00,3.00,9.00,3674.00,0.00,1987.00,0.00,98166.00,47.44,-122.34,3220.00,13100.00
2568800160.00,20141015T000000,433000.00,4.00,1.00,1710.00,7000.00,1.50,0.00,0.00,3.00,7.00,1710.00,0.00,1950.00,0.00,98125.00,47.70,-122.29,2030.00,7938.00
2781250520.00,20141016T000000,200000.00,2.00,1.75,910.00,2693.00,1.00,0.00,0.00,3.00,6.00,910.00,0.00,2003.00,0.00,98038.00,47.35,-122.03,1360.00,2693.00
7230200310.00,20150409T000000,289571.00,3.00,1.50,1340.00,25160.00,1.00,0.00,0.00,3.00,7.00,1340.00,0.00,1968.00,0.00,98059.00,47.48,-122.11,1440.00,23680.00
4400900030.00,20140602T000000,440000.00,4.00,2.75,2340.00,11034.00,1.00,0.00,0.00,3.00,8.00,1720.00,620.00,1967.00,0.00,98155.00,47.77,-122.28,2370.00,11941.00
4038300070.00,20141113T000000,400000.00,3.00,1.50,1510.00,8360.00,1.00,0.00,0.00,3.00,7.00,1120.00,390.00,1960.00,0.00,98007.00,47.61,-122.13,1700.00,8360.00
5706000070.00,20141014T000000,589000.00,4.00,2.50,2630.00,15000.00,2.00,0.00,0.00,5.00,8.00,2630.00,0.00,1962.00,0.00,98027.00,47.53,-122.03,1770.00,8700.00
825069078.00,20150324T000000,850000.00,5.00,2.25,3100.00,97661.00,2.00,0.00,0.00,3.00,9.00,3100.00,0.00,1986.00,0.00,98053.00,47.66,-122.06,2370.00,53993.00
363000045.00,20150102T000000,520000.00,3.00,1.00,940.00,3000.00,1.50,0.00,0.00,3.00,7.00,940.00,0.00,1903.00,0.00,98122.00,47.60,-122.30,1210.00,3500.00
1912100875.00,20150423T000000,555000.00,2.00,2.25,1370.00,1248.00,2.00,0.00,0.00,3.00,7.00,1200.00,170.00,2000.00,0.00,98102.00,47.64,-122.32,1800.00,3360.00
7853230200.00,20150309T000000,470000.00,3.00,2.50,2480.00,5082.00,2.00,0.00,0.00,3.00,7.00,2480.00,0.00,2004.00,0.00,98065.00,47.53,-121.85,2480.00,5874.00
9406500350.00,20141229T000000,207000.00,2.00,1.50,1068.00,1158.00,2.00,0.00,0.00,3.00,7.00,1068.00,0.00,1990.00,0.00,98028.00,47.75,-122.24,1078.00,1278.00
5152960350.00,20141113T000000,379750.00,4.00,2.75,2390.00,9650.00,1.00,0.00,2.00,3.00,8.00,1620.00,770.00,1976.00,0.00,98003.00,47.34,-122.32,2390.00,10000.00
6021500320.00,20150507T000000,709000.00,4.00,1.75,2170.00,4600.00,1.00,0.00,0.00,3.00,7.00,1270.00,900.00,1950.00,0.00,98117.00,47.69,-122.38,1750.00,4000.00
7137910140.00,20140923T000000,240000.00,3.00,2.50,1520.00,9864.00,1.00,0.00,0.00,3.00,7.00,1160.00,360.00,1993.00,0.00,98092.00,47.32,-122.17,1580.00,7425.00
6117500955.00,20150204T000000,445500.00,4.00,1.50,2210.00,10497.00,1.00,0.00,0.00,4.00,8.00,1650.00,560.00,1953.00,0.00,98166.00,47.43,-122.35,1840.00,12697.00
269001331.00,20140909T000000,1308000.00,5.00,2.50,3200.00,7863.00,1.00,0.00,3.00,5.00,8.00,1600.00,1600.00,1959.00,0.00,98199.00,47.64,-122.39,2640.00,7680.00
1023059190.00,20150324T000000,210000.00,3.00,1.50,1160.00,10125.00,1.00,0.00,0.00,4.00,7.00,1160.00,0.00,1959.00,0.00,98059.00,47.49,-122.15,1440.00,10018.00
8961970560.00,20140811T000000,603000.00,4.00,2.50,2670.00,5895.00,2.00,0.00,0.00,3.00,8.00,2670.00,0.00,1999.00,0.00,98074.00,47.61,-122.02,2820.00,6531.00
3066400710.00,20150407T000000,720000.00,3.00,2.50,2520.00,10012.00,2.00,0.00,0.00,3.00,10.00,2520.00,0.00,1987.00,0.00,98074.00,47.63,-122.05,2680.00,10071.00
795000765.00,20140616T000000,92000.00,2.00,1.00,760.00,5500.00,1.50,0.00,0.00,3.00,5.00,760.00,0.00,1947.00,0.00,98168.00,47.50,-122.33,1040.00,5515.00
2767603535.00,20150126T000000,600000.00,3.00,1.75,1310.00,5000.00,2.00,0.00,0.00,4.00,7.00,1310.00,0.00,1901.00,0.00,98107.00,47.67,-122.38,1270.00,4750.00
7774200070.00,20150408T000000,725000.00,4.00,2.50,2750.00,13950.00,1.00,0.00,3.00,4.00,8.00,1380.00,1370.00,1948.00,0.00,98146.00,47.49,-122.36,2460.00,13950.00
4029400140.00,20141210T000000,409950.00,5.00,2.25,1790.00,10300.00,1.00,0.00,0.00,3.00,7.00,1270.00,520.00,1961.00,0.00,98155.00,47.77,-122.29,1790.00,10300.00
1954400060.00,20140506T000000,515000.00,3.00,2.50,1790.00,7167.00,2.00,0.00,0.00,3.00,8.00,1790.00,0.00,1989.00,0.00,98074.00,47.62,-122.05,1680.00,7418.00
2473002650.00,20150512T000000,495000.00,4.00,2.50,2400.00,11640.00,1.00,0.00,0.00,5.00,8.00,1800.00,600.00,1968.00,0.00,98058.00,47.45,-122.14,2440.00,10823.00
5451220200.00,20140624T000000,998000.00,4.00,2.25,2420.00,10200.00,2.00,0.00,0.00,4.00,9.00,2420.00,0.00,1973.00,0.00,98040.00,47.53,-122.23,2390.00,10200.00
1472700200.00,20140709T000000,630000.00,3.00,1.75,1710.00,8767.00,1.00,0.00,0.00,4.00,8.00,1710.00,0.00,1986.00,0.00,98033.00,47.69,-122.19,2050.00,9200.00
1661000060.00,20140801T000000,410000.00,3.00,1.75,2000.00,7480.00,1.00,0.00,0.00,3.00,8.00,1320.00,680.00,1972.00,0.00,98177.00,47.77,-122.36,2000.00,8610.00
2600110710.00,20140819T000000,602000.00,3.00,2.25,1580.00,11580.00,1.00,0.00,0.00,4.00,8.00,1580.00,0.00,1979.00,0.00,98006.00,47.55,-122.16,2630.00,10009.00
2600110560.00,20141112T000000,750000.00,4.00,2.75,2310.00,10232.00,1.00,0.00,0.00,5.00,8.00,1310.00,1000.00,1980.00,0.00,98006.00,47.55,-122.15,2820.00,9886.00
8617000060.00,20140708T000000,711600.00,4.00,3.00,3580.00,9316.00,2.50,0.00,0.00,3.00,10.00,2370.00,1210.00,1991.00,0.00,98007.00,47.60,-122.13,2580.00,9242.00
8562720390.00,20140825T000000,1050000.00,4.00,4.00,4320.00,8709.00,2.00,0.00,0.00,3.00,11.00,3190.00,1130.00,2006.00,0.00,98027.00,47.54,-122.07,4010.00,8321.00
1137300890.00,20141217T000000,700500.00,3.00,2.50,2560.00,35265.00,2.00,0.00,0.00,3.00,9.00,2560.00,0.00,1981.00,0.00,98072.00,47.74,-122.10,2820.00,35496.00
4104900340.00,20150204T000000,710000.00,4.00,2.50,3220.00,18618.00,2.00,0.00,1.00,3.00,10.00,3220.00,0.00,1991.00,0.00,98056.00,47.53,-122.18,2650.00,11896.00
2616700560.00,20141204T000000,250000.00,3.00,2.00,1660.00,13085.00,1.00,0.00,0.00,3.00,7.00,1010.00,650.00,1985.00,0.00,98001.00,47.33,-122.28,1660.00,7778.00
1061500510.00,20141015T000000,350000.00,4.00,1.75,2420.00,8400.00,1.00,0.00,0.00,5.00,7.00,1620.00,800.00,1964.00,0.00,98056.00,47.50,-122.17,1660.00,8400.00
6411600370.00,20140515T000000,475000.00,7.00,3.50,2870.00,29699.00,1.00,0.00,0.00,3.00,7.00,1520.00,1350.00,1961.00,0.00,98125.00,47.72,-122.33,1380.00,7555.00
4154302075.00,20150116T000000,200000.00,2.00,1.00,830.00,7200.00,1.00,0.00,0.00,2.00,6.00,830.00,0.00,1920.00,0.00,98118.00,47.56,-122.28,1150.00,6600.00
1727500390.00,20141030T000000,450000.00,4.00,2.25,1710.00,7000.00,1.00,0.00,0.00,4.00,7.00,1040.00,670.00,1972.00,0.00,98034.00,47.72,-122.22,1780.00,6500.00
2538410260.00,20140801T000000,316000.00,5.00,2.50,2600.00,4641.00,2.00,0.00,0.00,3.00,7.00,2600.00,0.00,2005.00,0.00,98058.00,47.43,-122.15,2330.00,4589.00
9269200520.00,20141016T000000,310000.00,1.00,1.00,670.00,4920.00,1.00,0.00,0.00,3.00,5.00,670.00,0.00,1920.00,0.00,98126.00,47.53,-122.37,1050.00,4920.00
7334400070.00,20150223T000000,392000.00,3.00,1.50,1500.00,11975.00,1.00,0.00,0.00,4.00,7.00,1500.00,0.00,1970.00,0.00,98045.00,47.47,-121.76,1510.00,13875.00
1972200696.00,20141006T000000,521000.00,3.00,3.25,1460.00,1254.00,3.00,0.00,0.00,3.00,8.00,1460.00,0.00,2000.00,0.00,98103.00,47.65,-122.35,1400.00,1255.00
2267000486.00,20140822T000000,495000.00,2.00,2.00,1540.00,7110.00,1.00,0.00,0.00,3.00,7.00,960.00,580.00,1949.00,0.00,98117.00,47.69,-122.40,1860.00,7065.00
1311800560.00,20141121T000000,209000.00,3.00,1.75,1250.00,8084.00,1.00,0.00,0.00,4.00,7.00,1250.00,0.00,1967.00,0.00,98001.00,47.34,-122.28,1340.00,7680.00
9542400075.00,20140606T000000,809950.00,4.00,2.00,2230.00,9900.00,1.50,0.00,0.00,5.00,9.00,2230.00,0.00,1959.00,0.00,98005.00,47.60,-122.17,2510.00,11041.00
3223069065.00,20140917T000000,400000.00,2.00,1.75,1800.00,224769.00,1.00,0.00,0.00,3.00,7.00,1420.00,380.00,1950.00,2008.00,98038.00,47.43,-122.06,1620.00,112384.00
1724500030.00,20150312T000000,415000.00,4.00,2.50,2400.00,7292.00,1.00,0.00,0.00,3.00,8.00,1530.00,870.00,1980.00,0.00,98133.00,47.77,-122.34,1710.00,7909.00
3751602797.00,20140702T000000,411000.00,4.00,2.00,2370.00,76665.00,2.00,0.00,0.00,4.00,8.00,2370.00,0.00,1978.00,0.00,98001.00,47.28,-122.28,2110.00,19334.00
809002030.00,20140911T000000,825000.00,2.00,2.00,1830.00,3600.00,1.00,0.00,0.00,4.00,7.00,1230.00,600.00,1926.00,0.00,98109.00,47.64,-122.35,2020.00,3600.00
993002127.00,20150223T000000,436000.00,3.00,2.25,1480.00,1384.00,3.00,0.00,0.00,3.00,8.00,1480.00,0.00,2008.00,0.00,98103.00,47.69,-122.34,1310.00,1329.00
1473120140.00,20140708T000000,460000.00,4.00,2.50,2620.00,8331.00,2.00,0.00,0.00,3.00,9.00,2620.00,0.00,1991.00,0.00,98058.00,47.44,-122.16,2760.00,8174.00
7849200861.00,20140714T000000,281000.00,3.00,1.00,1300.00,5782.00,1.00,0.00,0.00,4.00,6.00,1300.00,0.00,1959.00,0.00,98065.00,47.52,-121.82,1020.00,7200.00
269000030.00,20140825T000000,976000.00,4.00,1.50,3120.00,7680.00,1.00,0.00,3.00,3.00,8.00,1660.00,1460.00,1956.00,0.00,98199.00,47.65,-122.39,2900.00,7680.00
2607760700.00,20150420T000000,485000.00,4.00,2.50,2400.00,10364.00,2.00,0.00,0.00,3.00,8.00,2400.00,0.00,1995.00,0.00,98045.00,47.48,-121.80,2390.00,9918.00
7715801090.00,20140725T000000,429000.00,3.00,2.50,1430.00,9240.00,2.00,0.00,0.00,3.00,7.00,1430.00,0.00,1984.00,0.00,98074.00,47.63,-122.06,1480.00,8125.00
1999600320.00,20150304T000000,729000.00,3.00,2.50,2480.00,7428.00,2.00,0.00,0.00,3.00,9.00,2480.00,0.00,1990.00,0.00,98006.00,47.55,-122.19,2600.00,8322.00
4221250340.00,20150409T000000,625000.00,3.00,2.50,2280.00,4757.00,2.00,0.00,0.00,3.00,8.00,2280.00,0.00,2003.00,0.00,98075.00,47.59,-122.02,2280.00,4534.00
3668000810.00,20150116T000000,218500.00,3.00,1.75,1390.00,9328.00,1.00,0.00,0.00,4.00,7.00,1390.00,0.00,1987.00,0.00,98092.00,47.28,-122.15,1550.00,8374.00
2337300370.00,20150206T000000,175000.00,3.00,1.00,1030.00,8395.00,1.00,0.00,0.00,4.00,7.00,1030.00,0.00,1960.00,0.00,98023.00,47.33,-122.34,1370.00,9380.00
1453602065.00,20150205T000000,442500.00,3.00,1.00,1120.00,8200.00,1.00,0.00,0.00,4.00,7.00,1120.00,0.00,1938.00,0.00,98125.00,47.73,-122.29,1820.00,7205.00
3359500960.00,20150321T000000,480000.00,3.00,2.00,1300.00,3000.00,2.00,0.00,0.00,3.00,7.00,1300.00,0.00,1986.00,0.00,98115.00,47.67,-122.33,1670.00,4500.00
6133100125.00,20141008T000000,715500.00,3.00,2.25,2410.00,9668.00,1.00,0.00,1.00,4.00,8.00,1540.00,870.00,1965.00,0.00,98117.00,47.70,-122.39,2510.00,5250.00
8562600260.00,20141120T000000,432500.00,3.00,1.75,1470.00,7350.00,1.00,0.00,0.00,3.00,8.00,1470.00,0.00,1963.00,0.00,98052.00,47.67,-122.15,1470.00,7350.00
2325069032.00,20140731T000000,875000.00,5.00,4.25,4720.00,18741.00,2.00,0.00,0.00,3.00,11.00,3210.00,1510.00,2005.00,0.00,98053.00,47.63,-122.01,3880.00,37328.00
1223039235.00,20141114T000000,605000.00,5.00,2.75,2910.00,13332.00,2.00,0.00,0.00,4.00,8.00,2910.00,0.00,1940.00,1991.00,98146.00,47.50,-122.36,1760.00,8900.00
4139480350.00,20150113T000000,1688000.00,4.00,4.00,5000.00,12941.00,3.00,0.00,2.00,3.00,12.00,5000.00,0.00,2002.00,0.00,98006.00,47.55,-122.10,4560.00,12941.00
3348401382.00,20150210T000000,318000.00,3.00,2.25,1690.00,12662.00,1.00,0.00,0.00,5.00,7.00,1090.00,600.00,1982.00,0.00,98178.00,47.50,-122.26,1950.00,9642.00
164000267.00,20141016T000000,311300.00,2.00,1.00,1000.00,7228.00,1.00,0.00,0.00,4.00,7.00,1000.00,0.00,1947.00,0.00,98133.00,47.73,-122.35,1100.00,7228.00
1099900030.00,20150415T000000,325000.00,5.00,2.75,2400.00,7904.00,1.00,0.00,0.00,3.00,7.00,1450.00,950.00,1992.00,0.00,98188.00,47.47,-122.26,2400.00,7475.00
4139700260.00,20141117T000000,795000.00,5.00,3.50,3330.00,3705.00,2.00,0.00,0.00,3.00,9.00,2610.00,720.00,2008.00,0.00,98006.00,47.56,-122.12,2810.00,3971.00
6071800310.00,20140619T000000,558000.00,4.00,2.25,2060.00,10358.00,1.00,0.00,0.00,4.00,8.00,1320.00,740.00,1962.00,0.00,98006.00,47.55,-122.17,2060.00,9676.00
1321720140.00,20140528T000000,370000.00,4.00,2.50,3090.00,18645.00,2.00,0.00,0.00,3.00,9.00,3090.00,0.00,1995.00,0.00,98023.00,47.29,-122.34,3610.00,20114.00
8078460320.00,20141118T000000,598850.00,4.00,2.50,2350.00,7245.00,2.00,0.00,0.00,3.00,8.00,2350.00,0.00,1993.00,0.00,98074.00,47.63,-122.02,2350.00,9419.00
6388930570.00,20141023T000000,515700.00,3.00,2.50,2180.00,9722.00,2.00,0.00,0.00,3.00,8.00,2180.00,0.00,1994.00,0.00,98056.00,47.53,-122.17,2440.00,9722.00
3709500060.00,20140620T000000,458000.00,3.00,2.50,1870.00,5013.00,2.00,0.00,0.00,3.00,8.00,1870.00,0.00,2003.00,0.00,98011.00,47.76,-122.22,2040.00,5555.00
5469500640.00,20150224T000000,583500.00,3.00,2.25,3530.00,13000.00,2.50,0.00,0.00,4.00,10.00,3530.00,0.00,1985.00,0.00,98042.00,47.38,-122.16,2960.00,13000.00
293910070.00,20140723T000000,653750.00,4.00,2.50,2460.00,4166.00,2.00,0.00,0.00,3.00,9.00,2460.00,0.00,2003.00,0.00,98034.00,47.71,-122.23,2460.00,4964.00
3158500340.00,20140711T000000,299000.00,3.00,2.50,1650.00,4725.00,2.00,0.00,0.00,3.00,8.00,1650.00,0.00,2011.00,0.00,98038.00,47.35,-122.06,2000.00,4725.00
2617300200.00,20140509T000000,532000.00,5.00,3.00,3480.00,57499.00,1.00,0.00,0.00,4.00,8.00,2340.00,1140.00,1976.00,0.00,98027.00,47.46,-122.02,2020.00,40946.00
521049200.00,20140708T000000,819000.00,3.00,2.75,3176.00,13391.00,2.00,0.00,3.00,4.00,9.00,2726.00,450.00,1985.00,0.00,98198.00,47.34,-122.33,3470.00,12779.00
7779200105.00,20140718T000000,945000.00,4.00,2.25,2420.00,9000.00,1.00,0.00,4.00,5.00,9.00,2000.00,420.00,1967.00,0.00,98146.00,47.49,-122.36,2400.00,9035.00
8651500710.00,20141106T000000,608700.00,4.00,2.50,2260.00,9696.00,1.00,0.00,0.00,3.00,9.00,2260.00,0.00,1983.00,0.00,98074.00,47.64,-122.07,2400.00,12111.00
871000435.00,20150509T000000,812000.00,4.00,2.00,2380.00,6122.00,1.00,0.00,2.00,4.00,8.00,1310.00,1070.00,1949.00,0.00,98199.00,47.65,-122.41,1810.00,5202.00
217500140.00,20140513T000000,464000.00,5.00,2.50,3400.00,8970.00,1.00,0.00,0.00,4.00,8.00,1700.00,1700.00,1959.00,0.00,98133.00,47.74,-122.34,1890.00,8475.00
9290850810.00,20140613T000000,950000.00,4.00,2.50,3770.00,35081.00,2.00,0.00,0.00,3.00,10.00,3770.00,0.00,1989.00,0.00,98053.00,47.69,-122.05,4000.00,35492.00
6844700510.00,20141203T000000,700000.00,4.00,2.50,2672.00,4297.00,2.00,0.00,0.00,3.00,8.00,2020.00,652.00,2005.00,0.00,98115.00,47.70,-122.29,1720.00,6120.00
1232001040.00,20141016T000000,435000.00,3.00,1.00,1180.00,4219.00,1.00,0.00,0.00,3.00,7.00,1060.00,120.00,1939.00,0.00,98117.00,47.69,-122.38,1630.00,4219.00
3751601171.00,20141007T000000,229500.00,3.00,1.50,1810.00,14400.00,1.00,0.00,0.00,4.00,7.00,1810.00,0.00,1954.00,0.00,98001.00,47.29,-122.27,1710.00,12000.00
6117502220.00,20141117T000000,1575000.00,3.00,3.00,2610.00,22672.00,1.50,1.00,4.00,4.00,8.00,2610.00,0.00,1952.00,0.00,98166.00,47.44,-122.35,2810.00,22672.00
4322300140.00,20141103T000000,265000.00,3.00,2.25,1450.00,13439.00,1.00,0.00,0.00,4.00,7.00,1180.00,270.00,1963.00,0.00,98003.00,47.28,-122.30,1520.00,12348.00
1526059051.00,20140828T000000,995000.00,2.00,2.00,1600.00,64468.00,1.00,0.00,0.00,3.00,7.00,1600.00,0.00,1950.00,0.00,98072.00,47.73,-122.14,1950.00,64468.00
3800000160.00,20140709T000000,590000.00,3.00,2.50,2650.00,9380.00,1.00,0.00,0.00,5.00,8.00,1680.00,970.00,1975.00,0.00,98155.00,47.78,-122.27,2310.00,9600.00
1454600116.00,20140611T000000,740000.00,4.00,2.75,2490.00,17833.00,2.00,0.00,2.00,3.00,9.00,1490.00,1000.00,1979.00,0.00,98125.00,47.72,-122.28,2640.00,16943.00
4174600055.00,20140521T000000,360000.00,2.00,0.75,850.00,7710.00,1.00,0.00,2.00,5.00,6.00,550.00,300.00,1909.00,0.00,98108.00,47.56,-122.30,2500.00,6022.00
2594200566.00,20150406T000000,548500.00,4.00,2.00,1820.00,7200.00,1.00,0.00,0.00,3.00,7.00,1300.00,520.00,1976.00,0.00,98136.00,47.52,-122.39,1770.00,8149.00
8825900465.00,20140507T000000,599000.00,3.00,1.75,1960.00,4788.00,1.00,0.00,0.00,4.00,7.00,1090.00,870.00,1920.00,0.00,98115.00,47.67,-122.31,1960.00,3960.00
8562900310.00,20140613T000000,615000.00,3.00,1.75,2350.00,20820.00,1.00,0.00,0.00,4.00,8.00,1800.00,550.00,1978.00,0.00,98074.00,47.61,-122.06,2040.00,10800.00
1446401555.00,20141208T000000,292000.00,3.00,1.75,1320.00,6600.00,1.00,0.00,0.00,3.00,7.00,1320.00,0.00,1988.00,0.00,98168.00,47.48,-122.33,1070.00,6594.00
3528000140.00,20141023T000000,899000.00,4.00,2.50,3720.00,30649.00,2.00,0.00,0.00,3.00,10.00,3720.00,0.00,1988.00,0.00,98053.00,47.67,-122.06,3220.00,29434.00
7625704500.00,20141208T000000,500000.00,3.00,1.50,2210.00,6500.00,1.00,0.00,0.00,4.00,7.00,1030.00,1180.00,1912.00,0.00,98136.00,47.54,-122.39,1750.00,6370.00
3575302397.00,20141113T000000,580000.00,3.00,2.50,1910.00,11550.00,1.50,0.00,0.00,3.00,8.00,1910.00,0.00,2003.00,0.00,98074.00,47.62,-122.06,2230.00,11550.00
6190500340.00,20140509T000000,580000.00,4.00,2.50,2840.00,6268.00,2.00,0.00,0.00,3.00,9.00,2840.00,0.00,1998.00,0.00,98028.00,47.74,-122.24,2790.00,6526.00
475000510.00,20141118T000000,594000.00,3.00,1.00,1320.00,5000.00,1.00,0.00,0.00,4.00,7.00,1090.00,230.00,1920.00,0.00,98107.00,47.67,-122.37,1700.00,5000.00
7199340320.00,20150409T000000,500000.00,3.00,2.50,2440.00,7600.00,1.00,0.00,0.00,3.00,7.00,1420.00,1020.00,1981.00,0.00,98052.00,47.70,-122.13,2060.00,7700.00
3904940140.00,20141006T000000,550000.00,4.00,2.50,2420.00,8056.00,1.00,0.00,0.00,3.00,8.00,1680.00,740.00,1988.00,0.00,98029.00,47.57,-122.01,2160.00,6807.00
2310030390.00,20150429T000000,275000.00,3.00,1.75,1180.00,6260.00,1.00,0.00,0.00,4.00,8.00,1180.00,0.00,1993.00,0.00,98038.00,47.35,-122.05,1580.00,7272.00
2591800340.00,20150430T000000,390000.00,3.00,2.25,1820.00,7420.00,2.00,0.00,0.00,4.00,8.00,1820.00,0.00,1983.00,0.00,98058.00,47.44,-122.16,1900.00,7526.00
3505100126.00,20140626T000000,1250000.00,3.00,3.00,3760.00,8500.00,2.50,0.00,3.00,4.00,10.00,3060.00,700.00,1910.00,0.00,98116.00,47.58,-122.40,2610.00,5500.00
3361401977.00,20140826T000000,250000.00,3.00,2.25,1560.00,15340.00,2.00,0.00,0.00,3.00,7.00,1560.00,0.00,1997.00,0.00,98168.00,47.50,-122.32,1560.00,8260.00
5422570260.00,20140929T000000,405000.00,2.00,2.50,1790.00,5400.00,2.00,0.00,0.00,4.00,8.00,1790.00,0.00,1979.00,0.00,98052.00,47.66,-122.13,1700.00,5760.00
100600320.00,20140813T000000,213950.00,3.00,1.00,1430.00,7000.00,1.00,0.00,0.00,3.00,6.00,1430.00,0.00,1968.00,0.00,98023.00,47.30,-122.37,1050.00,7700.00
8099200030.00,20141222T000000,232000.00,3.00,1.50,1390.00,11340.00,1.00,0.00,0.00,4.00,7.00,1390.00,0.00,1963.00,0.00,98031.00,47.40,-122.19,1740.00,11340.00
7140600055.00,20150411T000000,207000.00,3.00,1.00,990.00,10800.00,1.00,0.00,0.00,4.00,6.00,990.00,0.00,1959.00,0.00,98002.00,47.29,-122.22,1060.00,10364.00
3422049276.00,20141211T000000,310000.00,3.00,1.75,1880.00,30346.00,1.00,0.00,0.00,3.00,8.00,1880.00,0.00,1988.00,0.00,98001.00,47.35,-122.29,2260.00,5883.00
3157600240.00,20140903T000000,540000.00,3.00,2.50,2520.00,5000.00,3.00,0.00,0.00,3.00,9.00,2520.00,0.00,1990.00,0.00,98106.00,47.57,-122.36,1130.00,5000.00
91000135.00,20150507T000000,750000.00,4.00,1.50,2060.00,4000.00,1.50,0.00,2.00,3.00,7.00,1580.00,480.00,1920.00,1990.00,98103.00,47.69,-122.35,1160.00,4000.00
423059369.00,20140604T000000,392500.00,4.00,2.50,2150.00,7303.00,2.00,0.00,0.00,3.00,8.00,2150.00,0.00,2005.00,0.00,98056.00,47.51,-122.18,1940.00,9569.00
5152000030.00,20150204T000000,305000.00,5.00,2.50,2500.00,12220.00,1.00,0.00,0.00,3.00,8.00,1690.00,810.00,1962.00,0.00,98003.00,47.33,-122.33,2130.00,12000.00
7732300390.00,20140523T000000,735000.00,3.00,2.50,2390.00,9157.00,2.00,0.00,0.00,3.00,9.00,2390.00,0.00,1984.00,0.00,98052.00,47.66,-122.15,2360.00,8250.00
1954430390.00,20140707T000000,575000.00,4.00,2.50,2400.00,6137.00,2.00,0.00,0.00,3.00,8.00,2400.00,0.00,1990.00,0.00,98074.00,47.62,-122.04,2120.00,7468.00
7891600260.00,20140618T000000,175000.00,2.00,1.00,660.00,5000.00,1.00,0.00,0.00,3.00,6.00,660.00,0.00,1915.00,0.00,98106.00,47.57,-122.36,1000.00,5000.00
2329800140.00,20141203T000000,291000.00,4.00,2.50,1580.00,6633.00,2.00,0.00,0.00,4.00,7.00,1580.00,0.00,1984.00,0.00,98042.00,47.38,-122.12,1590.00,6633.00
8653900070.00,20140804T000000,791500.00,4.00,2.50,3250.00,8970.00,2.00,0.00,0.00,3.00,10.00,3250.00,0.00,1994.00,0.00,98075.00,47.59,-122.04,3240.00,8449.00
7740500070.00,20140710T000000,475000.00,3.00,2.00,1880.00,9659.00,1.00,0.00,0.00,3.00,8.00,1180.00,700.00,1951.00,0.00,98155.00,47.75,-122.28,1780.00,9659.00
3352401090.00,20141113T000000,238950.00,2.00,1.00,1190.00,11400.00,1.00,0.00,0.00,3.00,7.00,1190.00,0.00,1951.00,0.00,98178.00,47.50,-122.27,1410.00,11400.00
2767704756.00,20141020T000000,470000.00,3.00,3.50,1280.00,1257.00,2.00,0.00,0.00,3.00,8.00,1040.00,240.00,2000.00,0.00,98107.00,47.67,-122.37,1280.00,1249.00
7504400710.00,20150427T000000,420000.00,4.00,1.75,2380.00,15324.00,1.00,0.00,0.00,3.00,8.00,1610.00,770.00,1978.00,0.00,98074.00,47.63,-122.05,2540.00,12608.00
7787100390.00,20150420T000000,440000.00,3.00,2.50,2040.00,7605.00,2.00,0.00,0.00,3.00,8.00,2040.00,0.00,1996.00,0.00,98045.00,47.49,-121.78,2150.00,7545.00
4240400140.00,20140820T000000,656000.00,4.00,1.75,1440.00,4300.00,1.50,0.00,0.00,4.00,8.00,1290.00,150.00,1929.00,0.00,98117.00,47.68,-122.37,1640.00,5000.00
7202270570.00,20140714T000000,559950.00,3.00,2.50,2120.00,4310.00,2.00,0.00,0.00,3.00,7.00,2120.00,0.00,2001.00,0.00,98053.00,47.69,-122.04,2280.00,4380.00
3037200045.00,20141113T000000,600000.00,2.00,2.00,990.00,5416.00,1.00,0.00,0.00,3.00,6.00,990.00,0.00,1935.00,0.00,98122.00,47.60,-122.31,1650.00,3360.00
3750605247.00,20140804T000000,255000.00,3.00,1.00,1710.00,12000.00,1.00,0.00,0.00,4.00,7.00,1710.00,0.00,1972.00,0.00,98001.00,47.26,-122.28,1310.00,9600.00
7972604425.00,20150401T000000,210750.00,4.00,1.50,1840.00,7076.00,1.50,0.00,0.00,3.00,7.00,1840.00,0.00,1957.00,0.00,98106.00,47.52,-122.35,1510.00,7320.00
809002610.00,20140718T000000,485000.00,4.00,1.00,1150.00,2560.00,1.50,0.00,0.00,3.00,7.00,1150.00,0.00,1909.00,0.00,98109.00,47.64,-122.36,1890.00,3000.00
4123840570.00,20141020T000000,390000.00,3.00,2.50,2250.00,8076.00,2.00,0.00,0.00,3.00,8.00,2250.00,0.00,1995.00,0.00,98038.00,47.37,-122.04,2180.00,7244.00
1081200070.00,20150323T000000,405000.00,3.00,2.50,2460.00,12600.00,1.00,0.00,0.00,4.00,8.00,1810.00,650.00,1970.00,0.00,98059.00,47.47,-122.12,1820.00,11180.00
9274204100.00,20140910T000000,462500.00,4.00,1.00,1540.00,4500.00,1.50,0.00,0.00,2.00,7.00,1540.00,0.00,1905.00,0.00,98116.00,47.59,-122.38,1920.00,6000.00
1072010510.00,20150210T000000,435000.00,4.00,2.25,2210.00,14073.00,1.00,0.00,0.00,3.00,8.00,1630.00,580.00,1978.00,0.00,98059.00,47.48,-122.14,2340.00,11340.00
7202330160.00,20141119T000000,440000.00,3.00,2.50,1440.00,5434.00,2.00,0.00,0.00,3.00,7.00,1440.00,0.00,2003.00,0.00,98053.00,47.68,-122.03,1560.00,3770.00
8731990700.00,20140625T000000,299950.00,3.00,1.75,1790.00,7650.00,1.00,0.00,3.00,3.00,9.00,1790.00,0.00,1978.00,0.00,98023.00,47.32,-122.39,2540.00,7600.00
9828200746.00,20150504T000000,440000.00,2.00,1.50,1120.00,1024.00,2.00,0.00,0.00,3.00,8.00,1120.00,0.00,1970.00,1998.00,98122.00,47.62,-122.30,1120.00,1549.00
9407100310.00,20141113T000000,312620.00,3.00,2.50,1260.00,11877.00,1.00,0.00,0.00,3.00,7.00,1260.00,0.00,1975.00,0.00,98045.00,47.44,-121.76,1430.00,9790.00
6817800510.00,20140605T000000,372500.00,3.00,1.50,1180.00,12324.00,1.00,0.00,0.00,3.00,7.00,800.00,380.00,1981.00,0.00,98074.00,47.63,-122.03,1280.00,11371.00
7212680860.00,20150209T000000,297262.00,3.00,2.50,1730.00,8076.00,2.00,0.00,0.00,3.00,8.00,1730.00,0.00,1994.00,0.00,98003.00,47.26,-122.31,1780.00,6930.00
3260000570.00,20150210T000000,735000.00,4.00,3.00,2250.00,7245.00,1.00,0.00,0.00,4.00,7.00,1250.00,1000.00,1963.00,0.00,98005.00,47.60,-122.17,1960.00,7245.00
1139000400.00,20140826T000000,430000.00,3.00,1.50,1550.00,5034.00,2.00,0.00,0.00,4.00,7.00,1550.00,0.00,1922.00,0.00,98177.00,47.71,-122.36,1820.00,7200.00
8649401000.00,20141022T000000,241000.00,2.00,1.75,1070.00,9750.00,1.50,0.00,0.00,3.00,7.00,1070.00,0.00,1995.00,0.00,98014.00,47.71,-121.32,970.00,9750.00
6600400260.00,20140512T000000,201000.00,3.00,1.00,1460.00,9750.00,1.00,0.00,0.00,4.00,7.00,1460.00,0.00,1969.00,0.00,98042.00,47.32,-122.14,1270.00,9750.00
1797500435.00,20150420T000000,570000.00,2.00,1.00,1060.00,4000.00,1.00,0.00,0.00,4.00,7.00,1060.00,0.00,1910.00,0.00,98115.00,47.67,-122.32,1770.00,4000.00
2155000160.00,20140508T000000,538000.00,4.00,1.75,1840.00,9600.00,1.00,0.00,0.00,3.00,7.00,1220.00,620.00,1967.00,0.00,98052.00,47.66,-122.13,1770.00,9720.00
9526600340.00,20150512T000000,729000.00,3.00,2.50,2440.00,4244.00,2.00,0.00,0.00,3.00,8.00,2440.00,0.00,2011.00,0.00,98052.00,47.71,-122.11,2690.00,4556.00
2205500030.00,20150108T000000,331500.00,4.00,1.75,1700.00,14756.00,1.00,0.00,0.00,3.00,7.00,850.00,850.00,1955.00,0.00,98006.00,47.58,-122.14,1680.00,10250.00
2123049114.00,20140519T000000,110700.00,2.00,1.00,680.00,8064.00,1.00,0.00,0.00,3.00,6.00,680.00,0.00,1941.00,0.00,98188.00,47.47,-122.30,1340.00,10800.00
8078050140.00,20141002T000000,245000.00,3.00,2.00,1700.00,8448.00,1.00,0.00,0.00,3.00,7.00,1700.00,0.00,1996.00,0.00,98022.00,47.21,-122.01,1350.00,8587.00
7617500075.00,20140721T000000,427000.00,3.00,1.75,2000.00,7111.00,1.00,0.00,0.00,4.00,7.00,1360.00,640.00,1956.00,0.00,98177.00,47.77,-122.37,1830.00,9000.00
381000240.00,20140806T000000,650500.00,4.00,1.75,2340.00,5940.00,1.00,0.00,0.00,3.00,8.00,1290.00,1050.00,1953.00,0.00,98115.00,47.68,-122.28,1930.00,5940.00
7568700260.00,20140814T000000,335900.00,2.00,1.00,1120.00,7440.00,1.00,0.00,0.00,4.00,7.00,1120.00,0.00,1939.00,0.00,98155.00,47.74,-122.32,1170.00,7440.00
1370803925.00,20140903T000000,535000.00,2.00,2.00,1510.00,5133.00,1.50,0.00,0.00,3.00,7.00,1510.00,0.00,1939.00,0.00,98199.00,47.64,-122.40,1470.00,6000.00
1250200786.00,20150122T000000,360000.00,5.00,2.00,2120.00,2400.00,1.00,0.00,0.00,4.00,6.00,1080.00,1040.00,1906.00,0.00,98144.00,47.60,-122.30,1690.00,4400.00
7399300510.00,20150204T000000,294900.00,3.00,2.25,1500.00,8100.00,1.00,0.00,0.00,3.00,7.00,1210.00,290.00,1968.00,0.00,98055.00,47.46,-122.19,1600.00,7896.00
5430300106.00,20150311T000000,460000.00,2.00,1.00,1030.00,5934.00,1.00,0.00,0.00,4.00,7.00,1030.00,0.00,1928.00,0.00,98115.00,47.68,-122.29,1420.00,5588.00
2954400310.00,20140915T000000,1769000.00,4.00,3.50,5440.00,38900.00,2.00,0.00,0.00,3.00,12.00,5440.00,0.00,1990.00,0.00,98053.00,47.66,-122.07,4830.00,41313.00
9209900335.00,20140509T000000,463000.00,2.00,1.00,1150.00,4400.00,1.00,0.00,0.00,4.00,7.00,1150.00,0.00,1905.00,0.00,98112.00,47.62,-122.29,1240.00,4400.00
1920079062.00,20141222T000000,332000.00,5.00,1.50,2420.00,43560.00,1.00,0.00,2.00,3.00,8.00,1500.00,920.00,1962.00,0.00,98022.00,47.21,-121.96,1620.00,17331.00
7227800055.00,20140909T000000,199500.00,4.00,2.00,1750.00,8116.00,1.00,0.00,0.00,4.00,5.00,1750.00,0.00,1943.00,0.00,98056.00,47.51,-122.18,1440.00,7865.00
7227800055.00,20141124T000000,247000.00,4.00,2.00,1750.00,8116.00,1.00,0.00,0.00,4.00,5.00,1750.00,0.00,1943.00,0.00,98056.00,47.51,-122.18,1440.00,7865.00
3296900160.00,20140609T000000,442500.00,4.00,2.50,2170.00,14024.00,2.00,0.00,0.00,3.00,8.00,2170.00,0.00,1992.00,0.00,98019.00,47.73,-121.97,2240.00,14029.00
3421069053.00,20140619T000000,600000.00,3.00,2.00,2540.00,237402.00,1.00,0.00,0.00,3.00,9.00,2540.00,0.00,2007.00,0.00,98022.00,47.27,-122.02,2200.00,229125.00
7202380340.00,20140903T000000,449000.00,3.00,2.50,1690.00,3827.00,2.00,0.00,0.00,3.00,7.00,1690.00,0.00,2005.00,0.00,98053.00,47.68,-122.03,1690.00,3129.00
6716700240.00,20150306T000000,725000.00,4.00,1.00,1600.00,4500.00,1.50,0.00,0.00,4.00,7.00,1600.00,0.00,1926.00,0.00,98115.00,47.68,-122.32,1720.00,4500.00
1431400070.00,20150205T000000,215000.00,3.00,1.00,1060.00,7900.00,1.00,0.00,0.00,3.00,7.00,1060.00,0.00,1961.00,2001.00,98058.00,47.46,-122.18,1310.00,7900.00
9554200200.00,20141218T000000,582500.00,2.00,1.75,1990.00,6549.00,1.00,0.00,0.00,3.00,7.00,1170.00,820.00,1948.00,0.00,98115.00,47.70,-122.30,1640.00,7202.00
1310900140.00,20140624T000000,305000.00,4.00,2.25,2210.00,9371.00,2.00,0.00,0.00,4.00,8.00,2210.00,0.00,1968.00,0.00,98032.00,47.36,-122.28,2300.00,11584.00
9454200030.00,20140923T000000,734000.00,4.00,2.75,3090.00,7650.00,2.00,0.00,2.00,3.00,8.00,2340.00,750.00,1959.00,1989.00,98042.00,47.36,-122.16,2760.00,10370.00
1402810140.00,20140505T000000,300000.00,3.00,2.00,1050.00,10072.00,1.00,0.00,0.00,3.00,7.00,1050.00,0.00,1986.00,0.00,98019.00,47.73,-121.98,1130.00,10087.00
1823069155.00,20140505T000000,525888.00,5.00,1.75,2550.00,71874.00,1.00,0.00,0.00,5.00,7.00,1810.00,740.00,1960.00,0.00,98027.00,47.48,-122.08,2170.00,51400.00
2530800070.00,20140911T000000,711000.00,4.00,2.50,2095.00,4400.00,1.50,0.00,0.00,5.00,8.00,1295.00,800.00,1910.00,0.00,98116.00,47.58,-122.39,1980.00,4400.00
4024100496.00,20140716T000000,360000.00,3.00,1.75,1520.00,12282.00,1.00,0.00,0.00,3.00,8.00,1220.00,300.00,1978.00,0.00,98155.00,47.75,-122.30,1860.00,13500.00
5252000200.00,20141210T000000,357000.00,5.00,2.50,2750.00,12350.00,2.00,0.00,0.00,3.00,8.00,2750.00,0.00,1987.00,0.00,98031.00,47.42,-122.21,1650.00,9810.00
7331900270.00,20140930T000000,235000.00,3.00,1.75,1200.00,9266.00,1.00,0.00,0.00,4.00,7.00,1200.00,0.00,1960.00,0.00,98002.00,47.31,-122.21,1200.00,9266.00
1574700140.00,20140808T000000,550000.00,3.00,1.75,1830.00,9720.00,1.00,0.00,1.00,3.00,7.00,1150.00,680.00,1928.00,1976.00,98040.00,47.55,-122.23,3380.00,10854.00
162500030.00,20141205T000000,324000.00,3.00,1.00,1160.00,7202.00,1.00,0.00,0.00,4.00,7.00,1160.00,0.00,1957.00,0.00,98133.00,47.77,-122.33,1620.00,8598.00
3705900292.00,20150428T000000,420000.00,3.00,2.00,1750.00,9239.00,1.00,0.00,0.00,3.00,8.00,1410.00,340.00,1989.00,0.00,98133.00,47.76,-122.34,1720.00,7874.00
2141500070.00,20140619T000000,450000.00,4.00,2.50,2400.00,7693.00,2.00,0.00,0.00,3.00,8.00,2400.00,0.00,2003.00,0.00,98059.00,47.49,-122.14,2400.00,8038.00
8562750060.00,20150420T000000,825000.00,5.00,3.50,4140.00,6770.00,2.00,0.00,0.00,3.00,9.00,3030.00,1110.00,2004.00,0.00,98027.00,47.54,-122.07,3960.00,5431.00
7349620030.00,20140722T000000,272000.00,4.00,2.25,2115.00,6234.00,2.00,0.00,0.00,3.00,7.00,2115.00,0.00,1998.00,0.00,98002.00,47.29,-122.20,2440.00,6366.00
2523039315.00,20141022T000000,481000.00,3.00,2.00,2580.00,15653.00,1.50,0.00,0.00,3.00,9.00,2580.00,0.00,1990.00,0.00,98166.00,47.46,-122.36,1920.00,9840.00
2877101821.00,20140805T000000,500000.00,3.00,1.00,1220.00,3400.00,1.00,0.00,0.00,3.00,7.00,1060.00,160.00,1927.00,0.00,98117.00,47.68,-122.36,1350.00,3750.00
1176000390.00,20140612T000000,448000.00,2.00,1.50,1630.00,3780.00,1.00,0.00,0.00,4.00,7.00,890.00,740.00,1940.00,0.00,98107.00,47.67,-122.40,1770.00,6400.00
8682262190.00,20150319T000000,480000.00,2.00,2.00,1350.00,4220.00,1.00,0.00,0.00,3.00,8.00,1350.00,0.00,2004.00,0.00,98053.00,47.72,-122.03,1350.00,4409.00
7202350060.00,20140908T000000,475000.00,3.00,2.50,1690.00,2890.00,2.00,0.00,0.00,3.00,7.00,1690.00,0.00,2004.00,0.00,98053.00,47.68,-122.03,1690.00,2730.00
3630060070.00,20141021T000000,472500.00,2.00,2.25,1700.00,2383.00,2.00,0.00,0.00,3.00,8.00,1700.00,0.00,2005.00,0.00,98029.00,47.55,-122.00,1700.00,2700.00
2413300810.00,20140923T000000,291000.00,4.00,2.25,1890.00,7616.00,1.00,0.00,0.00,4.00,8.00,1260.00,630.00,1979.00,0.00,98003.00,47.33,-122.33,1890.00,7420.00
6450304260.00,20140722T000000,294000.00,2.00,1.00,850.00,5250.00,1.00,0.00,0.00,4.00,7.00,850.00,0.00,1950.00,0.00,98133.00,47.73,-122.34,1440.00,5250.00
2025059204.00,20140730T000000,1013050.00,4.00,2.50,2480.00,12688.00,1.00,0.00,0.00,4.00,9.00,1820.00,660.00,1967.00,0.00,98004.00,47.63,-122.21,2910.00,11979.00
7202290240.00,20141017T000000,442500.00,3.00,2.50,1690.00,3129.00,2.00,0.00,0.00,3.00,7.00,1690.00,0.00,2002.00,0.00,98053.00,47.69,-122.04,1690.00,3129.00
1788700070.00,20140627T000000,170000.00,2.00,1.00,810.00,8424.00,1.00,0.00,0.00,4.00,6.00,810.00,0.00,1959.00,0.00,98023.00,47.33,-122.35,820.00,8424.00
8085400055.00,20150428T000000,1582500.00,4.00,2.50,3980.00,16304.00,1.00,0.00,1.00,3.00,10.00,2480.00,1500.00,1968.00,0.00,98004.00,47.64,-122.21,3980.00,16304.00
5700002025.00,20150218T000000,665000.00,3.00,2.25,2580.00,6000.00,2.00,0.00,0.00,3.00,8.00,1780.00,800.00,1925.00,0.00,98144.00,47.58,-122.29,2300.00,5995.00
853600310.00,20140828T000000,1610000.00,5.00,4.50,6085.00,142725.00,3.00,0.00,0.00,3.00,11.00,6085.00,0.00,2000.00,0.00,98014.00,47.61,-121.95,4830.00,128457.00
5332200320.00,20140714T000000,675000.00,2.00,1.75,2140.00,5000.00,1.00,0.00,0.00,3.00,7.00,1000.00,1140.00,1930.00,1991.00,98112.00,47.63,-122.29,2250.00,4000.00
2130701535.00,20150204T000000,279900.00,2.00,1.75,1360.00,10000.00,1.00,0.00,0.00,3.00,6.00,1360.00,0.00,1957.00,1989.00,98019.00,47.74,-121.98,1430.00,10000.00
510002010.00,20140630T000000,875000.00,4.00,1.50,1800.00,3245.00,1.50,0.00,0.00,4.00,8.00,1800.00,0.00,1929.00,0.00,98103.00,47.66,-122.33,1800.00,4275.00
3630110510.00,20140804T000000,571000.00,3.00,2.50,1920.00,3867.00,2.00,0.00,0.00,3.00,8.00,1920.00,0.00,2005.00,0.00,98029.00,47.55,-121.99,2190.00,3841.00
6300000400.00,20140617T000000,320000.00,3.00,1.00,860.00,5060.00,1.50,0.00,0.00,3.00,7.00,860.00,0.00,1927.00,0.00,98133.00,47.71,-122.34,880.00,5060.00
1560920200.00,20140826T000000,525000.00,3.00,2.50,2340.00,35021.00,1.00,0.00,0.00,3.00,9.00,2340.00,0.00,1986.00,0.00,98038.00,47.40,-122.03,2630.00,35190.00
1652500060.00,20140711T000000,1650000.00,8.00,2.75,4040.00,20666.00,1.00,0.00,0.00,4.00,9.00,2020.00,2020.00,1962.00,0.00,98004.00,47.63,-122.22,3670.00,20500.00
9368700270.00,20150401T000000,137900.00,3.00,1.75,1160.00,5082.00,1.00,0.00,0.00,3.00,6.00,580.00,580.00,1942.00,0.00,98178.00,47.50,-122.26,1730.00,6000.00
2223089053.00,20140603T000000,440000.00,3.00,2.25,1680.00,57063.00,2.00,0.00,0.00,4.00,8.00,1680.00,0.00,1989.00,0.00,98045.00,47.47,-121.77,1910.00,57063.00
9828201920.00,20150304T000000,360000.00,3.00,1.00,1280.00,3870.00,1.00,0.00,0.00,3.00,7.00,640.00,640.00,1945.00,0.00,98122.00,47.62,-122.29,1280.00,4800.00
7334401040.00,20150205T000000,271000.00,4.00,1.50,1800.00,9576.00,1.00,0.00,0.00,4.00,7.00,1800.00,0.00,1977.00,0.00,98045.00,47.47,-121.75,1370.00,9576.00
5152700060.00,20140528T000000,465000.00,6.00,3.25,4250.00,23326.00,1.00,0.00,3.00,3.00,10.00,2150.00,2100.00,1967.00,0.00,98003.00,47.34,-122.33,3370.00,15983.00
1460900030.00,20140926T000000,280000.00,4.00,2.50,2400.00,4596.00,2.00,0.00,0.00,3.00,8.00,2400.00,0.00,2004.00,0.00,98001.00,47.34,-122.27,2230.00,4763.00
3626039250.00,20150428T000000,283000.00,2.00,1.00,940.00,6350.00,1.00,0.00,0.00,4.00,5.00,940.00,0.00,1942.00,0.00,98103.00,47.70,-122.36,1490.00,6350.00
7199360320.00,20150213T000000,411500.00,3.00,1.00,1110.00,7208.00,1.00,0.00,0.00,3.00,7.00,1110.00,0.00,1980.00,0.00,98052.00,47.70,-122.12,1440.00,7210.00
8731901610.00,20140917T000000,282000.00,3.00,2.25,2420.00,7548.00,1.00,0.00,0.00,4.00,8.00,1370.00,1050.00,1967.00,0.00,98023.00,47.31,-122.38,2150.00,8000.00
6821102317.00,20141209T000000,535000.00,3.00,2.50,1850.00,1499.00,2.50,0.00,0.00,3.00,9.00,1790.00,60.00,2005.00,0.00,98199.00,47.65,-122.40,1770.00,1539.00
3271300955.00,20140703T000000,554729.00,4.00,2.50,2020.00,4350.00,2.00,0.00,0.00,5.00,9.00,1730.00,290.00,1943.00,0.00,98199.00,47.65,-122.41,1620.00,5800.00
3271300955.00,20150224T000000,868000.00,4.00,2.50,2020.00,4350.00,2.00,0.00,0.00,5.00,9.00,1730.00,290.00,1943.00,0.00,98199.00,47.65,-122.41,1620.00,5800.00
2623089135.00,20140616T000000,427000.00,3.00,2.50,1830.00,65340.00,1.00,0.00,0.00,3.00,8.00,1520.00,310.00,1991.00,0.00,98045.00,47.46,-121.75,2100.00,84942.00
2044500152.00,20141117T000000,455000.00,4.00,1.75,1920.00,6000.00,1.00,0.00,0.00,4.00,7.00,960.00,960.00,1954.00,0.00,98125.00,47.71,-122.32,1850.00,7200.00
1725059187.00,20141029T000000,595000.00,2.00,1.75,1280.00,8500.00,1.00,0.00,0.00,3.00,7.00,1280.00,0.00,1953.00,2010.00,98033.00,47.66,-122.19,1950.00,10356.00
6699930260.00,20150320T000000,400000.00,4.00,2.50,3130.00,5240.00,2.00,0.00,0.00,3.00,8.00,3130.00,0.00,2004.00,0.00,98038.00,47.34,-122.04,2470.00,5240.00
3295610200.00,20140625T000000,770000.00,4.00,2.50,3920.00,12415.00,2.00,0.00,0.00,3.00,10.00,3920.00,0.00,1997.00,0.00,98075.00,47.57,-122.03,3639.00,12805.00
1186000125.00,20140509T000000,742500.00,4.00,2.75,3100.00,3773.00,2.00,0.00,0.00,3.00,8.00,2000.00,1100.00,1919.00,1996.00,98122.00,47.62,-122.29,2130.00,3777.00
6065300570.00,20140624T000000,1250000.00,4.00,2.50,3220.00,15600.00,1.00,0.00,0.00,5.00,9.00,1680.00,1540.00,1973.00,0.00,98006.00,47.57,-122.18,2990.00,15600.00
8039900400.00,20140812T000000,375000.00,3.00,2.00,1670.00,13775.00,1.00,0.00,0.00,3.00,8.00,1670.00,0.00,1968.00,0.00,98045.00,47.49,-121.78,2130.00,14500.00
1925059200.00,20150407T000000,1557600.00,4.00,2.50,2700.00,17853.00,2.00,0.00,0.00,4.00,9.00,2700.00,0.00,1960.00,0.00,98004.00,47.65,-122.22,3790.00,16672.00
5729000070.00,20150128T000000,545000.00,4.00,2.00,5461.00,22880.00,1.00,0.00,0.00,4.00,9.00,3265.00,2196.00,1964.00,0.00,98032.00,47.36,-122.29,1940.00,10995.00
98000960.00,20140513T000000,1050000.00,4.00,3.25,4400.00,16625.00,2.00,0.00,0.00,3.00,11.00,4400.00,0.00,2003.00,0.00,98075.00,47.59,-121.97,4440.00,15523.00
1330300451.00,20141217T000000,1565000.00,3.00,1.75,2190.00,8500.00,1.00,0.00,0.00,4.00,9.00,2190.00,0.00,1957.00,0.00,98112.00,47.64,-122.29,2850.00,8868.00
4312700340.00,20150318T000000,178000.00,4.00,1.50,1200.00,11163.00,1.50,0.00,0.00,4.00,6.00,1200.00,0.00,1970.00,0.00,98092.00,47.30,-122.11,1200.00,11163.00
3797700030.00,20141009T000000,262500.00,3.00,1.75,1470.00,10390.00,1.00,0.00,0.00,3.00,7.00,1470.00,0.00,1989.00,0.00,98031.00,47.42,-122.20,1770.00,7507.00
452001890.00,20150415T000000,730000.00,3.00,1.75,1650.00,5000.00,1.50,0.00,0.00,4.00,8.00,1650.00,0.00,1900.00,0.00,98107.00,47.67,-122.37,1630.00,5000.00
2927600105.00,20140703T000000,395000.00,5.00,1.75,1840.00,10453.00,1.00,0.00,2.00,3.00,8.00,1360.00,480.00,1948.00,0.00,98166.00,47.45,-122.37,2250.00,11250.00
3298300140.00,20141024T000000,355000.00,3.00,1.00,1210.00,6650.00,1.00,0.00,0.00,3.00,6.00,1210.00,0.00,1959.00,0.00,98008.00,47.62,-122.12,990.00,7590.00
1321700390.00,20140908T000000,299990.00,3.00,2.50,1870.00,8541.00,2.00,0.00,0.00,3.00,8.00,1870.00,0.00,1989.00,0.00,98023.00,47.29,-122.35,2150.00,7789.00
1222069129.00,20150327T000000,1125000.00,4.00,3.25,3890.00,422096.00,1.50,0.00,0.00,3.00,9.00,3150.00,740.00,2001.00,0.00,98038.00,47.41,-121.98,2180.00,229996.00
1081800070.00,20141118T000000,425000.00,4.00,2.25,2660.00,11200.00,2.00,0.00,0.00,4.00,8.00,2660.00,0.00,1972.00,0.00,98059.00,47.47,-122.13,2090.00,11120.00
6414100732.00,20150107T000000,349000.00,2.00,1.00,1150.00,7552.00,1.00,0.00,0.00,3.00,7.00,1150.00,0.00,1951.00,0.00,98125.00,47.72,-122.32,1150.00,7346.00
513000445.00,20141111T000000,554950.00,4.00,1.75,1740.00,4816.00,1.00,0.00,0.00,5.00,7.00,870.00,870.00,1942.00,0.00,98116.00,47.58,-122.38,1210.00,5074.00
6888900060.00,20141116T000000,326000.00,6.00,3.00,2580.00,8064.00,1.50,0.00,0.00,3.00,7.00,1880.00,700.00,1913.00,0.00,98118.00,47.55,-122.29,1510.00,6084.00
7309100270.00,20140626T000000,580000.00,4.00,1.75,1720.00,6975.00,1.00,0.00,0.00,3.00,8.00,1420.00,300.00,1975.00,0.00,98052.00,47.65,-122.12,2210.00,7875.00
2162000260.00,20140827T000000,699000.00,3.00,2.50,2740.00,18455.00,2.00,0.00,1.00,4.00,10.00,1510.00,1230.00,1977.00,0.00,98040.00,47.56,-122.22,2840.00,16438.00
7732000045.00,20141125T000000,757000.00,3.00,2.75,2610.00,11290.00,1.00,0.00,0.00,3.00,7.00,1630.00,980.00,1985.00,0.00,98033.00,47.66,-122.20,2570.00,9125.00
3764800510.00,20140723T000000,335000.00,3.00,1.75,1400.00,7920.00,1.00,0.00,0.00,3.00,7.00,1400.00,0.00,1965.00,0.00,98034.00,47.73,-122.20,1310.00,7876.00
2481600030.00,20140701T000000,660000.00,3.00,2.00,2570.00,28500.00,1.00,0.00,0.00,3.00,9.00,1970.00,600.00,1983.00,0.00,98052.00,47.73,-122.14,3070.00,32400.00
5126310060.00,20150417T000000,540000.00,4.00,2.75,2830.00,7334.00,2.00,0.00,0.00,3.00,8.00,2830.00,0.00,2005.00,0.00,98059.00,47.49,-122.14,2830.00,7378.00
1310700390.00,20141010T000000,320000.00,5.00,2.25,2630.00,8625.00,2.00,0.00,0.00,3.00,8.00,2630.00,0.00,1966.00,0.00,98032.00,47.36,-122.29,1880.00,8670.00
6402710070.00,20150421T000000,280000.00,3.00,2.50,1580.00,7918.00,2.00,0.00,0.00,3.00,7.00,1580.00,0.00,1994.00,0.00,98055.00,47.44,-122.19,1650.00,7916.00
5702450260.00,20140723T000000,324000.00,3.00,2.00,1540.00,10931.00,1.00,0.00,3.00,3.00,7.00,1540.00,0.00,1989.00,0.00,98045.00,47.50,-121.78,1570.00,10485.00
3243200310.00,20140520T000000,300000.00,3.00,1.00,2120.00,7735.00,1.00,0.00,0.00,4.00,7.00,1060.00,1060.00,1967.00,0.00,98059.00,47.49,-122.12,1010.00,8570.00
2131200885.00,20140828T000000,360000.00,3.00,1.75,1830.00,10000.00,2.00,0.00,0.00,4.00,7.00,1830.00,0.00,1913.00,1964.00,98019.00,47.74,-121.98,1480.00,10000.00
8651480550.00,20140623T000000,600000.00,3.00,2.50,2260.00,10153.00,2.00,0.00,0.00,3.00,10.00,2260.00,0.00,1987.00,0.00,98074.00,47.64,-122.07,2740.00,10153.00
3024059036.00,20140530T000000,950000.00,4.00,1.75,2500.00,92347.00,1.00,0.00,0.00,4.00,8.00,1500.00,1000.00,1970.00,0.00,98040.00,47.53,-122.22,3750.00,20267.00
6382500079.00,20140709T000000,599950.00,3.00,3.25,1830.00,1804.00,3.00,0.00,0.00,3.00,8.00,1830.00,0.00,2014.00,0.00,98117.00,47.69,-122.38,1830.00,1804.00
4363700200.00,20150325T000000,190000.00,4.00,1.00,1190.00,7920.00,1.00,0.00,0.00,3.00,6.00,890.00,300.00,1951.00,0.00,98126.00,47.53,-122.37,1140.00,7920.00
3876310860.00,20150330T000000,350000.00,4.00,1.75,2310.00,9002.00,1.00,0.00,0.00,3.00,7.00,1780.00,530.00,1970.00,0.00,98034.00,47.73,-122.17,2090.00,8814.00
2391602650.00,20150410T000000,522000.00,3.00,1.00,1230.00,4600.00,1.50,0.00,0.00,3.00,7.00,1230.00,0.00,1929.00,0.00,98116.00,47.56,-122.39,1230.00,4600.00
2597530070.00,20150318T000000,850000.00,3.00,2.50,2940.00,10809.00,2.00,0.00,0.00,3.00,10.00,2940.00,0.00,1992.00,0.00,98006.00,47.54,-122.14,3090.00,10348.00
1314300046.00,20140630T000000,308000.00,3.00,1.00,1010.00,8800.00,1.00,0.00,0.00,4.00,7.00,1010.00,0.00,1954.00,0.00,98118.00,47.55,-122.28,1400.00,4095.00
3693900885.00,20141202T000000,1020000.00,6.00,2.25,2550.00,5000.00,2.00,0.00,0.00,4.00,7.00,2550.00,0.00,1907.00,0.00,98117.00,47.68,-122.40,1480.00,5000.00
6046400465.00,20141028T000000,397500.00,3.00,1.00,1480.00,5100.00,1.50,0.00,0.00,3.00,7.00,1480.00,0.00,1938.00,1959.00,98103.00,47.69,-122.35,1300.00,5100.00
4388000070.00,20150127T000000,186000.00,3.00,1.75,1460.00,7967.00,1.00,0.00,0.00,3.00,7.00,1040.00,420.00,1977.00,0.00,98023.00,47.32,-122.37,1460.00,6835.00
8854000370.00,20140620T000000,436500.00,5.00,3.00,3110.00,12429.00,1.00,0.00,0.00,3.00,8.00,1790.00,1320.00,1977.00,0.00,98011.00,47.75,-122.21,3050.00,11902.00
4459800075.00,20140603T000000,710000.00,3.00,2.00,2140.00,4923.00,1.00,0.00,0.00,4.00,8.00,1070.00,1070.00,1928.00,0.00,98103.00,47.69,-122.34,1470.00,4923.00
7153200160.00,20150114T000000,1378600.00,5.00,3.25,3450.00,6360.00,2.00,0.00,0.00,5.00,9.00,1860.00,1590.00,1905.00,0.00,98122.00,47.61,-122.29,2310.00,5000.00
7752400075.00,20150428T000000,450000.00,3.00,2.25,1960.00,10682.00,1.00,0.00,0.00,3.00,7.00,1960.00,0.00,1957.00,0.00,98008.00,47.63,-122.12,1540.00,10682.00
7604410030.00,20150121T000000,375000.00,4.00,2.75,1890.00,5240.00,1.00,0.00,0.00,3.00,7.00,980.00,910.00,1981.00,0.00,98106.00,47.55,-122.36,1600.00,5240.00
2144800311.00,20141113T000000,315000.00,2.00,1.00,2080.00,14659.00,1.00,0.00,0.00,3.00,7.00,1040.00,1040.00,1960.00,0.00,98178.00,47.49,-122.23,1920.00,15208.00
1705400550.00,20150213T000000,467500.00,3.00,1.00,1700.00,4165.00,1.50,0.00,0.00,3.00,7.00,1700.00,0.00,1918.00,0.00,98118.00,47.56,-122.28,1400.00,4165.00
9485700136.00,20150227T000000,330000.00,3.00,1.00,1140.00,7316.00,1.00,0.00,0.00,3.00,6.00,1140.00,0.00,1959.00,0.00,98106.00,47.53,-122.36,1140.00,7440.00
1822039225.00,20140725T000000,665000.00,3.00,2.50,3136.00,54450.00,1.50,0.00,0.00,5.00,8.00,3136.00,0.00,1910.00,0.00,98070.00,47.40,-122.47,2300.00,54450.00
2625059301.00,20150324T000000,760000.00,4.00,3.25,2590.00,3889.00,3.00,0.00,0.00,3.00,9.00,2590.00,0.00,2013.00,0.00,98007.00,47.63,-122.14,2590.00,4062.00
7625702440.00,20141230T000000,469000.00,3.00,1.75,1480.00,800.00,2.00,0.00,0.00,3.00,8.00,1000.00,480.00,2014.00,0.00,98136.00,47.55,-122.39,1480.00,1143.00
9126100487.00,20140813T000000,408000.00,3.00,3.00,1500.00,1473.00,2.00,0.00,0.00,3.00,8.00,1120.00,380.00,2000.00,0.00,98122.00,47.61,-122.31,1720.00,1976.00
7922900030.00,20141003T000000,851000.00,3.00,2.75,2660.00,10350.00,1.00,0.00,4.00,4.00,8.00,1330.00,1330.00,1971.00,0.00,98008.00,47.59,-122.12,2820.00,10043.00
8682292180.00,20140725T000000,410000.00,2.00,2.00,1350.00,3926.00,1.00,0.00,0.00,3.00,8.00,1350.00,0.00,2007.00,0.00,98053.00,47.72,-122.02,1440.00,3926.00
6730700260.00,20150313T000000,235000.00,2.00,1.00,860.00,10500.00,1.00,0.00,0.00,3.00,6.00,860.00,0.00,1943.00,0.00,98024.00,47.57,-121.89,950.00,10500.00
7225000045.00,20140828T000000,207100.00,2.00,1.00,1000.00,4500.00,1.00,0.00,0.00,3.00,6.00,1000.00,0.00,1916.00,0.00,98055.00,47.49,-122.20,980.00,4837.00
4140500055.00,20140626T000000,560000.00,4.00,2.50,2480.00,16360.00,1.00,0.00,0.00,5.00,7.00,1510.00,970.00,1959.00,0.00,98028.00,47.76,-122.27,1770.00,15205.00
2592210370.00,20141031T000000,903000.00,3.00,2.75,3860.00,12786.00,2.00,0.00,0.00,4.00,10.00,3860.00,0.00,1984.00,0.00,98006.00,47.55,-122.14,2820.00,14636.00
1337800830.00,20150107T000000,998500.00,3.00,1.75,2140.00,4800.00,2.00,0.00,0.00,3.00,8.00,1690.00,450.00,1905.00,0.00,98112.00,47.63,-122.31,2440.00,4800.00
1951500055.00,20140730T000000,268500.00,4.00,1.75,1820.00,13600.00,1.50,0.00,0.00,3.00,7.00,1120.00,700.00,1959.00,0.00,98032.00,47.37,-122.30,1810.00,11970.00
1136100045.00,20141015T000000,494950.00,2.00,1.75,2220.00,33000.00,1.00,0.00,0.00,4.00,8.00,2220.00,0.00,1970.00,0.00,98072.00,47.74,-122.13,2220.00,33000.00
3860400060.00,20140801T000000,1130000.00,4.00,2.50,2660.00,11200.00,2.00,0.00,0.00,3.00,9.00,2660.00,0.00,1999.00,0.00,98004.00,47.59,-122.20,3290.00,11275.00
1657000070.00,20141118T000000,250000.00,3.00,2.00,1470.00,12096.00,1.00,0.00,0.00,4.00,6.00,1470.00,0.00,1942.00,0.00,98030.00,47.37,-122.19,1470.00,10966.00
1423069129.00,20150320T000000,449000.00,4.00,1.75,2350.00,54450.00,1.00,0.00,0.00,4.00,7.00,1250.00,1100.00,1971.00,0.00,98027.00,47.48,-122.01,2180.00,50529.00
1118001631.00,20150112T000000,1225000.00,3.00,2.25,2980.00,7700.00,1.00,0.00,0.00,3.00,9.00,2530.00,450.00,1964.00,0.00,98112.00,47.63,-122.29,3020.00,8234.00
7399200240.00,20150317T000000,325000.00,4.00,2.00,1870.00,7700.00,1.00,0.00,0.00,3.00,8.00,1870.00,0.00,1966.00,0.00,98055.00,47.46,-122.20,2270.00,8580.00
4037000160.00,20140615T000000,506000.00,5.00,3.00,2430.00,8000.00,1.00,0.00,0.00,4.00,7.00,1370.00,1060.00,1957.00,0.00,98008.00,47.60,-122.12,1770.00,8000.00
8562740370.00,20150325T000000,751000.00,4.00,2.50,2790.00,6538.00,2.00,0.00,0.00,3.00,9.00,2790.00,0.00,2003.00,0.00,98027.00,47.53,-122.07,2990.00,6538.00
9407001620.00,20140812T000000,280000.00,3.00,2.50,1370.00,22326.00,2.00,0.00,0.00,3.00,7.00,1370.00,0.00,1993.00,0.00,98045.00,47.45,-121.78,1580.00,10920.00
2481620310.00,20140514T000000,1120000.00,4.00,2.25,4470.00,60373.00,2.00,0.00,0.00,3.00,11.00,4470.00,0.00,1988.00,0.00,98072.00,47.73,-122.13,3210.00,40450.00
7511200350.00,20140919T000000,580000.00,3.00,1.75,2040.00,81021.00,1.00,0.00,0.00,3.00,8.00,2040.00,0.00,1980.00,0.00,98053.00,47.65,-122.05,2260.00,39280.00
4039100350.00,20150423T000000,665000.00,4.00,2.25,2340.00,5300.00,1.00,0.00,0.00,5.00,8.00,1700.00,640.00,1963.00,0.00,98008.00,47.62,-122.11,1890.00,8250.00
808300270.00,20140527T000000,450000.00,4.00,2.50,2520.00,8515.00,2.00,0.00,0.00,3.00,7.00,2520.00,0.00,1999.00,0.00,98019.00,47.72,-121.96,2130.00,6930.00
3023059012.00,20140910T000000,389900.00,4.00,1.00,1710.00,117176.00,1.50,0.00,0.00,4.00,6.00,1710.00,0.00,1942.00,0.00,98055.00,47.45,-122.21,1940.00,12223.00
4039300810.00,20141117T000000,427000.00,3.00,1.00,1200.00,5252.00,1.00,0.00,0.00,3.00,7.00,1200.00,0.00,1962.00,0.00,98007.00,47.61,-122.13,1800.00,7920.00
8849300320.00,20150416T000000,265000.00,3.00,1.75,1330.00,12618.00,1.00,0.00,3.00,3.00,7.00,1330.00,0.00,1983.00,0.00,98188.00,47.44,-122.27,1870.00,8429.00
272000320.00,20141105T000000,398000.00,3.00,1.50,1310.00,2996.00,2.00,0.00,0.00,3.00,7.00,1310.00,0.00,1998.00,0.00,98144.00,47.59,-122.30,1310.00,2997.00
1180002470.00,20141104T000000,354000.00,6.00,3.50,3020.00,4500.00,2.00,0.00,0.00,3.00,7.00,3020.00,0.00,1941.00,1992.00,98178.00,47.50,-122.23,900.00,6000.00
1330290160.00,20150413T000000,339950.00,4.00,2.50,2260.00,6086.00,2.00,0.00,0.00,3.00,8.00,2260.00,0.00,1999.00,0.00,98030.00,47.36,-122.17,2260.00,6218.00
6392000570.00,20141112T000000,399000.00,2.00,1.00,790.00,4000.00,1.00,0.00,0.00,3.00,6.00,790.00,0.00,1948.00,0.00,98115.00,47.68,-122.29,990.00,5000.00
8835200160.00,20141010T000000,325000.00,2.00,2.00,970.00,5000.00,1.00,0.00,0.00,3.00,7.00,970.00,0.00,1983.00,0.00,98034.00,47.72,-122.16,1540.00,5000.00
868000575.00,20140819T000000,998800.00,3.00,2.00,2250.00,8000.00,1.00,0.00,2.00,4.00,9.00,2250.00,0.00,1955.00,0.00,98177.00,47.71,-122.38,2880.00,10960.00
597000550.00,20140919T000000,350000.00,4.00,2.50,1530.00,2248.00,1.50,0.00,0.00,3.00,7.00,1530.00,0.00,1914.00,0.00,98144.00,47.58,-122.31,1340.00,3700.00
6669000070.00,20140805T000000,1000000.00,4.00,1.75,1780.00,11436.00,1.00,0.00,0.00,5.00,9.00,1780.00,0.00,1967.00,0.00,98004.00,47.63,-122.19,2100.00,12052.00
7202340860.00,20150318T000000,561000.00,3.00,2.50,2120.00,5277.00,2.00,0.00,0.00,3.00,7.00,2120.00,0.00,2005.00,0.00,98053.00,47.68,-122.03,2370.00,5257.00
6141100320.00,20140707T000000,245000.00,2.00,1.00,1500.00,6685.00,1.00,0.00,0.00,3.00,7.00,1190.00,310.00,1926.00,0.00,98133.00,47.72,-122.35,1420.00,6561.00
6141100320.00,20150213T000000,570000.00,2.00,1.00,1500.00,6685.00,1.00,0.00,0.00,3.00,7.00,1190.00,310.00,1926.00,0.00,98133.00,47.72,-122.35,1420.00,6561.00
6815100370.00,20141030T000000,845000.00,4.00,3.00,2390.00,4000.00,1.50,0.00,0.00,5.00,8.00,1460.00,930.00,1931.00,0.00,98103.00,47.69,-122.33,1670.00,4000.00
5636010560.00,20140929T000000,314500.00,4.00,2.50,2390.00,9600.00,2.00,0.00,0.00,3.00,7.00,2390.00,0.00,1996.00,0.00,98010.00,47.33,-122.00,1900.00,9603.00
2592200030.00,20140618T000000,650000.00,3.00,1.75,2920.00,9370.00,1.00,0.00,0.00,4.00,8.00,1620.00,1300.00,1981.00,0.00,98006.00,47.55,-122.15,2890.00,9609.00
1823059159.00,20150506T000000,298000.00,2.00,1.00,850.00,5000.00,1.00,0.00,0.00,3.00,5.00,850.00,0.00,1907.00,0.00,98055.00,47.49,-122.21,910.00,4815.00
2254501620.00,20150409T000000,500000.00,2.00,1.00,930.00,3200.00,1.00,0.00,0.00,3.00,7.00,930.00,0.00,1904.00,0.00,98122.00,47.61,-122.31,1690.00,3840.00
9275700765.00,20140610T000000,870000.00,4.00,2.50,3340.00,12248.00,2.00,0.00,1.00,3.00,9.00,2470.00,870.00,1998.00,0.00,98126.00,47.59,-122.38,2110.00,5679.00
7454000875.00,20150406T000000,299000.00,2.00,1.00,710.00,6732.00,1.00,0.00,0.00,5.00,6.00,710.00,0.00,1942.00,0.00,98126.00,47.52,-122.37,710.00,6720.00
7434500127.00,20140812T000000,527000.00,3.00,2.25,2240.00,6450.00,1.00,0.00,0.00,3.00,7.00,1440.00,800.00,1979.00,0.00,98125.00,47.70,-122.32,1390.00,6450.00
646500070.00,20141106T000000,420000.00,3.00,1.00,1060.00,7638.00,1.00,0.00,0.00,5.00,7.00,1060.00,0.00,1966.00,0.00,98007.00,47.59,-122.14,1470.00,8097.00
9432900560.00,20150212T000000,290000.00,3.00,2.50,2360.00,8764.00,2.00,0.00,0.00,3.00,8.00,2360.00,0.00,1991.00,0.00,98022.00,47.21,-122.01,2360.00,8746.00
5154700060.00,20141015T000000,1662000.00,4.00,2.75,3520.00,19200.00,1.00,1.00,4.00,4.00,9.00,1950.00,1570.00,1951.00,0.00,98136.00,47.53,-122.39,2450.00,7000.00
3395300260.00,20140815T000000,499990.00,3.00,1.75,1730.00,9334.00,1.00,0.00,0.00,3.00,8.00,1220.00,510.00,1977.00,0.00,98052.00,47.65,-122.11,2020.00,10000.00
2113700510.00,20141027T000000,315000.00,3.00,1.75,1170.00,4000.00,1.00,0.00,0.00,3.00,6.00,720.00,450.00,1943.00,2013.00,98106.00,47.53,-122.35,1130.00,4000.00
4053200566.00,20141020T000000,425000.00,4.00,2.25,3680.00,26266.00,2.00,0.00,0.00,4.00,9.00,3680.00,0.00,1981.00,0.00,98042.00,47.32,-122.09,2340.00,19939.00
7214720400.00,20150217T000000,630000.00,3.00,2.50,2900.00,46609.00,2.00,0.00,0.00,3.00,9.00,2900.00,0.00,1987.00,0.00,98077.00,47.77,-122.09,2570.00,42188.00
3211210200.00,20141118T000000,365000.00,3.00,1.75,1290.00,7205.00,1.50,0.00,0.00,3.00,7.00,1290.00,0.00,1971.00,0.00,98034.00,47.73,-122.24,1340.00,7214.00
7010700810.00,20141106T000000,774000.00,4.00,2.75,2010.00,7000.00,2.00,0.00,0.00,5.00,8.00,2010.00,0.00,1901.00,0.00,98199.00,47.66,-122.40,1420.00,4400.00
3971700390.00,20150406T000000,368888.00,3.00,1.50,1490.00,12186.00,1.00,0.00,0.00,4.00,7.00,1490.00,0.00,1950.00,0.00,98155.00,47.77,-122.32,1180.00,14285.00
9406550060.00,20141002T000000,339500.00,4.00,2.50,1930.00,7862.00,2.00,0.00,0.00,3.00,7.00,1930.00,0.00,1994.00,0.00,98038.00,47.36,-122.04,1640.00,9145.00
414100045.00,20140923T000000,344950.00,4.00,1.75,2240.00,7500.00,1.00,0.00,0.00,4.00,7.00,1120.00,1120.00,1956.00,0.00,98133.00,47.75,-122.34,1440.00,7500.00
4276400030.00,20141112T000000,450000.00,3.00,2.00,2320.00,17688.00,1.00,0.00,0.00,3.00,8.00,2320.00,0.00,1952.00,1994.00,98166.00,47.45,-122.36,1610.00,14482.00
9433000060.00,20141118T000000,814950.00,4.00,2.75,2990.00,6626.00,2.00,0.00,0.00,3.00,9.00,2990.00,0.00,2014.00,0.00,98052.00,47.71,-122.11,2910.00,5533.00
7885800160.00,20140905T000000,299900.00,4.00,2.50,2200.00,5730.00,2.00,0.00,0.00,3.00,8.00,2200.00,0.00,2003.00,0.00,98042.00,47.35,-122.15,2200.00,5772.00
2473101070.00,20150227T000000,315000.00,3.00,2.00,1500.00,7828.00,1.00,0.00,0.00,4.00,7.00,1500.00,0.00,1967.00,0.00,98058.00,47.45,-122.16,1500.00,7700.00
3701000060.00,20141216T000000,880000.00,3.00,1.75,3860.00,9000.00,1.00,0.00,2.00,3.00,9.00,1930.00,1930.00,1970.00,0.00,98155.00,47.74,-122.29,2960.00,9000.00
8651441290.00,20141229T000000,195000.00,3.00,1.50,1430.00,5200.00,1.00,0.00,0.00,4.00,7.00,1030.00,400.00,1977.00,0.00,98042.00,47.36,-122.09,1190.00,5200.00
255400060.00,20141208T000000,910000.00,5.00,2.75,3750.00,8279.00,2.00,0.00,0.00,3.00,9.00,3750.00,0.00,2001.00,0.00,98074.00,47.60,-122.06,3450.00,8279.00
8567450140.00,20140827T000000,540000.00,5.00,2.50,3100.00,10189.00,2.00,0.00,0.00,3.00,8.00,3100.00,0.00,2002.00,0.00,98019.00,47.74,-121.97,2840.00,10189.00
2517000140.00,20140516T000000,306000.00,3.00,2.50,1870.00,5874.00,2.00,0.00,0.00,3.00,7.00,1870.00,0.00,2005.00,0.00,98042.00,47.40,-122.16,2090.00,4060.00
1938400520.00,20141016T000000,272000.00,4.00,2.25,2040.00,7600.00,1.00,0.00,0.00,4.00,8.00,1580.00,460.00,1978.00,0.00,98023.00,47.32,-122.37,2130.00,7200.00
3179100055.00,20141209T000000,1295000.00,5.00,3.50,3700.00,8504.00,2.00,0.00,0.00,3.00,8.00,2750.00,950.00,1950.00,2014.00,98105.00,47.67,-122.28,2370.00,6246.00
1924069105.00,20141017T000000,450000.00,3.00,1.75,3150.00,9258.00,1.00,0.00,1.00,3.00,8.00,2370.00,780.00,1970.00,0.00,98027.00,47.56,-122.08,2740.00,10274.00
704450070.00,20140707T000000,450000.00,3.00,2.50,1990.00,12793.00,2.00,0.00,0.00,3.00,8.00,1990.00,0.00,1993.00,0.00,98028.00,47.73,-122.23,2290.00,9035.00
2881700046.00,20140610T000000,310000.00,4.00,1.00,1740.00,11075.00,1.50,0.00,0.00,3.00,7.00,1740.00,0.00,1965.00,0.00,98133.00,47.75,-122.33,1580.00,7684.00
8955800045.00,20150512T000000,530000.00,2.00,2.25,2080.00,11285.00,1.00,0.00,0.00,4.00,8.00,1180.00,900.00,1954.00,0.00,98042.00,47.36,-122.15,2590.00,13048.00
3816300105.00,20150112T000000,435000.00,4.00,2.50,2060.00,10125.00,2.00,0.00,0.00,4.00,7.00,1560.00,500.00,1979.00,0.00,98028.00,47.76,-122.26,1760.00,9876.00
6649900030.00,20150505T000000,485000.00,3.00,2.00,1590.00,11222.00,1.00,0.00,0.00,4.00,7.00,1590.00,0.00,1948.00,0.00,98177.00,47.78,-122.37,2160.00,16300.00
1912100885.00,20140702T000000,690000.00,3.00,1.50,1760.00,4000.00,2.00,0.00,0.00,3.00,8.00,1760.00,0.00,1922.00,0.00,98102.00,47.64,-122.32,1760.00,4000.00
9542840570.00,20150401T000000,305000.00,4.00,2.50,1620.00,4000.00,2.00,0.00,0.00,3.00,7.00,1620.00,0.00,2008.00,0.00,98038.00,47.37,-122.02,1580.00,3780.00
2473381070.00,20141105T000000,300000.00,3.00,1.75,1210.00,7000.00,1.00,0.00,0.00,3.00,7.00,1210.00,0.00,1975.00,0.00,98058.00,47.46,-122.17,1670.00,7000.00
7137950350.00,20150122T000000,289950.00,4.00,3.00,2040.00,5050.00,1.00,0.00,0.00,3.00,8.00,1490.00,550.00,1993.00,0.00,98092.00,47.33,-122.18,2020.00,6118.00
1088800060.00,20141105T000000,575000.00,3.00,2.50,2270.00,9600.00,2.00,0.00,0.00,3.00,9.00,2270.00,0.00,1990.00,0.00,98011.00,47.74,-122.21,2580.00,9617.00
4054530260.00,20140627T000000,1820000.00,4.00,4.50,6640.00,53330.00,2.00,0.00,0.00,3.00,12.00,6640.00,0.00,1993.00,0.00,98077.00,47.73,-122.05,4620.00,68625.00
248000240.00,20140715T000000,219000.00,3.00,1.50,1060.00,9600.00,1.00,0.00,0.00,4.00,7.00,1060.00,0.00,1962.00,0.00,98023.00,47.32,-122.35,1440.00,9600.00
3995700435.00,20140702T000000,265000.00,4.00,3.00,1940.00,8170.00,1.00,0.00,0.00,4.00,7.00,1940.00,0.00,1948.00,0.00,98155.00,47.74,-122.30,1310.00,8169.00
9287800135.00,20140714T000000,1105000.00,5.00,3.25,3070.00,5000.00,2.00,0.00,0.00,3.00,9.00,2050.00,1020.00,2006.00,0.00,98103.00,47.67,-122.36,2070.00,5000.00
4337000070.00,20150309T000000,200000.00,3.00,1.00,930.00,7590.00,1.00,0.00,0.00,3.00,6.00,820.00,110.00,1943.00,0.00,98166.00,47.48,-122.34,1220.00,7590.00
8859000045.00,20150424T000000,545000.00,4.00,2.75,2180.00,8480.00,1.00,0.00,3.00,4.00,7.00,1210.00,970.00,1959.00,0.00,98146.00,47.50,-122.37,2240.00,8497.00
8856920550.00,20150319T000000,378000.00,3.00,2.50,2130.00,8404.00,2.00,0.00,0.00,3.00,8.00,2130.00,0.00,1991.00,0.00,98058.00,47.46,-122.13,2130.00,8404.00
5705500075.00,20150326T000000,388000.00,2.00,1.75,800.00,4800.00,1.00,0.00,0.00,4.00,6.00,800.00,0.00,1922.00,0.00,98136.00,47.56,-122.40,1090.00,5000.00
6163901433.00,20141126T000000,425000.00,4.00,2.25,2200.00,8384.00,1.00,0.00,0.00,3.00,7.00,1250.00,950.00,1959.00,0.00,98155.00,47.75,-122.32,1750.00,8384.00
475000004.00,20140707T000000,536000.00,2.00,1.50,1130.00,746.00,2.00,0.00,0.00,3.00,8.00,1030.00,100.00,2009.00,0.00,98107.00,47.67,-122.36,1520.00,1519.00
7936500172.00,20140528T000000,1175000.00,3.00,2.50,1970.00,23180.00,1.00,1.00,4.00,3.00,8.00,1100.00,870.00,1937.00,1998.00,98136.00,47.55,-122.40,3030.00,34689.00
2770604080.00,20150324T000000,629950.00,3.00,2.50,1680.00,1620.00,2.00,0.00,0.00,3.00,9.00,1120.00,560.00,2014.00,0.00,98119.00,47.64,-122.37,1610.00,1618.00
5101408599.00,20140611T000000,465000.00,4.00,1.75,1470.00,5350.00,1.00,0.00,0.00,3.00,7.00,980.00,490.00,1955.00,0.00,98125.00,47.70,-122.32,1970.00,6138.00
1226059105.00,20140827T000000,545000.00,4.00,2.25,2390.00,40510.00,1.00,0.00,0.00,4.00,8.00,2390.00,0.00,1969.00,0.00,98072.00,47.76,-122.11,3200.00,36989.00
3211700045.00,20150128T000000,592000.00,4.00,2.50,2300.00,11165.00,2.00,0.00,0.00,4.00,8.00,2300.00,0.00,1979.00,0.00,98008.00,47.58,-122.12,2170.00,11165.00
8567300270.00,20140818T000000,446000.00,4.00,2.00,2280.00,43692.00,1.00,0.00,0.00,3.00,7.00,1140.00,1140.00,1957.00,1984.00,98038.00,47.41,-122.03,2580.00,37938.00
6021503655.00,20140716T000000,375000.00,3.00,2.50,1330.00,816.00,3.00,0.00,0.00,3.00,8.00,1330.00,0.00,2004.00,0.00,98117.00,47.68,-122.39,1330.00,1113.00
7202331160.00,20140616T000000,632500.00,5.00,2.50,2640.00,7096.00,2.00,0.00,0.00,3.00,7.00,2640.00,0.00,2003.00,0.00,98053.00,47.68,-122.04,2640.00,4850.00
2763710060.00,20140808T000000,459950.00,4.00,1.75,2430.00,9747.00,1.00,0.00,0.00,3.00,8.00,1780.00,650.00,1974.00,0.00,98155.00,47.77,-122.28,2340.00,10296.00
3211270160.00,20140612T000000,485000.00,4.00,2.50,2470.00,35073.00,2.00,0.00,0.00,3.00,9.00,2470.00,0.00,1989.00,0.00,98092.00,47.31,-122.11,2990.00,35259.00
3365900106.00,20150115T000000,255000.00,3.00,1.00,1440.00,11330.00,1.00,0.00,0.00,3.00,7.00,1440.00,0.00,1965.00,0.00,98168.00,47.47,-122.27,1580.00,10100.00
1761300340.00,20140610T000000,251750.00,3.00,2.00,1320.00,7200.00,1.00,0.00,0.00,5.00,7.00,1320.00,0.00,1975.00,0.00,98031.00,47.39,-122.17,1540.00,7200.00
2909300240.00,20150501T000000,725000.00,3.00,2.50,2810.00,6300.00,2.00,0.00,0.00,3.00,8.00,2810.00,0.00,2001.00,0.00,98074.00,47.61,-122.02,2860.00,6630.00
476000324.00,20141016T000000,460000.00,3.00,3.25,1370.00,1194.00,3.00,0.00,0.00,3.00,8.00,1370.00,0.00,2005.00,0.00,98107.00,47.67,-122.39,1320.00,1217.00
2141200030.00,20140828T000000,625000.00,3.00,2.50,2000.00,6341.00,1.00,0.00,0.00,5.00,8.00,1040.00,960.00,1981.00,0.00,98116.00,47.56,-122.40,2030.00,6341.00
9557300560.00,20140508T000000,530000.00,3.00,1.75,1980.00,6760.00,1.00,0.00,0.00,4.00,8.00,1980.00,0.00,1973.00,0.00,98008.00,47.64,-122.11,2120.00,7280.00
2612000200.00,20150427T000000,394950.00,3.00,2.50,2050.00,8172.00,2.00,0.00,0.00,3.00,8.00,2050.00,0.00,2002.00,0.00,98168.00,47.48,-122.28,2140.00,5664.00
6002400030.00,20140814T000000,324950.00,4.00,1.75,2320.00,9240.00,1.00,0.00,0.00,3.00,7.00,1160.00,1160.00,1959.00,2014.00,98178.00,47.49,-122.26,2130.00,7320.00
6064800060.00,20150506T000000,330000.00,3.00,2.25,1960.00,1985.00,2.00,0.00,0.00,3.00,7.00,1750.00,210.00,2003.00,0.00,98118.00,47.54,-122.29,1760.00,1985.00
8091410390.00,20150217T000000,220000.00,4.00,1.75,1910.00,8171.00,1.00,0.00,0.00,3.00,7.00,1910.00,0.00,1986.00,0.00,98030.00,47.35,-122.17,1910.00,7542.00
1786830060.00,20140707T000000,685000.00,3.00,3.25,2030.00,11070.00,2.00,0.00,0.00,4.00,8.00,2030.00,0.00,1980.00,0.00,98052.00,47.65,-122.12,2450.00,11070.00
7277100055.00,20150224T000000,500000.00,3.00,2.25,2210.00,7680.00,1.00,0.00,2.00,3.00,8.00,1730.00,480.00,1972.00,0.00,98177.00,47.77,-122.39,2390.00,7680.00
3392500060.00,20140904T000000,368000.00,4.00,2.75,2610.00,9426.00,1.00,0.00,0.00,3.00,7.00,1360.00,1250.00,1965.00,0.00,98188.00,47.44,-122.28,1600.00,9426.00
3897100640.00,20141103T000000,825000.00,3.00,2.25,2520.00,7975.00,2.00,0.00,0.00,4.00,9.00,1550.00,970.00,1990.00,0.00,98033.00,47.67,-122.18,2520.00,9900.00
7942602080.00,20140616T000000,660000.00,6.00,1.75,1840.00,2774.00,1.00,0.00,0.00,3.00,7.00,1060.00,780.00,1900.00,0.00,98122.00,47.60,-122.31,1680.00,4292.00
2787311480.00,20140929T000000,253000.00,3.00,1.75,1570.00,7416.00,1.00,0.00,0.00,4.00,7.00,1570.00,0.00,1971.00,0.00,98031.00,47.41,-122.17,1900.00,7416.00
5467200055.00,20150307T000000,392500.00,4.00,2.75,2400.00,19923.00,1.00,0.00,0.00,5.00,7.00,1320.00,1080.00,1953.00,0.00,98042.00,47.36,-122.14,2470.00,10736.00
7277100510.00,20150214T000000,605000.00,3.00,1.75,1930.00,5400.00,2.00,0.00,2.00,3.00,9.00,1930.00,0.00,1978.00,0.00,98177.00,47.77,-122.39,2100.00,6840.00
2525300200.00,20140515T000000,215000.00,3.00,1.00,1160.00,10384.00,1.00,0.00,0.00,4.00,6.00,1160.00,0.00,1969.00,0.00,98038.00,47.36,-122.03,1200.00,9880.00
7732500270.00,20140925T000000,650000.00,4.00,2.50,2820.00,15000.00,2.00,0.00,0.00,4.00,9.00,2820.00,0.00,1985.00,0.00,98052.00,47.73,-122.10,2440.00,15000.00
5700001920.00,20150219T000000,877500.00,4.00,2.00,3060.00,8000.00,2.00,0.00,0.00,4.00,8.00,2040.00,1020.00,1922.00,0.00,98144.00,47.58,-122.29,2730.00,5800.00
5560000640.00,20140619T000000,232500.00,3.00,1.00,1320.00,8450.00,1.00,0.00,0.00,3.00,6.00,880.00,440.00,1961.00,0.00,98023.00,47.33,-122.34,1320.00,8450.00
2781250560.00,20141202T000000,234000.00,2.00,2.00,1200.00,3624.00,2.00,0.00,0.00,3.00,6.00,1200.00,0.00,2003.00,0.00,98038.00,47.35,-122.03,1360.00,2693.00
1122059037.00,20150413T000000,380000.00,3.00,1.75,1560.00,104108.00,1.00,0.00,0.00,3.00,7.00,1250.00,310.00,1970.00,0.00,98042.00,47.40,-122.13,2000.00,110957.00
5515600163.00,20140916T000000,420000.00,5.00,2.25,3070.00,64033.00,1.00,0.00,0.00,3.00,9.00,2730.00,340.00,1983.00,0.00,98001.00,47.32,-122.29,1560.00,28260.00
8807300570.00,20141229T000000,399950.00,3.00,1.00,1040.00,9600.00,1.00,0.00,0.00,3.00,7.00,1040.00,0.00,1978.00,0.00,98053.00,47.67,-122.06,1370.00,10889.00
9412700550.00,20140521T000000,256750.00,3.00,2.50,1990.00,8991.00,1.00,0.00,0.00,3.00,7.00,1570.00,420.00,1969.00,0.00,98042.00,47.39,-122.16,1920.00,8991.00
9202600060.00,20140602T000000,535000.00,3.00,2.50,1690.00,9626.00,2.00,0.00,0.00,3.00,8.00,1690.00,0.00,1984.00,0.00,98027.00,47.56,-122.09,1860.00,8958.00
8857320030.00,20141107T000000,515000.00,3.00,2.00,1810.00,2738.00,2.00,0.00,0.00,4.00,9.00,1810.00,0.00,1979.00,0.00,98008.00,47.61,-122.12,1760.00,2754.00
685000160.00,20150212T000000,770000.00,4.00,1.75,2520.00,8442.00,1.00,0.00,0.00,4.00,7.00,1640.00,880.00,1953.00,0.00,98004.00,47.63,-122.21,2110.00,8442.00
8001100030.00,20150102T000000,256000.00,3.00,2.50,1570.00,5113.00,1.00,0.00,0.00,3.00,7.00,1090.00,480.00,1996.00,0.00,98001.00,47.33,-122.29,1570.00,5150.00
9144100126.00,20140821T000000,489900.00,3.00,1.00,1680.00,8910.00,1.00,0.00,0.00,4.00,7.00,1680.00,0.00,1940.00,0.00,98117.00,47.70,-122.38,1620.00,7182.00
7149410060.00,20140820T000000,165000.00,3.00,1.50,1250.00,7200.00,1.00,0.00,0.00,4.00,7.00,1250.00,0.00,1978.00,0.00,98032.00,47.37,-122.28,1250.00,7560.00
3388000640.00,20150318T000000,220000.00,3.00,1.50,1280.00,7742.00,1.00,0.00,0.00,4.00,7.00,1280.00,0.00,1962.00,0.00,98031.00,47.39,-122.20,1450.00,8316.00
1321700030.00,20140624T000000,575000.00,4.00,2.50,4620.00,20793.00,2.00,0.00,0.00,4.00,11.00,4620.00,0.00,1991.00,0.00,98023.00,47.29,-122.34,3640.00,20793.00
6662400105.00,20141030T000000,375000.00,3.00,2.50,1580.00,5725.00,2.00,0.00,0.00,3.00,7.00,1580.00,0.00,2004.00,0.00,98072.00,47.76,-122.16,1510.00,5725.00
3971700903.00,20150122T000000,422250.00,3.00,1.75,1650.00,7145.00,2.00,0.00,0.00,5.00,8.00,1300.00,350.00,1977.00,0.00,98155.00,47.77,-122.32,1760.00,7206.00
6804600260.00,20140603T000000,420000.00,3.00,1.75,1660.00,9600.00,1.00,0.00,0.00,3.00,8.00,1380.00,280.00,1981.00,0.00,98011.00,47.76,-122.17,2030.00,9500.00
8078460520.00,20140923T000000,608000.00,4.00,2.50,2410.00,7140.00,2.00,0.00,0.00,3.00,8.00,2410.00,0.00,1993.00,0.00,98074.00,47.63,-122.02,2350.00,7140.00
2436700800.00,20140516T000000,620000.00,3.00,2.25,1720.00,4000.00,1.50,0.00,0.00,4.00,7.00,1450.00,270.00,1921.00,0.00,98105.00,47.67,-122.29,1410.00,4000.00
2592210510.00,20150217T000000,850000.00,3.00,2.50,3120.00,12406.00,2.00,0.00,2.00,3.00,9.00,1940.00,1180.00,1983.00,0.00,98006.00,47.55,-122.14,3240.00,13141.00
9414610320.00,20150116T000000,463000.00,4.00,2.50,2680.00,9928.00,1.00,0.00,0.00,4.00,8.00,1340.00,1340.00,1974.00,0.00,98027.00,47.52,-122.05,2180.00,10478.00
7567600030.00,20150127T000000,750000.00,5.00,1.75,2640.00,13290.00,1.00,1.00,4.00,4.00,8.00,1400.00,1240.00,1954.00,0.00,98178.00,47.50,-122.22,2400.00,11942.00
624110810.00,20150325T000000,1070000.00,3.00,3.25,3730.00,13264.00,2.00,0.00,0.00,3.00,9.00,3730.00,0.00,1989.00,0.00,98077.00,47.72,-122.06,3730.00,14933.00
4123800400.00,20140909T000000,290000.00,3.00,2.00,1700.00,6498.00,1.00,0.00,0.00,3.00,7.00,1700.00,0.00,1986.00,0.00,98038.00,47.38,-122.04,1700.00,6654.00
9424400105.00,20140710T000000,525000.00,4.00,1.75,2280.00,5959.00,1.00,0.00,0.00,3.00,7.00,1250.00,1030.00,1947.00,0.00,98116.00,47.57,-122.40,1640.00,5911.00
7941130140.00,20150217T000000,319000.00,3.00,2.25,1220.00,2980.00,2.00,0.00,0.00,3.00,7.00,1220.00,0.00,1986.00,0.00,98034.00,47.72,-122.20,1220.00,2140.00
1568100295.00,20150202T000000,592500.00,6.00,4.50,3500.00,8504.00,2.00,0.00,0.00,3.00,7.00,3500.00,0.00,1980.00,0.00,98155.00,47.73,-122.30,1550.00,8460.00
6683000295.00,20140513T000000,350000.00,3.00,2.50,2010.00,14298.00,2.00,0.00,0.00,3.00,7.00,2010.00,0.00,1977.00,0.00,98070.00,47.51,-122.47,2010.00,14298.00
5710610520.00,20150226T000000,454900.00,3.00,1.75,2130.00,9775.00,1.00,0.00,0.00,4.00,8.00,1430.00,700.00,1973.00,0.00,98027.00,47.53,-122.05,2130.00,11250.00
1565900390.00,20150415T000000,272000.00,4.00,2.25,1800.00,9018.00,2.00,0.00,0.00,3.00,7.00,1800.00,0.00,1992.00,0.00,98022.00,47.21,-121.98,1670.00,9380.00
6608500260.00,20140716T000000,357500.00,3.00,1.00,1070.00,10125.00,1.00,0.00,0.00,3.00,7.00,1070.00,0.00,1961.00,0.00,98033.00,47.70,-122.17,1540.00,10200.00
7338401230.00,20140828T000000,285000.00,3.00,1.75,1020.00,5000.00,1.00,0.00,0.00,5.00,6.00,1020.00,0.00,1954.00,0.00,98118.00,47.53,-122.29,1360.00,5000.00
7212660520.00,20150326T000000,280000.00,4.00,2.00,1600.00,6861.00,1.00,0.00,0.00,3.00,7.00,1600.00,0.00,1994.00,0.00,98003.00,47.27,-122.31,1870.00,7455.00
8901001290.00,20140903T000000,477000.00,4.00,1.50,1380.00,7800.00,1.00,0.00,0.00,3.00,7.00,1080.00,300.00,1928.00,0.00,98125.00,47.71,-122.31,1770.00,7503.00
3345100030.00,20140722T000000,750000.00,3.00,2.25,3270.00,168000.00,2.00,0.00,0.00,4.00,10.00,3270.00,0.00,1982.00,0.00,98056.00,47.52,-122.19,3220.00,7963.00
7986401275.00,20141119T000000,595000.00,4.00,2.50,2100.00,3125.00,2.00,0.00,2.00,3.00,7.00,1400.00,700.00,1907.00,1993.00,98107.00,47.66,-122.36,2060.00,5040.00
3047700045.00,20140717T000000,525000.00,3.00,2.25,2110.00,2850.00,3.00,0.00,0.00,3.00,8.00,2110.00,0.00,2001.00,0.00,98103.00,47.69,-122.34,1340.00,5001.00
1422029117.00,20140711T000000,319000.00,3.00,1.75,1640.00,53400.00,1.00,0.00,0.00,4.00,7.00,1640.00,0.00,1966.00,0.00,98070.00,47.39,-122.51,1850.00,380279.00
104530240.00,20140827T000000,225000.00,3.00,2.00,1320.00,5665.00,1.00,0.00,0.00,3.00,7.00,1320.00,0.00,1986.00,0.00,98023.00,47.31,-122.36,1336.00,7080.00
8718500260.00,20140723T000000,485000.00,4.00,2.50,2420.00,10603.00,1.00,0.00,0.00,5.00,7.00,1210.00,1210.00,1958.00,0.00,98028.00,47.74,-122.26,1750.00,10800.00
3735901040.00,20140703T000000,341000.00,3.00,1.00,1390.00,4814.00,1.50,0.00,0.00,3.00,6.00,1390.00,0.00,1908.00,0.00,98115.00,47.69,-122.32,1730.00,3990.00
3448002180.00,20150116T000000,674000.00,3.00,3.25,2320.00,6744.00,2.00,0.00,0.00,3.00,9.00,1930.00,390.00,2014.00,0.00,98125.00,47.71,-122.29,1700.00,6744.00
5126300960.00,20150127T000000,442250.00,3.00,2.50,2170.00,8169.00,2.00,0.00,0.00,3.00,8.00,2170.00,0.00,2003.00,0.00,98059.00,47.48,-122.14,2240.00,6733.00
1774220400.00,20140513T000000,591000.00,4.00,2.25,2710.00,38180.00,2.00,0.00,0.00,4.00,8.00,2710.00,0.00,1977.00,0.00,98077.00,47.77,-122.10,2590.00,38180.00
8648100030.00,20141113T000000,276000.00,3.00,2.00,1450.00,8928.00,1.00,0.00,0.00,3.00,7.00,1450.00,0.00,1998.00,0.00,98042.00,47.36,-122.08,2050.00,8523.00
7940710070.00,20140822T000000,394000.00,3.00,2.50,1370.00,4400.00,1.00,0.00,0.00,3.00,8.00,1370.00,0.00,1988.00,0.00,98034.00,47.71,-122.20,1630.00,4400.00
1518000070.00,20141119T000000,355000.00,3.00,2.50,1810.00,3192.00,1.00,0.00,0.00,3.00,7.00,1070.00,740.00,2001.00,0.00,98019.00,47.74,-121.97,1740.00,3720.00
3832500260.00,20140509T000000,260000.00,3.00,2.50,1420.00,14850.00,1.00,0.00,0.00,4.00,7.00,1020.00,400.00,1963.00,0.00,98032.00,47.37,-122.29,2060.00,8800.00
1139600270.00,20140701T000000,300000.00,3.00,2.75,2090.00,9620.00,1.00,0.00,0.00,3.00,8.00,1340.00,750.00,1987.00,0.00,98023.00,47.27,-122.34,2150.00,9660.00
1139600270.00,20150324T000000,310000.00,3.00,2.75,2090.00,9620.00,1.00,0.00,0.00,3.00,8.00,1340.00,750.00,1987.00,0.00,98023.00,47.27,-122.34,2150.00,9660.00
1099610830.00,20141202T000000,209000.00,3.00,1.00,1330.00,6900.00,1.00,0.00,0.00,3.00,7.00,1330.00,0.00,1976.00,0.00,98023.00,47.30,-122.38,1530.00,7000.00
5647000060.00,20141211T000000,344950.00,3.00,2.00,1330.00,7419.00,1.00,0.00,0.00,3.00,7.00,1330.00,0.00,1985.00,0.00,98034.00,47.73,-122.24,1330.00,7297.00
3352402272.00,20140611T000000,230000.00,5.00,2.00,1910.00,7200.00,1.00,0.00,0.00,4.00,6.00,1110.00,800.00,1951.00,0.00,98178.00,47.50,-122.26,1150.00,5948.00
6669020640.00,20150424T000000,336950.00,3.00,1.75,2310.00,7680.00,1.00,0.00,0.00,4.00,8.00,1410.00,900.00,1978.00,0.00,98032.00,47.37,-122.29,2080.00,7680.00
6154900070.00,20140611T000000,700000.00,3.00,2.75,2500.00,7378.00,1.00,0.00,0.00,5.00,7.00,1390.00,1110.00,1948.00,0.00,98177.00,47.70,-122.37,2040.00,7140.00
1545802080.00,20140904T000000,230000.00,3.00,2.00,1310.00,7332.00,1.00,0.00,0.00,3.00,7.00,1310.00,0.00,1987.00,0.00,98038.00,47.36,-122.05,1530.00,7362.00
8161020060.00,20140620T000000,443500.00,4.00,2.50,2040.00,21781.00,2.00,0.00,0.00,3.00,8.00,2040.00,0.00,1994.00,0.00,98014.00,47.65,-121.90,2410.00,21781.00
8161020060.00,20150414T000000,471000.00,4.00,2.50,2040.00,21781.00,2.00,0.00,0.00,3.00,8.00,2040.00,0.00,1994.00,0.00,98014.00,47.65,-121.90,2410.00,21781.00
443000060.00,20141210T000000,595000.00,3.00,2.25,2400.00,16301.00,1.00,0.00,0.00,3.00,8.00,1400.00,1000.00,1962.00,0.00,98115.00,47.69,-122.28,1720.00,9828.00
4172100200.00,20141121T000000,470000.00,3.00,1.00,1400.00,4914.00,1.50,0.00,0.00,3.00,7.00,1400.00,0.00,1929.00,0.00,98117.00,47.68,-122.36,1400.00,3744.00
7309100070.00,20141212T000000,600000.00,4.00,1.75,1700.00,7800.00,1.00,0.00,0.00,4.00,8.00,1700.00,0.00,1975.00,0.00,98052.00,47.65,-122.12,2430.00,8342.00
191100672.00,20140527T000000,1381000.00,4.00,3.75,3160.00,9525.00,2.50,0.00,0.00,3.00,10.00,3160.00,0.00,1997.00,0.00,98040.00,47.56,-122.22,2400.00,9525.00
2125400160.00,20141114T000000,427800.00,3.00,1.75,1340.00,13241.00,1.00,0.00,2.00,3.00,7.00,1340.00,0.00,1985.00,0.00,98034.00,47.73,-122.21,2090.00,9704.00
259800060.00,20140606T000000,445000.00,4.00,2.00,1470.00,8395.00,1.00,0.00,0.00,4.00,7.00,1470.00,0.00,1965.00,0.00,98008.00,47.63,-122.12,1760.00,7976.00
4402700125.00,20140716T000000,382000.00,3.00,1.75,1790.00,7679.00,1.00,0.00,0.00,4.00,7.00,1790.00,0.00,1953.00,0.00,98133.00,47.74,-122.34,1560.00,7680.00
7504180070.00,20141111T000000,577000.00,3.00,1.50,1560.00,20251.00,1.00,0.00,0.00,5.00,7.00,1200.00,360.00,1989.00,0.00,98074.00,47.62,-122.05,1560.00,19119.00
2723069129.00,20150506T000000,427000.00,3.00,2.50,2620.00,108464.00,2.00,0.00,0.00,4.00,8.00,2620.00,0.00,1990.00,0.00,98038.00,47.46,-122.04,3190.00,105850.00
3210400060.00,20141224T000000,255000.00,3.00,1.00,1580.00,8206.00,1.00,0.00,0.00,3.00,7.00,1100.00,480.00,1962.00,0.00,98198.00,47.37,-122.31,1600.00,8196.00
8658301535.00,20140721T000000,240000.00,3.00,1.00,1090.00,10000.00,1.00,0.00,0.00,3.00,6.00,1090.00,0.00,1961.00,0.00,98014.00,47.65,-121.91,1040.00,7500.00
8923100125.00,20140620T000000,1234580.00,5.00,3.25,3240.00,6551.00,1.50,0.00,4.00,4.00,9.00,2500.00,740.00,1939.00,0.00,98115.00,47.68,-122.27,2740.00,9300.00
5592900105.00,20150213T000000,435000.00,4.00,1.75,2520.00,7200.00,1.00,0.00,2.00,5.00,7.00,1260.00,1260.00,1955.00,0.00,98056.00,47.48,-122.19,2360.00,7300.00
8964800695.00,20150327T000000,1450000.00,3.00,1.75,2230.00,13529.00,1.00,0.00,0.00,3.00,9.00,2230.00,0.00,1949.00,0.00,98004.00,47.62,-122.22,2230.00,11900.00
5104510860.00,20150506T000000,425000.00,4.00,3.00,2430.00,5502.00,2.00,0.00,0.00,3.00,8.00,2430.00,0.00,2002.00,0.00,98038.00,47.36,-122.01,2000.00,5702.00
1090000075.00,20141216T000000,393000.00,2.00,1.00,1020.00,4200.00,1.00,0.00,0.00,5.00,6.00,1020.00,0.00,1923.00,0.00,98136.00,47.53,-122.39,1660.00,4200.00
1446800181.00,20140620T000000,264950.00,4.00,1.00,1810.00,7500.00,1.00,0.00,0.00,2.00,7.00,1410.00,400.00,1959.00,0.00,98168.00,47.49,-122.33,1250.00,6255.00
1829300520.00,20150412T000000,746500.00,4.00,2.50,3460.00,9699.00,2.00,0.00,0.00,3.00,10.00,3460.00,0.00,1987.00,0.00,98074.00,47.64,-122.04,3140.00,10631.00
3992700070.00,20141124T000000,450000.00,3.00,1.00,2020.00,8100.00,1.00,0.00,0.00,3.00,7.00,1170.00,850.00,1956.00,0.00,98125.00,47.71,-122.29,1480.00,7620.00
2472950160.00,20140617T000000,229950.00,3.00,2.00,1410.00,7466.00,1.00,0.00,0.00,3.00,7.00,1410.00,0.00,1983.00,0.00,98058.00,47.43,-122.15,1410.00,7610.00
3468800310.00,20150113T000000,425000.00,2.00,1.00,750.00,4000.00,1.00,0.00,0.00,2.00,6.00,750.00,0.00,1933.00,0.00,98108.00,47.54,-122.32,1160.00,4000.00
6613000935.00,20140513T000000,2555000.00,4.00,2.50,5300.00,26211.00,2.00,1.00,2.00,2.00,10.00,4570.00,730.00,1923.00,0.00,98105.00,47.66,-122.27,3890.00,19281.00
4054530240.00,20150427T000000,1400000.00,4.00,3.50,4380.00,66613.00,1.50,0.00,0.00,3.00,11.00,4380.00,0.00,1993.00,0.00,98077.00,47.73,-122.05,4010.00,70109.00
2600040160.00,20141031T000000,753000.00,3.00,2.25,2290.00,9047.00,2.00,0.00,0.00,4.00,8.00,2290.00,0.00,1984.00,0.00,98006.00,47.55,-122.16,2120.00,9275.00
4229900140.00,20141006T000000,310000.00,2.00,1.00,720.00,5750.00,1.00,0.00,0.00,2.00,6.00,720.00,0.00,1943.00,0.00,98136.00,47.55,-122.39,980.00,6125.00
1005000240.00,20141219T000000,395000.00,2.00,1.00,1200.00,6014.00,1.00,0.00,0.00,4.00,6.00,600.00,600.00,1949.00,0.00,98118.00,47.54,-122.28,1270.00,4652.00
4188000240.00,20141211T000000,725000.00,3.00,2.50,2620.00,28703.00,1.00,0.00,0.00,3.00,10.00,2620.00,0.00,1985.00,0.00,98052.00,47.72,-122.11,2950.00,30290.00
1562100340.00,20140828T000000,295000.00,4.00,3.00,2120.00,7650.00,2.00,0.00,0.00,3.00,8.00,2120.00,0.00,1964.00,0.00,98007.00,47.62,-122.14,2260.00,7885.00
7941600390.00,20140623T000000,225000.00,3.00,1.75,1580.00,8820.00,1.00,0.00,0.00,4.00,7.00,1580.00,0.00,1967.00,0.00,98003.00,47.32,-122.33,1280.00,8500.00
2655500241.00,20140814T000000,1699000.00,3.00,3.25,4160.00,35153.00,3.00,0.00,2.00,3.00,12.00,3690.00,470.00,2001.00,0.00,98040.00,47.57,-122.21,3290.00,11533.00
8651720060.00,20150202T000000,431000.00,3.00,2.25,1830.00,8831.00,1.00,0.00,0.00,3.00,7.00,1460.00,370.00,1979.00,0.00,98034.00,47.73,-122.22,2330.00,8064.00
2621750350.00,20150326T000000,358500.00,3.00,2.50,2000.00,8057.00,1.00,0.00,0.00,3.00,8.00,1360.00,640.00,1998.00,0.00,98042.00,47.37,-122.11,2530.00,8964.00
2397101375.00,20150428T000000,595000.00,2.00,1.00,980.00,3600.00,1.00,0.00,0.00,3.00,6.00,980.00,0.00,1907.00,0.00,98119.00,47.64,-122.37,1690.00,3600.00
808300200.00,20150319T000000,468000.00,4.00,2.50,3040.00,20682.00,2.00,0.00,0.00,3.00,7.00,3040.00,0.00,2000.00,0.00,98019.00,47.72,-121.96,2670.00,9742.00
8645500370.00,20141203T000000,260000.00,4.00,1.00,1740.00,8100.00,1.00,0.00,0.00,4.00,7.00,1020.00,720.00,1962.00,0.00,98058.00,47.47,-122.19,1600.00,8949.00
5668500045.00,20140917T000000,375000.00,3.00,2.00,1450.00,7300.00,1.50,0.00,0.00,5.00,7.00,1450.00,0.00,1955.00,0.00,98133.00,47.75,-122.34,1660.00,9069.00
6679000370.00,20140525T000000,295000.00,3.00,2.50,1560.00,4200.00,2.00,0.00,0.00,3.00,7.00,1560.00,0.00,2003.00,0.00,98038.00,47.38,-122.03,1560.00,4200.00
8699800070.00,20140731T000000,403900.00,4.00,2.50,2050.00,8909.00,1.00,0.00,2.00,4.00,8.00,1690.00,360.00,1986.00,0.00,98198.00,47.40,-122.31,2190.00,8912.00
9500900060.00,20140722T000000,269950.00,3.00,1.75,1760.00,12823.00,1.00,0.00,0.00,4.00,7.00,1460.00,300.00,1956.00,0.00,98002.00,47.29,-122.21,1450.00,10800.00
2255500060.00,20150218T000000,640000.00,3.00,3.50,1740.00,1975.00,2.00,0.00,3.00,3.00,8.00,1310.00,430.00,1998.00,0.00,98122.00,47.61,-122.31,1740.00,1975.00
5071500140.00,20140627T000000,221000.00,3.00,1.00,910.00,8789.00,1.00,0.00,0.00,3.00,7.00,910.00,0.00,1966.00,0.00,98148.00,47.43,-122.33,1160.00,8789.00
3546000070.00,20140617T000000,255000.00,3.00,1.75,1700.00,7532.00,1.00,0.00,0.00,3.00,7.00,1700.00,0.00,1987.00,0.00,98030.00,47.36,-122.18,1690.00,7405.00
9478500570.00,20140623T000000,300000.00,4.00,2.50,2620.00,4469.00,2.00,0.00,0.00,3.00,7.00,2620.00,0.00,2008.00,0.00,98042.00,47.37,-122.12,2250.00,4500.00
2473440070.00,20150320T000000,270000.00,3.00,2.25,1500.00,7410.00,1.00,0.00,0.00,4.00,7.00,1500.00,0.00,1973.00,0.00,98058.00,47.46,-122.16,1750.00,7990.00
952001710.00,20150303T000000,575000.00,4.00,1.75,1630.00,5750.00,1.00,0.00,0.00,3.00,7.00,1160.00,470.00,1947.00,0.00,98116.00,47.57,-122.38,1640.00,5750.00
7905400160.00,20150211T000000,246900.00,3.00,1.50,1370.00,9800.00,1.00,0.00,0.00,5.00,7.00,1370.00,0.00,1968.00,0.00,98001.00,47.31,-122.27,1370.00,9800.00
6852700520.00,20150406T000000,635000.00,2.00,2.50,1390.00,1132.00,2.00,0.00,0.00,3.00,8.00,1130.00,260.00,2006.00,0.00,98102.00,47.62,-122.32,1400.00,1237.00
625100004.00,20150317T000000,450000.00,3.00,2.00,1540.00,67756.00,1.00,0.00,0.00,3.00,7.00,1540.00,0.00,1900.00,1973.00,98077.00,47.72,-122.08,2060.00,67756.00
6600400370.00,20140910T000000,215000.00,3.00,1.00,1190.00,7500.00,1.00,0.00,0.00,5.00,7.00,1190.00,0.00,1968.00,0.00,98042.00,47.32,-122.14,1200.00,9750.00
2025770310.00,20140611T000000,785000.00,3.00,3.50,4500.00,21870.00,2.00,0.00,0.00,3.00,10.00,4500.00,0.00,2004.00,0.00,98092.00,47.30,-122.16,4670.00,23058.00
2126049290.00,20150220T000000,522500.00,4.00,3.00,2370.00,8154.00,1.00,0.00,0.00,3.00,7.00,1380.00,990.00,1977.00,0.00,98125.00,47.73,-122.31,2100.00,8148.00
1843200350.00,20140722T000000,150000.00,2.00,1.50,1360.00,1934.00,2.00,0.00,0.00,4.00,7.00,1360.00,0.00,1978.00,0.00,98092.00,47.29,-122.19,1360.00,1898.00
3750600566.00,20141215T000000,199950.00,2.00,1.75,870.00,18537.00,1.00,0.00,0.00,4.00,6.00,870.00,0.00,1946.00,0.00,98001.00,47.28,-122.28,1300.00,22800.00
3761100045.00,20140618T000000,3000000.00,4.00,4.25,4850.00,12445.00,2.00,1.00,4.00,5.00,10.00,3850.00,1000.00,1989.00,0.00,98034.00,47.70,-122.24,3350.00,12210.00
7937600262.00,20140710T000000,379900.00,3.00,2.00,3110.00,44967.00,2.00,0.00,0.00,3.00,9.00,3020.00,90.00,1999.00,0.00,98058.00,47.43,-122.08,2150.00,44967.00
3629921000.00,20141121T000000,950000.00,4.00,2.50,3700.00,7051.00,2.00,0.00,0.00,3.00,11.00,3700.00,0.00,2006.00,0.00,98029.00,47.54,-122.00,3580.00,6175.00
7519000335.00,20141203T000000,865000.00,6.00,2.75,3500.00,5150.00,2.00,0.00,0.00,5.00,8.00,2430.00,1070.00,1909.00,0.00,98117.00,47.68,-122.36,1430.00,3860.00
5459000240.00,20140604T000000,785000.00,3.00,1.75,1670.00,9600.00,1.00,0.00,0.00,5.00,8.00,1670.00,0.00,1961.00,0.00,98040.00,47.58,-122.23,1900.00,9600.00
9835801000.00,20140625T000000,245700.00,3.00,2.25,1640.00,8400.00,1.00,0.00,0.00,3.00,8.00,1180.00,460.00,1968.00,0.00,98032.00,47.37,-122.29,1600.00,8120.00
1102001274.00,20150415T000000,951000.00,3.00,2.25,3400.00,12825.00,1.00,0.00,1.00,3.00,9.00,3400.00,0.00,1961.00,0.00,98118.00,47.54,-122.26,2510.00,11574.00
7950303290.00,20150402T000000,499950.00,3.00,1.75,2060.00,3500.00,1.00,0.00,0.00,5.00,7.00,1030.00,1030.00,1951.00,0.00,98118.00,47.56,-122.28,1110.00,6000.00
7968460240.00,20150211T000000,257000.00,3.00,1.75,1330.00,36537.00,1.00,0.00,0.00,4.00,7.00,1330.00,0.00,1989.00,0.00,98092.00,47.31,-122.13,1650.00,35100.00
9827700105.00,20140917T000000,549000.00,3.00,2.00,2330.00,3600.00,1.50,0.00,0.00,4.00,7.00,1580.00,750.00,1900.00,0.00,98122.00,47.60,-122.30,1750.00,3600.00
3536900030.00,20150209T000000,1600000.00,3.00,2.75,3040.00,21052.00,2.00,0.00,0.00,4.00,10.00,3040.00,0.00,1980.00,0.00,98004.00,47.64,-122.23,2950.00,21052.00
328000160.00,20141211T000000,1400000.00,5.00,3.75,3700.00,7920.00,3.00,0.00,4.00,3.00,9.00,2900.00,800.00,1983.00,0.00,98115.00,47.69,-122.27,2860.00,6360.00
6909700340.00,20140820T000000,619000.00,3.00,2.00,1990.00,3000.00,1.50,0.00,2.00,5.00,8.00,1430.00,560.00,1927.00,0.00,98144.00,47.59,-122.29,1780.00,5000.00
829000160.00,20141009T000000,311000.00,5.00,3.00,2020.00,5917.00,1.00,0.00,0.00,3.00,7.00,1220.00,800.00,1993.00,0.00,98108.00,47.55,-122.29,2130.00,5529.00
4077800376.00,20140701T000000,600000.00,5.00,2.25,2980.00,7781.00,1.00,0.00,0.00,3.00,9.00,1580.00,1400.00,1960.00,0.00,98125.00,47.70,-122.28,2310.00,7781.00
6154500030.00,20140626T000000,1080000.00,4.00,3.50,3990.00,5267.00,2.00,0.00,0.00,3.00,10.00,3990.00,0.00,2008.00,0.00,98006.00,47.56,-122.12,3230.00,6481.00
9828202325.00,20140619T000000,436000.00,2.00,1.00,790.00,6600.00,1.00,0.00,0.00,3.00,6.00,790.00,0.00,1949.00,0.00,98122.00,47.61,-122.29,1520.00,4400.00
795002190.00,20140715T000000,205000.00,2.00,1.00,1060.00,8000.00,1.00,0.00,0.00,3.00,6.00,1060.00,0.00,1941.00,0.00,98168.00,47.51,-122.33,1390.00,8000.00
226059065.00,20140903T000000,514000.00,3.00,2.25,2260.00,54014.00,1.00,0.00,0.00,3.00,7.00,1450.00,810.00,1962.00,0.00,98072.00,47.77,-122.13,2140.00,44431.00
8682280270.00,20140903T000000,530000.00,2.00,2.50,1900.00,2983.00,2.00,0.00,0.00,3.00,8.00,1900.00,0.00,2006.00,0.00,98053.00,47.70,-122.02,1510.00,3876.00
7695370160.00,20140811T000000,511000.00,5.00,2.50,3361.00,6983.00,2.00,0.00,0.00,3.00,10.00,3361.00,0.00,2006.00,0.00,98092.00,47.34,-122.17,3112.00,6920.00
3025300226.00,20140515T000000,2100000.00,4.00,1.75,3550.00,19865.00,2.00,0.00,0.00,3.00,9.00,3550.00,0.00,1962.00,2002.00,98039.00,47.62,-122.24,3000.00,19862.00
241900160.00,20150310T000000,370000.00,5.00,2.50,2740.00,5460.00,2.00,0.00,0.00,3.00,8.00,2740.00,0.00,2005.00,0.00,98031.00,47.40,-122.20,2900.00,5971.00
2461900550.00,20141216T000000,500000.00,4.00,1.75,2040.00,6000.00,1.00,0.00,0.00,5.00,7.00,1020.00,1020.00,1943.00,0.00,98136.00,47.55,-122.38,1440.00,6000.00
9206700060.00,20141105T000000,710000.00,4.00,2.50,4070.00,129808.00,2.00,0.00,0.00,3.00,10.00,4070.00,0.00,1998.00,0.00,98038.00,47.44,-122.02,4070.00,102366.00
1997200060.00,20140908T000000,270000.00,1.00,1.00,720.00,5196.00,1.00,0.00,0.00,3.00,7.00,720.00,0.00,1911.00,0.00,98103.00,47.69,-122.34,1580.00,5762.00
5468700105.00,20140805T000000,415000.00,3.00,1.75,2000.00,8400.00,1.50,0.00,0.00,4.00,8.00,2000.00,0.00,1959.00,0.00,98133.00,47.75,-122.33,2000.00,8400.00
5078400160.00,20140605T000000,1800000.00,5.00,4.50,4400.00,15580.00,2.00,0.00,0.00,3.00,11.00,3390.00,1010.00,2003.00,0.00,98004.00,47.62,-122.21,2150.00,14249.00
6603000030.00,20141217T000000,236000.00,3.00,1.75,1300.00,8976.00,1.00,0.00,0.00,3.00,7.00,1300.00,0.00,1967.00,0.00,98003.00,47.34,-122.31,1430.00,9750.00
8598200070.00,20141208T000000,278000.00,2.00,2.50,1420.00,2229.00,2.00,0.00,0.00,3.00,7.00,1420.00,0.00,2004.00,0.00,98059.00,47.49,-122.17,1500.00,2230.00
5101402435.00,20140603T000000,312000.00,3.00,2.25,1540.00,5338.00,1.00,0.00,0.00,5.00,7.00,770.00,770.00,1954.00,0.00,98115.00,47.69,-122.30,1680.00,6525.00
5101402435.00,20150304T000000,539000.00,3.00,2.25,1540.00,5338.00,1.00,0.00,0.00,5.00,7.00,770.00,770.00,1954.00,0.00,98115.00,47.69,-122.30,1680.00,6525.00
8820902400.00,20140910T000000,498000.00,3.00,3.00,2360.00,2750.00,2.00,0.00,1.00,3.00,7.00,1780.00,580.00,1983.00,0.00,98125.00,47.71,-122.28,1970.00,5800.00
1246700251.00,20140527T000000,857000.00,4.00,3.00,3720.00,29043.00,2.00,0.00,0.00,3.00,9.00,3720.00,0.00,1991.00,0.00,98033.00,47.69,-122.16,1610.00,23000.00
5315101716.00,20150225T000000,780000.00,3.00,1.75,1690.00,13500.00,1.00,0.00,0.00,4.00,7.00,1690.00,0.00,1978.00,0.00,98040.00,47.59,-122.23,1950.00,10500.00
5035300570.00,20140923T000000,650000.00,3.00,2.00,2300.00,5000.00,1.00,0.00,0.00,4.00,8.00,1150.00,1150.00,1938.00,0.00,98199.00,47.65,-122.41,2300.00,5000.00
4123400310.00,20150409T000000,559500.00,4.00,1.75,1650.00,7088.00,1.00,0.00,0.00,3.00,8.00,1650.00,0.00,1973.00,0.00,98027.00,47.57,-122.09,1850.00,7523.00
4058802255.00,20140724T000000,219950.00,2.00,1.00,990.00,6448.00,1.00,0.00,0.00,3.00,7.00,990.00,0.00,1948.00,0.00,98178.00,47.50,-122.25,1130.00,7200.00
2141330560.00,20140725T000000,671500.00,4.00,2.25,2130.00,8410.00,2.00,0.00,0.00,4.00,8.00,2130.00,0.00,1977.00,0.00,98006.00,47.56,-122.13,2170.00,8400.00
2725069121.00,20140903T000000,813000.00,4.00,2.50,3320.00,52707.00,2.00,0.00,0.00,3.00,10.00,3320.00,0.00,1999.00,0.00,98074.00,47.62,-122.02,3040.00,54450.00
7682200340.00,20140728T000000,182000.00,3.00,2.25,1960.00,8875.00,1.00,0.00,0.00,3.00,7.00,1290.00,670.00,1965.00,0.00,98003.00,47.33,-122.30,1890.00,8700.00
9518100059.00,20140822T000000,203700.00,2.00,1.00,770.00,2500.00,1.00,0.00,0.00,3.00,6.00,770.00,0.00,1913.00,1960.00,98072.00,47.75,-122.17,1500.00,8286.00
1861400060.00,20140505T000000,740000.00,4.00,1.75,2010.00,3600.00,1.50,0.00,0.00,3.00,7.00,2010.00,0.00,1902.00,0.00,98119.00,47.63,-122.37,2010.00,3600.00
2223059053.00,20150311T000000,230000.00,2.00,1.00,800.00,17965.00,1.00,0.00,0.00,4.00,5.00,800.00,0.00,1942.00,0.00,98058.00,47.47,-122.16,1500.00,8925.00
421049114.00,20141009T000000,128000.00,3.00,1.00,910.00,11117.00,1.00,0.00,0.00,3.00,7.00,910.00,0.00,1955.00,0.00,98003.00,47.34,-122.31,1490.00,8416.00
6703100140.00,20140822T000000,345000.00,3.00,1.00,1200.00,6628.00,1.00,0.00,0.00,4.00,7.00,1200.00,0.00,1952.00,0.00,98155.00,47.74,-122.32,1330.00,6768.00
6127010890.00,20150427T000000,663000.00,4.00,2.50,3570.00,6246.00,2.00,0.00,0.00,3.00,7.00,3570.00,0.00,2005.00,0.00,98075.00,47.59,-122.01,2260.00,5231.00
8898700960.00,20140620T000000,329950.00,3.00,2.50,1820.00,8085.00,2.00,0.00,0.00,3.00,7.00,1820.00,0.00,1983.00,0.00,98055.00,47.46,-122.20,1860.00,8625.00
486000597.00,20140811T000000,1047500.00,3.00,2.25,2930.00,7005.00,3.00,0.00,2.00,3.00,9.00,2670.00,260.00,1999.00,0.00,98117.00,47.68,-122.40,2450.00,6460.00
7175300045.00,20141112T000000,402300.00,3.00,1.75,1480.00,4050.00,1.00,0.00,0.00,3.00,7.00,870.00,610.00,1926.00,0.00,98115.00,47.68,-122.30,1350.00,4500.00
3073500045.00,20140507T000000,492000.00,4.00,2.50,3305.00,16164.00,1.50,0.00,0.00,5.00,7.00,2245.00,1060.00,1922.00,1956.00,98133.00,47.76,-122.34,1620.00,8883.00
2407900550.00,20150507T000000,448000.00,4.00,2.50,2230.00,5000.00,1.00,0.00,0.00,3.00,7.00,1650.00,580.00,2006.00,0.00,98059.00,47.48,-122.13,2090.00,4637.00
5379802650.00,20150225T000000,273000.00,3.00,1.00,1560.00,7800.00,1.00,0.00,0.00,3.00,7.00,1560.00,0.00,1955.00,0.00,98188.00,47.45,-122.29,1468.00,9375.00
4364700990.00,20141003T000000,335000.00,3.00,1.00,1030.00,7200.00,1.00,0.00,0.00,3.00,6.00,880.00,150.00,1948.00,0.00,98126.00,47.53,-122.38,1030.00,7200.00
2158900140.00,20140905T000000,695000.00,3.00,3.75,2380.00,3600.00,1.50,0.00,0.00,3.00,7.00,1690.00,690.00,1927.00,0.00,98112.00,47.64,-122.31,1990.00,3520.00
3235100075.00,20150503T000000,279000.00,3.00,1.00,1010.00,7903.00,1.00,0.00,0.00,3.00,6.00,1010.00,0.00,1948.00,0.00,98155.00,47.77,-122.32,1010.00,7903.00
2887701940.00,20141205T000000,485000.00,2.00,1.75,2060.00,2700.00,1.00,0.00,0.00,3.00,7.00,1030.00,1030.00,1929.00,0.00,98115.00,47.69,-122.31,1390.00,2700.00
7399200510.00,20140812T000000,383000.00,4.00,2.50,2370.00,10580.00,2.00,0.00,0.00,3.00,8.00,2370.00,0.00,1966.00,0.00,98055.00,47.46,-122.19,1590.00,8584.00
3578600045.00,20141216T000000,490000.00,4.00,2.50,2242.00,37451.00,2.00,0.00,0.00,3.00,8.00,2242.00,0.00,1995.00,0.00,98028.00,47.74,-122.23,2242.00,13125.00
9406500310.00,20141119T000000,240000.00,2.00,1.50,1078.00,1263.00,2.00,0.00,0.00,3.00,7.00,1078.00,0.00,1990.00,0.00,98028.00,47.75,-122.24,1078.00,1263.00
1560100135.00,20150224T000000,285000.00,2.00,1.00,890.00,7250.00,1.00,0.00,0.00,3.00,7.00,890.00,0.00,1943.00,0.00,98125.00,47.71,-122.31,900.00,7000.00
1326069094.00,20150225T000000,524950.00,3.00,1.50,2700.00,24539.00,2.00,0.00,0.00,3.00,7.00,2120.00,580.00,1977.00,2014.00,98019.00,47.73,-121.98,1830.00,11000.00
3396830310.00,20150407T000000,729000.00,4.00,2.50,2450.00,27081.00,2.00,0.00,0.00,3.00,8.00,2450.00,0.00,1985.00,0.00,98052.00,47.72,-122.10,2630.00,12025.00
4040400340.00,20140905T000000,460000.00,3.00,1.75,1420.00,8250.00,1.00,0.00,0.00,4.00,7.00,1420.00,0.00,1960.00,0.00,98007.00,47.61,-122.13,2020.00,8250.00
7234601221.00,20141014T000000,687500.00,3.00,1.50,1280.00,2114.00,1.50,0.00,0.00,3.00,8.00,1280.00,0.00,1904.00,0.00,98122.00,47.62,-122.31,1540.00,1456.00
6065301040.00,20140814T000000,1168000.00,5.00,2.75,2910.00,15118.00,1.00,0.00,0.00,5.00,9.00,1780.00,1130.00,1972.00,0.00,98006.00,47.57,-122.18,2880.00,15253.00
2600010390.00,20141015T000000,825000.00,4.00,2.25,2430.00,10050.00,2.00,0.00,0.00,4.00,8.00,2430.00,0.00,1979.00,0.00,98006.00,47.56,-122.16,2390.00,10250.00
6679000560.00,20140729T000000,314950.00,2.00,2.50,1860.00,6359.00,2.00,0.00,0.00,3.00,7.00,1860.00,0.00,2003.00,0.00,98038.00,47.38,-122.03,1860.00,6359.00
6743700335.00,20140604T000000,470000.00,3.00,2.00,1800.00,12669.00,1.00,0.00,0.00,3.00,7.00,1800.00,0.00,1956.00,1990.00,98033.00,47.69,-122.17,1970.00,9775.00
2207000060.00,20140818T000000,500000.00,3.00,1.50,1960.00,8815.00,1.00,0.00,0.00,4.00,7.00,1020.00,940.00,1958.00,0.00,98006.00,47.58,-122.16,1760.00,9534.00
1900000060.00,20141117T000000,313000.00,3.00,1.50,1550.00,7260.00,1.50,0.00,0.00,2.00,6.00,1550.00,0.00,1925.00,0.00,98166.00,47.47,-122.35,1190.00,7620.00
1232001480.00,20140710T000000,445000.00,2.00,1.00,840.00,3840.00,1.00,0.00,0.00,4.00,7.00,840.00,0.00,1926.00,0.00,98117.00,47.68,-122.38,1310.00,3840.00
9835800320.00,20140828T000000,300000.00,4.00,1.75,2080.00,8750.00,1.00,0.00,0.00,4.00,8.00,1330.00,750.00,1967.00,0.00,98032.00,47.37,-122.29,1790.00,8750.00
9285800055.00,20141014T000000,619500.00,4.00,2.50,2210.00,5077.00,1.50,0.00,0.00,4.00,8.00,1480.00,730.00,1912.00,0.00,98126.00,47.57,-122.38,1740.00,5000.00
3438500677.00,20140613T000000,305000.00,3.00,1.50,1210.00,5240.00,1.00,0.00,0.00,4.00,7.00,610.00,600.00,1983.00,0.00,98106.00,47.55,-122.36,1560.00,5240.00
3879901290.00,20150401T000000,874000.00,3.00,2.50,1350.00,941.00,3.00,0.00,0.00,3.00,9.00,1350.00,0.00,2007.00,0.00,98119.00,47.63,-122.36,1640.00,1369.00
3905040060.00,20150313T000000,477500.00,3.00,2.00,1860.00,5146.00,2.00,0.00,0.00,3.00,8.00,1860.00,0.00,1991.00,0.00,98029.00,47.57,-122.00,1950.00,5146.00
9530101290.00,20141110T000000,700000.00,3.00,2.00,1940.00,4500.00,1.00,0.00,3.00,3.00,7.00,1090.00,850.00,1926.00,0.00,98107.00,47.67,-122.36,1700.00,4500.00
5104532030.00,20150306T000000,515000.00,4.00,3.50,3400.00,5222.00,2.00,0.00,0.00,3.00,9.00,3400.00,0.00,2005.00,0.00,98038.00,47.36,-122.00,3190.00,5326.00
6411600045.00,20141016T000000,590000.00,4.00,2.50,2240.00,9385.00,2.00,0.00,0.00,3.00,8.00,2240.00,0.00,1991.00,0.00,98133.00,47.71,-122.33,2010.00,9000.00
1796360990.00,20140701T000000,205000.00,3.00,1.75,1170.00,8239.00,1.00,0.00,0.00,3.00,7.00,1170.00,0.00,1981.00,0.00,98042.00,47.37,-122.09,1180.00,7866.00
9264911550.00,20141022T000000,310000.00,3.00,3.25,3130.00,9302.00,2.00,0.00,0.00,3.00,8.00,2190.00,940.00,1987.00,0.00,98023.00,47.31,-122.34,2350.00,7949.00
7715800310.00,20140821T000000,442500.00,2.00,2.25,1510.00,7280.00,2.00,0.00,0.00,3.00,7.00,1510.00,0.00,1987.00,0.00,98074.00,47.63,-122.06,1510.00,8120.00
3407700012.00,20141106T000000,1078500.00,4.00,3.50,3740.00,41458.00,2.00,0.00,2.00,3.00,11.00,3740.00,0.00,2000.00,0.00,98072.00,47.74,-122.14,3750.00,38325.00
2322069116.00,20140825T000000,530000.00,4.00,2.50,2690.00,46609.00,2.00,0.00,0.00,3.00,8.00,2690.00,0.00,1980.00,1991.00,98038.00,47.38,-122.01,1500.00,34800.00
4058800875.00,20140624T000000,343500.00,4.00,1.75,1760.00,6204.00,1.00,0.00,2.00,4.00,7.00,1180.00,580.00,1950.00,0.00,98178.00,47.50,-122.24,1990.00,6240.00
8113101070.00,20150423T000000,334900.00,4.00,1.75,2180.00,4066.00,1.50,0.00,0.00,3.00,6.00,1270.00,910.00,1911.00,0.00,98118.00,47.55,-122.28,1400.00,1343.00
9512501370.00,20141105T000000,544300.00,4.00,1.75,1560.00,9000.00,1.00,0.00,0.00,5.00,7.00,1560.00,0.00,1969.00,0.00,98052.00,47.67,-122.15,1510.00,8848.00
3670500465.00,20140526T000000,370000.00,3.00,2.50,1780.00,4050.00,2.00,0.00,0.00,3.00,7.00,1780.00,0.00,2001.00,0.00,98155.00,47.73,-122.31,1571.00,4976.00
8856950310.00,20140524T000000,245000.00,3.00,1.75,1260.00,6908.00,1.00,0.00,0.00,3.00,7.00,1260.00,0.00,1994.00,0.00,98038.00,47.39,-122.03,1810.00,7159.00
4315700505.00,20150210T000000,535000.00,4.00,1.75,1570.00,3250.00,1.50,0.00,0.00,5.00,8.00,1570.00,0.00,1928.00,0.00,98136.00,47.54,-122.39,1570.00,5720.00
3046200125.00,20150406T000000,202000.00,2.00,1.00,740.00,6550.00,1.00,0.00,0.00,4.00,5.00,740.00,0.00,1946.00,0.00,98168.00,47.48,-122.33,1080.00,8515.00
2922701420.00,20141118T000000,490000.00,4.00,2.25,2020.00,4960.00,2.00,0.00,0.00,3.00,7.00,1710.00,310.00,1938.00,0.00,98117.00,47.69,-122.37,1590.00,4550.00
6430500238.00,20141216T000000,651500.00,4.00,1.50,1500.00,3075.00,2.00,0.00,0.00,5.00,7.00,1420.00,80.00,1929.00,0.00,98103.00,47.69,-122.35,1480.00,3774.00
6031400071.00,20150114T000000,270000.00,4.00,2.50,1670.00,8056.00,1.00,0.00,0.00,3.00,7.00,1170.00,500.00,1961.00,0.00,98168.00,47.49,-122.32,1360.00,8056.00
1854750030.00,20150407T000000,1164000.00,3.00,3.50,3620.00,8072.00,2.00,0.00,0.00,3.00,10.00,2920.00,700.00,1999.00,0.00,98006.00,47.56,-122.13,3680.00,9624.00
7950302121.00,20140716T000000,289000.00,2.00,1.50,1010.00,1309.00,2.00,0.00,0.00,3.00,7.00,860.00,150.00,2007.00,0.00,98118.00,47.57,-122.29,1190.00,3060.00
1421069117.00,20150417T000000,240000.00,3.00,1.50,1460.00,13503.00,1.00,0.00,0.00,4.00,6.00,1460.00,0.00,1977.00,0.00,98010.00,47.31,-122.02,1460.00,13394.00
1370803510.00,20140515T000000,790000.00,3.00,1.75,1790.00,6117.00,1.00,0.00,2.00,3.00,8.00,1350.00,440.00,1940.00,0.00,98199.00,47.64,-122.40,1960.00,5554.00
1559900140.00,20141222T000000,350000.00,3.00,2.25,1760.00,9621.00,2.00,0.00,0.00,3.00,7.00,1760.00,0.00,1995.00,0.00,98019.00,47.75,-121.98,1810.00,6589.00
2734100738.00,20141029T000000,246950.00,3.00,3.50,1790.00,1682.00,2.00,0.00,0.00,3.00,7.00,1480.00,310.00,2006.00,0.00,98108.00,47.54,-122.32,1150.00,4000.00
7007700030.00,20150105T000000,400000.00,3.00,1.00,1050.00,6000.00,1.00,0.00,0.00,3.00,7.00,1050.00,0.00,1952.00,0.00,98116.00,47.57,-122.40,1720.00,6000.00
7702020030.00,20150225T000000,533000.00,4.00,2.50,2590.00,6394.00,2.00,0.00,0.00,3.00,8.00,2590.00,0.00,2003.00,0.00,98028.00,47.76,-122.23,2500.00,5328.00
1795500060.00,20141021T000000,198400.00,3.00,1.00,1040.00,8645.00,1.00,0.00,0.00,4.00,7.00,1040.00,0.00,1962.00,0.00,98042.00,47.36,-122.12,1290.00,8645.00
3303860030.00,20141029T000000,495000.00,4.00,2.50,4060.00,8547.00,2.00,0.00,0.00,3.00,9.00,2790.00,1270.00,2007.00,0.00,98038.00,47.37,-122.06,2810.00,8313.00
7701960990.00,20140616T000000,862000.00,4.00,2.50,3190.00,14565.00,2.00,0.00,0.00,3.00,11.00,3190.00,0.00,1990.00,0.00,98077.00,47.71,-122.07,3420.00,20475.00
7701960990.00,20140819T000000,870000.00,4.00,2.50,3190.00,14565.00,2.00,0.00,0.00,3.00,11.00,3190.00,0.00,1990.00,0.00,98077.00,47.71,-122.07,3420.00,20475.00
5453700060.00,20150224T000000,875000.00,4.00,1.75,2180.00,9726.00,1.00,0.00,0.00,4.00,9.00,2180.00,0.00,1966.00,0.00,98040.00,47.54,-122.23,2560.00,10244.00
2143700935.00,20140903T000000,317000.00,6.00,3.50,2120.00,5840.00,2.00,0.00,0.00,5.00,7.00,2120.00,0.00,1979.00,0.00,98055.00,47.48,-122.23,1860.00,8000.00
9485300560.00,20140725T000000,325000.00,4.00,2.75,2110.00,6838.00,2.00,0.00,0.00,4.00,8.00,2110.00,0.00,1991.00,0.00,98031.00,47.39,-122.17,2100.00,7280.00
3693900135.00,20140920T000000,615000.00,2.00,1.50,1210.00,5000.00,1.50,0.00,0.00,5.00,6.00,1210.00,0.00,1907.00,0.00,98117.00,47.68,-122.40,1570.00,5000.00
7212650990.00,20140721T000000,334950.00,4.00,2.50,2410.00,7846.00,2.00,0.00,0.00,3.00,8.00,2410.00,0.00,1992.00,0.00,98003.00,47.26,-122.31,2380.00,7914.00
1245001659.00,20140821T000000,775000.00,3.00,2.50,1980.00,7807.00,2.00,0.00,0.00,4.00,9.00,1980.00,0.00,1989.00,0.00,98033.00,47.69,-122.20,1590.00,7579.00
6071300550.00,20140822T000000,600000.00,4.00,2.50,2370.00,9135.00,1.00,0.00,0.00,4.00,8.00,1600.00,770.00,1967.00,0.00,98006.00,47.56,-122.18,2050.00,9468.00
4083306620.00,20140728T000000,565000.00,3.00,1.75,1720.00,2218.00,1.50,0.00,0.00,3.00,7.00,1270.00,450.00,1931.00,2003.00,98103.00,47.65,-122.34,1130.00,1600.00
8122100392.00,20141028T000000,292500.00,2.00,1.00,750.00,5026.00,1.00,0.00,0.00,4.00,6.00,750.00,0.00,1942.00,0.00,98126.00,47.54,-122.37,1260.00,5040.00
5418500800.00,20150429T000000,825000.00,3.00,2.25,2510.00,10418.00,1.00,0.00,0.00,3.00,8.00,1810.00,700.00,1968.00,0.00,98115.00,47.70,-122.29,2510.00,9435.00
2421059036.00,20150415T000000,495000.00,3.00,2.50,2577.00,156816.00,2.00,0.00,0.00,3.00,8.00,2577.00,0.00,2000.00,0.00,98092.00,47.29,-122.11,2090.00,156816.00
952000310.00,20140520T000000,525000.00,3.00,1.50,1540.00,4773.00,2.00,0.00,0.00,3.00,8.00,1540.00,0.00,1941.00,2009.00,98126.00,47.57,-122.38,1540.00,5750.00
5694501195.00,20150511T000000,438600.00,1.00,1.00,720.00,2500.00,1.00,0.00,0.00,3.00,7.00,720.00,0.00,1910.00,0.00,98103.00,47.66,-122.35,1520.00,3750.00
2872900390.00,20140814T000000,507000.00,3.00,2.25,1810.00,8158.00,1.00,0.00,0.00,3.00,8.00,1450.00,360.00,1984.00,0.00,98074.00,47.63,-122.04,1740.00,9532.00
1502400140.00,20150429T000000,275900.00,3.00,1.75,1380.00,8400.00,1.00,0.00,0.00,3.00,7.00,1380.00,0.00,1967.00,0.00,98003.00,47.31,-122.32,1540.00,8400.00
3860900003.00,20140617T000000,1170000.00,4.00,2.50,2570.00,6251.00,2.00,0.00,0.00,3.00,9.00,2570.00,0.00,2000.00,0.00,98004.00,47.59,-122.20,2570.00,9588.00
1180003435.00,20141209T000000,275000.00,4.00,1.75,1690.00,6000.00,1.00,0.00,0.00,3.00,7.00,1690.00,0.00,1957.00,0.00,98178.00,47.50,-122.23,1350.00,6000.00
6430000070.00,20141027T000000,355000.00,3.00,0.75,1420.00,3060.00,1.00,0.00,0.00,4.00,7.00,860.00,560.00,1923.00,0.00,98103.00,47.69,-122.35,1350.00,4000.00
5530000030.00,20150126T000000,233000.00,4.00,2.00,2130.00,9579.00,1.00,0.00,0.00,4.00,7.00,1250.00,880.00,1968.00,0.00,98001.00,47.31,-122.27,1590.00,9800.00
5700000465.00,20140904T000000,666000.00,3.00,2.50,3000.00,5000.00,1.50,0.00,0.00,4.00,7.00,2110.00,890.00,1918.00,0.00,98144.00,47.58,-122.29,1970.00,5000.00
3211100570.00,20140811T000000,317500.00,4.00,2.50,2150.00,9000.00,1.00,0.00,0.00,4.00,7.00,1360.00,790.00,1979.00,0.00,98059.00,47.48,-122.16,1620.00,8400.00
9536601331.00,20140722T000000,420000.00,4.00,2.00,2280.00,10319.00,1.00,0.00,3.00,4.00,8.00,1270.00,1010.00,1989.00,0.00,98198.00,47.36,-122.32,2280.00,9767.00
985000955.00,20150312T000000,290000.00,4.00,2.00,1560.00,8800.00,2.00,0.00,0.00,5.00,6.00,1560.00,0.00,1942.00,1967.00,98168.00,47.49,-122.31,1480.00,10000.00
323059208.00,20140603T000000,320000.00,3.00,2.00,1880.00,10758.00,1.00,0.00,0.00,5.00,6.00,940.00,940.00,1952.00,0.00,98059.00,47.51,-122.14,2060.00,21000.00
4221270350.00,20150323T000000,650000.00,3.00,2.50,2320.00,5284.00,2.00,0.00,0.00,3.00,8.00,2320.00,0.00,2004.00,0.00,98075.00,47.59,-122.02,2320.00,4383.00
3768000030.00,20140714T000000,325000.00,3.00,1.75,1010.00,7171.00,1.00,0.00,0.00,4.00,7.00,1010.00,0.00,1967.00,0.00,98034.00,47.73,-122.23,1250.00,7560.00
7211401610.00,20140820T000000,165000.00,3.00,1.00,1120.00,5000.00,1.00,0.00,0.00,3.00,6.00,1120.00,0.00,1917.00,0.00,98146.00,47.51,-122.36,1050.00,5000.00
9542000340.00,20140807T000000,500000.00,3.00,1.75,1560.00,16194.00,1.00,0.00,0.00,3.00,8.00,1560.00,0.00,1961.00,0.00,98005.00,47.60,-122.18,2430.00,16193.00
2426049078.00,20140716T000000,443000.00,4.00,1.50,1860.00,12197.00,1.00,0.00,0.00,3.00,7.00,1860.00,0.00,1964.00,0.00,98034.00,47.73,-122.24,1510.00,11761.00
5438000160.00,20140609T000000,213400.00,3.00,1.50,1150.00,8686.00,1.00,0.00,0.00,4.00,7.00,1150.00,0.00,1963.00,0.00,98055.00,47.44,-122.19,1760.00,8798.00
259600890.00,20141002T000000,480000.00,4.00,1.75,1920.00,9380.00,1.00,0.00,0.00,3.00,7.00,1920.00,0.00,1964.00,0.00,98008.00,47.63,-122.12,1580.00,8580.00
8732190200.00,20150115T000000,275000.00,4.00,2.25,2490.00,7233.00,1.00,0.00,0.00,3.00,8.00,1460.00,1030.00,1978.00,0.00,98023.00,47.31,-122.40,2000.00,8000.00
3395040200.00,20140709T000000,299880.00,3.00,2.50,1460.00,3044.00,2.00,0.00,0.00,3.00,7.00,1460.00,0.00,2000.00,0.00,98108.00,47.54,-122.30,1490.00,3044.00
6362900171.00,20140527T000000,499950.00,3.00,3.50,1820.00,1501.00,2.00,0.00,0.00,3.00,8.00,1430.00,390.00,2014.00,0.00,98144.00,47.60,-122.30,1550.00,1501.00
2154500060.00,20141203T000000,1705000.00,5.00,3.00,4290.00,17100.00,1.00,0.00,3.00,3.00,9.00,2480.00,1810.00,1972.00,2007.00,98040.00,47.55,-122.21,3550.00,16988.00
5706200370.00,20140806T000000,550000.00,4.00,2.75,2230.00,9460.00,1.00,0.00,0.00,5.00,7.00,1480.00,750.00,1960.00,0.00,98027.00,47.52,-122.04,1760.00,10878.00
1402950240.00,20140602T000000,300000.00,4.00,2.50,2070.00,7476.00,2.00,0.00,0.00,3.00,8.00,2070.00,0.00,2003.00,0.00,98092.00,47.34,-122.19,2430.00,5500.00
4141800030.00,20141014T000000,920000.00,3.00,1.75,2480.00,4000.00,1.00,0.00,0.00,3.00,8.00,1240.00,1240.00,1948.00,2014.00,98122.00,47.62,-122.29,2450.00,4000.00
3426049284.00,20140819T000000,2300000.00,4.00,3.25,4110.00,15929.00,2.00,1.00,4.00,3.00,12.00,2720.00,1390.00,2001.00,0.00,98115.00,47.69,-122.27,2640.00,15929.00
3658700510.00,20140724T000000,620000.00,4.00,2.75,2290.00,3060.00,1.50,0.00,0.00,5.00,7.00,1550.00,740.00,1928.00,0.00,98115.00,47.68,-122.32,1460.00,3060.00
2220069196.00,20140811T000000,253500.00,3.00,1.00,1220.00,20400.00,1.00,0.00,0.00,5.00,6.00,1220.00,0.00,1959.00,0.00,98022.00,47.21,-122.02,1640.00,53578.00
5700004485.00,20140520T000000,978000.00,4.00,2.75,2620.00,13777.00,1.50,0.00,2.00,4.00,9.00,1720.00,900.00,1926.00,0.00,98144.00,47.58,-122.29,3530.00,9287.00
1328320350.00,20141202T000000,387500.00,4.00,2.50,3190.00,9856.00,2.00,0.00,0.00,3.00,8.00,3190.00,0.00,1979.00,0.00,98058.00,47.44,-122.13,2260.00,7996.00
3432500310.00,20140624T000000,325000.00,3.00,1.00,850.00,6906.00,1.00,0.00,0.00,3.00,6.00,850.00,0.00,1948.00,0.00,98155.00,47.74,-122.31,1150.00,6907.00
9274200318.00,20150410T000000,568000.00,3.00,2.50,1740.00,1308.00,3.00,0.00,0.00,3.00,8.00,1740.00,0.00,2008.00,0.00,98116.00,47.59,-122.39,1740.00,1280.00
3034200550.00,20140922T000000,525000.00,4.00,2.50,2140.00,7754.00,2.00,0.00,0.00,3.00,8.00,2140.00,0.00,1996.00,0.00,98133.00,47.72,-122.34,1690.00,7775.00
2078500350.00,20140604T000000,560000.00,3.00,2.50,2070.00,12708.00,2.00,0.00,0.00,3.00,8.00,2070.00,0.00,1996.00,0.00,98056.00,47.53,-122.18,2620.00,9617.00
7203101290.00,20141020T000000,394000.00,3.00,2.50,1680.00,4075.00,2.00,0.00,0.00,3.00,7.00,1680.00,0.00,2008.00,0.00,98053.00,47.70,-122.02,1710.00,4075.00
9287801455.00,20141028T000000,484950.00,2.00,1.00,1000.00,4956.00,1.00,0.00,2.00,4.00,7.00,1000.00,0.00,1916.00,0.00,98107.00,47.68,-122.36,1830.00,4959.00
9472200060.00,20141105T000000,1295000.00,3.00,2.75,3340.00,12690.00,1.00,0.00,0.00,3.00,10.00,2550.00,790.00,1956.00,1988.00,98105.00,47.67,-122.27,3340.00,9480.00
869700060.00,20140729T000000,315000.00,3.00,2.50,1260.00,2767.00,2.00,0.00,0.00,3.00,8.00,1260.00,0.00,1999.00,0.00,98059.00,47.49,-122.16,1310.00,2767.00
4298100060.00,20140509T000000,590000.00,4.00,2.25,2430.00,32496.00,1.00,0.00,0.00,3.00,9.00,2430.00,0.00,1993.00,0.00,98077.00,47.76,-122.05,2750.00,35506.00
7211402105.00,20141126T000000,106000.00,1.00,1.00,560.00,5700.00,1.00,0.00,0.00,3.00,5.00,560.00,0.00,1947.00,0.00,98146.00,47.51,-122.36,1120.00,5000.00
7135520260.00,20141118T000000,751000.00,3.00,2.50,3380.00,9528.00,2.00,0.00,0.00,3.00,10.00,3380.00,0.00,1994.00,0.00,98059.00,47.53,-122.15,3630.00,14089.00
9222400565.00,20141017T000000,474000.00,2.00,1.00,1100.00,3500.00,1.00,0.00,0.00,5.00,7.00,1100.00,0.00,1908.00,0.00,98115.00,47.67,-122.32,2050.00,4000.00
7116500125.00,20140528T000000,189000.00,2.00,2.00,1700.00,3171.00,1.00,0.00,0.00,5.00,5.00,850.00,850.00,1927.00,0.00,98002.00,47.30,-122.22,1380.00,5906.00
7202290320.00,20141024T000000,440500.00,3.00,2.50,1600.00,3172.00,2.00,0.00,0.00,3.00,7.00,1600.00,0.00,2002.00,0.00,98053.00,47.69,-122.04,1690.00,3698.00
9808630260.00,20150318T000000,1017000.00,3.00,2.50,2605.00,2216.00,2.00,0.00,2.00,4.00,9.00,2090.00,515.00,1979.00,0.00,98033.00,47.65,-122.20,2605.00,1979.00
8682310310.00,20150511T000000,589000.00,2.00,2.00,1850.00,4667.00,1.00,0.00,0.00,3.00,8.00,1850.00,0.00,2010.00,0.00,98053.00,47.71,-122.01,1860.00,6008.00
4137000700.00,20140829T000000,273000.00,3.00,2.25,1830.00,7651.00,2.00,0.00,0.00,3.00,8.00,1830.00,0.00,1986.00,0.00,98092.00,47.26,-122.22,2160.00,8442.00
5119400075.00,20140620T000000,950000.00,3.00,3.25,3050.00,18892.00,1.00,1.00,4.00,4.00,8.00,1650.00,1400.00,1962.00,0.00,98198.00,47.39,-122.33,1170.00,70973.00
8857100060.00,20141110T000000,277700.00,2.00,1.50,1240.00,1055.00,2.00,0.00,0.00,3.00,8.00,1200.00,40.00,1967.00,0.00,98008.00,47.61,-122.11,1410.00,1340.00
3329510200.00,20141124T000000,299900.00,3.00,2.25,2100.00,8163.00,2.00,0.00,0.00,3.00,7.00,2100.00,0.00,1984.00,0.00,98001.00,47.33,-122.27,1410.00,7515.00
7789200070.00,20140603T000000,235000.00,3.00,1.00,1250.00,15603.00,1.00,0.00,0.00,4.00,7.00,1250.00,0.00,1959.00,0.00,98056.00,47.51,-122.17,1720.00,10220.00
6140600049.00,20150506T000000,464000.00,2.00,2.00,1230.00,4800.00,2.00,0.00,0.00,3.00,7.00,1230.00,0.00,1952.00,2004.00,98133.00,47.71,-122.35,1560.00,7200.00
9324320030.00,20150317T000000,281000.00,3.00,1.75,1690.00,9826.00,1.00,0.00,0.00,4.00,7.00,1690.00,0.00,1988.00,0.00,98023.00,47.31,-122.37,1980.00,9826.00
2555900030.00,20141107T000000,320000.00,3.00,1.00,1520.00,8870.00,1.50,0.00,0.00,4.00,7.00,1520.00,0.00,1951.00,0.00,98155.00,47.76,-122.32,1520.00,7800.00
8662500350.00,20140620T000000,282000.00,4.00,2.00,1890.00,6302.00,2.00,0.00,0.00,3.00,7.00,1890.00,0.00,1997.00,0.00,98030.00,47.38,-122.21,1690.00,5369.00
7856601040.00,20150220T000000,745000.00,4.00,1.75,1990.00,8900.00,1.00,0.00,0.00,4.00,8.00,1990.00,0.00,1972.00,0.00,98006.00,47.56,-122.15,2620.00,8925.00
109200390.00,20140820T000000,245000.00,3.00,1.75,1480.00,3900.00,1.00,0.00,0.00,4.00,7.00,1480.00,0.00,1980.00,0.00,98023.00,47.30,-122.37,1830.00,6956.00
109200390.00,20141020T000000,250000.00,3.00,1.75,1480.00,3900.00,1.00,0.00,0.00,4.00,7.00,1480.00,0.00,1980.00,0.00,98023.00,47.30,-122.37,1830.00,6956.00
6870300060.00,20140922T000000,470000.00,3.00,2.50,2120.00,2374.00,2.00,0.00,0.00,3.00,8.00,1770.00,350.00,2005.00,0.00,98052.00,47.67,-122.14,2480.00,3043.00
2734100732.00,20141015T000000,216650.00,3.00,3.50,1480.00,1077.00,2.00,0.00,0.00,3.00,7.00,1300.00,180.00,2007.00,0.00,98109.00,47.54,-122.32,1140.00,2003.00
7201900370.00,20150505T000000,440000.00,3.00,1.00,1250.00,8412.00,1.00,0.00,0.00,4.00,7.00,1250.00,0.00,1975.00,0.00,98052.00,47.70,-122.13,1840.00,8976.00
3904960700.00,20140613T000000,590000.00,4.00,2.50,2010.00,7972.00,2.00,0.00,0.00,4.00,8.00,2010.00,0.00,1989.00,0.00,98029.00,47.58,-122.02,2100.00,8511.00
2225059240.00,20141028T000000,935000.00,5.00,2.50,3150.00,35283.00,1.00,0.00,0.00,3.00,10.00,1800.00,1350.00,1975.00,0.00,98005.00,47.64,-122.16,3280.00,35283.00
4397650160.00,20140922T000000,848000.00,3.00,3.50,3010.00,5717.00,2.00,0.00,0.00,3.00,10.00,3010.00,0.00,2000.00,0.00,98007.00,47.59,-122.15,2780.00,5138.00
3629860060.00,20150312T000000,827500.00,5.00,4.25,3920.00,5823.00,2.00,0.00,0.00,3.00,9.00,3000.00,920.00,2000.00,0.00,98029.00,47.55,-122.01,3000.00,5297.00
4083305085.00,20140520T000000,1125000.00,6.00,3.00,2880.00,3192.00,2.00,0.00,0.00,4.00,8.00,2180.00,700.00,1919.00,0.00,98103.00,47.65,-122.33,1870.00,4533.00
518500700.00,20140507T000000,630000.00,2.00,2.25,2550.00,5663.00,1.00,0.00,0.00,3.00,10.00,1720.00,830.00,2011.00,0.00,98056.00,47.53,-122.20,2560.00,3828.00
3580900260.00,20140505T000000,340000.00,5.00,1.00,1120.00,9022.00,1.50,0.00,0.00,4.00,7.00,1120.00,0.00,1962.00,0.00,98034.00,47.73,-122.24,1310.00,7500.00
1974300060.00,20140923T000000,570000.00,4.00,2.75,3140.00,10918.00,1.00,0.00,0.00,3.00,8.00,1900.00,1240.00,1968.00,1986.00,98034.00,47.71,-122.24,3170.00,10918.00
624069035.00,20141209T000000,2750000.00,4.00,4.00,4130.00,5575.00,2.00,1.00,4.00,4.00,10.00,2860.00,1270.00,1993.00,0.00,98075.00,47.60,-122.08,2980.00,5575.00
5152980070.00,20150102T000000,514500.00,4.00,2.50,2990.00,9614.00,1.00,0.00,2.00,4.00,9.00,1740.00,1250.00,1976.00,0.00,98003.00,47.34,-122.33,3370.00,12085.00
2624039114.00,20150413T000000,360000.00,2.00,1.00,1120.00,12625.00,1.00,0.00,3.00,3.00,7.00,1120.00,0.00,1940.00,0.00,98136.00,47.54,-122.39,1880.00,6828.00
4337000200.00,20141217T000000,228900.00,4.00,1.50,1570.00,8775.00,1.00,0.00,0.00,3.00,7.00,1570.00,0.00,1943.00,0.00,98166.00,47.48,-122.34,980.00,8775.00
7203100550.00,20140625T000000,660000.00,3.00,2.75,2210.00,4000.00,2.00,0.00,0.00,3.00,8.00,2210.00,0.00,2008.00,0.00,98053.00,47.70,-122.02,2230.00,4674.00
2782100260.00,20150303T000000,647000.00,4.00,2.50,2390.00,5800.00,2.00,0.00,0.00,3.00,9.00,2390.00,0.00,2000.00,0.00,98075.00,47.60,-122.04,2590.00,6507.00
1737320060.00,20140610T000000,366000.00,3.00,1.75,1520.00,8625.00,1.00,0.00,0.00,3.00,8.00,1520.00,0.00,1976.00,0.00,98011.00,47.77,-122.22,2080.00,9200.00
7972604001.00,20140718T000000,354000.00,5.00,1.75,1830.00,7986.00,1.00,0.00,0.00,4.00,7.00,1060.00,770.00,1962.00,0.00,98106.00,47.52,-122.35,1410.00,7260.00
2719100240.00,20140519T000000,850000.00,4.00,3.50,2640.00,5900.00,2.00,0.00,2.00,3.00,8.00,2640.00,0.00,1937.00,1998.00,98136.00,47.54,-122.38,1700.00,5900.00
3904990570.00,20140524T000000,496700.00,3.00,2.50,1740.00,5782.00,2.00,0.00,0.00,4.00,8.00,1740.00,0.00,1989.00,0.00,98029.00,47.58,-122.00,2080.00,5782.00
7399000350.00,20141104T000000,300000.00,3.00,2.00,1550.00,8300.00,1.00,0.00,0.00,4.00,8.00,1550.00,0.00,1965.00,0.00,98055.00,47.47,-122.20,1860.00,8000.00
6400700189.00,20141017T000000,390000.00,3.00,1.00,1040.00,8075.00,1.00,0.00,0.00,4.00,7.00,1040.00,0.00,1961.00,0.00,98033.00,47.67,-122.18,1450.00,8075.00
4305200070.00,20140519T000000,350000.00,3.00,2.25,1640.00,7200.00,2.00,0.00,0.00,4.00,8.00,1640.00,0.00,1985.00,0.00,98007.00,47.59,-122.15,1830.00,8372.00
4305200070.00,20140922T000000,561000.00,3.00,2.25,1640.00,7200.00,2.00,0.00,0.00,4.00,8.00,1640.00,0.00,1985.00,0.00,98007.00,47.59,-122.15,1830.00,8372.00
2201500240.00,20140730T000000,475000.00,3.00,1.75,1260.00,10065.00,1.00,0.00,0.00,3.00,7.00,1260.00,0.00,1954.00,2014.00,98006.00,47.57,-122.14,1320.00,10278.00
3277800729.00,20141016T000000,275000.00,3.00,1.50,1170.00,1174.00,2.00,0.00,0.00,3.00,7.00,840.00,330.00,2007.00,0.00,98126.00,47.55,-122.38,1170.00,2537.00
2525310320.00,20141028T000000,290000.00,3.00,1.75,1590.00,13500.00,1.00,0.00,0.00,4.00,7.00,1090.00,500.00,1980.00,0.00,98038.00,47.36,-122.03,1540.00,10375.00
2215901840.00,20150211T000000,199000.00,3.00,2.50,1750.00,6725.00,1.00,0.00,0.00,3.00,7.00,1330.00,420.00,1993.00,0.00,98038.00,47.35,-122.06,1670.00,7744.00
1796700160.00,20150324T000000,279900.00,4.00,2.50,1770.00,4338.00,2.00,0.00,0.00,3.00,7.00,1770.00,0.00,2001.00,0.00,98042.00,47.37,-122.10,1770.00,6606.00
4218400671.00,20150505T000000,1655000.00,4.00,2.25,3530.00,5500.00,2.00,0.00,0.00,3.00,8.00,2860.00,670.00,1940.00,0.00,98105.00,47.66,-122.27,2840.00,5500.00
6415100350.00,20150413T000000,405000.00,3.00,2.50,2160.00,10200.00,1.00,0.00,0.00,3.00,7.00,1360.00,800.00,1978.00,0.00,98133.00,47.73,-122.33,2010.00,7850.00
7504020400.00,20150127T000000,615000.00,4.00,2.25,2360.00,15860.00,1.00,0.00,0.00,3.00,9.00,2360.00,0.00,1977.00,0.00,98074.00,47.63,-122.05,2650.00,11798.00
8732190070.00,20141002T000000,268000.00,3.00,1.75,1980.00,12543.00,1.00,0.00,0.00,3.00,8.00,1180.00,800.00,1978.00,0.00,98023.00,47.31,-122.39,2090.00,8539.00
2826049200.00,20140825T000000,451000.00,4.00,1.50,1620.00,5444.00,1.50,0.00,0.00,3.00,8.00,1620.00,0.00,1955.00,0.00,98125.00,47.71,-122.30,1620.00,6912.00
8682292190.00,20141215T000000,850000.00,2.00,2.75,2700.00,9854.00,1.00,0.00,0.00,3.00,9.00,2700.00,0.00,2012.00,0.00,98053.00,47.72,-122.02,1440.00,4168.00
2524049250.00,20140921T000000,1180000.00,5.00,2.25,3270.00,16553.00,2.00,0.00,2.00,5.00,9.00,2470.00,800.00,1968.00,0.00,98040.00,47.54,-122.24,3690.00,17916.00
7972603385.00,20140516T000000,245000.00,2.00,1.00,870.00,6150.00,1.00,0.00,0.00,3.00,6.00,870.00,0.00,1941.00,0.00,98106.00,47.53,-122.35,1120.00,6150.00
4454800060.00,20140626T000000,450000.00,2.00,1.75,840.00,3340.00,1.00,0.00,0.00,3.00,6.00,700.00,140.00,1912.00,0.00,98107.00,47.67,-122.36,1700.00,3980.00
8910500226.00,20150409T000000,370350.00,3.00,3.50,1340.00,1168.00,2.00,0.00,2.00,3.00,8.00,1080.00,260.00,2002.00,0.00,98133.00,47.71,-122.36,1650.00,1378.00
1972202505.00,20140729T000000,543000.00,3.00,2.50,1540.00,1256.00,3.00,0.00,0.00,3.00,8.00,1540.00,0.00,2004.00,0.00,98103.00,47.65,-122.35,1500.00,1350.00
6303400520.00,20150127T000000,265000.00,2.00,2.00,1650.00,8975.00,1.00,0.00,0.00,5.00,6.00,1650.00,0.00,1942.00,0.00,98146.00,47.51,-122.36,1260.00,8668.00
7852020340.00,20150325T000000,497000.00,3.00,2.50,2630.00,4611.00,2.00,0.00,0.00,3.00,8.00,2630.00,0.00,2001.00,0.00,98065.00,47.53,-121.87,2220.00,5250.00
3824100041.00,20150412T000000,419000.00,4.00,2.25,1880.00,9727.00,1.00,0.00,0.00,3.00,7.00,1100.00,780.00,1979.00,0.00,98028.00,47.77,-122.26,1790.00,10274.00
3904990260.00,20140724T000000,545800.00,4.00,2.50,1980.00,4500.00,2.00,0.00,0.00,3.00,8.00,1980.00,0.00,1989.00,0.00,98029.00,47.58,-122.00,1770.00,4595.00
204000140.00,20150403T000000,403000.00,3.00,1.00,1500.00,10730.00,1.00,0.00,0.00,3.00,7.00,1000.00,500.00,1977.00,0.00,98053.00,47.64,-121.97,1570.00,12210.00
6083000071.00,20141110T000000,195000.00,3.00,2.00,1230.00,8235.00,1.50,0.00,0.00,3.00,6.00,1230.00,0.00,1959.00,0.00,98168.00,47.49,-122.30,1080.00,10281.00
6819100111.00,20141211T000000,1125000.00,4.00,2.50,2520.00,2600.00,2.00,0.00,0.00,5.00,8.00,1670.00,850.00,1925.00,0.00,98119.00,47.64,-122.36,2290.00,3600.00
7806210400.00,20140929T000000,255000.00,5.00,1.75,1970.00,8925.00,1.00,0.00,0.00,5.00,7.00,1170.00,800.00,1977.00,0.00,98002.00,47.29,-122.20,1910.00,8025.00
4375700055.00,20140627T000000,500000.00,2.00,1.50,1520.00,8040.00,1.00,0.00,0.00,5.00,7.00,1520.00,0.00,1951.00,0.00,98125.00,47.71,-122.31,1440.00,8040.00
207500012.00,20140505T000000,855000.00,4.00,2.75,2600.00,5390.00,1.00,0.00,0.00,4.00,8.00,1300.00,1300.00,1960.00,0.00,98199.00,47.64,-122.40,2550.00,5600.00
2731600045.00,20150107T000000,390000.00,4.00,2.00,2290.00,9200.00,1.50,0.00,0.00,3.00,7.00,2290.00,0.00,1920.00,0.00,98166.00,47.47,-122.36,2140.00,9200.00
1953400570.00,20150324T000000,339000.00,3.00,2.00,1979.00,8470.00,1.00,0.00,2.00,4.00,7.00,1329.00,650.00,1956.00,0.00,98198.00,47.39,-122.30,1650.00,8591.00
2883200139.00,20150306T000000,1325000.00,4.00,3.50,2170.00,3672.00,2.00,0.00,0.00,3.00,9.00,2170.00,0.00,1905.00,1989.00,98115.00,47.68,-122.33,1950.00,3450.00
3345100251.00,20150217T000000,429900.00,4.00,1.50,1820.00,17918.00,1.00,0.00,0.00,4.00,8.00,1190.00,630.00,1962.00,0.00,98056.00,47.52,-122.18,1890.00,15241.00
1387301740.00,20140925T000000,370900.00,3.00,1.50,1200.00,8560.00,1.00,0.00,0.00,4.00,7.00,1200.00,0.00,1975.00,0.00,98011.00,47.74,-122.19,1550.00,7800.00
3214200070.00,20150429T000000,457500.00,3.00,1.00,1210.00,7636.00,1.00,0.00,0.00,4.00,7.00,1210.00,0.00,1952.00,0.00,98118.00,47.54,-122.27,1530.00,5900.00
1937300193.00,20150227T000000,499000.00,4.00,2.50,1970.00,2601.00,2.00,0.00,0.00,3.00,7.00,1440.00,530.00,1999.00,0.00,98144.00,47.59,-122.31,1760.00,3025.00
2821049082.00,20150212T000000,225000.00,2.00,1.00,1040.00,11500.00,1.00,0.00,0.00,5.00,7.00,1040.00,0.00,1947.00,0.00,98003.00,47.28,-122.30,1300.00,11954.00
2207500200.00,20140915T000000,615000.00,3.00,1.75,1920.00,4000.00,1.00,0.00,0.00,3.00,7.00,1070.00,850.00,1950.00,0.00,98102.00,47.64,-122.32,2280.00,4000.00
9528104286.00,20150113T000000,455000.00,2.00,1.50,1020.00,1146.00,3.00,0.00,0.00,3.00,7.00,1020.00,0.00,2001.00,0.00,98115.00,47.68,-122.33,1138.00,1156.00
8901001170.00,20140514T000000,458000.00,3.00,1.00,1660.00,7500.00,1.00,0.00,0.00,4.00,7.00,1060.00,600.00,1940.00,0.00,98125.00,47.71,-122.31,1450.00,7500.00
3260200200.00,20141030T000000,580000.00,3.00,2.25,1670.00,7416.00,1.00,0.00,0.00,4.00,7.00,1220.00,450.00,1974.00,0.00,98005.00,47.60,-122.17,1710.00,7416.00
1853080640.00,20140514T000000,966000.00,5.00,4.50,3810.00,8019.00,2.00,0.00,0.00,3.00,10.00,3810.00,0.00,2008.00,0.00,98074.00,47.59,-122.06,3390.00,7713.00
986000045.00,20141007T000000,240000.00,4.00,1.75,2020.00,10332.00,1.00,0.00,0.00,3.00,7.00,1010.00,1010.00,1954.00,0.00,98168.00,47.51,-122.30,2240.00,8379.00
4322200105.00,20150331T000000,229050.00,1.00,1.00,420.00,3298.00,1.00,0.00,0.00,4.00,4.00,420.00,0.00,1949.00,0.00,98136.00,47.54,-122.39,1460.00,4975.00
1453600681.00,20150223T000000,328500.00,3.00,2.25,1390.00,1407.00,3.00,0.00,0.00,3.00,7.00,1390.00,0.00,2004.00,0.00,98125.00,47.72,-122.30,1390.00,1628.00
3365900041.00,20150121T000000,319000.00,3.00,1.50,2010.00,10100.00,1.00,0.00,0.00,4.00,7.00,1110.00,900.00,1964.00,0.00,98168.00,47.47,-122.27,1900.00,10100.00
9294300070.00,20140502T000000,650000.00,4.00,2.00,1820.00,5000.00,1.50,0.00,1.00,3.00,7.00,1640.00,180.00,1945.00,0.00,98115.00,47.68,-122.27,2060.00,5000.00
5096300140.00,20150217T000000,398500.00,3.00,2.50,1630.00,1971.00,2.00,0.00,0.00,3.00,8.00,1630.00,0.00,1996.00,0.00,98177.00,47.78,-122.38,1630.00,3451.00
985001275.00,20140620T000000,250000.00,1.00,1.00,800.00,16306.00,1.00,0.00,0.00,2.00,6.00,680.00,120.00,1931.00,0.00,98168.00,47.49,-122.31,1270.00,8666.00
6669200370.00,20140626T000000,815000.00,3.00,2.00,2270.00,11989.00,1.00,0.00,0.00,4.00,9.00,2270.00,0.00,1968.00,0.00,98040.00,47.54,-122.23,2880.00,12439.00
3885806840.00,20150316T000000,1065000.00,3.00,2.75,2290.00,5002.00,2.00,0.00,0.00,4.00,9.00,1950.00,340.00,1995.00,0.00,98033.00,47.68,-122.21,2290.00,5100.00
2025079037.00,20141001T000000,510000.00,3.00,2.25,2750.00,219542.00,2.00,0.00,0.00,3.00,7.00,1870.00,880.00,1981.00,0.00,98014.00,47.64,-121.95,2430.00,219542.00
3812400202.00,20141114T000000,156000.00,2.00,1.75,590.00,6138.00,1.00,0.00,0.00,2.00,5.00,590.00,0.00,1947.00,0.00,98118.00,47.55,-122.28,1360.00,7112.00
4136880140.00,20140522T000000,254500.00,4.00,2.75,2570.00,7264.00,2.00,0.00,0.00,3.00,8.00,1720.00,850.00,1998.00,0.00,98092.00,47.26,-122.21,2420.00,7911.00
258500059.00,20140721T000000,760000.00,3.00,2.50,2050.00,15020.00,1.00,0.00,2.00,3.00,9.00,1600.00,450.00,1960.00,0.00,98177.00,47.76,-122.37,2930.00,15050.00
8016250140.00,20150506T000000,210000.00,3.00,2.50,1610.00,6732.00,2.00,0.00,0.00,3.00,7.00,1610.00,0.00,1994.00,0.00,98030.00,47.37,-122.17,1680.00,7414.00
5153100030.00,20140825T000000,349950.00,3.00,2.50,2140.00,7715.00,2.00,0.00,0.00,3.00,7.00,2140.00,0.00,1991.00,0.00,98198.00,47.38,-122.32,1990.00,7628.00
1377800135.00,20150402T000000,676000.00,3.00,2.00,1730.00,6784.00,2.50,0.00,0.00,4.00,7.00,1730.00,0.00,1942.00,0.00,98199.00,47.65,-122.40,1210.00,6784.00
7549800045.00,20150102T000000,475000.00,4.00,3.50,2440.00,3052.00,2.00,0.00,0.00,3.00,8.00,1940.00,500.00,2006.00,0.00,98108.00,47.56,-122.31,2390.00,4600.00
3179101070.00,20140630T000000,880000.00,4.00,2.75,3220.00,4392.00,1.50,0.00,0.00,4.00,9.00,2320.00,900.00,1931.00,0.00,98105.00,47.67,-122.28,2310.00,5795.00
629800520.00,20140903T000000,1209000.00,4.00,3.25,4330.00,26162.00,2.00,0.00,0.00,3.00,11.00,4330.00,0.00,1997.00,0.00,98074.00,47.60,-122.01,5110.00,26319.00
7129302800.00,20141212T000000,420000.00,3.00,1.50,1780.00,5000.00,1.00,0.00,4.00,4.00,7.00,1030.00,750.00,1958.00,0.00,98118.00,47.52,-122.26,1780.00,7500.00
2450000320.00,20140523T000000,607000.00,3.00,1.00,1230.00,8114.00,1.00,0.00,0.00,4.00,7.00,1230.00,0.00,1951.00,0.00,98004.00,47.58,-122.20,2220.00,8114.00
6804600990.00,20141124T000000,475000.00,4.00,1.75,2160.00,19283.00,2.00,0.00,0.00,3.00,8.00,2160.00,0.00,1981.00,0.00,98011.00,47.76,-122.17,1990.00,9744.00
3389900800.00,20141022T000000,395000.00,2.00,1.75,1400.00,2500.00,1.00,0.00,0.00,5.00,7.00,710.00,690.00,1916.00,0.00,98116.00,47.56,-122.39,1250.00,5700.00
524059208.00,20150220T000000,650000.00,4.00,1.75,1900.00,10454.00,1.00,0.00,0.00,4.00,7.00,1180.00,720.00,1954.00,0.00,98004.00,47.59,-122.20,2060.00,11325.00
1523069128.00,20150331T000000,625000.00,5.00,2.75,2910.00,85377.00,1.00,0.00,0.00,4.00,8.00,1510.00,1400.00,1966.00,0.00,98027.00,47.48,-122.03,2160.00,66120.00
5701700640.00,20140729T000000,849000.00,3.00,3.00,2960.00,42159.00,2.00,0.00,0.00,3.00,10.00,2960.00,0.00,1995.00,0.00,98052.00,47.72,-122.10,2640.00,25209.00
4077800247.00,20140610T000000,429950.00,3.00,1.50,2010.00,9480.00,1.00,0.00,0.00,3.00,8.00,1570.00,440.00,1951.00,0.00,98125.00,47.71,-122.28,1920.00,8791.00
3629860160.00,20141028T000000,825000.00,3.00,2.50,3760.00,5260.00,2.00,0.00,0.00,3.00,9.00,3230.00,530.00,2002.00,0.00,98029.00,47.55,-122.01,3080.00,5312.00
2877102180.00,20140829T000000,505000.00,2.00,1.00,1020.00,5000.00,1.00,0.00,0.00,4.00,7.00,1020.00,0.00,1916.00,0.00,98117.00,47.68,-122.36,1480.00,5000.00
7203101610.00,20140512T000000,265000.00,2.00,1.00,1290.00,2828.00,2.00,0.00,0.00,3.00,7.00,1290.00,0.00,2008.00,0.00,98053.00,47.70,-122.03,1290.00,2628.00
3342100685.00,20140625T000000,283000.00,3.00,1.00,890.00,8400.00,1.00,0.00,0.00,4.00,6.00,890.00,0.00,1954.00,0.00,98056.00,47.52,-122.20,1850.00,5565.00
3575301550.00,20150407T000000,560000.00,3.00,2.75,1620.00,7500.00,1.00,0.00,0.00,5.00,7.00,1140.00,480.00,1979.00,0.00,98074.00,47.62,-122.07,1900.00,7500.00
1829300260.00,20141113T000000,765000.00,4.00,2.50,3360.00,13636.00,2.00,0.00,0.00,3.00,10.00,3360.00,0.00,1987.00,0.00,98074.00,47.64,-122.04,2980.00,10615.00
6071000030.00,20140722T000000,610000.00,5.00,2.75,2930.00,31411.00,1.00,0.00,0.00,4.00,9.00,1520.00,1410.00,1975.00,0.00,98006.00,47.56,-122.19,3070.00,12378.00
4099100260.00,20140903T000000,589000.00,3.00,2.50,2940.00,4799.00,1.00,0.00,0.00,3.00,9.00,1710.00,1230.00,1996.00,0.00,98033.00,47.67,-122.18,2540.00,4616.00
3365900520.00,20140618T000000,192500.00,3.00,1.00,1080.00,8580.00,1.50,0.00,0.00,3.00,6.00,1080.00,0.00,1900.00,0.00,98168.00,47.47,-122.26,1800.00,12672.00
8964800890.00,20150109T000000,3200000.00,3.00,3.25,4560.00,13363.00,1.00,0.00,4.00,3.00,11.00,2760.00,1800.00,1995.00,0.00,98004.00,47.62,-122.21,4060.00,13362.00
7977200055.00,20150213T000000,550000.00,3.00,1.00,1010.00,6120.00,1.00,0.00,0.00,3.00,7.00,860.00,150.00,1940.00,0.00,98115.00,47.69,-122.30,1930.00,6120.00
7589700106.00,20141014T000000,460000.00,2.00,1.50,1790.00,3760.00,1.50,0.00,0.00,4.00,8.00,1280.00,510.00,1928.00,0.00,98117.00,47.69,-122.37,1540.00,5080.00
9324300030.00,20140703T000000,264500.00,4.00,2.25,2060.00,11385.00,1.00,0.00,0.00,4.00,7.00,1200.00,860.00,1962.00,0.00,98023.00,47.31,-122.36,2110.00,11385.00
5347200070.00,20150427T000000,339000.00,3.00,1.00,1150.00,2496.00,1.00,0.00,0.00,3.00,6.00,1010.00,140.00,1947.00,0.00,98126.00,47.52,-122.38,1340.00,1203.00
2771600550.00,20141112T000000,950000.00,4.00,3.50,4030.00,4200.00,3.00,0.00,0.00,3.00,9.00,4030.00,0.00,1992.00,0.00,98199.00,47.64,-122.39,2130.00,5000.00
5456000135.00,20140822T000000,677500.00,3.00,1.75,2020.00,9718.00,1.00,0.00,0.00,3.00,8.00,2020.00,0.00,1956.00,0.00,98040.00,47.57,-122.21,2370.00,8604.00
629811360.00,20141205T000000,690000.00,4.00,2.50,2740.00,8120.00,2.00,0.00,0.00,3.00,9.00,2740.00,0.00,1999.00,0.00,98074.00,47.61,-122.01,2780.00,8344.00
1354600160.00,20140509T000000,312000.00,4.00,2.25,1930.00,7452.00,1.00,0.00,0.00,3.00,7.00,1430.00,500.00,1984.00,0.00,98031.00,47.41,-122.19,1714.00,7200.00
8566100160.00,20141022T000000,840000.00,5.00,1.75,2500.00,11617.00,1.00,0.00,0.00,4.00,9.00,1560.00,940.00,1966.00,0.00,98040.00,47.54,-122.22,3370.00,11617.00
5104520550.00,20140701T000000,357500.00,3.00,3.50,2080.00,5100.00,2.00,0.00,0.00,3.00,8.00,2080.00,0.00,2004.00,0.00,98038.00,47.35,-122.01,2080.00,5100.00
2819100140.00,20150427T000000,675000.00,3.00,1.50,1460.00,6480.00,1.00,0.00,2.00,4.00,7.00,980.00,480.00,1940.00,0.00,98117.00,47.70,-122.40,2180.00,6912.00
7298020140.00,20141021T000000,515000.00,3.00,2.75,3290.00,11441.00,2.00,0.00,0.00,4.00,10.00,3290.00,0.00,1988.00,0.00,98023.00,47.31,-122.34,2600.00,12070.00
8929000140.00,20140623T000000,491234.00,4.00,2.50,1540.00,1860.00,2.00,0.00,0.00,3.00,8.00,1540.00,0.00,2014.00,0.00,98029.00,47.55,-122.00,1210.00,1090.00
9407600070.00,20150319T000000,290000.00,3.00,2.00,1310.00,6265.00,1.00,0.00,0.00,3.00,7.00,1310.00,0.00,1988.00,0.00,98038.00,47.39,-122.05,1100.00,6360.00
2896000510.00,20140821T000000,490000.00,4.00,2.50,2120.00,7820.00,1.00,0.00,0.00,3.00,8.00,1280.00,840.00,1975.00,0.00,98052.00,47.67,-122.15,2350.00,8605.00
1938000140.00,20150428T000000,810000.00,4.00,2.00,2920.00,10424.00,1.00,0.00,0.00,5.00,8.00,1520.00,1400.00,1964.00,0.00,98005.00,47.59,-122.17,2360.00,10696.00
4331000400.00,20150220T000000,252000.00,3.00,1.50,1150.00,13200.00,1.00,0.00,0.00,3.00,7.00,1150.00,0.00,1956.00,0.00,98166.00,47.48,-122.35,1220.00,13066.00
4031700030.00,20150410T000000,299999.00,3.00,2.50,2380.00,9719.00,2.00,0.00,0.00,3.00,8.00,2380.00,0.00,2001.00,0.00,98001.00,47.29,-122.28,2830.00,11505.00
1722800860.00,20150309T000000,400000.00,3.00,2.75,2220.00,5000.00,2.00,0.00,0.00,3.00,7.00,2220.00,0.00,1993.00,0.00,98108.00,47.55,-122.32,960.00,5000.00
2491200955.00,20141229T000000,530000.00,5.00,2.00,3020.00,6000.00,1.50,0.00,0.00,5.00,7.00,1860.00,1160.00,1925.00,0.00,98126.00,47.52,-122.38,1380.00,6000.00
2013802030.00,20140911T000000,357000.00,3.00,2.00,2460.00,53882.00,1.00,1.00,4.00,3.00,7.00,2460.00,0.00,1955.00,0.00,98198.00,47.38,-122.33,2660.00,32625.00
1923300135.00,20150310T000000,365000.00,3.00,1.75,1820.00,5555.00,1.00,0.00,0.00,4.00,7.00,1030.00,790.00,1939.00,0.00,98103.00,47.69,-122.35,1420.00,4000.00
2391600335.00,20150203T000000,804000.00,4.00,2.50,2620.00,5060.00,2.00,0.00,0.00,3.00,9.00,2620.00,0.00,2005.00,0.00,98116.00,47.56,-122.39,900.00,5060.00
2425039017.00,20140904T000000,808250.00,3.00,2.00,1750.00,2640.00,1.00,0.00,0.00,3.00,8.00,1010.00,740.00,1914.00,2005.00,98119.00,47.64,-122.37,1750.00,4560.00
6752600320.00,20150514T000000,360000.00,4.00,2.50,2020.00,7289.00,2.00,0.00,0.00,3.00,7.00,2020.00,0.00,1994.00,0.00,98031.00,47.40,-122.17,2090.00,7259.00
193300140.00,20141023T000000,240000.00,3.00,1.75,1240.00,10956.00,1.00,0.00,0.00,3.00,6.00,1240.00,0.00,1987.00,0.00,98042.00,47.37,-122.15,1240.00,8137.00
5651010320.00,20140722T000000,335000.00,2.00,2.00,1380.00,5840.00,1.00,0.00,0.00,3.00,7.00,1380.00,0.00,1988.00,0.00,98011.00,47.77,-122.17,1810.00,5035.00
243000045.00,20140829T000000,380000.00,3.00,1.75,1920.00,8775.00,1.00,0.00,0.00,3.00,7.00,1920.00,0.00,1953.00,0.00,98166.00,47.45,-122.35,1560.00,8100.00
1558100398.00,20140515T000000,350000.00,3.00,1.75,1680.00,250470.00,1.00,0.00,0.00,4.00,7.00,1070.00,610.00,1940.00,0.00,98019.00,47.76,-121.93,1680.00,360000.00
4204400339.00,20140925T000000,194000.00,3.00,1.00,1400.00,7955.00,1.00,0.00,0.00,3.00,7.00,1400.00,0.00,1964.00,0.00,98055.00,47.48,-122.22,1160.00,14959.00
9567800140.00,20150325T000000,310000.00,3.00,1.00,1240.00,7194.00,1.00,0.00,0.00,3.00,6.00,1090.00,150.00,1936.00,0.00,98011.00,47.76,-122.20,2090.00,8514.00
4046500140.00,20150209T000000,315000.00,3.00,1.75,1410.00,15134.00,1.00,0.00,0.00,3.00,7.00,1410.00,0.00,1980.00,0.00,98014.00,47.69,-121.92,1770.00,15337.00
2115510160.00,20141208T000000,258950.00,3.00,1.75,1440.00,8050.00,1.00,0.00,0.00,3.00,8.00,1440.00,0.00,1985.00,0.00,98023.00,47.32,-122.39,1790.00,7488.00
9828702518.00,20140617T000000,479000.00,2.00,2.25,1230.00,932.00,2.00,0.00,0.00,3.00,8.00,1020.00,210.00,2004.00,0.00,98112.00,47.62,-122.30,1230.00,1064.00
3888100117.00,20141110T000000,510000.00,5.00,1.50,1550.00,9750.00,1.00,0.00,0.00,4.00,7.00,1550.00,0.00,1966.00,0.00,98033.00,47.68,-122.17,1970.00,9750.00
1775900140.00,20140709T000000,400000.00,3.00,2.00,1760.00,6875.00,1.00,0.00,0.00,4.00,8.00,1760.00,0.00,1967.00,0.00,98072.00,47.74,-122.09,1670.00,13650.00
6645950070.00,20150401T000000,1450000.00,4.00,3.50,5000.00,38012.00,2.00,0.00,0.00,3.00,11.00,3610.00,1390.00,2004.00,0.00,98029.00,47.55,-122.04,3850.00,18054.00
6840701160.00,20141029T000000,680000.00,5.00,2.00,2140.00,5000.00,1.50,0.00,0.00,4.00,7.00,2020.00,120.00,1913.00,0.00,98122.00,47.60,-122.30,1810.00,4400.00
1336800240.00,20140508T000000,1750000.00,6.00,3.00,3510.00,5760.00,2.50,0.00,0.00,4.00,10.00,3510.00,0.00,1906.00,0.00,98112.00,47.63,-122.31,3450.00,5760.00
3830200140.00,20140804T000000,335000.00,3.00,1.75,2010.00,9417.00,1.00,0.00,0.00,4.00,8.00,1500.00,510.00,1967.00,0.00,98030.00,47.37,-122.19,1200.00,8250.00
2473510260.00,20140623T000000,460000.00,5.00,2.50,3390.00,9760.00,1.00,0.00,0.00,5.00,8.00,1750.00,1640.00,1978.00,0.00,98058.00,47.45,-122.14,2360.00,9600.00
5056500260.00,20140502T000000,440000.00,4.00,2.25,2160.00,8119.00,1.00,0.00,0.00,3.00,8.00,1080.00,1080.00,1966.00,0.00,98006.00,47.54,-122.18,1850.00,9000.00
8682280260.00,20150326T000000,412250.00,2.00,2.00,1300.00,2983.00,1.00,0.00,0.00,3.00,8.00,1300.00,0.00,2006.00,0.00,98053.00,47.70,-122.02,1510.00,3876.00
7338000800.00,20141120T000000,185000.00,3.00,1.50,1280.00,4031.00,2.00,0.00,0.00,4.00,6.00,1280.00,0.00,1985.00,0.00,98002.00,47.33,-122.22,1150.00,4500.00
3260701160.00,20150407T000000,286500.00,3.00,2.00,1840.00,8140.00,1.00,0.00,0.00,4.00,7.00,1040.00,800.00,1975.00,0.00,98003.00,47.31,-122.33,1600.00,6720.00
3793500510.00,20150502T000000,422000.00,4.00,2.50,3200.00,6691.00,2.00,0.00,0.00,3.00,7.00,3200.00,0.00,2002.00,0.00,98038.00,47.37,-122.03,2610.00,6510.00
9485950340.00,20150319T000000,408000.00,3.00,2.25,2800.00,35362.00,2.00,0.00,0.00,3.00,9.00,2800.00,0.00,1985.00,0.00,98042.00,47.35,-122.09,2800.00,37058.00
2011400662.00,20141027T000000,306500.00,2.00,1.00,1390.00,19988.00,1.00,0.00,2.00,4.00,7.00,1390.00,0.00,1949.00,0.00,98198.00,47.40,-122.32,2580.00,10490.00
6699940320.00,20150413T000000,359900.00,4.00,2.50,2600.00,5188.00,2.00,0.00,0.00,3.00,8.00,2600.00,0.00,2005.00,0.00,98038.00,47.35,-122.04,2610.00,5188.00
6134500070.00,20140709T000000,560000.00,3.00,2.50,1960.00,6058.00,2.00,0.00,0.00,3.00,8.00,1960.00,0.00,2002.00,0.00,98053.00,47.63,-122.01,2480.00,6656.00
8807810890.00,20140827T000000,259875.00,3.00,1.00,1250.00,21303.00,1.00,0.00,0.00,3.00,6.00,1250.00,0.00,1970.00,0.00,98053.00,47.66,-122.06,1250.00,17920.00
8807810890.00,20141105T000000,385000.00,3.00,1.00,1250.00,21303.00,1.00,0.00,0.00,3.00,6.00,1250.00,0.00,1970.00,0.00,98053.00,47.66,-122.06,1250.00,17920.00
6453300055.00,20141007T000000,188000.00,1.00,1.00,550.00,16345.00,1.00,0.00,0.00,3.00,4.00,550.00,0.00,1945.00,0.00,98106.00,47.52,-122.34,1100.00,9240.00
1118001820.00,20140615T000000,1142000.00,4.00,3.25,2500.00,5801.00,1.50,0.00,0.00,3.00,8.00,1960.00,540.00,1926.00,0.00,98112.00,47.63,-122.29,3670.00,7350.00
8570900023.00,20141010T000000,255000.00,3.00,1.00,1250.00,10094.00,1.00,0.00,0.00,4.00,6.00,1250.00,0.00,1927.00,0.00,98045.00,47.50,-121.78,1300.00,10094.00
629000510.00,20140730T000000,1185000.00,4.00,2.75,3020.00,8622.00,2.00,0.00,0.00,3.00,9.00,3020.00,0.00,1976.00,2003.00,98004.00,47.59,-122.20,3060.00,14303.00
2028701000.00,20140529T000000,635200.00,4.00,1.75,1640.00,4240.00,1.00,0.00,0.00,5.00,7.00,920.00,720.00,1921.00,0.00,98117.00,47.68,-122.37,1300.00,4240.00
7147400045.00,20150428T000000,355000.00,3.00,1.75,1870.00,8250.00,2.00,0.00,0.00,3.00,7.00,1870.00,0.00,1956.00,1979.00,98188.00,47.45,-122.29,1350.00,8714.00
3180100023.00,20150130T000000,544000.00,3.00,2.50,1760.00,1755.00,3.50,0.00,0.00,3.00,8.00,1760.00,0.00,1998.00,0.00,98105.00,47.67,-122.28,1700.00,1721.00
1032000079.00,20150422T000000,402000.00,3.00,1.50,1320.00,3145.00,2.00,0.00,0.00,3.00,7.00,1320.00,0.00,1998.00,0.00,98144.00,47.59,-122.30,1320.00,3002.00
7010700860.00,20141226T000000,575000.00,4.00,1.50,1430.00,4163.00,1.50,0.00,0.00,3.00,7.00,1430.00,0.00,1910.00,0.00,98199.00,47.66,-122.40,1500.00,4000.00
5547500070.00,20140724T000000,216000.00,3.00,1.75,1580.00,9705.00,1.00,0.00,0.00,4.00,7.00,1580.00,0.00,1977.00,0.00,98042.00,47.38,-122.09,1580.00,9942.00
7237501040.00,20140617T000000,1200000.00,4.00,3.50,4170.00,9748.00,2.00,0.00,0.00,3.00,11.00,4170.00,0.00,2004.00,0.00,98059.00,47.53,-122.13,4560.00,10589.00
7284900030.00,20140522T000000,850000.00,4.00,3.25,3090.00,6744.00,2.00,0.00,4.00,3.00,9.00,3090.00,0.00,1923.00,2015.00,98177.00,47.77,-122.39,2020.00,6656.00
3277801646.00,20140516T000000,238000.00,3.00,2.00,1020.00,1204.00,2.00,0.00,0.00,3.00,7.00,720.00,300.00,2004.00,0.00,98126.00,47.54,-122.38,1360.00,1506.00
8722101370.00,20150413T000000,625000.00,4.00,1.75,2180.00,4431.00,1.50,0.00,0.00,3.00,8.00,2020.00,160.00,1912.00,0.00,98112.00,47.64,-122.30,1890.00,4400.00
2436200200.00,20140701T000000,1110000.00,5.00,3.25,3350.00,4000.00,2.00,0.00,0.00,4.00,8.00,2510.00,840.00,1997.00,0.00,98105.00,47.66,-122.29,1620.00,4000.00
2716600273.00,20140528T000000,820000.00,3.00,2.50,2510.00,5503.00,2.00,0.00,2.00,3.00,9.00,2510.00,0.00,1995.00,0.00,98136.00,47.54,-122.38,1790.00,6099.00
1795700030.00,20141201T000000,355000.00,3.00,2.50,1880.00,5290.00,1.00,0.00,0.00,3.00,8.00,1250.00,630.00,1974.00,0.00,98108.00,47.54,-122.30,2030.00,5092.00
9421500160.00,20150303T000000,495000.00,4.00,1.50,1810.00,7998.00,1.00,0.00,0.00,3.00,8.00,1210.00,600.00,1960.00,0.00,98125.00,47.73,-122.30,1830.00,7763.00
4139910030.00,20150302T000000,1300000.00,5.00,2.50,4170.00,33310.00,2.00,0.00,0.00,4.00,11.00,4170.00,0.00,1991.00,0.00,98006.00,47.55,-122.13,4670.00,37960.00
3080000030.00,20140505T000000,398750.00,3.00,2.50,2230.00,4000.00,2.00,0.00,0.00,3.00,7.00,2230.00,0.00,1954.00,0.00,98144.00,47.58,-122.31,1310.00,4000.00
2568200070.00,20140716T000000,835000.00,4.00,2.50,3650.00,7784.00,2.00,0.00,0.00,3.00,9.00,3650.00,0.00,2006.00,0.00,98052.00,47.71,-122.10,3150.00,6442.00
1546600565.00,20141002T000000,705000.00,6.00,2.75,2830.00,10579.00,1.00,0.00,0.00,4.00,8.00,1430.00,1400.00,1967.00,0.00,98005.00,47.64,-122.17,2060.00,10745.00
9187200045.00,20150504T000000,625000.00,4.00,1.50,2120.00,5000.00,2.00,0.00,0.00,4.00,8.00,2120.00,0.00,1900.00,0.00,98122.00,47.60,-122.30,1830.00,5000.00
8078450340.00,20150211T000000,550000.00,4.00,2.50,2090.00,6926.00,2.00,0.00,0.00,3.00,8.00,2090.00,0.00,1990.00,0.00,98074.00,47.63,-122.02,2000.00,7151.00
9297301535.00,20140529T000000,540000.00,3.00,1.50,2600.00,5085.00,1.00,0.00,0.00,4.00,7.00,1400.00,1200.00,1940.00,0.00,98126.00,47.57,-122.38,1320.00,4000.00
6431000196.00,20140604T000000,519000.00,2.00,1.00,830.00,2820.00,1.00,0.00,0.00,4.00,7.00,830.00,0.00,1920.00,0.00,98103.00,47.69,-122.35,1460.00,3150.00
9406520260.00,20150128T000000,311000.00,4.00,2.50,1975.00,8734.00,2.00,0.00,0.00,3.00,7.00,1975.00,0.00,1996.00,0.00,98038.00,47.36,-122.03,1975.00,8538.00
9510900140.00,20150406T000000,305000.00,4.00,2.50,1900.00,7000.00,1.00,0.00,0.00,2.00,7.00,1420.00,480.00,1968.00,0.00,98023.00,47.31,-122.38,1600.00,7600.00
7932600140.00,20140703T000000,395000.00,4.00,2.75,2640.00,35070.00,1.50,0.00,0.00,3.00,8.00,2640.00,0.00,1963.00,0.00,98058.00,47.42,-122.18,2520.00,34986.00
7864500140.00,20141107T000000,275000.00,4.00,1.50,1610.00,6923.00,1.00,0.00,0.00,3.00,6.00,1010.00,600.00,1969.00,0.00,98198.00,47.37,-122.31,1320.00,7684.00
3629960550.00,20140807T000000,450000.00,3.00,3.25,1770.00,1863.00,2.00,0.00,0.00,3.00,8.00,1430.00,340.00,2003.00,0.00,98029.00,47.55,-122.01,1410.00,1375.00
2239000016.00,20140911T000000,324000.00,2.00,1.00,1070.00,6000.00,1.00,0.00,0.00,3.00,7.00,1070.00,0.00,1955.00,0.00,98133.00,47.73,-122.33,1490.00,7622.00
1069000070.00,20150415T000000,2795000.00,5.00,3.25,4590.00,12793.00,2.00,0.00,2.00,5.00,11.00,3590.00,1000.00,1928.00,0.00,98199.00,47.65,-122.41,2920.00,8609.00
1972201550.00,20140716T000000,565000.00,4.00,1.00,1540.00,2452.00,1.50,0.00,0.00,4.00,7.00,1540.00,0.00,1906.00,0.00,98103.00,47.65,-122.35,1290.00,3360.00
5469000140.00,20140707T000000,373000.00,4.00,1.75,1590.00,7920.00,2.00,0.00,0.00,4.00,7.00,1590.00,0.00,1960.00,0.00,98133.00,47.75,-122.34,1720.00,7998.00
7871500685.00,20140708T000000,613000.00,2.00,2.00,1170.00,1890.00,1.50,0.00,1.00,4.00,8.00,1170.00,0.00,1927.00,0.00,98119.00,47.64,-122.37,2160.00,4000.00
7214820200.00,20141107T000000,614000.00,4.00,2.25,2880.00,9996.00,1.00,0.00,0.00,4.00,8.00,1920.00,960.00,1981.00,0.00,98072.00,47.76,-122.14,2410.00,10584.00
6072300800.00,20150505T000000,595000.00,4.00,1.75,2510.00,8989.00,1.00,0.00,0.00,4.00,8.00,1680.00,830.00,1964.00,0.00,98006.00,47.56,-122.17,2510.00,8931.00
6817801040.00,20140821T000000,440000.00,2.00,1.00,1280.00,12086.00,1.00,0.00,0.00,3.00,7.00,850.00,430.00,1983.00,0.00,98074.00,47.63,-122.03,1280.00,10452.00
6117500160.00,20150317T000000,425000.00,3.00,1.50,1570.00,12412.00,1.00,0.00,3.00,3.00,8.00,1570.00,0.00,1954.00,0.00,98166.00,47.44,-122.35,2130.00,12412.00
5100401516.00,20140925T000000,407000.00,2.00,1.00,740.00,6380.00,1.00,0.00,0.00,3.00,6.00,740.00,0.00,1912.00,0.00,98115.00,47.69,-122.32,1800.00,6380.00
6751100125.00,20140825T000000,472000.00,3.00,1.50,1740.00,9038.00,1.00,0.00,0.00,4.00,7.00,1740.00,0.00,1955.00,0.00,98007.00,47.59,-122.14,1390.00,9770.00
2771602420.00,20140617T000000,472000.00,3.00,2.50,1180.00,1262.00,3.00,0.00,0.00,3.00,8.00,1180.00,0.00,2010.00,0.00,98119.00,47.64,-122.38,1180.00,2632.00
3585900045.00,20141022T000000,1250000.00,5.00,2.75,2960.00,28300.00,1.00,0.00,3.00,4.00,9.00,2160.00,800.00,1959.00,0.00,98177.00,47.76,-122.37,2940.00,23250.00
2492200055.00,20140708T000000,412000.00,3.00,1.75,1880.00,5752.00,1.00,0.00,0.00,4.00,7.00,940.00,940.00,1945.00,0.00,98126.00,47.54,-122.38,1110.00,5201.00
461004730.00,20150406T000000,717000.00,3.00,1.00,1150.00,5000.00,1.00,0.00,0.00,3.00,8.00,1150.00,0.00,1959.00,2015.00,98117.00,47.68,-122.37,1160.00,5000.00
4038000055.00,20140812T000000,425000.00,3.00,1.00,1320.00,7076.00,1.00,0.00,0.00,4.00,7.00,1320.00,0.00,1959.00,0.00,98008.00,47.61,-122.12,1510.00,9000.00
4338800685.00,20140819T000000,299999.00,4.00,2.00,1640.00,7200.00,1.00,0.00,0.00,5.00,6.00,820.00,820.00,1944.00,0.00,98166.00,47.48,-122.35,1640.00,8200.00
2215901230.00,20150507T000000,254000.00,3.00,2.00,1470.00,7694.00,1.00,0.00,0.00,4.00,7.00,1470.00,0.00,1992.00,0.00,98038.00,47.35,-122.05,1580.00,7480.00
2730000270.00,20150212T000000,178500.00,3.00,1.00,900.00,10511.00,1.00,0.00,0.00,4.00,6.00,900.00,0.00,1961.00,0.00,98001.00,47.29,-122.27,1460.00,10643.00
2397100560.00,20141121T000000,800000.00,3.00,1.75,1510.00,3600.00,1.00,0.00,0.00,5.00,8.00,1230.00,280.00,1910.00,0.00,98119.00,47.64,-122.36,1300.00,3600.00
5100403754.00,20140911T000000,420000.00,3.00,1.00,1440.00,5623.00,1.00,0.00,0.00,4.00,6.00,720.00,720.00,1922.00,0.00,98115.00,47.70,-122.32,1280.00,5623.00
5634500891.00,20150312T000000,319900.00,2.00,1.00,1380.00,9251.00,1.00,0.00,0.00,3.00,7.00,1380.00,0.00,1940.00,0.00,98028.00,47.75,-122.25,1870.00,12158.00
3834000004.00,20150302T000000,350000.00,2.00,1.50,1150.00,7552.00,1.00,0.00,1.00,3.00,7.00,1150.00,0.00,1944.00,0.00,98125.00,47.73,-122.29,1910.00,8145.00
5569700075.00,20140528T000000,968000.00,6.00,2.75,3610.00,17580.00,1.00,0.00,4.00,5.00,9.00,2070.00,1540.00,1959.00,0.00,98075.00,47.57,-122.07,2890.00,14060.00
476000338.00,20150225T000000,491000.00,3.00,2.00,1250.00,1306.00,3.00,0.00,0.00,3.00,7.00,1250.00,0.00,2000.00,0.00,98107.00,47.67,-122.39,1320.00,1306.00
3299610260.00,20150421T000000,948000.00,3.00,2.50,3510.00,9824.00,2.00,0.00,0.00,3.00,9.00,3510.00,0.00,2002.00,0.00,98075.00,47.56,-122.03,3510.00,10588.00
4441300075.00,20140924T000000,900000.00,3.00,2.50,2260.00,9577.00,2.00,0.00,0.00,3.00,8.00,1700.00,560.00,1925.00,2004.00,98117.00,47.69,-122.40,1740.00,10240.00
1796200140.00,20150309T000000,270000.00,3.00,1.75,2840.00,9800.00,1.00,0.00,0.00,4.00,7.00,1420.00,1420.00,1977.00,0.00,98042.00,47.35,-122.12,1650.00,9590.00
5029451230.00,20140617T000000,198000.00,3.00,1.50,1430.00,7347.00,1.00,0.00,0.00,3.00,7.00,820.00,610.00,1980.00,0.00,98023.00,47.29,-122.37,1430.00,8723.00
2523039282.00,20141121T000000,250000.00,2.00,1.00,1420.00,21158.00,1.00,0.00,0.00,3.00,7.00,1420.00,0.00,1953.00,0.00,98166.00,47.46,-122.36,1220.00,8625.00
3629971290.00,20140730T000000,615000.00,4.00,2.50,2120.00,3720.00,2.00,0.00,0.00,3.00,8.00,2120.00,0.00,2004.00,0.00,98029.00,47.55,-121.99,2170.00,3720.00
8078350520.00,20140916T000000,550000.00,3.00,2.50,2080.00,7749.00,2.00,0.00,0.00,3.00,8.00,2080.00,0.00,1988.00,0.00,98029.00,47.57,-122.02,2210.00,7471.00
3395380200.00,20141017T000000,190000.00,2.00,2.50,1370.00,3438.00,2.00,0.00,0.00,3.00,7.00,1370.00,0.00,1987.00,0.00,98188.00,47.46,-122.28,1370.00,2308.00
1687910200.00,20141007T000000,629000.00,4.00,2.25,1900.00,11171.00,1.00,0.00,0.00,3.00,8.00,1280.00,620.00,1984.00,0.00,98006.00,47.56,-122.13,2330.00,9934.00
3818700016.00,20141007T000000,434000.00,3.00,1.75,1660.00,8301.00,1.00,0.00,0.00,5.00,7.00,1660.00,0.00,1955.00,0.00,98028.00,47.76,-122.26,1660.00,9489.00
9842300036.00,20141008T000000,415885.00,3.00,1.00,1310.00,4163.00,1.00,0.00,0.00,4.00,7.00,1310.00,0.00,1964.00,0.00,98126.00,47.53,-122.38,1120.00,4166.00
4206901550.00,20140602T000000,550000.00,3.00,2.50,1840.00,3035.00,1.00,0.00,0.00,3.00,7.00,920.00,920.00,1926.00,0.00,98105.00,47.66,-122.33,1780.00,4000.00
3878900681.00,20150121T000000,272000.00,1.00,0.75,1040.00,6034.00,1.00,0.00,1.00,3.00,7.00,580.00,460.00,1991.00,0.00,98178.00,47.51,-122.25,1560.00,5650.00
2195700270.00,20140627T000000,665000.00,3.00,2.50,2610.00,35000.00,2.00,0.00,0.00,3.00,10.00,2610.00,0.00,1988.00,0.00,98072.00,47.74,-122.10,3060.00,35427.00
2824059128.00,20141009T000000,510000.00,3.00,2.00,1990.00,7405.00,1.00,0.00,0.00,5.00,7.00,1990.00,0.00,1971.00,0.00,98006.00,47.54,-122.17,2120.00,6462.00
7635801370.00,20140904T000000,530000.00,3.00,2.00,3080.00,17700.00,1.00,0.00,0.00,4.00,8.00,1740.00,1340.00,1965.00,0.00,98166.00,47.47,-122.37,2100.00,15100.00
1775910270.00,20141020T000000,355000.00,3.00,1.00,1200.00,16000.00,1.00,0.00,0.00,3.00,7.00,1200.00,0.00,1970.00,0.00,98072.00,47.75,-122.10,1960.00,15500.00
5245400030.00,20150223T000000,255000.00,4.00,1.00,1250.00,9102.00,1.00,0.00,0.00,3.00,7.00,1250.00,0.00,1955.00,0.00,98148.00,47.43,-122.33,1260.00,9180.00
2600400030.00,20140724T000000,790000.00,4.00,2.75,2640.00,9000.00,2.00,0.00,0.00,3.00,10.00,2640.00,0.00,1990.00,0.00,98052.00,47.65,-122.13,2980.00,9137.00
3860900111.00,20141202T000000,695000.00,5.00,1.75,1790.00,9335.00,2.00,0.00,0.00,5.00,8.00,1790.00,0.00,1952.00,0.00,98004.00,47.59,-122.20,1840.00,9612.00
9558800030.00,20141107T000000,255000.00,2.00,2.00,1140.00,8400.00,1.00,0.00,0.00,2.00,7.00,1140.00,0.00,1954.00,0.00,98148.00,47.44,-122.34,1130.00,9375.00
255000270.00,20140723T000000,410000.00,3.00,2.25,1790.00,5794.00,1.50,0.00,0.00,3.00,7.00,1380.00,410.00,1985.00,0.00,98072.00,47.75,-122.17,2140.00,7769.00
3526039074.00,20140625T000000,650000.00,4.00,2.75,1910.00,16532.00,1.00,0.00,0.00,4.00,7.00,1420.00,490.00,1940.00,0.00,98117.00,47.70,-122.39,2300.00,8250.00
4083304355.00,20150318T000000,675000.00,4.00,1.75,1530.00,3615.00,1.50,0.00,0.00,4.00,7.00,1530.00,0.00,1913.00,0.00,98103.00,47.65,-122.33,1650.00,4200.00
6840701610.00,20140701T000000,332888.00,2.00,2.50,1050.00,1029.00,2.00,0.00,0.00,3.00,8.00,950.00,100.00,2007.00,0.00,98122.00,47.60,-122.30,1350.00,3600.00
2212200270.00,20150220T000000,300000.00,3.00,1.75,1730.00,6900.00,1.00,0.00,0.00,4.00,7.00,1130.00,600.00,1976.00,0.00,98031.00,47.39,-122.19,1950.00,7200.00
2203500140.00,20140801T000000,320000.00,4.00,1.50,1100.00,11824.00,1.00,0.00,0.00,4.00,7.00,1100.00,0.00,1954.00,0.00,98006.00,47.57,-122.14,1380.00,11796.00
9353301070.00,20150508T000000,342500.00,5.00,2.25,2100.00,10726.00,1.00,0.00,0.00,4.00,7.00,1050.00,1050.00,1963.00,0.00,98059.00,47.49,-122.13,2100.00,10726.00
1326059185.00,20150320T000000,752875.00,4.00,2.50,2800.00,72309.00,2.00,0.00,0.00,3.00,9.00,2800.00,0.00,1992.00,0.00,98072.00,47.74,-122.11,2280.00,36420.00
46100350.00,20140630T000000,1730000.00,5.00,3.50,5000.00,26540.00,2.00,0.00,3.00,3.00,10.00,3410.00,1590.00,2008.00,0.00,98040.00,47.57,-122.21,3360.00,17398.00
7987400316.00,20140814T000000,255000.00,1.00,0.50,880.00,1642.00,1.00,0.00,0.00,3.00,6.00,500.00,380.00,1910.00,0.00,98126.00,47.57,-122.37,1410.00,2992.00
3971702325.00,20141103T000000,244000.00,3.00,2.50,1470.00,9337.00,2.00,0.00,0.00,3.00,7.00,1470.00,0.00,1991.00,0.00,98155.00,47.77,-122.32,1360.00,8684.00
7419500200.00,20150401T000000,1420000.00,5.00,3.25,3950.00,11438.00,2.00,0.00,2.00,3.00,10.00,3430.00,520.00,2006.00,0.00,98033.00,47.69,-122.19,2070.00,10751.00
923049468.00,20141110T000000,218000.00,3.00,1.00,980.00,12812.00,1.00,0.00,0.00,3.00,7.00,980.00,0.00,1956.00,0.00,98168.00,47.49,-122.31,1430.00,8986.00
5589300435.00,20141203T000000,359000.00,4.00,1.00,2180.00,10617.00,1.50,0.00,0.00,3.00,7.00,2180.00,0.00,1950.00,0.00,98155.00,47.75,-122.31,1360.00,9519.00
3303990030.00,20141027T000000,840000.00,4.00,2.75,3040.00,13559.00,2.00,0.00,0.00,3.00,11.00,3040.00,0.00,2003.00,0.00,98059.00,47.52,-122.15,3830.00,12202.00
2926069083.00,20140507T000000,900000.00,5.00,3.75,4130.00,226076.00,2.00,0.00,0.00,3.00,9.00,3170.00,960.00,1985.00,0.00,98077.00,47.72,-122.07,4130.00,55321.00
3622059157.00,20141009T000000,205000.00,4.00,1.75,1850.00,65340.00,1.50,0.00,0.00,4.00,7.00,1850.00,0.00,1972.00,0.00,98042.00,47.35,-122.11,1750.00,40946.00
5466350160.00,20150121T000000,205000.00,3.00,2.50,1600.00,7295.00,2.00,0.00,0.00,2.00,7.00,1600.00,0.00,1993.00,0.00,98042.00,47.39,-122.17,1410.00,9000.00
4174600262.00,20150408T000000,500000.00,2.00,1.50,2070.00,5432.00,2.00,0.00,0.00,3.00,7.00,1370.00,700.00,1951.00,0.00,98108.00,47.56,-122.30,2070.00,5505.00
9477940390.00,20150109T000000,510000.00,4.00,2.50,3180.00,5405.00,2.00,0.00,0.00,3.00,7.00,3180.00,0.00,2001.00,0.00,98059.00,47.49,-122.14,2610.00,5403.00
1126069045.00,20140620T000000,1135000.00,6.00,4.25,6900.00,244716.00,2.00,0.00,0.00,4.00,9.00,4820.00,2080.00,2002.00,0.00,98077.00,47.75,-122.01,4170.00,266587.00
6096500105.00,20150430T000000,1545000.00,4.00,2.25,2640.00,3000.00,2.00,0.00,0.00,3.00,7.00,2080.00,560.00,1908.00,0.00,98109.00,47.63,-122.34,1910.00,3000.00
2923069037.00,20140721T000000,210000.00,3.00,1.50,1920.00,61014.00,1.00,0.00,0.00,3.00,6.00,1920.00,0.00,1953.00,0.00,98038.00,47.44,-122.07,1616.00,61014.00
5649300160.00,20141209T000000,597500.00,3.00,1.75,2030.00,32565.00,1.00,0.00,0.00,3.00,8.00,1600.00,430.00,1981.00,0.00,98052.00,47.71,-122.10,2910.00,34190.00
3121059036.00,20141029T000000,400000.00,2.00,1.00,1140.00,101529.00,1.50,0.00,0.00,3.00,6.00,1140.00,0.00,1932.00,0.00,98092.00,47.26,-122.23,1580.00,101529.00
6136900045.00,20140821T000000,412000.00,3.00,1.00,1660.00,6992.00,1.00,0.00,0.00,5.00,7.00,1260.00,400.00,1952.00,0.00,98155.00,47.76,-122.32,1390.00,7359.00
2426039247.00,20150325T000000,299950.00,2.00,1.50,1390.00,1756.00,3.00,0.00,0.00,3.00,7.00,1390.00,0.00,2005.00,0.00,98133.00,47.73,-122.36,1340.00,1756.00
8818400340.00,20150423T000000,1081000.00,4.00,3.00,2490.00,4325.00,1.50,0.00,0.00,3.00,8.00,1690.00,800.00,1922.00,2003.00,98105.00,47.66,-122.33,1960.00,4284.00
7429000240.00,20141118T000000,422500.00,4.00,2.50,2550.00,8824.00,2.00,0.00,0.00,3.00,9.00,2550.00,0.00,1990.00,0.00,98031.00,47.40,-122.21,2630.00,11237.00
3888100030.00,20140714T000000,410000.00,3.00,2.00,1270.00,10227.00,1.00,0.00,0.00,4.00,6.00,1270.00,0.00,1968.00,0.00,98033.00,47.69,-122.17,1470.00,9750.00
5699000070.00,20140528T000000,1400000.00,4.00,3.25,2980.00,7000.00,2.00,0.00,3.00,3.00,10.00,2140.00,840.00,1900.00,2014.00,98144.00,47.59,-122.29,2200.00,4800.00
8731982470.00,20140715T000000,245000.00,3.00,2.00,1470.00,8000.00,1.00,0.00,0.00,4.00,8.00,1470.00,0.00,1974.00,0.00,98023.00,47.32,-122.39,1980.00,8000.00
6899990200.00,20140702T000000,720000.00,4.00,3.00,3550.00,12327.00,1.50,0.00,0.00,4.00,10.00,2180.00,1370.00,1990.00,0.00,98011.00,47.75,-122.21,3170.00,12937.00
4154300505.00,20141024T000000,315000.00,2.00,1.00,780.00,7200.00,1.00,0.00,0.00,2.00,6.00,780.00,0.00,1935.00,0.00,98118.00,47.56,-122.28,1750.00,7200.00
9268710140.00,20150224T000000,191950.00,2.00,2.50,1390.00,1302.00,2.00,0.00,0.00,3.00,7.00,1390.00,0.00,1987.00,0.00,98003.00,47.31,-122.33,1390.00,2052.00
9290860140.00,20140923T000000,455000.00,4.00,2.50,2440.00,5001.00,2.00,0.00,0.00,3.00,8.00,2440.00,0.00,2005.00,0.00,98056.00,47.51,-122.19,2260.00,5001.00
5708500270.00,20140516T000000,523000.00,3.00,1.50,1260.00,3135.00,1.50,0.00,0.00,3.00,8.00,1260.00,0.00,1931.00,0.00,98116.00,47.58,-122.39,1700.00,4180.00
16000200.00,20141024T000000,250000.00,3.00,2.25,1640.00,4420.00,2.00,0.00,0.00,4.00,7.00,1640.00,0.00,1918.00,1983.00,98002.00,47.31,-122.21,1230.00,6632.00
1352300520.00,20150113T000000,294000.00,3.00,3.00,1670.00,4120.00,1.50,0.00,0.00,3.00,7.00,1140.00,530.00,1929.00,2012.00,98055.00,47.49,-122.20,1010.00,4120.00
5207200160.00,20141010T000000,490000.00,3.00,2.25,2380.00,6000.00,1.00,0.00,0.00,3.00,8.00,2040.00,340.00,1961.00,0.00,98115.00,47.70,-122.28,1680.00,7200.00
9284800844.00,20140916T000000,310000.00,4.00,1.00,1030.00,5750.00,1.00,0.00,0.00,3.00,7.00,1030.00,0.00,1971.00,0.00,98126.00,47.55,-122.37,1250.00,5750.00
5602000105.00,20140721T000000,265000.00,3.00,1.50,1560.00,10489.00,1.00,0.00,0.00,5.00,7.00,1560.00,0.00,1961.00,0.00,98022.00,47.20,-122.00,1400.00,10489.00
3585220340.00,20140811T000000,402000.00,4.00,1.75,1640.00,10500.00,1.00,0.00,0.00,4.00,7.00,1010.00,630.00,1968.00,0.00,98052.00,47.69,-122.12,1680.00,7650.00
220069083.00,20140509T000000,705000.00,2.00,2.50,2200.00,188200.00,1.00,0.00,3.00,3.00,8.00,2200.00,0.00,2007.00,0.00,98022.00,47.25,-122.00,2700.00,84942.00
5104531290.00,20141124T000000,589450.00,4.00,2.50,3190.00,7941.00,2.00,0.00,0.00,3.00,10.00,3190.00,0.00,2005.00,0.00,98038.00,47.35,-122.00,3190.00,7255.00
8125200273.00,20141223T000000,219950.00,3.00,1.50,1200.00,8404.00,1.00,0.00,0.00,3.00,7.00,1200.00,0.00,1964.00,0.00,98188.00,47.45,-122.27,2120.00,12000.00
3176600105.00,20140813T000000,750000.00,3.00,2.25,2250.00,5301.00,2.00,0.00,0.00,4.00,8.00,1510.00,740.00,1975.00,0.00,98115.00,47.67,-122.27,2240.00,7200.00
6821101275.00,20140821T000000,478000.00,2.00,1.75,1960.00,6000.00,1.00,0.00,0.00,4.00,7.00,980.00,980.00,1904.00,0.00,98199.00,47.65,-122.40,1650.00,6000.00
5379802090.00,20140714T000000,170000.00,3.00,1.00,1250.00,7015.00,1.00,0.00,0.00,3.00,7.00,1250.00,0.00,1958.00,0.00,98188.00,47.45,-122.29,1510.00,11460.00
3211240320.00,20140612T000000,489950.00,4.00,2.25,2640.00,31941.00,1.00,0.00,0.00,4.00,9.00,2640.00,0.00,1986.00,0.00,98092.00,47.31,-122.12,2780.00,35365.00
486000520.00,20140606T000000,1370000.00,2.00,2.25,2460.00,16940.00,1.50,0.00,4.00,4.00,9.00,1930.00,530.00,1936.00,0.00,98117.00,47.68,-122.40,2260.00,6851.00
705710640.00,20150302T000000,319950.00,3.00,2.50,1700.00,7000.00,2.00,0.00,0.00,3.00,7.00,1700.00,0.00,1996.00,0.00,98038.00,47.38,-122.03,1950.00,7000.00
2185000685.00,20141124T000000,208417.00,2.00,1.00,840.00,4200.00,1.00,0.00,0.00,3.00,5.00,840.00,0.00,1938.00,0.00,98108.00,47.53,-122.32,830.00,5000.00
7518502030.00,20141117T000000,410000.00,4.00,2.00,1900.00,5100.00,1.00,0.00,0.00,3.00,6.00,950.00,950.00,1914.00,1973.00,98117.00,47.68,-122.38,1230.00,5100.00
4078300024.00,20140725T000000,590000.00,4.00,2.75,2160.00,4205.00,1.00,0.00,3.00,3.00,7.00,1080.00,1080.00,1969.00,0.00,98125.00,47.71,-122.28,2450.00,6014.00
6071400710.00,20150429T000000,648000.00,3.00,1.75,1610.00,10229.00,1.00,0.00,0.00,5.00,8.00,1610.00,0.00,1961.00,0.00,98006.00,47.55,-122.17,2270.00,8800.00
4136950200.00,20140627T000000,255000.00,3.00,2.50,1720.00,6194.00,2.00,0.00,0.00,3.00,8.00,1720.00,0.00,1998.00,0.00,98092.00,47.26,-122.22,1720.00,6211.00
9527300200.00,20140825T000000,465000.00,4.00,2.75,2190.00,3267.00,2.00,0.00,0.00,3.00,8.00,2190.00,0.00,2004.00,0.00,98072.00,47.78,-122.17,2190.00,3619.00
6071000310.00,20150128T000000,622000.00,4.00,1.75,3020.00,10714.00,1.00,0.00,0.00,5.00,8.00,1510.00,1510.00,1958.00,0.00,98006.00,47.56,-122.18,2230.00,14400.00
9183702220.00,20140915T000000,306000.00,3.00,1.75,1980.00,9800.00,1.00,0.00,0.00,3.00,7.00,1980.00,0.00,1991.00,0.00,98030.00,47.37,-122.22,1630.00,7650.00
369000045.00,20141010T000000,617000.00,3.00,2.50,1880.00,5500.00,2.00,0.00,0.00,4.00,7.00,1880.00,0.00,1947.00,2007.00,98199.00,47.66,-122.39,1230.00,5500.00
2826049117.00,20140528T000000,438750.00,3.00,1.75,1610.00,6480.00,1.00,0.00,0.00,4.00,7.00,1610.00,0.00,1947.00,0.00,98125.00,47.71,-122.31,1230.00,8040.00
811000055.00,20140925T000000,1280000.00,4.00,3.00,3260.00,4500.00,2.00,0.00,0.00,3.00,9.00,2300.00,960.00,1930.00,2014.00,98109.00,47.63,-122.35,2410.00,4995.00
7154200070.00,20141124T000000,995000.00,5.00,3.25,3970.00,8029.00,2.00,0.00,2.00,3.00,9.00,2970.00,1000.00,1979.00,0.00,98177.00,47.78,-122.39,2520.00,8214.00
2303900045.00,20140623T000000,1580000.00,4.00,2.50,4570.00,74487.00,2.00,0.00,4.00,5.00,12.00,4570.00,0.00,1948.00,1985.00,98177.00,47.73,-122.37,3810.00,74487.00
1254200045.00,20150422T000000,635000.00,5.00,2.75,2620.00,5500.00,1.50,0.00,0.00,3.00,7.00,1710.00,910.00,1911.00,0.00,98117.00,47.68,-122.39,1790.00,5500.00
8731730710.00,20140728T000000,215000.00,3.00,1.00,1180.00,9000.00,1.00,0.00,0.00,4.00,7.00,1180.00,0.00,1970.00,0.00,98031.00,47.39,-122.17,1290.00,8316.00
9528104109.00,20141027T000000,530000.00,3.00,2.50,1365.00,1090.00,3.00,0.00,0.00,3.00,7.00,1315.00,50.00,2003.00,0.00,98115.00,47.68,-122.32,1360.00,1124.00
3298700012.00,20150320T000000,295000.00,2.00,1.00,720.00,4125.00,1.00,0.00,0.00,4.00,6.00,720.00,0.00,1943.00,0.00,98106.00,47.52,-122.35,1000.00,6100.00
7967700570.00,20150302T000000,245000.00,3.00,2.25,1350.00,6775.00,1.00,0.00,0.00,3.00,7.00,930.00,420.00,1981.00,0.00,98032.00,47.36,-122.29,1460.00,7210.00
1402200140.00,20150105T000000,400000.00,6.00,2.50,3060.00,17112.00,1.00,0.00,0.00,4.00,8.00,1530.00,1530.00,1967.00,0.00,98058.00,47.44,-122.15,2690.00,16038.00
3797300140.00,20140721T000000,303000.00,3.00,2.75,1850.00,8820.00,2.00,0.00,0.00,4.00,8.00,1850.00,0.00,1993.00,0.00,98022.00,47.19,-122.01,1850.00,8651.00
2481200140.00,20141015T000000,330000.00,3.00,1.75,1320.00,9675.00,1.50,0.00,0.00,4.00,7.00,1320.00,0.00,1970.00,0.00,98024.00,47.57,-121.90,1160.00,9675.00
3582900310.00,20150304T000000,700000.00,3.00,1.75,1990.00,13000.00,2.00,0.00,3.00,3.00,9.00,1990.00,0.00,1980.00,0.00,98028.00,47.74,-122.26,2880.00,11340.00
1352300990.00,20140826T000000,126000.00,1.00,1.00,610.00,4400.00,1.00,0.00,0.00,3.00,5.00,610.00,0.00,1922.00,0.00,98055.00,47.49,-122.20,1090.00,4930.00
1525059074.00,20140723T000000,850000.00,4.00,1.00,2500.00,35802.00,1.50,0.00,0.00,3.00,7.00,2500.00,0.00,1955.00,0.00,98005.00,47.65,-122.15,2880.00,40510.00
3876000710.00,20141218T000000,405000.00,3.00,2.00,1440.00,7425.00,1.00,0.00,0.00,4.00,7.00,1440.00,0.00,1965.00,0.00,98034.00,47.72,-122.19,1800.00,8344.00
1994200260.00,20140819T000000,869900.00,6.00,4.50,2750.00,4400.00,2.00,0.00,0.00,3.00,8.00,1770.00,980.00,1987.00,0.00,98103.00,47.69,-122.34,1860.00,4400.00
1121000058.00,20150331T000000,485000.00,3.00,1.75,1790.00,6775.00,1.00,0.00,2.00,3.00,8.00,1790.00,0.00,1951.00,0.00,98126.00,47.54,-122.38,1310.00,6028.00
1407300012.00,20150128T000000,400000.00,2.00,2.00,1050.00,1173.00,2.00,0.00,0.00,3.00,8.00,720.00,330.00,2004.00,0.00,98122.00,47.62,-122.30,1340.00,1317.00
1565930070.00,20140911T000000,299950.00,3.00,2.50,1780.00,4650.00,2.00,0.00,0.00,3.00,7.00,1780.00,0.00,2011.00,0.00,98038.00,47.39,-122.05,3050.00,3848.00
3574900030.00,20150327T000000,585000.00,4.00,2.50,2200.00,9099.00,2.00,0.00,0.00,3.00,8.00,2200.00,0.00,1994.00,0.00,98034.00,47.73,-122.23,2270.00,8900.00
5100401441.00,20150506T000000,495000.00,4.00,2.00,1720.00,5413.00,2.00,0.00,0.00,3.00,7.00,1470.00,250.00,1938.00,1980.00,98115.00,47.69,-122.32,1510.00,5413.00
3629940160.00,20150311T000000,2200000.00,5.00,4.50,5840.00,17168.00,2.00,0.00,0.00,3.00,12.00,4570.00,1270.00,2006.00,0.00,98029.00,47.55,-121.99,4850.00,15017.00
7715800390.00,20141110T000000,447000.00,3.00,2.25,1520.00,14080.00,2.00,0.00,0.00,3.00,7.00,1520.00,0.00,1984.00,0.00,98074.00,47.63,-122.06,1530.00,9758.00
1682000160.00,20150417T000000,206000.00,3.00,1.00,1320.00,9239.00,1.00,0.00,0.00,4.00,7.00,1320.00,0.00,1968.00,0.00,98092.00,47.31,-122.18,1320.00,8415.00
952007055.00,20141021T000000,500000.00,3.00,1.00,1070.00,4600.00,1.00,0.00,0.00,3.00,7.00,950.00,120.00,1930.00,0.00,98116.00,47.56,-122.38,1090.00,4600.00
3790700070.00,20141121T000000,302500.00,4.00,2.50,1990.00,5511.00,2.00,0.00,0.00,3.00,8.00,1990.00,0.00,1994.00,0.00,98030.00,47.36,-122.19,1850.00,6031.00
3134100023.00,20141125T000000,1250000.00,4.00,4.25,4980.00,13000.00,2.00,0.00,3.00,3.00,9.00,3080.00,1900.00,1982.00,0.00,98052.00,47.64,-122.10,2840.00,11308.00
1862400292.00,20140723T000000,391000.00,2.00,1.00,890.00,5423.00,1.00,0.00,0.00,3.00,6.00,890.00,0.00,1946.00,0.00,98117.00,47.70,-122.37,1690.00,5993.00
4123800270.00,20140710T000000,250000.00,3.00,2.00,1440.00,5457.00,2.00,0.00,0.00,3.00,7.00,1440.00,0.00,1986.00,0.00,98038.00,47.38,-122.05,1480.00,6286.00
3448700070.00,20140723T000000,435000.00,4.00,2.50,2440.00,5350.00,2.00,0.00,0.00,3.00,7.00,2440.00,0.00,2003.00,0.00,98059.00,47.49,-122.15,2440.00,5090.00
9133600135.00,20150211T000000,160000.00,4.00,2.25,1800.00,14722.00,1.00,0.00,0.00,3.00,7.00,1440.00,360.00,1962.00,0.00,98055.00,47.49,-122.22,2400.00,10000.00
6163901913.00,20140722T000000,451000.00,5.00,3.00,2260.00,6508.00,1.00,0.00,0.00,3.00,7.00,1330.00,930.00,2003.00,0.00,98155.00,47.75,-122.32,1940.00,9450.00
1446403305.00,20140505T000000,206000.00,2.00,1.00,810.00,7158.00,1.00,0.00,0.00,5.00,6.00,810.00,0.00,1944.00,0.00,98168.00,47.49,-122.33,1090.00,7158.00
59000445.00,20140923T000000,590000.00,4.00,2.75,2240.00,5400.00,2.00,0.00,0.00,4.00,7.00,1540.00,700.00,1940.00,0.00,98116.00,47.58,-122.40,1830.00,5000.00
7510700030.00,20140515T000000,695000.00,3.00,2.50,4560.00,17622.00,2.00,0.00,0.00,4.00,9.00,3800.00,760.00,1986.00,0.00,98074.00,47.62,-122.03,2360.00,15000.00
1722059222.00,20141120T000000,350000.00,3.00,1.50,1550.00,40752.00,1.00,0.00,0.00,5.00,7.00,1550.00,0.00,1954.00,0.00,98031.00,47.39,-122.20,1550.00,8000.00
8127700132.00,20150326T000000,1236300.00,5.00,3.50,3180.00,4628.00,2.00,0.00,0.00,3.00,10.00,2420.00,760.00,2001.00,0.00,98199.00,47.64,-122.39,2060.00,4640.00
1774000030.00,20150330T000000,395000.00,6.00,2.25,2950.00,11200.00,1.00,0.00,0.00,4.00,7.00,1700.00,1250.00,1970.00,0.00,98072.00,47.75,-122.09,1790.00,11200.00
4058800135.00,20150405T000000,419000.00,5.00,3.00,2190.00,9652.00,2.00,0.00,0.00,3.00,7.00,2190.00,0.00,1999.00,0.00,98178.00,47.50,-122.24,1440.00,6710.00
8682281600.00,20140708T000000,592350.00,2.00,2.00,1570.00,4665.00,1.00,0.00,0.00,3.00,8.00,1570.00,0.00,2006.00,0.00,98053.00,47.71,-122.02,2165.00,6262.00
8562740520.00,20140806T000000,855000.00,5.00,3.25,3420.00,5669.00,2.00,0.00,0.00,3.00,9.00,2620.00,800.00,2003.00,0.00,98027.00,47.54,-122.07,3310.00,6006.00
3982700125.00,20141230T000000,771000.00,4.00,2.50,2420.00,7200.00,2.00,0.00,0.00,3.00,9.00,2420.00,0.00,1991.00,0.00,98033.00,47.69,-122.20,2650.00,7800.00
1120069036.00,20141218T000000,325000.00,3.00,2.25,1570.00,43350.00,1.00,0.00,3.00,4.00,7.00,1570.00,0.00,1967.00,0.00,98022.00,47.24,-122.02,1570.00,220849.00
3592500800.00,20141018T000000,1850000.00,5.00,3.25,3680.00,6060.00,2.00,0.00,0.00,5.00,9.00,2630.00,1050.00,1925.00,0.00,98112.00,47.63,-122.30,3050.00,5850.00
7905200310.00,20140729T000000,545000.00,4.00,1.75,1910.00,6731.00,1.00,0.00,0.00,4.00,7.00,1210.00,700.00,1953.00,0.00,98116.00,47.57,-122.39,1780.00,6350.00
7577700136.00,20150226T000000,615000.00,3.00,1.75,1780.00,5175.00,1.00,0.00,0.00,4.00,7.00,990.00,790.00,1927.00,0.00,98116.00,47.57,-122.39,1780.00,5175.00
2629600016.00,20150410T000000,625500.00,2.00,1.00,2160.00,7439.00,1.00,0.00,0.00,4.00,6.00,1300.00,860.00,1953.00,0.00,98115.00,47.70,-122.29,1680.00,7439.00
9262800002.00,20140708T000000,232000.00,3.00,1.50,1460.00,15000.00,1.00,0.00,0.00,3.00,7.00,1460.00,0.00,1966.00,0.00,98001.00,47.32,-122.27,1510.00,15000.00
2892700041.00,20140714T000000,168000.00,3.00,1.50,1370.00,7439.00,1.00,0.00,0.00,4.00,6.00,1370.00,0.00,1963.00,0.00,98055.00,47.45,-122.19,2350.00,3370.00
2892700041.00,20150128T000000,238000.00,3.00,1.50,1370.00,7439.00,1.00,0.00,0.00,4.00,6.00,1370.00,0.00,1963.00,0.00,98055.00,47.45,-122.19,2350.00,3370.00
4136950070.00,20150414T000000,260000.00,3.00,2.50,1500.00,7401.00,2.00,0.00,0.00,3.00,8.00,1500.00,0.00,1998.00,0.00,98092.00,47.26,-122.22,1720.00,7171.00
2354300550.00,20150302T000000,460000.00,3.00,1.75,1210.00,7500.00,1.00,0.00,0.00,3.00,7.00,1210.00,0.00,1951.00,0.00,98027.00,47.53,-122.03,1250.00,6000.00
7740100260.00,20140825T000000,900000.00,3.00,2.50,2850.00,11535.00,1.00,0.00,1.00,3.00,8.00,1680.00,1170.00,1952.00,2008.00,98155.00,47.75,-122.29,2670.00,9942.00
6163901352.00,20141021T000000,289950.00,3.00,1.00,1090.00,8280.00,1.00,0.00,0.00,3.00,6.00,1090.00,0.00,1947.00,2006.00,98155.00,47.76,-122.32,1060.00,7609.00
2025700200.00,20150220T000000,265000.00,3.00,1.75,1450.00,5858.00,1.00,0.00,0.00,4.00,7.00,1450.00,0.00,1991.00,0.00,98038.00,47.35,-122.04,1520.00,6573.00
1775801090.00,20140530T000000,465000.00,4.00,2.25,1820.00,20349.00,1.00,0.00,0.00,5.00,8.00,1340.00,480.00,1977.00,0.00,98072.00,47.74,-122.10,1270.00,12800.00
1138000070.00,20141113T000000,370000.00,3.00,1.50,1320.00,7201.00,1.00,0.00,0.00,3.00,7.00,1320.00,0.00,1971.00,0.00,98034.00,47.71,-122.21,1380.00,7201.00
1823049046.00,20140806T000000,240000.00,2.00,1.50,1670.00,9880.00,1.00,0.00,0.00,4.00,7.00,1670.00,0.00,1941.00,1963.00,98146.00,47.49,-122.35,1670.00,9807.00
7227801580.00,20140917T000000,232000.00,4.00,2.00,1440.00,5911.00,1.00,0.00,0.00,5.00,5.00,1440.00,0.00,1943.00,0.00,98056.00,47.51,-122.18,1500.00,11089.00
4364700875.00,20140729T000000,237502.00,3.00,1.00,980.00,7560.00,1.00,0.00,0.00,3.00,7.00,980.00,0.00,1951.00,0.00,98126.00,47.53,-122.38,1300.00,7560.00
8127700390.00,20141215T000000,1280000.00,4.00,3.50,4340.00,5500.00,2.00,0.00,0.00,3.00,10.00,2850.00,1490.00,2008.00,0.00,98199.00,47.64,-122.40,1290.00,5500.00
9560500105.00,20150424T000000,957000.00,4.00,2.25,2860.00,11545.00,1.00,0.00,0.00,4.00,8.00,1430.00,1430.00,1966.00,0.00,98005.00,47.59,-122.17,2190.00,11396.00
8651411420.00,20150305T000000,218000.00,3.00,1.50,1140.00,4875.00,1.00,0.00,0.00,5.00,6.00,1140.00,0.00,1970.00,0.00,98042.00,47.37,-122.08,980.00,5070.00
1274500240.00,20140820T000000,205000.00,3.00,1.50,1120.00,8366.00,1.00,0.00,0.00,3.00,7.00,1120.00,0.00,1968.00,0.00,98042.00,47.36,-122.11,1260.00,9000.00
3278602190.00,20140611T000000,350000.00,3.00,3.25,1460.00,1592.00,2.00,0.00,0.00,3.00,8.00,1130.00,330.00,2006.00,0.00,98126.00,47.55,-122.37,1560.00,1701.00
873900240.00,20140702T000000,256000.00,4.00,2.50,2050.00,5787.00,2.00,0.00,0.00,3.00,7.00,2050.00,0.00,2002.00,0.00,98198.00,47.35,-122.32,2030.00,6615.00
3834000520.00,20140730T000000,275000.00,3.00,1.00,1250.00,7654.00,1.00,0.00,0.00,3.00,7.00,1000.00,250.00,1952.00,0.00,98125.00,47.73,-122.29,1310.00,7350.00
4224100030.00,20150403T000000,372000.00,4.00,2.50,2520.00,9604.00,2.00,0.00,0.00,3.00,9.00,2520.00,0.00,1990.00,0.00,98031.00,47.39,-122.22,2540.00,9793.00
5710500060.00,20150319T000000,688888.00,3.00,3.25,2580.00,9825.00,1.50,0.00,1.00,4.00,9.00,1760.00,820.00,1978.00,0.00,98027.00,47.53,-122.05,2140.00,10270.00
203101370.00,20140630T000000,170000.00,2.00,1.00,1200.00,24792.00,2.00,0.00,0.00,2.00,7.00,1200.00,0.00,1976.00,0.00,98053.00,47.63,-121.96,2150.00,24792.00
4039300140.00,20140625T000000,530000.00,5.00,2.25,2140.00,7910.00,1.00,0.00,0.00,3.00,7.00,1070.00,1070.00,1962.00,0.00,98007.00,47.61,-122.14,1680.00,8700.00
3629920990.00,20140623T000000,905000.00,4.00,3.25,3440.00,7661.00,2.00,0.00,0.00,3.00,11.00,3440.00,0.00,2006.00,0.00,98029.00,47.54,-122.00,3580.00,6478.00
6882510060.00,20140825T000000,365000.00,4.00,2.50,1800.00,5070.00,1.00,0.00,0.00,5.00,7.00,1080.00,720.00,1979.00,0.00,98118.00,47.53,-122.28,1870.00,5365.00
2597150270.00,20150406T000000,312000.00,4.00,2.50,1790.00,10584.00,1.00,0.00,0.00,4.00,7.00,1290.00,500.00,1981.00,0.00,98031.00,47.41,-122.19,1730.00,9120.00
4365200445.00,20140822T000000,400000.00,2.00,1.75,1250.00,7680.00,1.00,0.00,0.00,3.00,7.00,1250.00,0.00,1922.00,1968.00,98126.00,47.52,-122.37,1250.00,7680.00
6145601819.00,20140912T000000,278750.00,2.00,2.00,800.00,5765.00,1.00,0.00,0.00,4.00,6.00,800.00,0.00,1936.00,0.00,98133.00,47.70,-122.35,1160.00,3844.00
3447000030.00,20150401T000000,510000.00,3.00,2.00,1410.00,11995.00,1.00,0.00,0.00,4.00,8.00,1410.00,0.00,1965.00,0.00,98006.00,47.57,-122.13,2690.00,12650.00
4442800162.00,20150414T000000,527700.00,2.00,2.25,1330.00,806.00,3.00,0.00,0.00,3.00,8.00,1330.00,0.00,2009.00,0.00,98117.00,47.69,-122.40,1320.00,1389.00
1698900075.00,20150415T000000,740000.00,4.00,2.75,2890.00,4000.00,1.50,0.00,0.00,4.00,9.00,2190.00,700.00,1931.00,0.00,98109.00,47.64,-122.35,2280.00,4000.00
9432750070.00,20140808T000000,512000.00,4.00,2.50,2550.00,17209.00,2.00,0.00,0.00,3.00,9.00,2550.00,0.00,1996.00,0.00,98059.00,47.48,-122.14,2840.00,12560.00
3204850140.00,20141112T000000,362000.00,5.00,2.50,2880.00,8216.00,2.00,0.00,0.00,3.00,8.00,2880.00,0.00,2001.00,0.00,98030.00,47.37,-122.19,1960.00,7200.00
1446401550.00,20150206T000000,225000.00,3.00,1.00,660.00,6600.00,1.00,0.00,0.00,4.00,5.00,660.00,0.00,1940.00,0.00,98168.00,47.48,-122.33,1320.00,6600.00
3904901840.00,20140630T000000,491500.00,3.00,2.25,1470.00,4322.00,2.00,0.00,0.00,3.00,7.00,1470.00,0.00,1985.00,0.00,98029.00,47.57,-122.02,1610.00,4322.00
3299200075.00,20150204T000000,429950.00,4.00,1.75,1700.00,10230.00,1.00,0.00,0.00,3.00,8.00,1320.00,380.00,1959.00,0.00,98133.00,47.75,-122.35,2000.00,8006.00
2206500550.00,20141117T000000,375000.00,3.00,1.00,1040.00,9800.00,1.00,0.00,0.00,4.00,7.00,1040.00,0.00,1955.00,0.00,98006.00,47.58,-122.16,1280.00,8880.00
2112700370.00,20140813T000000,199400.00,2.00,1.00,880.00,4000.00,1.00,0.00,0.00,4.00,6.00,880.00,0.00,1916.00,0.00,98106.00,47.53,-122.35,1430.00,4000.00
4397010350.00,20150126T000000,364900.00,4.00,2.50,2490.00,9346.00,2.00,0.00,2.00,3.00,9.00,2490.00,0.00,1996.00,0.00,98042.00,47.38,-122.15,2650.00,9454.00
4364700885.00,20140912T000000,324950.00,3.00,1.50,1210.00,7560.00,1.00,0.00,0.00,3.00,7.00,1210.00,0.00,1941.00,0.00,98126.00,47.53,-122.37,980.00,7560.00
1498301672.00,20150330T000000,467000.00,5.00,2.00,2080.00,4000.00,1.00,0.00,0.00,4.00,6.00,1040.00,1040.00,1909.00,0.00,98144.00,47.59,-122.31,1940.00,6000.00
3992700326.00,20140822T000000,380000.00,3.00,1.00,1380.00,5400.00,1.00,0.00,0.00,4.00,7.00,1380.00,0.00,1954.00,0.00,98125.00,47.71,-122.29,1190.00,6075.00
5438000060.00,20141103T000000,250000.00,3.00,2.25,1620.00,10850.00,1.00,0.00,0.00,3.00,7.00,1620.00,0.00,1966.00,0.00,98055.00,47.44,-122.19,1910.00,10568.00
9550200370.00,20140520T000000,700000.00,4.00,1.00,1680.00,4021.00,1.50,0.00,0.00,3.00,7.00,1680.00,0.00,1921.00,0.00,98103.00,47.67,-122.33,1710.00,4021.00
3977630270.00,20141113T000000,206990.00,3.00,1.00,1330.00,9620.00,1.00,0.00,0.00,5.00,6.00,1330.00,0.00,1976.00,0.00,98092.00,47.32,-122.13,1300.00,10360.00
475001000.00,20150406T000000,670000.00,3.00,1.75,1730.00,3400.00,1.00,0.00,0.00,5.00,7.00,970.00,760.00,1928.00,0.00,98107.00,47.67,-122.36,1640.00,5000.00
3426059050.00,20140520T000000,315000.00,2.00,1.00,790.00,6969.00,1.00,0.00,0.00,3.00,6.00,790.00,0.00,1955.00,1984.00,98052.00,47.70,-122.16,1380.00,12196.00
4137000070.00,20150410T000000,319950.00,3.00,2.50,2240.00,7500.00,2.00,0.00,0.00,3.00,8.00,2240.00,0.00,1985.00,0.00,98092.00,47.27,-122.22,2190.00,7506.00
2759500105.00,20140730T000000,419000.00,3.00,1.50,1500.00,8272.00,1.00,0.00,0.00,4.00,7.00,1500.00,0.00,1958.00,0.00,98177.00,47.77,-122.38,1630.00,8270.00
4137010310.00,20140822T000000,205000.00,3.00,2.00,1800.00,11419.00,1.00,0.00,0.00,3.00,8.00,1800.00,0.00,1989.00,0.00,98092.00,47.26,-122.22,2220.00,11406.00
5616000030.00,20141023T000000,335000.00,4.00,2.50,1980.00,4745.00,2.00,0.00,0.00,3.00,7.00,1980.00,0.00,2004.00,0.00,98038.00,47.35,-122.04,1980.00,4878.00
9266700295.00,20141024T000000,397000.00,3.00,1.75,1340.00,5100.00,1.00,0.00,0.00,3.00,7.00,1340.00,0.00,1953.00,0.00,98103.00,47.69,-122.35,1550.00,5100.00
9828200187.00,20150429T000000,370000.00,2.00,1.00,750.00,2020.00,1.00,0.00,0.00,3.00,7.00,750.00,0.00,1908.00,1995.00,98122.00,47.62,-122.30,1630.00,2383.00
6061400160.00,20140918T000000,330000.00,4.00,2.25,1790.00,9920.00,1.00,0.00,0.00,4.00,7.00,1170.00,620.00,1969.00,0.00,98059.00,47.51,-122.15,1990.00,9648.00
4139420640.00,20141030T000000,1785000.00,4.00,3.50,5490.00,14300.00,1.00,0.00,4.00,3.00,12.00,2910.00,2580.00,1996.00,0.00,98006.00,47.55,-122.11,4290.00,13822.00
4022900197.00,20140808T000000,399000.00,3.00,2.00,1940.00,16300.00,1.00,0.00,0.00,3.00,7.00,1140.00,800.00,1978.00,0.00,98155.00,47.77,-122.28,1940.00,11250.00
3221069035.00,20140620T000000,400000.00,4.00,1.75,2670.00,189486.00,2.00,0.00,4.00,3.00,8.00,2670.00,0.00,1972.00,0.00,98092.00,47.26,-122.06,2190.00,218610.00
2591730200.00,20140717T000000,249900.00,3.00,2.00,1220.00,6404.00,1.00,0.00,0.00,3.00,7.00,1220.00,0.00,1994.00,0.00,98038.00,47.35,-122.06,1570.00,7000.00
9165100260.00,20140513T000000,717000.00,3.00,1.50,1310.00,3880.00,1.00,0.00,0.00,3.00,7.00,1090.00,220.00,1956.00,0.00,98117.00,47.68,-122.39,1570.00,3880.00
5201810060.00,20140807T000000,319000.00,4.00,2.50,1930.00,8336.00,2.00,0.00,0.00,3.00,8.00,1930.00,0.00,1995.00,0.00,98031.00,47.40,-122.17,2280.00,7959.00
5499200060.00,20150403T000000,635000.00,4.00,3.00,2100.00,3800.00,2.00,0.00,0.00,3.00,8.00,2100.00,0.00,1972.00,0.00,98115.00,47.68,-122.29,1320.00,3800.00
1568100060.00,20140910T000000,355000.00,3.00,1.00,1180.00,7573.00,1.00,0.00,0.00,4.00,7.00,1180.00,0.00,1977.00,0.00,98155.00,47.74,-122.29,1320.00,7573.00
4139910160.00,20150401T000000,1600000.00,5.00,3.25,4320.00,32840.00,2.00,0.00,0.00,3.00,12.00,4320.00,0.00,1990.00,0.00,98006.00,47.55,-122.12,4410.00,33210.00
6743700060.00,20140714T000000,585000.00,4.00,1.75,3140.00,12519.00,1.00,0.00,0.00,3.00,7.00,2320.00,820.00,1951.00,1983.00,98033.00,47.69,-122.17,2240.00,7308.00
7258200060.00,20141229T000000,320000.00,3.00,2.00,2320.00,7800.00,1.00,0.00,0.00,4.00,7.00,1160.00,1160.00,1960.00,0.00,98168.00,47.51,-122.32,1380.00,7800.00
5127000810.00,20140514T000000,305495.00,3.00,1.75,2110.00,10200.00,2.00,0.00,0.00,4.00,7.00,2110.00,0.00,1966.00,0.00,98059.00,47.47,-122.15,1800.00,10200.00
2011400520.00,20140619T000000,240000.00,4.00,2.00,1790.00,14690.00,1.00,0.00,1.00,4.00,7.00,1670.00,120.00,1960.00,0.00,98198.00,47.40,-122.32,2440.00,10664.00
1953400510.00,20140623T000000,199950.00,5.00,2.50,1740.00,8750.00,1.00,0.00,0.00,4.00,7.00,1740.00,0.00,1959.00,0.00,98198.00,47.39,-122.30,1740.00,8750.00
2450500060.00,20140826T000000,1620000.00,4.00,3.25,3820.00,8114.00,2.00,0.00,0.00,3.00,10.00,3820.00,0.00,2005.00,0.00,98004.00,47.58,-122.19,2440.00,9195.00
2623039082.00,20150218T000000,770000.00,3.00,3.50,2050.00,21744.00,2.00,1.00,4.00,4.00,9.00,1750.00,300.00,1930.00,0.00,98166.00,47.45,-122.38,2300.00,12200.00
3204400030.00,20140702T000000,255000.00,4.00,2.25,1680.00,3179.00,2.00,0.00,0.00,3.00,8.00,1680.00,0.00,2002.00,0.00,98092.00,47.33,-122.19,1678.00,3590.00
2473370890.00,20140915T000000,289000.00,4.00,2.25,1930.00,8925.00,1.00,0.00,0.00,4.00,8.00,1930.00,0.00,1974.00,0.00,98058.00,47.45,-122.13,1930.00,8400.00
3343901401.00,20140718T000000,494500.00,4.00,3.00,3760.00,8804.00,2.00,0.00,0.00,3.00,8.00,2470.00,1290.00,2002.00,0.00,98056.00,47.52,-122.19,1960.00,7225.00
4376700030.00,20140604T000000,746000.00,3.00,2.25,2370.00,9619.00,1.00,0.00,0.00,4.00,8.00,1650.00,720.00,1973.00,0.00,98052.00,47.64,-122.10,1960.00,9712.00
1072000400.00,20141023T000000,385000.00,4.00,3.00,2120.00,13000.00,2.00,0.00,0.00,4.00,8.00,2120.00,0.00,1978.00,0.00,98059.00,47.47,-122.14,2180.00,11440.00
2193330030.00,20141118T000000,688100.00,4.00,2.50,2370.00,10513.00,2.00,0.00,0.00,4.00,8.00,2370.00,0.00,1987.00,0.00,98052.00,47.69,-122.10,2110.00,9540.00
4083300070.00,20140512T000000,870300.00,4.00,2.50,2350.00,3150.00,1.50,0.00,0.00,4.00,8.00,1690.00,660.00,1910.00,0.00,98103.00,47.66,-122.34,1750.00,3150.00
2241700075.00,20141022T000000,310000.00,3.00,1.00,1180.00,8474.00,1.50,0.00,0.00,3.00,7.00,1180.00,0.00,1956.00,0.00,98155.00,47.74,-122.33,1180.00,7200.00
9250900111.00,20150312T000000,500000.00,3.00,2.50,2270.00,5654.00,2.00,0.00,0.00,3.00,8.00,2270.00,0.00,1999.00,0.00,98133.00,47.77,-122.35,1770.00,7840.00
9412700160.00,20140814T000000,255000.00,3.00,2.25,1830.00,7770.00,1.00,0.00,0.00,4.00,7.00,1400.00,430.00,1977.00,0.00,98042.00,47.39,-122.16,1960.00,7272.00
1118001360.00,20150218T000000,1475000.00,3.00,2.75,3910.00,7080.00,1.00,0.00,0.00,5.00,9.00,1970.00,1940.00,1949.00,0.00,98112.00,47.63,-122.29,3480.00,7370.00
4383500030.00,20140924T000000,154500.00,3.00,1.00,890.00,9465.00,1.00,0.00,0.00,3.00,6.00,890.00,0.00,1957.00,0.00,98148.00,47.44,-122.33,1590.00,9147.00
2558630060.00,20140530T000000,425000.00,3.00,2.25,1820.00,8058.00,1.00,0.00,0.00,3.00,7.00,1260.00,560.00,1974.00,0.00,98034.00,47.72,-122.17,1850.00,7384.00
1150000400.00,20140721T000000,700000.00,4.00,2.50,2440.00,7491.00,2.00,0.00,0.00,4.00,10.00,2440.00,0.00,1988.00,0.00,98029.00,47.56,-122.02,2490.00,8580.00
5244801275.00,20141121T000000,410500.00,2.00,1.00,1110.00,3943.00,1.00,0.00,0.00,5.00,6.00,740.00,370.00,1916.00,0.00,98109.00,47.64,-122.35,1590.00,4311.00
1839920160.00,20140714T000000,432000.00,3.00,2.00,1870.00,7080.00,1.00,0.00,0.00,4.00,7.00,1210.00,660.00,1969.00,0.00,98034.00,47.72,-122.18,1620.00,8000.00
9834200030.00,20150414T000000,530000.00,3.00,1.50,1240.00,4080.00,1.50,0.00,0.00,3.00,8.00,1240.00,0.00,1914.00,0.00,98144.00,47.57,-122.29,1420.00,4080.00
3288200710.00,20140527T000000,465000.00,3.00,2.00,1560.00,8640.00,1.00,0.00,0.00,5.00,7.00,1560.00,0.00,1967.00,0.00,98034.00,47.73,-122.19,1970.00,8625.00
3904980320.00,20140923T000000,498688.00,3.00,2.50,1910.00,5600.00,2.00,0.00,0.00,3.00,8.00,1910.00,0.00,1989.00,0.00,98029.00,47.58,-122.01,1800.00,4928.00
2927600435.00,20150402T000000,573500.00,3.00,1.00,2200.00,21450.00,1.00,0.00,0.00,4.00,9.00,1600.00,600.00,1952.00,0.00,98166.00,47.45,-122.37,1880.00,11250.00
1321740260.00,20141015T000000,349900.00,4.00,2.75,2530.00,13474.00,2.00,0.00,0.00,4.00,8.00,2530.00,0.00,1994.00,0.00,98023.00,47.29,-122.34,2490.00,13140.00
7809200055.00,20140618T000000,220000.00,3.00,1.00,1130.00,12519.00,1.00,0.00,0.00,3.00,7.00,1130.00,0.00,1958.00,0.00,98056.00,47.50,-122.18,1460.00,12507.00
3298700671.00,20140731T000000,260000.00,2.00,1.00,820.00,6771.00,1.00,0.00,0.00,4.00,6.00,820.00,0.00,1918.00,0.00,98106.00,47.52,-122.35,1000.00,4440.00
1231000640.00,20140911T000000,290000.00,2.00,1.00,960.00,4000.00,1.00,0.00,0.00,3.00,6.00,960.00,0.00,1918.00,0.00,98118.00,47.56,-122.27,1210.00,4000.00
1498303905.00,20150402T000000,615000.00,4.00,1.50,1980.00,3240.00,1.50,0.00,0.00,4.00,8.00,1780.00,200.00,1930.00,0.00,98144.00,47.58,-122.29,2250.00,4000.00
7491010060.00,20141022T000000,730000.00,4.00,3.50,3370.00,5638.00,2.00,0.00,0.00,3.00,10.00,2250.00,1120.00,2001.00,0.00,98034.00,47.72,-122.22,3080.00,7200.00
8835800350.00,20150112T000000,1950000.00,4.00,3.25,7420.00,167869.00,2.00,0.00,3.00,3.00,12.00,7420.00,0.00,2002.00,0.00,98045.00,47.45,-121.76,5610.00,169549.00
8856960260.00,20140521T000000,332500.00,3.00,2.25,1800.00,10500.00,2.00,0.00,0.00,3.00,7.00,1800.00,0.00,1995.00,0.00,98038.00,47.39,-122.03,1870.00,8555.00
1088810160.00,20141224T000000,650000.00,5.00,3.50,3990.00,10120.00,2.00,0.00,0.00,3.00,9.00,2820.00,1170.00,1990.00,0.00,98011.00,47.74,-122.21,2750.00,9622.00
3931900510.00,20140829T000000,1400000.00,4.00,2.50,4070.00,7800.00,3.00,0.00,0.00,4.00,8.00,3390.00,680.00,2002.00,0.00,98115.00,47.68,-122.33,2020.00,6760.00
9567800435.00,20150513T000000,465000.00,4.00,1.75,1640.00,7194.00,1.50,0.00,0.00,4.00,7.00,1480.00,160.00,1915.00,0.00,98011.00,47.76,-122.21,1440.00,9405.00
2806000560.00,20140722T000000,690000.00,4.00,3.25,3730.00,11820.00,2.00,0.00,0.00,3.00,10.00,2460.00,1270.00,1990.00,0.00,98029.00,47.58,-122.02,3680.00,10667.00
2473101360.00,20140711T000000,289900.00,3.00,1.75,1220.00,7004.00,1.00,0.00,0.00,5.00,7.00,1220.00,0.00,1966.00,0.00,98058.00,47.45,-122.16,1640.00,7210.00
2288900140.00,20141218T000000,1620000.00,3.00,3.50,3490.00,4000.00,2.00,0.00,0.00,3.00,9.00,2570.00,920.00,2009.00,0.00,98112.00,47.64,-122.28,1880.00,4000.00
9320990140.00,20150422T000000,339950.00,3.00,2.50,1730.00,4286.00,2.00,0.00,0.00,3.00,7.00,1730.00,0.00,1999.00,0.00,98148.00,47.43,-122.33,1780.00,4343.00
8731982050.00,20150423T000000,367999.00,4.00,2.75,3430.00,8000.00,1.50,0.00,0.00,4.00,8.00,3430.00,0.00,1972.00,0.00,98023.00,47.32,-122.38,2090.00,8000.00
705700240.00,20150218T000000,380000.00,4.00,2.50,2320.00,10079.00,2.00,0.00,0.00,3.00,7.00,2320.00,0.00,1994.00,0.00,98038.00,47.38,-122.03,2010.00,7438.00
4335000030.00,20140625T000000,440000.00,3.00,1.75,2030.00,17100.00,1.00,0.00,0.00,4.00,7.00,2030.00,0.00,1953.00,0.00,98166.00,47.45,-122.37,1950.00,14400.00
2806300070.00,20140521T000000,975000.00,5.00,4.00,4850.00,36450.00,2.00,0.00,0.00,3.00,10.00,4850.00,0.00,1977.00,0.00,98005.00,47.64,-122.16,3850.00,35325.00
5631501323.00,20140805T000000,309500.00,3.00,1.50,1340.00,13560.00,1.00,0.00,0.00,3.00,7.00,1340.00,0.00,1968.00,0.00,98028.00,47.74,-122.23,1540.00,15000.00
3738900105.00,20140723T000000,350000.00,3.00,1.00,1130.00,8201.00,1.00,0.00,0.00,5.00,6.00,1130.00,0.00,1948.00,0.00,98155.00,47.74,-122.31,1180.00,8203.00
2781270400.00,20150316T000000,215000.00,2.00,2.00,1180.00,2521.00,2.00,0.00,0.00,3.00,6.00,1180.00,0.00,2005.00,0.00,98038.00,47.35,-122.02,1310.00,3003.00
3336001360.00,20140826T000000,254000.00,2.00,1.00,910.00,6000.00,1.00,0.00,0.00,3.00,6.00,910.00,0.00,1943.00,0.00,98118.00,47.53,-122.27,1460.00,5800.00
2464400435.00,20150420T000000,567000.00,3.00,1.75,1630.00,4275.00,1.50,0.00,3.00,3.00,7.00,1630.00,0.00,1908.00,0.00,98115.00,47.69,-122.32,1800.00,4275.00
2025049114.00,20140529T000000,402000.00,2.00,1.00,710.00,1173.00,2.00,0.00,0.00,4.00,7.00,710.00,0.00,1943.00,0.00,98102.00,47.64,-122.33,1370.00,1173.00
1523089012.00,20141120T000000,365000.00,4.00,1.00,1520.00,80150.00,1.00,0.00,0.00,2.00,5.00,1520.00,0.00,1948.00,0.00,98045.00,47.47,-121.77,1740.00,84506.00
7305300695.00,20140502T000000,625000.00,4.00,2.50,2820.00,8408.00,2.00,0.00,0.00,3.00,9.00,2820.00,0.00,2014.00,0.00,98155.00,47.75,-122.33,1300.00,8408.00
9269200340.00,20150423T000000,432000.00,4.00,1.75,1970.00,5160.00,1.50,0.00,0.00,3.00,7.00,1970.00,0.00,1942.00,0.00,98126.00,47.53,-122.37,1230.00,4920.00
1402100070.00,20140801T000000,335500.00,5.00,3.00,2240.00,19090.00,1.00,0.00,0.00,4.00,8.00,1700.00,540.00,1968.00,0.00,98058.00,47.44,-122.15,2280.00,20000.00
2998300060.00,20140806T000000,672500.00,2.00,1.75,1860.00,5940.00,1.00,0.00,2.00,5.00,8.00,1020.00,840.00,1956.00,0.00,98116.00,47.58,-122.41,2130.00,5940.00
8113101000.00,20140722T000000,336000.00,4.00,1.00,1780.00,4310.00,1.50,0.00,0.00,5.00,6.00,1780.00,0.00,1919.00,0.00,98118.00,47.55,-122.28,1460.00,4310.00
1388600070.00,20141124T000000,294400.00,4.00,2.50,1788.00,10183.00,2.00,0.00,0.00,4.00,7.00,1788.00,0.00,1990.00,0.00,98002.00,47.29,-122.22,1700.00,6600.00
8944600060.00,20150420T000000,541900.00,3.00,2.50,1880.00,3054.00,2.00,0.00,0.00,3.00,8.00,1880.00,0.00,1988.00,0.00,98007.00,47.61,-122.15,1840.00,3815.00
8860310240.00,20141217T000000,505000.00,3.00,1.75,2300.00,11400.00,1.00,0.00,0.00,4.00,8.00,1520.00,780.00,1977.00,0.00,98052.00,47.69,-122.13,2300.00,10140.00
8016250060.00,20140605T000000,255000.00,3.00,2.50,1610.00,6176.00,2.00,0.00,0.00,3.00,7.00,1610.00,0.00,1994.00,0.00,98030.00,47.37,-122.17,1680.00,7414.00
2061800045.00,20150122T000000,435000.00,6.00,2.50,2270.00,11970.00,1.00,0.00,0.00,3.00,7.00,1470.00,800.00,1964.00,0.00,98011.00,47.77,-122.20,2270.00,10640.00
2652500070.00,20140508T000000,636000.00,2.00,1.75,1230.00,3600.00,1.50,0.00,0.00,5.00,7.00,1230.00,0.00,1925.00,0.00,98119.00,47.64,-122.36,1210.00,4500.00
3622069114.00,20140909T000000,655000.00,4.00,3.50,3420.00,33106.00,2.00,0.00,0.00,3.00,9.00,3420.00,0.00,2004.00,0.00,98010.00,47.36,-121.99,3420.00,36590.00
4438000075.00,20150318T000000,280500.00,3.00,1.50,1670.00,6988.00,1.00,0.00,0.00,3.00,7.00,1370.00,300.00,1953.00,0.00,98148.00,47.43,-122.32,1090.00,7753.00
2776600002.00,20150422T000000,520000.00,2.00,1.00,1120.00,6141.00,1.00,0.00,0.00,3.00,7.00,900.00,220.00,1946.00,0.00,98117.00,47.69,-122.37,1500.00,7529.00
241900060.00,20140626T000000,354000.00,4.00,2.50,2580.00,5476.00,2.00,0.00,0.00,3.00,8.00,2580.00,0.00,2005.00,0.00,98031.00,47.40,-122.21,2900.00,5476.00
5151800045.00,20140822T000000,810000.00,5.00,2.75,3847.00,17654.00,1.00,0.00,2.00,5.00,9.00,2299.00,1548.00,1975.00,0.00,98003.00,47.34,-122.32,2690.00,15344.00
3221059036.00,20140502T000000,400000.00,4.00,2.50,3630.00,42884.00,1.50,0.00,0.00,3.00,9.00,2300.00,1330.00,1979.00,0.00,98092.00,47.26,-122.19,2830.00,80148.00
7504020960.00,20150107T000000,879900.00,4.00,2.75,3580.00,12000.00,1.00,0.00,0.00,3.00,10.00,1840.00,1740.00,1979.00,0.00,98074.00,47.63,-122.05,2910.00,12428.00
1924059319.00,20150320T000000,1288000.00,5.00,4.00,4050.00,11358.00,2.00,0.00,0.00,4.00,10.00,2780.00,1270.00,1980.00,0.00,98040.00,47.56,-122.23,3120.00,13555.00
4067600160.00,20150402T000000,902500.00,3.00,3.50,3240.00,23522.00,2.00,0.00,0.00,3.00,10.00,2130.00,1110.00,1992.00,0.00,98010.00,47.34,-122.03,3180.00,23273.00
9828700685.00,20150513T000000,900000.00,3.00,1.75,1540.00,8400.00,1.50,0.00,0.00,3.00,7.00,1540.00,0.00,1902.00,0.00,98122.00,47.62,-122.30,1330.00,4800.00
4307330070.00,20140717T000000,419500.00,4.00,2.50,2550.00,7200.00,2.00,0.00,2.00,3.00,7.00,2550.00,0.00,2003.00,0.00,98056.00,47.48,-122.18,2560.00,5715.00
6822100310.00,20141103T000000,685000.00,4.00,2.00,2340.00,6000.00,1.00,0.00,0.00,5.00,8.00,1270.00,1070.00,1953.00,0.00,98199.00,47.65,-122.40,1600.00,6000.00
3295900520.00,20141107T000000,429950.00,4.00,2.50,2320.00,4524.00,2.00,0.00,0.00,3.00,8.00,2320.00,0.00,2004.00,0.00,98059.00,47.48,-122.14,2330.00,4524.00
1773100310.00,20150423T000000,464950.00,4.00,2.50,1640.00,6000.00,2.00,0.00,0.00,3.00,7.00,1640.00,0.00,2011.00,0.00,98106.00,47.56,-122.37,1640.00,4800.00
9407000990.00,20141010T000000,239900.00,2.00,1.00,910.00,9000.00,1.00,0.00,0.00,4.00,6.00,910.00,0.00,1983.00,0.00,98045.00,47.45,-121.77,1410.00,9440.00
1472800160.00,20150218T000000,406250.00,4.00,3.25,2550.00,11524.00,2.00,0.00,0.00,3.00,8.00,2550.00,0.00,1990.00,0.00,98019.00,47.73,-121.96,2370.00,14001.00
7787110370.00,20141027T000000,447000.00,4.00,2.50,2660.00,8027.00,2.00,0.00,0.00,3.00,8.00,2660.00,0.00,1997.00,0.00,98045.00,47.48,-121.78,2480.00,8095.00
3041700570.00,20140605T000000,466800.00,3.00,2.50,1480.00,14250.00,2.00,0.00,0.00,3.00,7.00,1480.00,0.00,1996.00,0.00,98033.00,47.66,-122.19,1660.00,14250.00
3999200310.00,20140917T000000,674000.00,4.00,2.50,2810.00,11560.00,1.00,0.00,0.00,5.00,7.00,1740.00,1070.00,1962.00,0.00,98008.00,47.58,-122.12,1970.00,11560.00
1931300955.00,20141126T000000,525000.00,1.00,1.00,830.00,3200.00,1.00,0.00,0.00,3.00,7.00,830.00,0.00,1924.00,0.00,98103.00,47.66,-122.35,1350.00,2512.00
2591720160.00,20150501T000000,674950.00,3.00,2.75,3510.00,92347.00,2.00,0.00,0.00,3.00,10.00,3510.00,0.00,1990.00,0.00,98038.00,47.37,-122.02,2970.00,37070.00
8691510310.00,20150429T000000,374900.00,3.00,2.50,2480.00,4950.00,2.00,0.00,0.00,3.00,7.00,2480.00,0.00,2004.00,0.00,98058.00,47.44,-122.12,2230.00,5298.00
9831200520.00,20141006T000000,1443920.00,4.00,3.00,3720.00,5000.00,2.50,0.00,0.00,5.00,9.00,2720.00,1000.00,1905.00,0.00,98102.00,47.63,-122.32,2610.00,5000.00
8123710070.00,20141205T000000,559500.00,3.00,2.25,2150.00,9250.00,2.00,0.00,0.00,3.00,8.00,2150.00,0.00,1984.00,0.00,98052.00,47.72,-122.11,2240.00,9266.00
7852170370.00,20140516T000000,522500.00,3.00,2.50,2370.00,7875.00,2.00,0.00,0.00,3.00,9.00,2370.00,0.00,2003.00,0.00,98065.00,47.54,-121.86,2660.00,7752.00
3528000310.00,20150427T000000,1130000.00,5.00,2.50,4310.00,28008.00,2.00,0.00,0.00,3.00,10.00,4310.00,0.00,1988.00,0.00,98053.00,47.67,-122.06,3170.00,28559.00
6403500570.00,20140612T000000,498500.00,5.00,2.75,2990.00,7420.00,2.00,0.00,0.00,3.00,8.00,2990.00,0.00,1996.00,0.00,98059.00,47.49,-122.16,2290.00,7678.00
6021501420.00,20140825T000000,571000.00,4.00,1.00,1350.00,4000.00,1.50,0.00,0.00,3.00,8.00,1350.00,0.00,1930.00,0.00,98117.00,47.69,-122.39,1520.00,4000.00
723069128.00,20140514T000000,543000.00,2.00,2.00,2370.00,217800.00,1.50,0.00,0.00,3.00,7.00,1600.00,770.00,1992.00,0.00,98027.00,47.50,-122.09,2370.00,157687.00
3329530030.00,20150304T000000,271920.00,3.00,2.00,1410.00,10248.00,1.00,0.00,0.00,3.00,7.00,1410.00,0.00,1985.00,0.00,98001.00,47.33,-122.27,2090.00,9414.00
723049326.00,20141208T000000,104950.00,2.00,1.00,1170.00,8254.00,1.00,0.00,0.00,2.00,6.00,1170.00,0.00,1949.00,0.00,98146.00,47.50,-122.35,1820.00,8922.00
7215721070.00,20140929T000000,485500.00,4.00,2.50,1800.00,4500.00,2.00,0.00,0.00,3.00,8.00,1800.00,0.00,1999.00,0.00,98075.00,47.60,-122.01,1800.00,4500.00
3179101580.00,20140528T000000,1210000.00,4.00,2.75,3650.00,6982.00,2.00,0.00,2.00,4.00,9.00,2530.00,1120.00,1951.00,2003.00,98115.00,47.68,-122.28,3140.00,7894.00
2025700270.00,20150122T000000,260250.00,3.00,1.75,1490.00,8357.00,1.00,0.00,0.00,4.00,7.00,1490.00,0.00,1993.00,0.00,98038.00,47.35,-122.04,1490.00,7376.00
8691300260.00,20150413T000000,875909.00,4.00,2.50,3610.00,13292.00,2.00,0.00,0.00,3.00,10.00,3610.00,0.00,1996.00,0.00,98075.00,47.59,-121.97,3000.00,10776.00
5112800060.00,20140606T000000,455000.00,4.00,1.75,2050.00,94525.00,1.00,0.00,0.00,4.00,7.00,1250.00,800.00,1959.00,0.00,98058.00,47.45,-122.08,2270.00,47480.00
2112700240.00,20140520T000000,309000.00,3.00,1.00,1092.00,7500.00,1.50,0.00,0.00,3.00,6.00,1092.00,0.00,1918.00,0.00,98106.00,47.53,-122.35,930.00,4000.00
8732190990.00,20140709T000000,229000.00,4.00,2.25,2010.00,7688.00,1.00,0.00,0.00,3.00,8.00,1170.00,840.00,1979.00,0.00,98023.00,47.31,-122.40,1990.00,7688.00
537000416.00,20150429T000000,250000.00,3.00,2.00,1680.00,7900.00,2.00,0.00,0.00,4.00,7.00,1680.00,0.00,1953.00,0.00,98003.00,47.33,-122.31,1250.00,15600.00
3761700251.00,20140528T000000,600000.00,4.00,2.00,2510.00,38141.00,1.00,0.00,0.00,3.00,9.00,2510.00,0.00,1960.00,0.00,98034.00,47.72,-122.26,3180.00,11760.00
625100181.00,20140508T000000,535000.00,4.00,2.50,2280.00,65836.00,2.00,0.00,0.00,3.00,8.00,2280.00,0.00,2004.00,0.00,98077.00,47.72,-122.08,2300.00,97574.00
7202261260.00,20141117T000000,571000.00,3.00,2.50,2510.00,5186.00,2.00,0.00,0.00,3.00,7.00,2510.00,0.00,2001.00,0.00,98053.00,47.69,-122.04,2530.00,5186.00
7856410030.00,20140505T000000,1030000.00,5.00,2.75,3190.00,16920.00,1.00,0.00,3.00,3.00,9.00,1690.00,1500.00,1976.00,0.00,98006.00,47.56,-122.16,3100.00,13100.00
8128600060.00,20140624T000000,600000.00,4.00,3.25,4690.00,14930.00,2.00,0.00,2.00,3.00,10.00,3680.00,1010.00,1995.00,0.00,98155.00,47.77,-122.28,2910.00,13320.00
1775800860.00,20150428T000000,469500.00,3.00,2.25,1850.00,12000.00,1.00,0.00,0.00,4.00,7.00,1300.00,550.00,1977.00,0.00,98072.00,47.74,-122.10,1580.00,12616.00
3303980140.00,20150402T000000,1150000.00,4.00,3.00,4160.00,13170.00,2.00,0.00,0.00,3.00,11.00,3040.00,1120.00,2001.00,0.00,98059.00,47.52,-122.15,3780.00,13148.00
4206901200.00,20140825T000000,785000.00,4.00,1.50,2220.00,4000.00,1.50,0.00,0.00,3.00,8.00,1970.00,250.00,1925.00,0.00,98105.00,47.66,-122.33,1984.00,4000.00
11500240.00,20150428T000000,872750.00,3.00,2.50,2870.00,13695.00,2.00,0.00,0.00,3.00,10.00,2870.00,0.00,1991.00,0.00,98052.00,47.69,-122.10,2840.00,8472.00
6383500295.00,20140815T000000,900000.00,4.00,2.75,3950.00,10214.00,1.00,0.00,3.00,3.00,10.00,2050.00,1900.00,1955.00,0.00,98117.00,47.70,-122.38,3130.00,8608.00
7849202220.00,20140717T000000,350000.00,2.00,1.75,1740.00,6620.00,1.50,0.00,0.00,3.00,8.00,1740.00,0.00,2002.00,0.00,98065.00,47.53,-121.83,1560.00,5400.00
2260300060.00,20150410T000000,2575000.00,5.00,3.00,4780.00,20440.00,1.00,0.00,0.00,4.00,10.00,3660.00,1120.00,1975.00,0.00,98039.00,47.62,-122.24,4660.00,20440.00
7701950060.00,20140729T000000,940000.00,4.00,2.50,3160.00,39960.00,1.00,0.00,0.00,3.00,10.00,3160.00,0.00,1980.00,0.00,98005.00,47.64,-122.16,3900.00,36444.00
5153200486.00,20140715T000000,185000.00,5.00,1.75,1990.00,27810.00,1.00,0.00,0.00,3.00,7.00,1990.00,0.00,1955.00,0.00,98023.00,47.33,-122.35,2240.00,20000.00
205000310.00,20140624T000000,850000.00,4.00,3.50,3920.00,37122.00,2.00,0.00,0.00,3.00,10.00,3920.00,0.00,1996.00,0.00,98053.00,47.63,-121.99,2550.00,32647.00
920069053.00,20140917T000000,201000.00,3.00,1.00,960.00,15273.00,1.00,0.00,0.00,4.00,7.00,960.00,0.00,1963.00,0.00,98022.00,47.24,-122.04,1930.00,51400.00
6141100445.00,20150107T000000,499000.00,2.00,1.50,1540.00,6549.00,2.00,0.00,0.00,3.00,7.00,1540.00,0.00,1980.00,0.00,98133.00,47.72,-122.35,1470.00,6552.00
8809200070.00,20150408T000000,315000.00,4.00,2.50,1970.00,5190.00,2.00,0.00,0.00,3.00,7.00,1970.00,0.00,2002.00,0.00,98059.00,47.52,-122.16,1840.00,5564.00
3905080310.00,20140806T000000,509950.00,3.00,2.50,1880.00,4668.00,2.00,0.00,0.00,3.00,8.00,1880.00,0.00,1993.00,0.00,98029.00,47.57,-122.00,2060.00,4668.00
393000311.00,20150225T000000,286300.00,3.00,2.75,2000.00,6405.00,1.00,0.00,0.00,3.00,8.00,1260.00,740.00,1964.00,0.00,98178.00,47.51,-122.26,2130.00,6510.00
3127200036.00,20140728T000000,590000.00,3.00,2.50,1990.00,8325.00,2.00,0.00,0.00,4.00,8.00,1310.00,680.00,1997.00,0.00,98034.00,47.71,-122.20,2450.00,10606.00
123039128.00,20140904T000000,325000.00,4.00,1.00,1400.00,9384.00,1.50,0.00,0.00,4.00,6.00,1400.00,0.00,1948.00,0.00,98106.00,47.52,-122.36,1600.00,8432.00
2896310160.00,20140822T000000,625000.00,4.00,2.50,3190.00,27806.00,2.00,0.00,0.00,3.00,9.00,3190.00,0.00,1997.00,0.00,98010.00,47.34,-122.03,2810.00,28619.00
5272200045.00,20141113T000000,378000.00,3.00,1.50,1000.00,6914.00,1.00,0.00,0.00,3.00,7.00,1000.00,0.00,1947.00,0.00,98125.00,47.71,-122.32,1000.00,6947.00
9211500520.00,20140618T000000,239950.00,3.00,1.75,1670.00,6900.00,1.00,0.00,0.00,3.00,7.00,1170.00,500.00,1978.00,0.00,98023.00,47.30,-122.38,1740.00,7000.00
3589500260.00,20141111T000000,550000.00,4.00,2.00,2100.00,4500.00,1.00,0.00,0.00,5.00,7.00,1060.00,1040.00,1924.00,0.00,98105.00,47.67,-122.32,1920.00,3900.00
3330500335.00,20150422T000000,325000.00,2.00,1.00,1010.00,6180.00,1.00,0.00,0.00,3.00,6.00,1010.00,0.00,1903.00,0.00,98118.00,47.55,-122.28,1560.00,6180.00
9445300045.00,20140609T000000,831000.00,4.00,2.50,2030.00,3905.00,1.50,0.00,0.00,4.00,7.00,1630.00,400.00,1926.00,0.00,98103.00,47.65,-122.34,2000.00,3905.00
114100354.00,20141212T000000,249000.00,3.00,1.00,1090.00,10296.00,1.00,0.00,0.00,4.00,6.00,1090.00,0.00,1950.00,0.00,98028.00,47.77,-122.26,1910.00,10296.00
1775920340.00,20150126T000000,484000.00,4.00,1.75,2440.00,16730.00,1.00,0.00,0.00,3.00,7.00,1390.00,1050.00,1976.00,0.00,98072.00,47.74,-122.11,1390.00,11600.00
8946700140.00,20141121T000000,395000.00,4.00,3.00,2500.00,6278.00,2.00,0.00,0.00,3.00,9.00,2500.00,0.00,2002.00,0.00,98092.00,47.33,-122.17,2700.00,7200.00
8651610240.00,20141119T000000,839900.00,4.00,2.50,3420.00,7462.00,2.00,0.00,0.00,3.00,9.00,3420.00,0.00,2002.00,0.00,98074.00,47.64,-122.06,3080.00,8031.00
1237500105.00,20141113T000000,760000.00,4.00,2.50,2850.00,11000.00,2.00,0.00,0.00,3.00,8.00,2850.00,0.00,1998.00,0.00,98052.00,47.68,-122.16,1720.00,11000.00
9151600106.00,20150512T000000,750000.00,4.00,1.50,2030.00,3300.00,1.50,0.00,0.00,4.00,8.00,1530.00,500.00,1927.00,0.00,98116.00,47.59,-122.38,2610.00,5400.00
1118000340.00,20150408T000000,3000000.00,5.00,3.75,4590.00,11265.00,2.00,0.00,0.00,4.00,11.00,3450.00,1140.00,1927.00,0.00,98112.00,47.64,-122.29,3870.00,8996.00
7853230570.00,20140915T000000,440000.00,3.00,2.50,2230.00,5800.00,2.00,0.00,0.00,3.00,7.00,2230.00,0.00,2004.00,0.00,98065.00,47.53,-121.85,2230.00,6088.00
4353700200.00,20141203T000000,501000.00,2.00,1.75,1810.00,7523.00,1.00,0.00,0.00,3.00,8.00,1170.00,640.00,1962.00,1980.00,98027.00,47.57,-122.09,2090.00,7523.00
7228501805.00,20140924T000000,739000.00,6.00,4.50,4000.00,7500.00,2.00,0.00,0.00,3.00,7.00,4000.00,0.00,1978.00,0.00,98122.00,47.61,-122.31,1380.00,6298.00
9541800075.00,20140908T000000,685650.00,3.00,1.75,1490.00,16200.00,1.00,0.00,0.00,5.00,8.00,1490.00,0.00,1958.00,0.00,98005.00,47.59,-122.18,2070.00,16200.00
3425069083.00,20140625T000000,1005000.00,4.00,4.50,4225.00,284011.00,2.00,0.00,0.00,4.00,11.00,4225.00,0.00,1985.00,0.00,98074.00,47.61,-122.02,2870.00,14576.00
7613700270.00,20140916T000000,980000.00,4.00,1.75,2120.00,4000.00,1.50,0.00,0.00,4.00,8.00,1920.00,200.00,1929.00,0.00,98105.00,47.66,-122.28,2300.00,4000.00
6882200140.00,20140930T000000,275000.00,3.00,1.50,1030.00,7184.00,1.00,0.00,0.00,4.00,7.00,1030.00,0.00,1968.00,0.00,98056.00,47.51,-122.19,1330.00,7262.00
2473380400.00,20140519T000000,319950.00,4.00,1.75,2310.00,8045.00,1.00,0.00,0.00,4.00,7.00,1650.00,660.00,1976.00,0.00,98058.00,47.46,-122.17,1790.00,8086.00
3579000370.00,20150320T000000,448500.00,3.00,2.25,1830.00,7943.00,2.00,0.00,0.00,3.00,8.00,1830.00,0.00,1985.00,0.00,98028.00,47.75,-122.25,2100.00,8070.00
2623029078.00,20140603T000000,437000.00,5.00,2.00,2120.00,137565.00,1.50,0.00,0.00,3.00,7.00,2120.00,0.00,1913.00,0.00,98070.00,47.46,-122.51,2120.00,157123.00
3124049196.00,20141107T000000,330000.00,4.00,1.50,2500.00,9448.00,1.00,0.00,0.00,4.00,7.00,1250.00,1250.00,1966.00,0.00,98106.00,47.52,-122.34,1640.00,9490.00
3374500240.00,20141217T000000,365000.00,3.00,2.50,2470.00,7700.00,2.00,0.00,0.00,4.00,8.00,2470.00,0.00,1990.00,0.00,98031.00,47.41,-122.17,2400.00,7700.00
8911000445.00,20141112T000000,329000.00,2.00,1.00,940.00,7700.00,1.00,0.00,0.00,4.00,6.00,940.00,0.00,1916.00,0.00,98133.00,47.71,-122.35,1290.00,7375.00
1066100260.00,20140620T000000,681500.00,5.00,2.75,3260.00,11700.00,1.00,0.00,0.00,3.00,8.00,1630.00,1630.00,1964.00,0.00,98008.00,47.62,-122.10,2860.00,11700.00
7205850030.00,20140509T000000,566000.00,3.00,2.25,1660.00,10140.00,1.00,0.00,0.00,4.00,8.00,1370.00,290.00,1980.00,0.00,98052.00,47.69,-122.13,2100.00,10125.00
1330910370.00,20141020T000000,897500.00,4.00,3.00,4370.00,217882.00,2.00,0.00,0.00,3.00,10.00,4370.00,0.00,1984.00,0.00,98053.00,47.66,-122.03,2430.00,35096.00
11520370.00,20141229T000000,738000.00,3.00,2.50,2620.00,9112.00,2.00,0.00,0.00,3.00,9.00,2620.00,0.00,1995.00,0.00,98052.00,47.70,-122.12,2620.00,9067.00
3327000070.00,20150420T000000,185000.00,3.00,1.75,1500.00,7800.00,1.00,0.00,0.00,3.00,7.00,1500.00,0.00,1968.00,0.00,98092.00,47.31,-122.19,1490.00,7800.00
2594200350.00,20150304T000000,445000.00,2.00,1.00,910.00,7200.00,1.00,0.00,1.00,4.00,7.00,830.00,80.00,1936.00,0.00,98136.00,47.51,-122.39,1700.00,7200.00
2724049185.00,20150325T000000,175000.00,3.00,1.75,1430.00,4920.00,1.00,0.00,0.00,2.00,6.00,1430.00,0.00,1957.00,0.00,98118.00,47.54,-122.28,1550.00,5646.00
3123800125.00,20141121T000000,315000.00,2.00,1.00,900.00,8556.00,1.00,0.00,0.00,3.00,6.00,760.00,140.00,1941.00,0.00,98136.00,47.51,-122.39,1500.00,8556.00
3298200320.00,20140624T000000,445000.00,4.00,1.75,1250.00,7400.00,1.00,0.00,0.00,5.00,6.00,1250.00,0.00,1959.00,0.00,98008.00,47.62,-122.12,990.00,7600.00
2068000270.00,20140805T000000,1400000.00,5.00,3.00,3850.00,14990.00,1.00,0.00,0.00,4.00,9.00,2290.00,1560.00,1964.00,0.00,98004.00,47.64,-122.22,3010.00,15001.00
7732500700.00,20141126T000000,832500.00,4.00,2.50,3450.00,35100.00,2.00,0.00,0.00,3.00,10.00,3450.00,0.00,1987.00,0.00,98052.00,47.73,-122.11,3110.00,35894.00
7851990240.00,20140717T000000,771150.00,4.00,3.50,3950.00,12320.00,2.00,0.00,0.00,3.00,10.00,3950.00,0.00,2001.00,0.00,98065.00,47.54,-121.87,3920.00,11086.00
3423049269.00,20140513T000000,225000.00,4.00,1.50,1950.00,12559.00,1.50,0.00,0.00,3.00,6.00,1950.00,0.00,1939.00,0.00,98188.00,47.44,-122.28,1950.00,9178.00
7852150200.00,20140923T000000,389950.00,3.00,2.50,1700.00,6396.00,2.00,0.00,0.00,3.00,7.00,1700.00,0.00,2003.00,0.00,98065.00,47.53,-121.87,1700.00,4444.00
7853230270.00,20140804T000000,435000.00,3.00,2.50,2370.00,6082.00,2.00,0.00,0.00,3.00,7.00,2370.00,0.00,2004.00,0.00,98065.00,47.53,-121.85,2690.00,6152.00
1965200075.00,20150316T000000,845000.00,3.00,1.75,1600.00,2538.00,2.00,0.00,0.00,3.00,7.00,1600.00,0.00,1929.00,0.00,98102.00,47.64,-122.33,1660.00,1750.00
1959700445.00,20140725T000000,1300000.00,4.00,1.75,4060.00,5500.00,2.00,0.00,0.00,5.00,9.00,2660.00,1400.00,1924.00,0.00,98102.00,47.64,-122.32,3320.00,5500.00
1250200765.00,20140714T000000,350000.00,3.00,2.25,1322.00,1796.00,2.00,0.00,0.00,3.00,8.00,1087.00,235.00,2005.00,0.00,98144.00,47.60,-122.30,1690.00,2025.00
3275300270.00,20140708T000000,250000.00,3.00,1.75,1140.00,10400.00,1.00,0.00,0.00,4.00,7.00,1140.00,0.00,1983.00,0.00,98003.00,47.26,-122.31,1280.00,9800.00
7548300751.00,20150430T000000,370000.00,2.00,1.50,1280.00,2096.00,2.00,0.00,0.00,3.00,7.00,1080.00,200.00,2007.00,0.00,98144.00,47.59,-122.31,1340.00,7452.00
9526600260.00,20140729T000000,750000.00,4.00,2.50,3080.00,4553.00,2.50,0.00,0.00,3.00,8.00,3080.00,0.00,2008.00,0.00,98052.00,47.71,-122.11,2750.00,4929.00
2880100240.00,20140825T000000,439950.00,2.00,1.75,1210.00,3000.00,1.00,0.00,0.00,5.00,7.00,910.00,300.00,1906.00,0.00,98117.00,47.68,-122.37,1260.00,3000.00
5253300320.00,20141103T000000,395000.00,4.00,1.75,1950.00,10219.00,1.00,0.00,0.00,3.00,7.00,1950.00,0.00,1962.00,0.00,98133.00,47.75,-122.34,1500.00,9099.00
2291400566.00,20140807T000000,375000.00,4.00,1.00,1450.00,6820.00,1.50,0.00,0.00,3.00,6.00,1450.00,0.00,1947.00,0.00,98133.00,47.71,-122.35,1450.00,6820.00
103400160.00,20140515T000000,263000.00,3.00,2.25,1590.00,7748.00,2.00,0.00,0.00,4.00,7.00,1590.00,0.00,1991.00,0.00,98003.00,47.29,-122.30,1590.00,7606.00
1951600240.00,20141208T000000,185000.00,3.00,1.00,1240.00,9198.00,1.50,0.00,0.00,4.00,7.00,1240.00,0.00,1959.00,0.00,98032.00,47.37,-122.30,1170.00,8970.00
224069129.00,20150225T000000,500000.00,3.00,1.00,1440.00,54315.00,1.00,0.00,0.00,3.00,7.00,790.00,650.00,1974.00,0.00,98075.00,47.59,-122.01,2690.00,40518.00
5608000860.00,20140926T000000,920000.00,4.00,2.50,3470.00,10045.00,2.00,0.00,0.00,3.00,10.00,3470.00,0.00,1993.00,0.00,98027.00,47.55,-122.10,4370.00,12359.00
424069271.00,20141024T000000,936000.00,7.00,3.75,5100.00,21802.00,2.00,0.00,0.00,3.00,10.00,3640.00,1460.00,2001.00,0.00,98075.00,47.60,-122.04,3350.00,10005.00
8964800390.00,20140508T000000,1500000.00,3.00,1.75,2430.00,12757.00,1.00,0.00,2.00,4.00,8.00,1340.00,1090.00,1952.00,0.00,98004.00,47.62,-122.21,2930.00,12450.00
7533800885.00,20141027T000000,1100000.00,3.00,2.25,2420.00,7200.00,1.00,0.00,0.00,3.00,8.00,1420.00,1000.00,1948.00,0.00,98115.00,47.69,-122.28,2500.00,7200.00
2312400200.00,20150102T000000,247000.00,3.00,2.50,1510.00,10875.00,1.00,0.00,0.00,3.00,7.00,1150.00,360.00,1990.00,0.00,98003.00,47.35,-122.30,1810.00,9916.00
3226049267.00,20150425T000000,289500.00,3.00,1.00,1200.00,5525.00,1.00,0.00,0.00,2.00,7.00,1200.00,0.00,1947.00,0.00,98115.00,47.70,-122.33,1580.00,7200.00
7852130640.00,20140602T000000,432500.00,3.00,2.50,2240.00,6396.00,2.00,0.00,0.00,3.00,7.00,2240.00,0.00,2002.00,0.00,98065.00,47.54,-121.88,2610.00,5128.00
9530101535.00,20150327T000000,680000.00,3.00,1.75,1870.00,4320.00,1.00,0.00,0.00,4.00,7.00,970.00,900.00,1920.00,0.00,98103.00,47.67,-122.36,1810.00,3900.00
6822100030.00,20140528T000000,589000.00,3.00,1.00,1110.00,6000.00,1.50,0.00,0.00,5.00,7.00,1110.00,0.00,1932.00,0.00,98199.00,47.65,-122.40,1420.00,6000.00
1090000036.00,20141223T000000,756450.00,4.00,2.00,3210.00,8400.00,1.50,0.00,0.00,5.00,7.00,2040.00,1170.00,1914.00,0.00,98136.00,47.53,-122.39,2540.00,6458.00
6619910260.00,20150407T000000,536650.00,3.00,1.75,2090.00,8910.00,1.00,0.00,0.00,3.00,8.00,1230.00,860.00,1975.00,0.00,98034.00,47.71,-122.22,2310.00,10695.00
342000036.00,20140702T000000,540000.00,3.00,2.25,1320.00,1800.00,2.00,0.00,0.00,3.00,7.00,1320.00,0.00,1994.00,0.00,98122.00,47.61,-122.29,2010.00,4500.00
3448002267.00,20150428T000000,385000.00,3.00,1.75,1340.00,3850.00,1.00,0.00,0.00,4.00,7.00,1340.00,0.00,1960.00,0.00,98125.00,47.71,-122.29,1540.00,7645.00
7974200765.00,20140902T000000,485000.00,3.00,1.00,1020.00,6120.00,1.00,0.00,0.00,3.00,7.00,1020.00,0.00,1941.00,0.00,98115.00,47.68,-122.29,2370.00,6695.00
7230400400.00,20140926T000000,240000.00,3.00,2.00,1220.00,17652.00,1.00,0.00,0.00,4.00,7.00,1220.00,0.00,1980.00,0.00,98059.00,47.47,-122.10,1990.00,17652.00
7230400400.00,20150326T000000,415500.00,3.00,2.00,1220.00,17652.00,1.00,0.00,0.00,4.00,7.00,1220.00,0.00,1980.00,0.00,98059.00,47.47,-122.10,1990.00,17652.00
2028700575.00,20141113T000000,550000.00,3.00,2.00,1390.00,2688.00,1.50,0.00,0.00,5.00,7.00,1390.00,0.00,1915.00,0.00,98117.00,47.68,-122.37,1440.00,2900.00
4232400400.00,20140929T000000,1260000.00,4.00,2.00,2970.00,5400.00,2.50,0.00,0.00,4.00,9.00,2970.00,0.00,1900.00,0.00,98112.00,47.62,-122.31,2500.00,5040.00
792500260.00,20140715T000000,430000.00,2.00,2.00,1440.00,213008.00,2.00,0.00,0.00,4.00,7.00,1440.00,0.00,1990.00,0.00,98070.00,47.36,-122.46,1630.00,161172.00
2493200370.00,20141112T000000,415000.00,2.00,1.75,1550.00,4257.00,1.00,0.00,3.00,3.00,7.00,830.00,720.00,1953.00,0.00,98136.00,47.53,-122.38,1920.00,5100.00
844001052.00,20150128T000000,365000.00,4.00,2.50,1904.00,8200.00,2.00,0.00,0.00,5.00,7.00,1904.00,0.00,1999.00,0.00,98010.00,47.31,-122.00,1560.00,12426.00
7696610240.00,20141210T000000,257000.00,4.00,1.50,1400.00,8500.00,2.00,0.00,0.00,3.00,7.00,1400.00,0.00,1975.00,0.00,98001.00,47.33,-122.28,1580.00,7650.00
3630110370.00,20140624T000000,420000.00,3.00,2.50,2140.00,3821.00,2.00,0.00,0.00,3.00,8.00,2140.00,0.00,2005.00,0.00,98029.00,47.55,-122.00,2860.00,3841.00
1217000270.00,20140916T000000,338995.00,3.00,1.75,1320.00,9450.00,1.00,0.00,0.00,5.00,7.00,1320.00,0.00,1943.00,0.00,98166.00,47.46,-122.35,1320.00,8315.00
9441300030.00,20150410T000000,615000.00,3.00,1.75,2620.00,8280.00,1.00,0.00,0.00,4.00,7.00,1330.00,1290.00,1948.00,0.00,98177.00,47.72,-122.36,1530.00,8160.00
2991000160.00,20141212T000000,312500.00,4.00,0.50,2300.00,5570.00,2.00,0.00,0.00,3.00,8.00,2300.00,0.00,1996.00,0.00,98092.00,47.33,-122.17,1820.00,6371.00
6641020160.00,20140506T000000,513000.00,4.00,2.50,2000.00,5684.00,2.00,0.00,0.00,3.00,8.00,2000.00,0.00,1996.00,0.00,98028.00,47.74,-122.22,2210.00,7066.00
2998300075.00,20150127T000000,857500.00,4.00,2.75,2960.00,5040.00,2.00,0.00,3.00,3.00,9.00,2210.00,750.00,1952.00,1993.00,98116.00,47.57,-122.41,2270.00,5500.00
5456000570.00,20141230T000000,1060000.00,3.00,2.75,2700.00,22343.00,1.50,0.00,1.00,4.00,10.00,2700.00,0.00,1977.00,0.00,98040.00,47.57,-122.21,3390.00,15682.00
7784400070.00,20140722T000000,585000.00,3.00,1.75,1740.00,9500.00,1.00,0.00,3.00,4.00,8.00,1150.00,590.00,1958.00,0.00,98146.00,47.49,-122.37,2110.00,9450.00
2781250400.00,20141008T000000,350500.00,2.00,2.50,1770.00,4950.00,1.00,0.00,0.00,3.00,7.00,1770.00,0.00,2003.00,0.00,98038.00,47.35,-122.03,1770.00,4500.00
3821400200.00,20141006T000000,215000.00,3.00,2.00,1290.00,9312.00,1.00,0.00,0.00,3.00,7.00,1290.00,0.00,1947.00,0.00,98168.00,47.48,-122.33,1650.00,7300.00
3580900200.00,20140617T000000,440000.00,4.00,2.00,1450.00,8400.00,1.50,0.00,0.00,4.00,7.00,1450.00,0.00,1962.00,0.00,98034.00,47.73,-122.24,1450.00,7440.00
5466750140.00,20150427T000000,270000.00,3.00,2.25,1420.00,7800.00,1.00,0.00,0.00,4.00,7.00,1130.00,290.00,1985.00,0.00,98042.00,47.36,-122.16,1460.00,7800.00
8122100160.00,20141023T000000,385000.00,3.00,0.75,1330.00,7020.00,1.00,0.00,0.00,5.00,7.00,1330.00,0.00,1924.00,0.00,98126.00,47.54,-122.38,1410.00,5802.00
9523102447.00,20141117T000000,688500.00,3.00,1.75,1760.00,4125.00,1.50,0.00,3.00,4.00,7.00,1760.00,0.00,1927.00,0.00,98103.00,47.67,-122.35,1760.00,4000.00
7234601525.00,20140519T000000,700000.00,3.00,1.75,2010.00,4905.00,1.00,0.00,0.00,5.00,7.00,1230.00,780.00,1912.00,0.00,98122.00,47.61,-122.31,2210.00,1834.00
6071300160.00,20140822T000000,585000.00,5.00,2.00,2560.00,14467.00,1.00,0.00,0.00,3.00,8.00,1280.00,1280.00,1960.00,0.00,98006.00,47.55,-122.18,2200.00,10267.00
8044200200.00,20150226T000000,401000.00,2.00,1.50,1260.00,2625.00,2.00,0.00,0.00,4.00,7.00,1260.00,0.00,1983.00,0.00,98052.00,47.67,-122.15,1260.00,2625.00
8563050350.00,20150306T000000,655000.00,4.00,2.25,2420.00,7725.00,1.00,0.00,0.00,4.00,8.00,1890.00,530.00,1972.00,0.00,98052.00,47.63,-122.09,1740.00,7944.00
1282300105.00,20140604T000000,317000.00,3.00,1.00,1010.00,5400.00,1.00,0.00,0.00,3.00,6.00,1010.00,0.00,1959.00,0.00,98144.00,47.57,-122.29,960.00,5400.00
3374300030.00,20150505T000000,500000.00,4.00,2.50,1770.00,8155.00,1.50,0.00,0.00,4.00,6.00,1770.00,0.00,1970.00,1993.00,98034.00,47.72,-122.17,1460.00,7360.00
9232900075.00,20141021T000000,314963.00,2.00,1.00,890.00,6350.00,1.00,0.00,0.00,3.00,6.00,890.00,0.00,1943.00,0.00,98103.00,47.70,-122.36,1490.00,6350.00
952000640.00,20141027T000000,715000.00,3.00,1.50,1670.00,5060.00,2.00,0.00,2.00,5.00,7.00,1670.00,0.00,1925.00,0.00,98126.00,47.57,-122.38,1670.00,5118.00
7334600030.00,20141014T000000,280000.00,3.00,2.25,1360.00,9600.00,2.00,0.00,0.00,3.00,7.00,1360.00,0.00,1992.00,0.00,98045.00,47.47,-121.75,1200.00,10400.00
200500700.00,20140612T000000,531000.00,3.00,2.50,2120.00,9736.00,2.00,0.00,0.00,3.00,9.00,2120.00,0.00,1988.00,0.00,98011.00,47.74,-122.22,2490.00,8763.00
11200400.00,20140923T000000,617000.00,3.00,2.50,1910.00,4488.00,2.00,0.00,0.00,3.00,8.00,1910.00,0.00,1998.00,0.00,98007.00,47.62,-122.14,1530.00,3696.00
1139000135.00,20141009T000000,440000.00,4.00,1.00,1480.00,7560.00,1.50,0.00,0.00,3.00,7.00,1480.00,0.00,1940.00,0.00,98177.00,47.71,-122.36,1480.00,7560.00
7468900270.00,20140729T000000,140000.00,3.00,1.00,1090.00,10114.00,1.00,0.00,0.00,4.00,7.00,1090.00,0.00,1955.00,0.00,98002.00,47.30,-122.22,1380.00,7800.00
1036400200.00,20150213T000000,661000.00,4.00,1.75,1670.00,13125.00,1.00,0.00,0.00,5.00,8.00,1670.00,0.00,1973.00,0.00,98052.00,47.63,-122.10,2360.00,12500.00
1036400200.00,20150429T000000,697000.00,4.00,1.75,1670.00,13125.00,1.00,0.00,0.00,5.00,8.00,1670.00,0.00,1973.00,0.00,98052.00,47.63,-122.10,2360.00,12500.00
3622900200.00,20140627T000000,1195000.00,5.00,2.75,3650.00,13297.00,2.00,0.00,0.00,5.00,9.00,2750.00,900.00,1969.00,0.00,98040.00,47.55,-122.23,2900.00,11568.00
6884800262.00,20140920T000000,535000.00,4.00,2.00,1970.00,3515.00,1.00,0.00,0.00,5.00,8.00,1030.00,940.00,1969.00,0.00,98115.00,47.69,-122.31,1650.00,4275.00
7950302255.00,20150324T000000,404500.00,2.00,2.00,1320.00,3060.00,1.50,0.00,0.00,4.00,6.00,1320.00,0.00,1910.00,0.00,98118.00,47.56,-122.28,1410.00,3264.00
3524039196.00,20141112T000000,396500.00,3.00,1.00,1710.00,5110.00,1.00,0.00,0.00,3.00,7.00,1100.00,610.00,1954.00,0.00,98126.00,47.53,-122.38,1310.00,5110.00
2064800830.00,20150320T000000,450000.00,3.00,2.25,1740.00,9488.00,1.00,0.00,0.00,4.00,8.00,1180.00,560.00,1977.00,0.00,98056.00,47.53,-122.17,1880.00,8615.00
1861400116.00,20150116T000000,605000.00,3.00,3.25,2200.00,2400.00,2.00,0.00,0.00,3.00,8.00,1740.00,460.00,1988.00,0.00,98119.00,47.63,-122.37,2200.00,3600.00
7129302685.00,20140911T000000,699000.00,3.00,2.00,2010.00,4320.00,2.00,0.00,2.00,3.00,9.00,2010.00,0.00,1999.00,0.00,98118.00,47.52,-122.26,1640.00,5225.00
4046600070.00,20140619T000000,805000.00,3.00,3.00,3910.00,19023.00,2.00,0.00,0.00,3.00,11.00,3910.00,0.00,1985.00,0.00,98014.00,47.70,-121.91,1860.00,15001.00
8655900162.00,20150219T000000,156000.00,1.00,0.75,470.00,15000.00,1.00,0.00,0.00,3.00,4.00,470.00,0.00,1947.00,0.00,98014.00,47.66,-121.91,1730.00,22500.00
2193310320.00,20150306T000000,595000.00,4.00,2.50,2330.00,7064.00,1.00,0.00,0.00,4.00,8.00,1780.00,550.00,1984.00,0.00,98052.00,47.70,-122.10,1740.00,8075.00
5417600200.00,20140728T000000,285000.00,3.00,1.75,1930.00,7200.00,1.50,0.00,0.00,3.00,6.00,1930.00,0.00,1929.00,0.00,98065.00,47.53,-121.81,1350.00,9000.00
4178900070.00,20150325T000000,725000.00,4.00,2.50,3270.00,6055.00,2.00,0.00,0.00,3.00,9.00,3270.00,0.00,2007.00,0.00,98056.00,47.54,-122.19,2740.00,7367.00
2115720070.00,20141125T000000,216300.00,3.00,2.50,1650.00,5000.00,2.00,0.00,0.00,3.00,8.00,1650.00,0.00,1985.00,0.00,98023.00,47.32,-122.39,1720.00,5000.00
3211100990.00,20141020T000000,410000.00,4.00,2.75,2220.00,8450.00,1.00,0.00,0.00,4.00,7.00,1260.00,960.00,1983.00,0.00,98059.00,47.48,-122.16,1580.00,8450.00
5288200260.00,20140903T000000,597000.00,2.00,1.75,2470.00,4600.00,1.00,0.00,3.00,4.00,7.00,1140.00,1330.00,1916.00,0.00,98126.00,47.56,-122.38,1790.00,5175.00
1771110070.00,20150218T000000,325000.00,3.00,1.00,1300.00,9300.00,1.00,0.00,0.00,4.00,7.00,1300.00,0.00,1977.00,0.00,98077.00,47.76,-122.07,1300.00,10064.00
274000070.00,20150401T000000,355000.00,5.00,2.75,2530.00,9375.00,1.00,0.00,0.00,5.00,7.00,1530.00,1000.00,1966.00,0.00,98030.00,47.37,-122.21,2250.00,8200.00
2816900030.00,20141218T000000,338000.00,3.00,1.50,2400.00,8215.00,1.00,0.00,0.00,3.00,7.00,1200.00,1200.00,1961.00,0.00,98146.00,47.50,-122.34,1460.00,8217.00
304100070.00,20141118T000000,210000.00,4.00,2.25,1500.00,5393.00,2.00,0.00,0.00,3.00,7.00,1500.00,0.00,1999.00,0.00,98001.00,47.34,-122.26,1700.00,5917.00
3876200350.00,20140814T000000,423000.00,4.00,1.75,1700.00,9000.00,1.00,0.00,0.00,3.00,7.00,1700.00,0.00,1967.00,0.00,98034.00,47.73,-122.18,1930.00,7818.00
7806210070.00,20150211T000000,249500.00,4.00,1.50,2120.00,8554.00,1.00,0.00,0.00,4.00,7.00,1170.00,950.00,1977.00,0.00,98002.00,47.29,-122.20,1790.00,8554.00
5437600140.00,20150110T000000,325000.00,4.00,2.50,2240.00,5105.00,2.00,0.00,0.00,4.00,8.00,2240.00,0.00,2002.00,0.00,98042.00,47.39,-122.17,1920.00,5288.00
1796360370.00,20150325T000000,257000.00,3.00,1.75,1540.00,8223.00,1.00,0.00,0.00,4.00,7.00,1070.00,470.00,1987.00,0.00,98042.00,47.37,-122.09,1240.00,8113.00
1428001160.00,20150420T000000,550000.00,3.00,1.75,1890.00,100623.00,1.00,0.00,3.00,3.00,8.00,1890.00,0.00,1978.00,0.00,98053.00,47.65,-121.98,2110.00,50529.00
1233100260.00,20141114T000000,490000.00,3.00,1.00,1260.00,9638.00,2.00,0.00,0.00,4.00,7.00,1260.00,0.00,1920.00,0.00,98033.00,47.68,-122.18,1760.00,7822.00
8835220200.00,20150202T000000,299000.00,2.00,1.50,1160.00,3838.00,2.00,0.00,0.00,3.00,7.00,1160.00,0.00,1983.00,0.00,98034.00,47.73,-122.16,1410.00,3780.00
2023039045.00,20141103T000000,295000.00,2.00,1.00,1300.00,39639.00,1.00,0.00,0.00,4.00,6.00,1300.00,0.00,1960.00,0.00,98070.00,47.47,-122.45,1880.00,98881.00
7504400400.00,20141029T000000,630000.00,4.00,2.50,3220.00,14463.00,2.00,0.00,0.00,3.00,8.00,3220.00,0.00,1978.00,0.00,98074.00,47.63,-122.05,2550.00,12109.00
1432900310.00,20150424T000000,320000.00,4.00,1.50,2020.00,8474.00,1.00,0.00,0.00,5.00,7.00,1010.00,1010.00,1962.00,0.00,98058.00,47.46,-122.17,1720.00,8166.00
9541600295.00,20150424T000000,1110000.00,4.00,2.50,2990.00,8640.00,1.00,0.00,0.00,5.00,8.00,2100.00,890.00,1959.00,0.00,98005.00,47.59,-122.17,2270.00,8800.00
2914700310.00,20140922T000000,398000.00,4.00,1.00,1420.00,6458.00,1.00,0.00,0.00,4.00,7.00,1420.00,0.00,1953.00,0.00,98117.00,47.70,-122.36,1670.00,6350.00
7972604355.00,20140521T000000,218000.00,3.00,1.00,1020.00,7874.00,1.00,0.00,0.00,3.00,7.00,1020.00,0.00,1956.00,0.00,98106.00,47.52,-122.35,1290.00,7320.00
2423069084.00,20150303T000000,590000.00,4.00,2.75,2400.00,104108.00,2.00,0.00,0.00,3.00,8.00,2400.00,0.00,1988.00,0.00,98027.00,47.47,-121.99,2270.00,54450.00
8655000070.00,20140601T000000,1595000.00,5.00,3.00,3640.00,8239.00,2.00,0.00,3.00,3.00,10.00,2540.00,1100.00,1982.00,0.00,98008.00,47.58,-122.11,3330.00,10643.00
8165501620.00,20141218T000000,348500.00,2.00,2.25,1550.00,1824.00,2.00,0.00,0.00,3.00,8.00,1550.00,0.00,2007.00,0.00,98106.00,47.54,-122.37,1460.00,1826.00
8682281480.00,20140725T000000,592500.00,2.00,2.00,1870.00,4751.00,1.00,0.00,0.00,3.00,8.00,1870.00,0.00,2006.00,0.00,98053.00,47.71,-122.02,2170.00,5580.00
1137610140.00,20140610T000000,505000.00,3.00,2.50,2340.00,5957.00,2.00,0.00,0.00,3.00,8.00,2340.00,0.00,1995.00,0.00,98028.00,47.73,-122.24,2340.00,6604.00
4232900310.00,20141029T000000,1430000.00,5.00,4.25,3350.00,3600.00,2.00,0.00,0.00,3.00,10.00,2260.00,1090.00,2014.00,0.00,98119.00,47.64,-122.36,1810.00,3600.00
324000370.00,20140721T000000,502000.00,3.00,1.00,1710.00,5000.00,1.00,0.00,0.00,5.00,7.00,1140.00,570.00,1921.00,0.00,98116.00,47.57,-122.39,1670.00,4000.00
3822200036.00,20140624T000000,257500.00,2.00,2.00,1180.00,9265.00,1.00,0.00,0.00,3.00,7.00,1180.00,0.00,1940.00,0.00,98125.00,47.73,-122.30,460.00,18000.00
3876100310.00,20140711T000000,405000.00,3.00,1.50,1600.00,7500.00,1.00,0.00,0.00,3.00,7.00,1600.00,0.00,1966.00,0.00,98034.00,47.72,-122.18,1700.00,7500.00
8024201525.00,20150317T000000,427000.00,3.00,1.75,1300.00,5111.00,1.00,0.00,0.00,4.00,7.00,1300.00,0.00,1959.00,0.00,98115.00,47.70,-122.31,1370.00,5111.00
4024101670.00,20141204T000000,290000.00,3.00,1.50,1040.00,9997.00,1.00,0.00,0.00,4.00,7.00,1040.00,0.00,1955.00,0.00,98155.00,47.76,-122.30,1040.00,8699.00
3124049171.00,20150324T000000,222000.00,3.00,1.00,1220.00,7695.00,1.00,0.00,0.00,3.00,7.00,1220.00,0.00,1954.00,0.00,98106.00,47.52,-122.34,1210.00,7412.00
2310100240.00,20141218T000000,315000.00,3.00,2.50,2240.00,6097.00,2.00,0.00,0.00,3.00,8.00,2240.00,0.00,2002.00,0.00,98038.00,47.35,-122.04,2240.00,5574.00
8021700030.00,20140604T000000,371000.00,3.00,1.50,1420.00,4500.00,1.00,0.00,0.00,3.00,7.00,1420.00,0.00,1959.00,0.00,98103.00,47.69,-122.33,1540.00,6375.00
3861500340.00,20140626T000000,279900.00,3.00,1.75,1580.00,6620.00,1.00,0.00,0.00,3.00,7.00,1580.00,0.00,1988.00,0.00,98003.00,47.28,-122.30,1580.00,8137.00
1823069046.00,20150420T000000,250000.00,3.00,1.50,2390.00,23522.00,1.00,0.00,0.00,2.00,7.00,1890.00,500.00,1938.00,1968.00,98059.00,47.48,-122.09,2430.00,23958.00
6070500055.00,20140506T000000,599000.00,4.00,2.25,2260.00,29930.00,2.00,0.00,0.00,4.00,8.00,1400.00,860.00,1977.00,0.00,98006.00,47.57,-122.13,2770.00,29930.00
520069032.00,20140716T000000,267300.00,3.00,1.75,1890.00,93218.00,1.00,0.00,0.00,4.00,7.00,1890.00,0.00,1964.00,0.00,98092.00,47.26,-122.07,1690.00,172062.00
4154303655.00,20141211T000000,585000.00,2.00,1.75,1830.00,7200.00,1.00,0.00,2.00,4.00,7.00,1070.00,760.00,1949.00,0.00,98118.00,47.56,-122.27,1570.00,6000.00
3876800710.00,20150414T000000,350000.00,3.00,1.75,1000.00,8268.00,1.00,0.00,0.00,3.00,6.00,1000.00,0.00,1969.00,0.00,98072.00,47.74,-122.17,1220.00,7800.00
259000240.00,20140617T000000,506000.00,3.00,1.75,2180.00,7700.00,1.00,0.00,0.00,3.00,8.00,1480.00,700.00,1961.00,0.00,98177.00,47.76,-122.36,2180.00,7604.00
1822069041.00,20141113T000000,400000.00,6.00,2.00,2320.00,210830.00,2.00,0.00,0.00,4.00,8.00,2320.00,0.00,1962.00,0.00,98058.00,47.40,-122.08,2540.00,217800.00
7520000695.00,20141104T000000,151100.00,3.00,1.00,840.00,4495.00,1.00,0.00,0.00,3.00,6.00,840.00,0.00,1921.00,0.00,98146.00,47.50,-122.35,1260.00,7434.00
7520000695.00,20150421T000000,251000.00,3.00,1.00,840.00,4495.00,1.00,0.00,0.00,3.00,6.00,840.00,0.00,1921.00,0.00,98146.00,47.50,-122.35,1260.00,7434.00
2141330700.00,20140522T000000,555000.00,4.00,2.25,2350.00,8140.00,1.00,0.00,0.00,4.00,8.00,1430.00,920.00,1977.00,0.00,98006.00,47.56,-122.13,2640.00,8700.00
3123039082.00,20141006T000000,467500.00,3.00,1.75,2040.00,273556.00,1.00,0.00,0.00,3.00,7.00,2040.00,0.00,1997.00,0.00,98070.00,47.44,-122.47,1790.00,273556.00
7215420370.00,20150407T000000,479000.00,4.00,2.50,2370.00,30378.00,2.00,0.00,0.00,3.00,8.00,2370.00,0.00,1996.00,0.00,98042.00,47.34,-122.07,2870.00,34834.00
1311000270.00,20150416T000000,247000.00,5.00,2.00,1590.00,9350.00,1.00,0.00,0.00,5.00,7.00,1060.00,530.00,1962.00,0.00,98001.00,47.34,-122.29,1460.00,8210.00
7334500800.00,20150123T000000,299500.00,3.00,1.00,1380.00,10875.00,1.00,0.00,0.00,3.00,7.00,1380.00,0.00,1977.00,0.00,98045.00,47.47,-121.75,1040.00,10875.00
2832100270.00,20150507T000000,306888.00,4.00,1.50,1940.00,8970.00,1.50,0.00,0.00,3.00,7.00,1270.00,670.00,1980.00,0.00,98125.00,47.73,-122.33,1960.00,8470.00
3022079094.00,20141006T000000,675000.00,4.00,2.50,3320.00,244807.00,2.00,0.00,0.00,3.00,9.00,3320.00,0.00,2001.00,0.00,98010.00,47.36,-121.96,2530.00,217800.00
2436200320.00,20150421T000000,577000.00,2.00,1.00,1090.00,5265.00,1.50,0.00,0.00,4.00,7.00,1090.00,0.00,1947.00,0.00,98105.00,47.66,-122.29,2080.00,4000.00
1042500013.00,20140520T000000,219950.00,3.00,1.50,1650.00,9936.00,1.00,0.00,0.00,3.00,7.00,1090.00,560.00,1967.00,0.00,98003.00,47.33,-122.33,1560.00,9890.00
3897100060.00,20140723T000000,375000.00,3.00,1.50,1110.00,5500.00,1.00,0.00,0.00,3.00,6.00,1110.00,0.00,1940.00,1997.00,98033.00,47.67,-122.18,1670.00,6600.00
3188100105.00,20141107T000000,650000.00,4.00,2.50,2110.00,6820.00,1.00,0.00,0.00,5.00,7.00,1530.00,580.00,1942.00,0.00,98115.00,47.69,-122.31,1420.00,6431.00
2767604170.00,20150406T000000,975000.00,3.00,3.00,1850.00,5000.00,1.50,0.00,0.00,2.00,6.00,1850.00,0.00,1900.00,0.00,98107.00,47.67,-122.39,1360.00,2500.00
1773100765.00,20150429T000000,229000.00,1.00,1.00,600.00,3720.00,1.00,0.00,0.00,3.00,6.00,600.00,0.00,1920.00,0.00,98106.00,47.56,-122.36,1480.00,4800.00
1211000070.00,20140921T000000,575000.00,5.00,2.50,2760.00,4000.00,1.50,0.00,0.00,3.00,8.00,1730.00,1030.00,1926.00,2014.00,98122.00,47.61,-122.30,1680.00,4000.00
8920100041.00,20150428T000000,815000.00,4.00,1.75,2970.00,14880.00,1.00,0.00,4.00,5.00,9.00,1560.00,1410.00,1962.00,0.00,98075.00,47.59,-122.09,3310.00,13388.00
126059225.00,20140806T000000,525000.00,3.00,1.75,2300.00,43560.00,1.00,0.00,0.00,4.00,7.00,1350.00,950.00,1979.00,0.00,98077.00,47.77,-122.10,2320.00,57000.00
9286100320.00,20140606T000000,471000.00,3.00,2.50,2030.00,2805.00,2.00,0.00,0.00,3.00,8.00,1720.00,310.00,2001.00,0.00,98027.00,47.53,-122.05,1670.00,2898.00
4449800681.00,20140623T000000,450000.00,4.00,1.75,2160.00,4333.00,1.00,0.00,0.00,4.00,8.00,1260.00,900.00,1942.00,0.00,98117.00,47.69,-122.39,1670.00,4426.00
5505700030.00,20140528T000000,590000.00,3.00,2.00,1650.00,6150.00,2.00,0.00,0.00,4.00,7.00,1650.00,0.00,1926.00,1993.00,98116.00,47.57,-122.39,1280.00,6150.00
3260590070.00,20140801T000000,744000.00,4.00,2.50,3140.00,7260.00,2.00,0.00,0.00,3.00,8.00,2200.00,940.00,2004.00,0.00,98006.00,47.57,-122.12,2860.00,8186.00
3211240370.00,20141201T000000,460000.00,4.00,2.25,2690.00,36114.00,2.00,0.00,0.00,4.00,9.00,2690.00,0.00,1986.00,0.00,98092.00,47.31,-122.12,2570.00,35091.00
8142000060.00,20150313T000000,299000.00,5.00,2.50,1940.00,9389.00,1.00,0.00,0.00,4.00,7.00,1290.00,650.00,1960.00,0.00,98155.00,47.74,-122.33,1810.00,9390.00
5595900316.00,20150129T000000,231000.00,4.00,1.00,1220.00,5120.00,1.50,0.00,0.00,5.00,6.00,1220.00,0.00,1940.00,0.00,98022.00,47.21,-122.00,1540.00,7670.00
4312700200.00,20140820T000000,195000.00,3.00,1.00,1300.00,9600.00,1.00,0.00,0.00,4.00,6.00,1300.00,0.00,1975.00,0.00,98092.00,47.30,-122.11,1150.00,10222.00
9407001600.00,20150423T000000,305000.00,3.00,1.75,1660.00,11500.00,1.00,0.00,0.00,3.00,7.00,1130.00,530.00,1979.00,0.00,98045.00,47.45,-121.77,1250.00,11000.00
5700001895.00,20150302T000000,895000.00,4.00,1.50,3390.00,6200.00,2.00,0.00,0.00,4.00,8.00,2530.00,860.00,1916.00,0.00,98144.00,47.58,-122.29,3080.00,6000.00
1424200070.00,20140507T000000,1110000.00,4.00,1.50,2310.00,13300.00,1.00,0.00,0.00,3.00,7.00,1890.00,420.00,1950.00,0.00,98004.00,47.62,-122.21,2840.00,12744.00
1708400370.00,20140626T000000,339000.00,2.00,1.00,950.00,7954.00,1.00,0.00,0.00,4.00,7.00,950.00,0.00,1941.00,0.00,98108.00,47.56,-122.31,1180.00,6828.00
5457801925.00,20150411T000000,885000.00,4.00,3.75,2400.00,3520.00,1.00,0.00,0.00,3.00,7.00,1370.00,1030.00,1924.00,2005.00,98109.00,47.63,-122.35,2230.00,1419.00
2895600350.00,20141103T000000,375000.00,3.00,1.00,1780.00,5236.00,1.50,0.00,0.00,5.00,6.00,1050.00,730.00,1944.00,0.00,98146.00,47.51,-122.39,1260.00,5320.00
4036801070.00,20140804T000000,367400.00,4.00,1.50,1280.00,7400.00,1.00,0.00,0.00,3.00,7.00,1280.00,0.00,1958.00,0.00,98008.00,47.60,-122.12,1310.00,7400.00
976000879.00,20150424T000000,700000.00,4.00,2.00,1930.00,5398.00,1.00,0.00,0.00,3.00,7.00,1430.00,500.00,1953.00,0.00,98119.00,47.65,-122.36,1910.00,4902.00
7923100400.00,20150130T000000,667000.00,5.00,2.25,2560.00,10360.00,1.00,0.00,0.00,4.00,8.00,1870.00,690.00,1966.00,0.00,98008.00,47.58,-122.13,2070.00,7875.00
7129304200.00,20141222T000000,200000.00,2.00,1.00,920.00,5250.00,1.00,0.00,0.00,4.00,6.00,920.00,0.00,1906.00,0.00,98118.00,47.52,-122.27,1210.00,5250.00
2225069062.00,20150415T000000,552775.00,3.00,2.50,1900.00,18414.00,2.00,0.00,0.00,3.00,8.00,1900.00,0.00,1971.00,2007.00,98074.00,47.63,-122.02,2900.00,39921.00
3343903240.00,20140722T000000,452000.00,3.00,2.00,2270.00,148975.00,1.00,0.00,0.00,4.00,6.00,1270.00,1000.00,1900.00,1980.00,98056.00,47.51,-122.20,2210.00,17388.00
5095401360.00,20141121T000000,418000.00,3.00,2.50,2080.00,16050.00,1.00,0.00,0.00,5.00,8.00,1360.00,720.00,1978.00,0.00,98059.00,47.47,-122.07,1790.00,14550.00
2547200160.00,20150212T000000,601500.00,3.00,1.75,1460.00,10128.00,1.00,0.00,0.00,3.00,8.00,1460.00,0.00,1968.00,2000.00,98033.00,47.67,-122.17,2240.00,10154.00
124069032.00,20140505T000000,600000.00,3.00,1.75,1670.00,39639.00,1.00,0.00,0.00,4.00,8.00,1670.00,0.00,1976.00,1992.00,98075.00,47.59,-121.99,2330.00,30492.00
7300400320.00,20150424T000000,340000.00,4.00,2.50,2810.00,6481.00,2.00,0.00,0.00,3.00,9.00,2810.00,0.00,1998.00,0.00,98092.00,47.33,-122.17,2660.00,6958.00
7212660560.00,20140826T000000,310000.00,3.00,2.50,2370.00,6752.00,2.00,0.00,0.00,3.00,8.00,2370.00,0.00,1994.00,0.00,98003.00,47.27,-122.31,1870.00,7455.00
3343902650.00,20141217T000000,290000.00,2.00,1.75,1700.00,18000.00,1.00,0.00,0.00,3.00,8.00,1700.00,0.00,1972.00,0.00,98056.00,47.51,-122.19,1700.00,8225.00
3034200036.00,20150424T000000,438000.00,2.00,1.00,1630.00,9255.00,1.00,0.00,0.00,3.00,7.00,1630.00,0.00,1941.00,0.00,98133.00,47.72,-122.33,1800.00,8000.00
1498303855.00,20150224T000000,718000.00,4.00,2.75,2930.00,4408.00,1.00,0.00,0.00,5.00,8.00,1660.00,1270.00,1939.00,0.00,98144.00,47.58,-122.30,2200.00,4000.00
1446404015.00,20140620T000000,200000.00,2.00,1.00,860.00,6600.00,1.00,0.00,0.00,5.00,6.00,860.00,0.00,1949.00,0.00,98168.00,47.49,-122.32,1030.00,6732.00
5467910140.00,20140528T000000,479900.00,3.00,2.00,1980.00,12150.00,1.00,0.00,0.00,3.00,9.00,1980.00,0.00,1994.00,0.00,98042.00,47.37,-122.15,2200.00,12150.00
2472920800.00,20150423T000000,400000.00,3.00,2.50,2080.00,7877.00,2.00,0.00,0.00,3.00,9.00,2080.00,0.00,1987.00,0.00,98058.00,47.44,-122.15,2550.00,7660.00
7147600070.00,20150323T000000,219950.00,3.00,1.00,1060.00,10042.00,1.00,0.00,0.00,4.00,7.00,1060.00,0.00,1957.00,0.00,98188.00,47.44,-122.28,1130.00,10925.00
3820350140.00,20140827T000000,300000.00,3.00,2.50,1590.00,3381.00,2.00,0.00,0.00,3.00,7.00,1590.00,0.00,2000.00,0.00,98019.00,47.73,-121.99,1820.00,3383.00
520700125.00,20140805T000000,437000.00,3.00,2.25,1980.00,8775.00,1.00,0.00,0.00,3.00,7.00,1290.00,690.00,1959.00,0.00,98177.00,47.78,-122.36,1550.00,9240.00
3211200140.00,20140710T000000,350000.00,4.00,2.00,1720.00,7210.00,1.00,0.00,0.00,3.00,7.00,860.00,860.00,1971.00,0.00,98034.00,47.73,-122.24,1250.00,7210.00
250000320.00,20140929T000000,626000.00,4.00,1.75,1350.00,9293.00,1.00,0.00,0.00,4.00,7.00,1350.00,0.00,1954.00,0.00,98004.00,47.63,-122.20,1890.00,9293.00
6139800640.00,20150224T000000,490000.00,3.00,2.50,2080.00,12032.00,2.00,0.00,0.00,3.00,8.00,2080.00,0.00,1978.00,0.00,98077.00,47.75,-122.07,2320.00,9900.00
6699000710.00,20140520T000000,289000.00,3.00,2.50,2090.00,4700.00,2.00,0.00,0.00,3.00,8.00,2090.00,0.00,2002.00,0.00,98042.00,47.37,-122.10,2740.00,5040.00
7010700550.00,20141114T000000,595000.00,3.00,2.50,2030.00,5100.00,2.00,0.00,0.00,3.00,7.00,2030.00,0.00,2008.00,0.00,98199.00,47.66,-122.40,1790.00,4380.00
5506500070.00,20141211T000000,676000.00,3.00,2.25,2680.00,41804.00,1.00,0.00,0.00,3.00,9.00,2680.00,0.00,1989.00,0.00,98045.00,47.48,-121.73,2680.00,40866.00
3293700521.00,20150414T000000,389000.00,3.00,1.75,1820.00,8028.00,1.00,0.00,0.00,3.00,7.00,1220.00,600.00,1980.00,0.00,98133.00,47.75,-122.36,1940.00,11100.00
6929604005.00,20140915T000000,240000.00,3.00,2.00,1300.00,5000.00,1.00,0.00,0.00,4.00,7.00,1300.00,0.00,1983.00,0.00,98198.00,47.38,-122.30,1630.00,7500.00
3216900070.00,20140617T000000,382500.00,4.00,2.50,2210.00,7079.00,2.00,0.00,0.00,3.00,8.00,2210.00,0.00,1993.00,0.00,98031.00,47.42,-122.18,1970.00,7000.00
7922800160.00,20140509T000000,511555.00,3.00,2.00,1400.00,7293.00,1.00,0.00,0.00,4.00,7.00,1400.00,0.00,1963.00,0.00,98008.00,47.59,-122.12,1600.00,7960.00
6610000320.00,20140910T000000,710500.00,3.00,1.75,2040.00,4125.00,1.50,0.00,0.00,4.00,8.00,1540.00,500.00,1917.00,0.00,98107.00,47.66,-122.36,1620.00,4400.00
5561400140.00,20140521T000000,429000.00,3.00,2.50,2420.00,49928.00,2.00,0.00,0.00,3.00,8.00,1860.00,560.00,1985.00,0.00,98027.00,47.46,-122.01,2620.00,37301.00
7686202065.00,20140723T000000,170000.00,4.00,1.75,1920.00,7500.00,1.00,0.00,0.00,4.00,7.00,1920.00,0.00,1962.00,0.00,98198.00,47.42,-122.32,1490.00,8000.00
4107100204.00,20140821T000000,2135000.00,4.00,3.25,3860.00,17820.00,1.00,0.00,4.00,4.00,10.00,2630.00,1230.00,1975.00,0.00,98004.00,47.62,-122.22,4590.00,23760.00
7214810510.00,20150408T000000,480000.00,5.00,2.75,2760.00,7200.00,1.00,0.00,0.00,3.00,7.00,1430.00,1330.00,1979.00,0.00,98072.00,47.76,-122.15,2460.00,8750.00
5350201180.00,20140720T000000,1665000.00,4.00,3.75,3450.00,8395.00,2.00,0.00,4.00,4.00,10.00,2640.00,810.00,1993.00,0.00,98122.00,47.61,-122.28,3180.00,5183.00
8148600055.00,20140513T000000,225000.00,3.00,1.00,1040.00,6535.00,1.00,0.00,0.00,3.00,6.00,1040.00,0.00,1947.00,0.00,98168.00,47.49,-122.31,1100.00,6535.00
226039270.00,20141201T000000,615000.00,3.00,1.75,2220.00,7224.00,1.00,0.00,2.00,3.00,8.00,2040.00,180.00,1975.00,0.00,98177.00,47.77,-122.38,2540.00,9990.00
1220069035.00,20141120T000000,438950.00,4.00,2.50,2470.00,385506.00,2.00,0.00,3.00,3.00,7.00,2470.00,0.00,1991.00,0.00,98022.00,47.24,-121.99,1680.00,158994.00
7466900320.00,20150304T000000,242000.00,3.00,1.75,1300.00,9856.00,1.00,0.00,0.00,4.00,7.00,1300.00,0.00,1962.00,0.00,98003.00,47.34,-122.30,1400.00,9600.00
8078430030.00,20140716T000000,560000.00,3.00,2.50,1960.00,9686.00,1.00,0.00,0.00,3.00,8.00,1460.00,500.00,1989.00,0.00,98074.00,47.63,-122.03,1960.00,8254.00
9523100550.00,20141003T000000,857500.00,3.00,1.50,2040.00,3960.00,2.00,0.00,2.00,5.00,8.00,2040.00,0.00,1928.00,0.00,98103.00,47.67,-122.36,1540.00,3400.00
8961970510.00,20140506T000000,685000.00,4.00,2.50,3030.00,7864.00,2.00,0.00,0.00,3.00,9.00,3030.00,0.00,1999.00,0.00,98074.00,47.61,-122.02,2790.00,7034.00
3574800810.00,20150403T000000,486000.00,4.00,3.00,2260.00,7336.00,2.00,0.00,0.00,4.00,7.00,2260.00,0.00,1977.00,0.00,98034.00,47.73,-122.22,2200.00,7724.00
7732410390.00,20140605T000000,749000.00,3.00,2.50,2670.00,10338.00,2.00,0.00,0.00,3.00,9.00,2670.00,0.00,1987.00,0.00,98007.00,47.66,-122.15,2670.00,8866.00
7697870700.00,20141114T000000,260000.00,3.00,2.50,1520.00,6298.00,2.00,0.00,0.00,3.00,7.00,1520.00,0.00,1986.00,0.00,98030.00,47.37,-122.18,1670.00,7207.00
9275702405.00,20150114T000000,1015000.00,3.00,1.75,3610.00,8502.00,1.50,0.00,2.00,3.00,10.00,2610.00,1000.00,1930.00,0.00,98126.00,47.58,-122.38,2900.00,5016.00
1370804461.00,20150310T000000,565000.00,3.00,1.75,1130.00,5111.00,1.00,0.00,0.00,4.00,7.00,930.00,200.00,1942.00,0.00,98199.00,47.64,-122.40,1360.00,4424.00
4310702440.00,20141014T000000,355000.00,3.00,2.00,1480.00,2502.00,2.00,0.00,0.00,3.00,7.00,1480.00,0.00,1991.00,0.00,98103.00,47.70,-122.34,1850.00,5000.00
3935900030.00,20140730T000000,775000.00,5.00,2.00,3540.00,9970.00,2.00,0.00,3.00,3.00,9.00,3540.00,0.00,1970.00,0.00,98125.00,47.71,-122.28,2280.00,7195.00
6385800030.00,20150422T000000,335000.00,4.00,2.25,2100.00,7305.00,1.00,0.00,0.00,4.00,7.00,1050.00,1050.00,1963.00,0.00,98188.00,47.47,-122.30,1760.00,7308.00
1193000390.00,20140620T000000,1300000.00,5.00,4.00,3366.00,7800.00,2.50,0.00,2.00,3.00,8.00,2966.00,400.00,1937.00,0.00,98199.00,47.65,-122.39,2340.00,6000.00
8605900060.00,20140603T000000,545000.00,3.00,1.75,1810.00,3000.00,1.50,0.00,0.00,4.00,7.00,1810.00,0.00,1903.00,0.00,98107.00,47.66,-122.36,1140.00,3000.00
3964400160.00,20141118T000000,540000.00,3.00,1.75,1680.00,4240.00,1.50,0.00,0.00,4.00,7.00,1680.00,0.00,1926.00,0.00,98144.00,47.57,-122.31,1460.00,4240.00
1455600045.00,20140915T000000,687500.00,3.00,1.75,2450.00,9377.00,1.00,0.00,2.00,4.00,8.00,1540.00,910.00,1962.00,0.00,98125.00,47.73,-122.28,2520.00,9725.00
4031000520.00,20140708T000000,115000.00,1.00,2.00,1150.00,9812.00,1.00,0.00,0.00,4.00,7.00,1150.00,0.00,1962.00,0.00,98001.00,47.30,-122.28,1200.00,9812.00
4031000520.00,20141125T000000,227000.00,1.00,2.00,1150.00,9812.00,1.00,0.00,0.00,4.00,7.00,1150.00,0.00,1962.00,0.00,98001.00,47.30,-122.28,1200.00,9812.00
3299610240.00,20150429T000000,870000.00,4.00,2.50,3240.00,7621.00,2.00,0.00,2.00,3.00,9.00,3240.00,0.00,2003.00,0.00,98075.00,47.56,-122.03,4610.00,7150.00
1727850350.00,20141112T000000,1190000.00,4.00,2.50,3480.00,12164.00,1.50,0.00,0.00,4.00,11.00,3480.00,0.00,1984.00,0.00,98005.00,47.64,-122.17,3960.00,16855.00
5416510990.00,20140910T000000,375000.00,4.00,2.50,2800.00,5000.00,2.00,0.00,0.00,3.00,9.00,2800.00,0.00,2006.00,0.00,98038.00,47.36,-122.04,2960.00,5092.00
4154303215.00,20140828T000000,902000.00,3.00,2.75,3240.00,7200.00,1.00,0.00,2.00,3.00,8.00,1620.00,1620.00,1960.00,0.00,98118.00,47.57,-122.27,2700.00,7200.00
421000465.00,20140617T000000,269500.00,2.00,1.50,1480.00,7276.00,1.00,0.00,0.00,4.00,6.00,940.00,540.00,1978.00,0.00,98056.00,47.49,-122.17,1090.00,6710.00
9164100105.00,20150310T000000,570000.00,3.00,1.00,1700.00,4750.00,1.50,0.00,0.00,4.00,6.00,1200.00,500.00,1909.00,0.00,98117.00,47.68,-122.39,1550.00,4750.00
6300000320.00,20140821T000000,359950.00,2.00,1.00,1240.00,7590.00,1.00,0.00,0.00,4.00,7.00,1040.00,200.00,1939.00,0.00,98133.00,47.71,-122.34,1190.00,5692.00
824059324.00,20150325T000000,1450000.00,4.00,3.50,3720.00,8301.00,2.00,0.00,0.00,3.00,10.00,2880.00,840.00,2008.00,0.00,98004.00,47.59,-122.20,2080.00,9676.00
259900320.00,20140717T000000,615000.00,3.00,2.50,1910.00,3427.00,2.00,0.00,0.00,3.00,8.00,1910.00,0.00,2001.00,0.00,98052.00,47.63,-122.11,2240.00,3720.00
7888200140.00,20140604T000000,250000.00,4.00,2.00,2120.00,8701.00,1.50,0.00,0.00,4.00,7.00,2120.00,0.00,1960.00,0.00,98198.00,47.37,-122.31,1720.00,8527.00
7852130550.00,20140916T000000,530000.00,4.00,2.50,3020.00,6788.00,2.00,0.00,0.00,3.00,7.00,3020.00,0.00,2002.00,0.00,98065.00,47.53,-121.88,2640.00,5325.00
2824089053.00,20150127T000000,474950.00,3.00,2.00,2250.00,222156.00,1.00,0.00,0.00,3.00,7.00,2250.00,0.00,1987.00,0.00,98065.00,47.54,-121.79,2110.00,121968.00
3935900350.00,20150222T000000,490000.00,4.00,2.00,1650.00,6480.00,2.00,0.00,0.00,5.00,7.00,1650.00,0.00,1947.00,0.00,98125.00,47.71,-122.29,1650.00,6350.00
5347200162.00,20140528T000000,210000.00,2.00,1.50,880.00,1157.00,2.00,0.00,0.00,3.00,7.00,880.00,0.00,2007.00,0.00,98126.00,47.52,-122.38,1070.00,1203.00
1953400520.00,20141114T000000,265500.00,3.00,1.00,1860.00,9225.00,1.00,0.00,0.00,3.00,7.00,1860.00,0.00,1957.00,0.00,98198.00,47.39,-122.30,1740.00,12204.00
1251200045.00,20140620T000000,1462500.00,5.00,3.25,3840.00,4800.00,3.00,0.00,3.00,3.00,10.00,2750.00,1090.00,2008.00,0.00,98144.00,47.59,-122.29,2060.00,4800.00
1858600012.00,20140605T000000,310000.00,4.00,2.25,2192.00,12128.00,2.00,0.00,0.00,3.00,8.00,2192.00,0.00,2006.00,0.00,98030.00,47.36,-122.20,1914.00,4649.00
4307310400.00,20150409T000000,324500.00,3.00,2.50,1590.00,4108.00,2.00,0.00,0.00,3.00,7.00,1590.00,0.00,2003.00,0.00,98056.00,47.48,-122.18,2160.00,3912.00
6708200320.00,20140929T000000,599000.00,4.00,4.75,3700.00,11000.00,1.00,0.00,0.00,4.00,7.00,1840.00,1860.00,1962.00,0.00,98028.00,47.77,-122.25,1720.00,11564.00
1473060030.00,20140709T000000,525000.00,4.00,2.50,3670.00,9958.00,2.00,0.00,0.00,3.00,10.00,3670.00,0.00,2005.00,0.00,98058.00,47.46,-122.16,3300.00,10679.00
6163901382.00,20140515T000000,400000.00,3.00,1.00,1630.00,10304.00,1.00,0.00,0.00,5.00,7.00,1630.00,0.00,1953.00,0.00,98155.00,47.75,-122.32,1480.00,8515.00
617000030.00,20141223T000000,887500.00,3.00,3.00,4230.00,54977.00,2.00,0.00,3.00,3.00,9.00,3780.00,450.00,1951.00,2000.00,98166.00,47.42,-122.34,2880.00,27201.00
2887700875.00,20140723T000000,344000.00,2.00,1.00,1060.00,3325.00,1.50,0.00,0.00,4.00,6.00,770.00,290.00,1932.00,0.00,98115.00,47.69,-122.31,1820.00,4275.00
9465910030.00,20140515T000000,525000.00,3.00,2.50,2700.00,7434.00,2.00,0.00,0.00,3.00,9.00,2700.00,0.00,1991.00,0.00,98072.00,47.74,-122.17,2660.00,8405.00
6918710340.00,20140822T000000,385000.00,3.00,2.25,2110.00,8000.00,2.00,0.00,0.00,3.00,8.00,2110.00,0.00,1975.00,0.00,98034.00,47.73,-122.20,1740.00,7270.00
629810560.00,20141217T000000,820000.00,4.00,2.50,3720.00,8633.00,2.00,0.00,0.00,3.00,10.00,3720.00,0.00,1999.00,0.00,98074.00,47.61,-122.01,3515.00,9660.00
1025039320.00,20150427T000000,1305000.00,4.00,3.50,3440.00,5000.00,2.00,0.00,0.00,3.00,11.00,2560.00,880.00,2006.00,0.00,98199.00,47.67,-122.41,3090.00,10241.00
3575200030.00,20140729T000000,549000.00,4.00,2.25,2420.00,59800.00,1.00,0.00,0.00,4.00,8.00,1350.00,1070.00,1985.00,0.00,98074.00,47.62,-122.06,2160.00,17598.00
3298701070.00,20150225T000000,180000.00,3.00,1.00,1090.00,6771.00,1.50,0.00,0.00,3.00,7.00,1090.00,0.00,1929.00,0.00,98106.00,47.52,-122.35,1230.00,4662.00
7852011040.00,20140521T000000,589000.00,4.00,2.50,2910.00,5776.00,2.00,0.00,2.00,3.00,8.00,2910.00,0.00,1998.00,0.00,98065.00,47.54,-121.87,2550.00,6750.00
1705400350.00,20150127T000000,350000.00,3.00,1.00,1050.00,5518.00,1.00,0.00,0.00,3.00,7.00,1050.00,0.00,1948.00,0.00,98118.00,47.56,-122.28,1490.00,4269.00
7682200320.00,20150409T000000,197400.00,3.00,2.00,1610.00,7575.00,1.00,0.00,0.00,4.00,7.00,1110.00,500.00,1965.00,0.00,98003.00,47.33,-122.30,1920.00,8400.00
3814701090.00,20140806T000000,267000.00,3.00,2.50,1760.00,6477.00,2.00,0.00,0.00,4.00,8.00,1760.00,0.00,1986.00,0.00,98030.00,47.37,-122.17,1890.00,6800.00
8099800340.00,20141224T000000,480000.00,3.00,1.50,1540.00,20281.00,1.00,0.00,0.00,3.00,7.00,1540.00,0.00,1977.00,0.00,98075.00,47.58,-122.01,1710.00,21090.00
5418200340.00,20141013T000000,650000.00,4.00,2.50,2580.00,9450.00,1.00,0.00,0.00,4.00,8.00,1660.00,920.00,1959.00,0.00,98125.00,47.70,-122.28,2060.00,9450.00
2767601805.00,20150213T000000,600000.00,2.00,1.00,1370.00,5000.00,1.50,0.00,0.00,3.00,7.00,1370.00,0.00,1905.00,0.00,98107.00,47.67,-122.38,1500.00,5000.00
8682280340.00,20150430T000000,490000.00,2.00,1.75,1440.00,6265.00,1.00,0.00,0.00,3.00,8.00,1440.00,0.00,2005.00,0.00,98053.00,47.70,-122.01,1810.00,5209.00
1432900030.00,20141121T000000,225000.00,3.00,1.00,1410.00,7700.00,1.00,0.00,0.00,3.00,7.00,980.00,430.00,1962.00,0.00,98058.00,47.46,-122.17,1510.00,7700.00
1546600125.00,20140703T000000,640000.00,3.00,2.25,1980.00,10115.00,1.00,0.00,0.00,3.00,8.00,1980.00,0.00,1959.00,0.00,98005.00,47.64,-122.17,2800.00,10143.00
7560000070.00,20140610T000000,710000.00,3.00,3.50,2440.00,3427.00,2.00,0.00,0.00,3.00,7.00,1990.00,450.00,2000.00,0.00,98005.00,47.59,-122.17,2440.00,2601.00
2130200160.00,20140609T000000,325000.00,3.00,2.00,1350.00,11805.00,1.00,0.00,0.00,3.00,7.00,1350.00,0.00,1986.00,0.00,98019.00,47.73,-121.97,1350.00,14200.00
9238430140.00,20140725T000000,595000.00,3.00,3.25,3130.00,28001.00,1.00,0.00,0.00,3.00,9.00,2210.00,920.00,1985.00,0.00,98072.00,47.77,-122.12,2710.00,34999.00
7116000350.00,20140718T000000,128750.00,3.00,1.00,880.00,7004.00,1.00,0.00,0.00,3.00,5.00,880.00,0.00,1950.00,0.00,98002.00,47.30,-122.22,880.00,7828.00
4039500390.00,20141017T000000,465000.00,3.00,2.25,1920.00,7300.00,1.00,0.00,0.00,3.00,7.00,1240.00,680.00,1961.00,0.00,98008.00,47.61,-122.13,1920.00,7700.00
8031700186.00,20140726T000000,710000.00,4.00,1.75,2700.00,7625.00,1.00,0.00,0.00,4.00,8.00,1450.00,1250.00,1937.00,0.00,98115.00,47.68,-122.32,1760.00,3300.00
7625702505.00,20150306T000000,605000.00,4.00,2.75,1670.00,6000.00,1.00,0.00,0.00,5.00,7.00,840.00,830.00,1917.00,0.00,98136.00,47.55,-122.39,1100.00,6000.00
7511000140.00,20140808T000000,994000.00,4.00,2.50,3470.00,20445.00,2.00,0.00,0.00,4.00,10.00,3470.00,0.00,1963.00,0.00,98040.00,47.55,-122.22,3360.00,21950.00
3191000030.00,20140619T000000,489950.00,3.00,2.25,1820.00,7326.00,2.00,0.00,0.00,3.00,8.00,1820.00,0.00,1983.00,0.00,98034.00,47.71,-122.22,2430.00,7696.00
6150700394.00,20140506T000000,365000.00,3.00,1.50,1310.00,8160.00,1.00,0.00,0.00,3.00,7.00,1310.00,0.00,1950.00,0.00,98133.00,47.73,-122.34,1090.00,7560.00
1786640030.00,20150202T000000,359950.00,3.00,2.00,1790.00,7212.00,1.00,0.00,0.00,4.00,8.00,1790.00,0.00,1998.00,0.00,98042.00,47.39,-122.15,2330.00,7212.00
7708200400.00,20140929T000000,495000.00,4.00,2.50,2460.00,4774.00,2.00,0.00,0.00,3.00,8.00,2460.00,0.00,2006.00,0.00,98059.00,47.49,-122.15,2510.00,4399.00
4406000390.00,20140521T000000,255000.00,3.00,1.50,1060.00,9039.00,1.00,0.00,0.00,3.00,7.00,1060.00,0.00,1973.00,2013.00,98058.00,47.43,-122.15,1410.00,9515.00
1926059094.00,20140812T000000,330000.00,3.00,1.75,1340.00,10276.00,1.00,0.00,0.00,4.00,7.00,1340.00,0.00,1961.00,0.00,98034.00,47.72,-122.22,2950.00,7987.00
9413500350.00,20140707T000000,450000.00,3.00,1.75,1480.00,8394.00,1.00,0.00,0.00,4.00,8.00,1480.00,0.00,1971.00,0.00,98052.00,47.66,-122.14,1920.00,9184.00
7853240310.00,20150318T000000,655000.00,4.00,2.50,3500.00,11306.00,2.00,0.00,2.00,3.00,9.00,3500.00,0.00,2005.00,0.00,98065.00,47.54,-121.86,3180.00,8028.00
5152800030.00,20150421T000000,485000.00,4.00,2.75,2910.00,16362.00,1.00,0.00,2.00,4.00,9.00,2120.00,790.00,1969.00,0.00,98003.00,47.34,-122.32,2850.00,14904.00
1775950030.00,20140812T000000,375000.00,4.00,1.75,1940.00,15909.00,1.00,0.00,0.00,3.00,8.00,970.00,970.00,1974.00,0.00,98072.00,47.76,-122.09,1940.00,15120.00
4221250320.00,20141017T000000,570000.00,4.00,2.50,2280.00,4534.00,2.00,0.00,0.00,3.00,8.00,2280.00,0.00,2003.00,0.00,98075.00,47.59,-122.02,2246.00,4534.00
6749700117.00,20150423T000000,350000.00,3.00,2.25,1190.00,1022.00,3.00,0.00,0.00,3.00,8.00,1190.00,0.00,1998.00,0.00,98103.00,47.70,-122.35,1210.00,1171.00
290000075.00,20150225T000000,550000.00,3.00,1.00,1260.00,6000.00,1.00,0.00,3.00,3.00,7.00,1260.00,0.00,1951.00,0.00,98146.00,47.51,-122.38,2020.00,6600.00
1842100160.00,20140731T000000,513000.00,5.00,2.00,2270.00,8652.00,1.00,0.00,0.00,3.00,7.00,1150.00,1120.00,1965.00,0.00,98052.00,47.67,-122.15,1950.00,8050.00
4365200055.00,20141205T000000,450000.00,4.00,2.25,1990.00,7320.00,1.00,0.00,0.00,4.00,7.00,1030.00,960.00,1965.00,0.00,98126.00,47.52,-122.38,1320.00,7320.00
3644100030.00,20150209T000000,432500.00,4.00,1.75,1500.00,1856.00,1.00,0.00,0.00,5.00,7.00,750.00,750.00,1901.00,0.00,98144.00,47.59,-122.30,1220.00,1739.00
3220079017.00,20150213T000000,432000.00,5.00,2.75,2060.00,329903.00,1.50,0.00,3.00,5.00,7.00,2060.00,0.00,1989.00,0.00,98022.00,47.18,-121.94,2240.00,220232.00
8121200710.00,20150123T000000,480000.00,3.00,2.25,1950.00,8892.00,2.00,0.00,0.00,3.00,8.00,1950.00,0.00,1983.00,0.00,98052.00,47.72,-122.11,1900.00,8750.00
3574801740.00,20140728T000000,402200.00,3.00,1.75,1790.00,6980.00,1.00,0.00,0.00,3.00,7.00,1330.00,460.00,1980.00,0.00,98034.00,47.73,-122.23,1770.00,8081.00
644000102.00,20150413T000000,650000.00,3.00,1.00,1520.00,10227.00,1.00,0.00,0.00,4.00,6.00,1520.00,0.00,1951.00,0.00,98004.00,47.59,-122.20,2710.00,10912.00
5315100784.00,20150424T000000,1199500.00,4.00,2.50,3240.00,13044.00,2.00,0.00,0.00,4.00,9.00,3240.00,0.00,1984.00,0.00,98040.00,47.58,-122.24,2920.00,13044.00
9578200030.00,20140728T000000,312000.00,3.00,2.00,2440.00,13250.00,1.00,0.00,0.00,4.00,8.00,1440.00,1000.00,1977.00,0.00,98030.00,47.38,-122.23,2400.00,10650.00
2313900810.00,20150402T000000,610000.00,4.00,2.00,2220.00,5821.00,1.50,0.00,0.00,4.00,7.00,1380.00,840.00,1916.00,0.00,98116.00,47.57,-122.38,1850.00,5000.00
1623300055.00,20150323T000000,823000.00,5.00,1.75,2640.00,7722.00,1.50,0.00,0.00,4.00,7.00,1650.00,990.00,1915.00,0.00,98117.00,47.68,-122.36,1750.00,4000.00
9191200435.00,20141113T000000,471000.00,4.00,1.75,1450.00,3750.00,1.00,0.00,0.00,4.00,7.00,950.00,500.00,1925.00,0.00,98105.00,47.67,-122.30,1850.00,4000.00
2591020560.00,20140702T000000,481015.00,3.00,2.25,1550.00,5511.00,2.00,0.00,0.00,3.00,8.00,1550.00,0.00,1987.00,0.00,98033.00,47.69,-122.19,1620.00,5511.00
1923000260.00,20141015T000000,1959000.00,5.00,4.50,6200.00,23373.00,3.00,0.00,1.00,4.00,11.00,5050.00,1150.00,1988.00,0.00,98040.00,47.56,-122.22,3700.00,14486.00
2193300390.00,20140923T000000,624000.00,4.00,3.25,2810.00,11250.00,1.00,0.00,0.00,3.00,8.00,1680.00,1130.00,1980.00,0.00,98052.00,47.69,-122.10,2110.00,11250.00
7016200030.00,20150320T000000,480000.00,4.00,2.50,2080.00,7966.00,1.00,0.00,0.00,3.00,7.00,1200.00,880.00,1970.00,0.00,98011.00,47.74,-122.18,1920.00,7500.00
727500030.00,20140715T000000,815000.00,3.00,1.50,1370.00,8671.00,1.00,0.00,0.00,3.00,7.00,1370.00,0.00,1955.00,0.00,98004.00,47.62,-122.20,1580.00,8671.00
1651800030.00,20140829T000000,1650000.00,4.00,2.25,2920.00,20400.00,1.00,0.00,0.00,4.00,11.00,2920.00,0.00,1966.00,0.00,98004.00,47.62,-122.23,3080.00,20400.00
623049094.00,20140516T000000,180000.00,3.00,1.00,1000.00,18513.00,1.00,0.00,0.00,3.00,6.00,1000.00,0.00,1940.00,0.00,98146.00,47.51,-122.35,1280.00,8113.00
2538800030.00,20150217T000000,156601.00,2.00,1.75,1210.00,9750.00,1.00,0.00,0.00,3.00,7.00,1210.00,0.00,1984.00,0.00,98038.00,47.34,-122.04,1650.00,9750.00
7714000310.00,20140719T000000,374950.00,4.00,2.50,2790.00,4650.00,2.00,0.00,0.00,3.00,8.00,2790.00,0.00,2004.00,0.00,98038.00,47.36,-122.03,2850.00,4650.00
254000075.00,20140519T000000,368000.00,2.00,1.50,1660.00,4680.00,1.00,0.00,0.00,5.00,6.00,830.00,830.00,1908.00,0.00,98146.00,47.51,-122.39,1930.00,5400.00
1257201375.00,20141202T000000,550000.00,3.00,2.00,1650.00,3952.00,2.00,0.00,0.00,3.00,7.00,1650.00,0.00,1950.00,0.00,98103.00,47.67,-122.33,1210.00,4560.00
8856004582.00,20140717T000000,198000.00,3.00,1.75,1300.00,6318.00,1.00,0.00,0.00,3.00,7.00,1300.00,0.00,1980.00,0.00,98001.00,47.28,-122.25,1150.00,8002.00
3205400240.00,20140513T000000,345000.00,3.00,1.75,1090.00,7200.00,1.00,0.00,0.00,3.00,7.00,1090.00,0.00,1968.00,0.00,98034.00,47.72,-122.18,1240.00,7200.00
3738000070.00,20150309T000000,1712750.00,5.00,2.50,2660.00,6572.00,1.00,0.00,0.00,5.00,9.00,1960.00,700.00,1959.00,0.00,98039.00,47.62,-122.22,3960.00,14595.00
8856001090.00,20150130T000000,185900.00,3.00,1.00,940.00,10890.00,1.00,0.00,0.00,4.00,5.00,940.00,0.00,1909.00,0.00,98001.00,47.28,-122.26,1370.00,10255.00
3224500240.00,20140617T000000,950000.00,3.00,2.75,2750.00,18029.00,1.00,0.00,2.00,5.00,9.00,1810.00,940.00,1978.00,0.00,98006.00,47.56,-122.13,2850.00,10021.00
4139460390.00,20140620T000000,995000.00,4.00,4.50,3850.00,13551.00,2.00,0.00,2.00,3.00,10.00,3000.00,850.00,1998.00,0.00,98006.00,47.55,-122.10,3480.00,10737.00
3531900060.00,20140802T000000,345000.00,2.00,1.00,860.00,8250.00,1.00,0.00,0.00,3.00,7.00,860.00,0.00,1940.00,0.00,98133.00,47.71,-122.33,1780.00,11200.00
4457300135.00,20141105T000000,741000.00,4.00,2.75,2070.00,10125.00,1.00,0.00,0.00,3.00,7.00,1390.00,680.00,1962.00,0.00,98040.00,47.57,-122.22,1850.00,10125.00
8682292090.00,20140709T000000,737000.00,2.00,2.25,2290.00,9772.00,1.00,0.00,0.00,3.00,8.00,2290.00,0.00,2007.00,0.00,98053.00,47.72,-122.03,1810.00,6077.00
7278700069.00,20140521T000000,668750.00,4.00,2.50,2340.00,6420.00,1.00,0.00,2.00,3.00,8.00,1590.00,750.00,1964.00,0.00,98177.00,47.77,-122.39,2110.00,10856.00
5710610800.00,20140702T000000,575000.00,3.00,1.75,2680.00,8625.00,1.00,0.00,0.00,5.00,8.00,1590.00,1090.00,1974.00,0.00,98027.00,47.53,-122.06,2620.00,14275.00
8651443420.00,20141017T000000,280000.00,4.00,2.00,1710.00,5440.00,1.00,0.00,0.00,5.00,8.00,1030.00,680.00,1976.00,0.00,98042.00,47.37,-122.09,1620.00,6696.00
7751800070.00,20140804T000000,583000.00,3.00,1.50,1800.00,10050.00,1.00,0.00,0.00,3.00,7.00,1800.00,0.00,1955.00,0.00,98008.00,47.63,-122.13,1610.00,10050.00
2570600140.00,20150128T000000,196000.00,3.00,2.25,1510.00,9600.00,1.00,0.00,0.00,1.00,7.00,1090.00,420.00,1966.00,0.00,98028.00,47.78,-122.24,1870.00,10681.00
1565950260.00,20140515T000000,349950.00,3.00,2.50,1700.00,7496.00,2.00,0.00,0.00,3.00,8.00,1700.00,0.00,1994.00,0.00,98055.00,47.43,-122.19,2280.00,7496.00
7550801170.00,20141211T000000,429000.00,4.00,1.00,1350.00,3333.00,1.50,0.00,0.00,3.00,7.00,1350.00,0.00,1912.00,0.00,98107.00,47.67,-122.40,1530.00,5000.00
6648701740.00,20150220T000000,270000.00,5.00,2.50,2140.00,10320.00,1.00,0.00,0.00,4.00,7.00,1330.00,810.00,1967.00,0.00,98031.00,47.39,-122.19,2050.00,8964.00
7529500030.00,20140909T000000,385000.00,6.00,4.00,2700.00,7416.00,1.00,0.00,0.00,3.00,7.00,1350.00,1350.00,1969.00,0.00,98108.00,47.55,-122.30,2260.00,5324.00
9523102420.00,20140922T000000,535000.00,1.00,1.00,920.00,5000.00,1.00,0.00,3.00,4.00,7.00,920.00,0.00,1906.00,0.00,98103.00,47.67,-122.35,1890.00,5000.00
7283900521.00,20150420T000000,352500.00,3.00,1.75,1500.00,10269.00,1.00,0.00,0.00,3.00,7.00,1030.00,470.00,1958.00,0.00,98133.00,47.77,-122.35,2090.00,10269.00
7519001275.00,20150301T000000,624000.00,3.00,1.75,1510.00,5200.00,1.00,0.00,0.00,4.00,7.00,860.00,650.00,1922.00,0.00,98117.00,47.69,-122.37,1650.00,4160.00
1432900350.00,20141217T000000,215000.00,5.00,1.50,1980.00,7958.00,1.50,0.00,0.00,3.00,7.00,1980.00,0.00,1962.00,0.00,98058.00,47.46,-122.17,1510.00,8438.00
1924059248.00,20140602T000000,870000.00,4.00,3.00,4500.00,21780.00,2.00,0.00,2.00,3.00,9.00,3040.00,1460.00,1980.00,0.00,98040.00,47.56,-122.21,3540.00,20473.00
6649500060.00,20140729T000000,440000.00,4.00,2.50,3220.00,8256.00,2.00,0.00,0.00,3.00,8.00,2610.00,610.00,2006.00,0.00,98059.00,47.50,-122.16,2500.00,9472.00
2254501342.00,20150505T000000,518000.00,2.00,1.50,1140.00,1149.00,2.00,0.00,0.00,3.00,7.00,940.00,200.00,2001.00,0.00,98122.00,47.61,-122.31,1460.00,1149.00
2025700260.00,20150325T000000,259500.00,3.00,2.25,1490.00,7589.00,2.00,0.00,0.00,3.00,7.00,1490.00,0.00,1993.00,0.00,98038.00,47.35,-122.04,1510.00,6603.00
2386000070.00,20141029T000000,795127.00,4.00,3.25,4360.00,91158.00,1.00,0.00,0.00,3.00,10.00,3360.00,1000.00,1993.00,0.00,98053.00,47.64,-121.99,3540.00,90940.00
2206500105.00,20140818T000000,290000.00,3.00,1.00,960.00,9000.00,1.00,0.00,0.00,4.00,7.00,960.00,0.00,1955.00,0.00,98006.00,47.58,-122.15,1520.00,9000.00
1953400045.00,20150423T000000,385000.00,4.00,3.00,2253.00,7700.00,2.00,0.00,0.00,3.00,7.00,2253.00,0.00,1957.00,2014.00,98198.00,47.39,-122.30,1786.00,9052.00
3996900575.00,20141007T000000,259950.00,2.00,1.00,770.00,6542.00,1.00,0.00,0.00,3.00,6.00,770.00,0.00,1948.00,0.00,98155.00,47.75,-122.30,1120.00,8149.00
869700350.00,20150429T000000,330000.00,2.00,2.50,1310.00,2915.00,2.00,0.00,0.00,3.00,8.00,1310.00,0.00,1999.00,0.00,98059.00,47.49,-122.15,1310.00,3425.00
7387500335.00,20141219T000000,280000.00,3.00,1.00,980.00,7480.00,1.00,0.00,0.00,3.00,6.00,830.00,150.00,1948.00,0.00,98106.00,47.52,-122.36,1140.00,7480.00
6795100563.00,20140701T000000,595000.00,4.00,2.50,1820.00,20011.00,2.00,0.00,0.00,3.00,8.00,1820.00,0.00,1987.00,0.00,98075.00,47.58,-122.05,2710.00,33915.00
8001470560.00,20141117T000000,925900.00,4.00,3.75,3980.00,7828.00,2.00,0.00,0.00,3.00,10.00,3980.00,0.00,2001.00,0.00,98074.00,47.63,-122.07,3980.00,8910.00
4140100200.00,20140808T000000,499000.00,3.00,2.25,3010.00,9600.00,2.00,0.00,0.00,3.00,8.00,2410.00,600.00,1978.00,0.00,98028.00,47.77,-122.26,2620.00,9660.00
7212650510.00,20150403T000000,325000.00,4.00,2.50,1830.00,7762.00,2.00,0.00,0.00,3.00,8.00,1830.00,0.00,1993.00,0.00,98003.00,47.27,-122.31,2109.00,8966.00
686800070.00,20140610T000000,895000.00,5.00,2.50,2550.00,20875.00,1.00,0.00,0.00,4.00,9.00,1610.00,940.00,1953.00,0.00,98004.00,47.63,-122.19,2510.00,21673.00
5126900200.00,20150429T000000,162248.00,2.00,1.00,800.00,8960.00,1.00,0.00,0.00,4.00,6.00,800.00,0.00,1944.00,0.00,98058.00,47.48,-122.17,850.00,8082.00
6329000070.00,20141015T000000,1072500.00,3.00,2.25,2890.00,21480.00,2.00,0.00,4.00,3.00,8.00,1790.00,1100.00,1941.00,1989.00,98146.00,47.50,-122.38,2110.00,8107.00
5430300171.00,20140703T000000,430000.00,3.00,1.50,1810.00,5080.00,1.00,0.00,0.00,3.00,7.00,1030.00,780.00,1958.00,0.00,98115.00,47.68,-122.29,1780.00,7620.00
5430300171.00,20150129T000000,615500.00,3.00,1.50,1810.00,5080.00,1.00,0.00,0.00,3.00,7.00,1030.00,780.00,1958.00,0.00,98115.00,47.68,-122.29,1780.00,7620.00
2742100016.00,20150416T000000,260000.00,3.00,1.00,940.00,5650.00,1.00,0.00,0.00,3.00,6.00,940.00,0.00,1949.00,0.00,98118.00,47.56,-122.29,1180.00,5276.00
1324079082.00,20141117T000000,295000.00,4.00,2.00,1810.00,42981.00,1.00,0.00,0.00,4.00,7.00,1810.00,0.00,1973.00,0.00,98024.00,47.56,-121.85,1980.00,113691.00
1422200496.00,20140924T000000,1186040.00,3.00,1.75,2550.00,6117.00,2.00,0.00,0.00,3.00,9.00,1650.00,900.00,1951.00,2004.00,98122.00,47.61,-122.29,2100.00,4967.00
3754500566.00,20141120T000000,749950.00,4.00,2.50,2370.00,2971.00,2.00,0.00,2.00,3.00,9.00,2080.00,290.00,2008.00,0.00,98034.00,47.71,-122.22,2970.00,7500.00
5132000140.00,20140618T000000,175000.00,6.00,1.00,1370.00,5080.00,1.50,0.00,0.00,3.00,6.00,1120.00,250.00,1931.00,0.00,98106.00,47.52,-122.35,1020.00,5080.00
5132000140.00,20150120T000000,415000.00,6.00,1.00,1370.00,5080.00,1.50,0.00,0.00,3.00,6.00,1120.00,250.00,1931.00,0.00,98106.00,47.52,-122.35,1020.00,5080.00
6131600240.00,20141119T000000,190000.00,3.00,1.00,1200.00,8316.00,1.00,0.00,0.00,4.00,6.00,1200.00,0.00,1953.00,0.00,98002.00,47.32,-122.22,1250.00,8316.00
2768000295.00,20150417T000000,625000.00,3.00,1.75,2100.00,3264.00,1.50,0.00,0.00,5.00,7.00,1350.00,750.00,1912.00,0.00,98107.00,47.67,-122.36,1720.00,3750.00
4046600320.00,20140826T000000,420000.00,3.00,2.25,2020.00,21010.00,2.00,0.00,0.00,3.00,7.00,2020.00,0.00,1995.00,0.00,98014.00,47.70,-121.92,1850.00,18151.00
1598600320.00,20150416T000000,339900.00,4.00,1.50,1570.00,9210.00,1.00,0.00,2.00,3.00,7.00,1400.00,170.00,1965.00,0.00,98030.00,47.39,-122.22,2326.00,9210.00
4140900270.00,20150427T000000,160000.00,2.00,1.00,1140.00,23030.00,1.00,0.00,0.00,3.00,8.00,1140.00,0.00,1980.00,0.00,98028.00,47.76,-122.27,1850.00,14260.00
5104510060.00,20141215T000000,353000.00,4.00,2.50,1830.00,5331.00,2.00,0.00,0.00,3.00,7.00,1830.00,0.00,2002.00,0.00,98038.00,47.36,-122.02,1830.00,5175.00
3578400710.00,20150206T000000,390000.00,3.00,2.00,1010.00,14183.00,1.00,0.00,0.00,3.00,8.00,1010.00,0.00,1982.00,0.00,98074.00,47.62,-122.04,1750.00,11700.00
4036400030.00,20150305T000000,675000.00,4.00,2.50,1770.00,9858.00,1.00,0.00,2.00,3.00,8.00,1770.00,0.00,1971.00,0.00,98155.00,47.74,-122.29,2470.00,9858.00
6084200060.00,20150313T000000,400000.00,3.00,2.50,2120.00,3757.00,2.00,0.00,0.00,3.00,7.00,2120.00,0.00,2006.00,0.00,98059.00,47.48,-122.13,2230.00,4103.00
1251200055.00,20140626T000000,1340000.00,4.00,3.50,3190.00,5040.00,2.00,0.00,3.00,3.00,10.00,2160.00,1030.00,2003.00,0.00,98144.00,47.59,-122.29,2390.00,4800.00
8964800860.00,20150209T000000,1650000.00,4.00,2.50,2780.00,11904.00,1.00,0.00,1.00,5.00,8.00,1730.00,1050.00,1951.00,0.00,98004.00,47.62,-122.22,3590.00,13860.00
9551200270.00,20140825T000000,1000000.00,5.00,3.00,3350.00,9450.00,2.00,0.00,0.00,5.00,8.00,2180.00,1170.00,1912.00,1980.00,98103.00,47.67,-122.34,2660.00,4500.00
3226059128.00,20140618T000000,850000.00,5.00,3.50,3450.00,28324.00,1.00,0.00,0.00,5.00,8.00,2350.00,1100.00,1972.00,0.00,98033.00,47.70,-122.20,2640.00,14978.00
3438500798.00,20140715T000000,275000.00,3.00,1.50,1060.00,6954.00,1.00,0.00,0.00,4.00,6.00,1060.00,0.00,1983.00,0.00,98106.00,47.55,-122.36,1560.00,6954.00
9286100200.00,20140813T000000,450000.00,3.00,2.50,1670.00,2589.00,2.00,0.00,0.00,3.00,8.00,1670.00,0.00,2000.00,0.00,98027.00,47.53,-122.05,1670.00,2897.00
5151600390.00,20141113T000000,305000.00,4.00,1.75,2251.00,12731.00,1.00,0.00,1.00,4.00,8.00,1390.00,861.00,1957.00,0.00,98003.00,47.34,-122.32,2520.00,12539.00
4172100240.00,20140902T000000,643002.00,3.00,2.50,1770.00,3744.00,1.50,0.00,0.00,3.00,7.00,1270.00,500.00,1929.00,0.00,98117.00,47.68,-122.36,1400.00,4680.00
5422560830.00,20150413T000000,468000.00,2.00,1.75,1510.00,4500.00,1.00,0.00,0.00,3.00,8.00,1510.00,0.00,1978.00,0.00,98052.00,47.66,-122.13,1740.00,6000.00
5104520640.00,20150220T000000,324950.00,4.00,2.50,1770.00,5000.00,2.00,0.00,0.00,3.00,7.00,1770.00,0.00,2004.00,0.00,98038.00,47.35,-122.01,2080.00,5100.00
8078550320.00,20150326T000000,290000.00,3.00,2.00,1260.00,7346.00,1.00,0.00,0.00,3.00,7.00,1260.00,0.00,1987.00,0.00,98031.00,47.40,-122.18,1460.00,7363.00
8099600160.00,20150429T000000,488500.00,3.00,2.00,1710.00,10959.00,1.00,0.00,0.00,4.00,7.00,1030.00,680.00,1981.00,0.00,98033.00,47.70,-122.20,1710.00,10498.00
7287700059.00,20140813T000000,367950.00,3.00,1.75,2290.00,8234.00,1.00,0.00,0.00,4.00,7.00,1250.00,1040.00,1950.00,0.00,98133.00,47.76,-122.35,1660.00,7200.00
8862000075.00,20150220T000000,285000.00,2.00,1.00,790.00,6555.00,1.00,0.00,0.00,2.00,6.00,790.00,0.00,1956.00,0.00,98146.00,47.50,-122.35,1440.00,7601.00
8887001625.00,20150410T000000,417000.00,3.00,2.75,1820.00,52889.00,2.00,0.00,0.00,3.00,8.00,1820.00,0.00,1991.00,0.00,98070.00,47.50,-122.46,1820.00,45528.00
9464700340.00,20140708T000000,1115000.00,4.00,2.50,3180.00,31931.00,1.00,0.00,0.00,4.00,10.00,2390.00,790.00,1978.00,0.00,98007.00,47.64,-122.15,3180.00,35007.00
5451300117.00,20150422T000000,1550000.00,4.00,4.00,5280.00,17677.00,2.00,0.00,3.00,3.00,11.00,3220.00,2060.00,1978.00,0.00,98040.00,47.53,-122.24,3470.00,17474.00
587550340.00,20140502T000000,604000.00,3.00,2.50,3240.00,33151.00,2.00,0.00,2.00,3.00,10.00,3240.00,0.00,1995.00,0.00,98023.00,47.33,-122.38,4050.00,24967.00
2591820070.00,20150428T000000,380000.00,3.00,2.50,2390.00,8102.00,2.00,0.00,0.00,4.00,8.00,2390.00,0.00,1986.00,0.00,98058.00,47.44,-122.16,2310.00,8606.00
6679000960.00,20141116T000000,336500.00,4.00,2.50,2500.00,5264.00,2.00,0.00,0.00,3.00,7.00,2500.00,0.00,2003.00,0.00,98038.00,47.39,-122.03,1960.00,5250.00
9138100350.00,20150218T000000,685000.00,4.00,2.00,2290.00,6000.00,1.50,0.00,3.00,5.00,7.00,2290.00,0.00,1900.00,0.00,98115.00,47.68,-122.32,2000.00,3150.00
6065300370.00,20150506T000000,4208000.00,5.00,6.00,7440.00,21540.00,2.00,0.00,0.00,3.00,12.00,5550.00,1890.00,2003.00,0.00,98006.00,47.57,-122.19,4740.00,19329.00
5315100393.00,20141211T000000,670000.00,3.00,1.00,1600.00,16868.00,1.00,0.00,1.00,3.00,7.00,990.00,610.00,1946.00,0.00,98040.00,47.59,-122.24,2600.00,12735.00
5244800695.00,20140616T000000,524000.00,2.00,1.00,1120.00,2000.00,1.50,0.00,0.00,3.00,7.00,1120.00,0.00,1910.00,0.00,98109.00,47.65,-122.35,1500.00,4000.00
3584000400.00,20141211T000000,172000.00,3.00,1.00,1340.00,10260.00,1.00,0.00,0.00,3.00,7.00,1340.00,0.00,1968.00,0.00,98003.00,47.32,-122.32,1250.00,8775.00
6746701090.00,20140619T000000,680000.00,6.00,2.00,1670.00,3000.00,1.00,0.00,0.00,5.00,7.00,900.00,770.00,1911.00,0.00,98105.00,47.66,-122.32,1330.00,1099.00
2421059017.00,20140523T000000,549900.00,4.00,3.00,2830.00,213879.00,2.00,0.00,0.00,4.00,8.00,2830.00,0.00,1987.00,0.00,98092.00,47.29,-122.11,2250.00,213008.00
4053200926.00,20141205T000000,357000.00,4.00,2.75,2700.00,49428.00,1.00,0.00,0.00,4.00,9.00,2700.00,0.00,1988.00,0.00,98042.00,47.32,-122.08,2728.00,85905.00
7899800045.00,20140828T000000,107000.00,3.00,1.50,910.00,5120.00,1.00,0.00,0.00,3.00,6.00,910.00,0.00,1973.00,0.00,98106.00,47.52,-122.36,1410.00,5132.00
7899800045.00,20141202T000000,232900.00,3.00,1.50,910.00,5120.00,1.00,0.00,0.00,3.00,6.00,910.00,0.00,1973.00,0.00,98106.00,47.52,-122.36,1410.00,5132.00
9482700075.00,20150112T000000,800000.00,4.00,3.50,2370.00,3302.00,2.00,0.00,0.00,3.00,8.00,1610.00,760.00,1926.00,2014.00,98103.00,47.68,-122.34,2170.00,3800.00
6300000368.00,20150327T000000,248500.00,2.00,1.50,880.00,1498.00,2.00,0.00,0.00,3.00,7.00,880.00,0.00,1999.00,0.00,98133.00,47.71,-122.34,880.00,5060.00
5135000160.00,20140612T000000,670000.00,3.00,2.50,2050.00,6420.00,1.00,0.00,3.00,3.00,8.00,1730.00,320.00,1956.00,0.00,98116.00,47.57,-122.41,2370.00,7620.00
1022069050.00,20150227T000000,207000.00,3.00,1.75,1180.00,21275.00,1.00,0.00,0.00,4.00,6.00,1180.00,0.00,1958.00,0.00,98038.00,47.40,-122.04,1490.00,35100.00
2599000370.00,20141103T000000,164000.00,3.00,1.00,1070.00,8250.00,1.00,0.00,0.00,3.00,7.00,1070.00,0.00,1961.00,0.00,98092.00,47.29,-122.19,1190.00,8250.00
2652500126.00,20150217T000000,570500.00,2.00,1.00,1380.00,1800.00,2.00,0.00,0.00,3.00,7.00,1080.00,300.00,1954.00,0.00,98119.00,47.64,-122.36,1600.00,3600.00
2923500550.00,20140625T000000,599990.00,3.00,2.25,2680.00,9162.00,1.00,0.00,0.00,3.00,8.00,1570.00,1110.00,1978.00,0.00,98027.00,47.57,-122.09,2480.00,8261.00
3760100200.00,20141006T000000,395000.00,5.00,1.75,2100.00,9599.00,1.00,0.00,0.00,3.00,7.00,1060.00,1040.00,1961.00,0.00,98034.00,47.71,-122.22,1680.00,10712.00
1226069045.00,20140827T000000,979500.00,4.00,3.75,4133.00,361548.00,2.00,0.00,0.00,3.00,11.00,4133.00,0.00,2000.00,0.00,98019.00,47.75,-121.97,1970.00,291416.00
3935900232.00,20140929T000000,207000.00,3.00,1.00,920.00,5546.00,1.00,0.00,0.00,2.00,6.00,920.00,0.00,1928.00,0.00,98125.00,47.71,-122.28,1300.00,5546.00
3935900232.00,20150112T000000,237000.00,3.00,1.00,920.00,5546.00,1.00,0.00,0.00,2.00,6.00,920.00,0.00,1928.00,0.00,98125.00,47.71,-122.28,1300.00,5546.00
224069105.00,20150410T000000,650100.00,2.00,1.00,1750.00,60872.00,1.00,0.00,0.00,4.00,7.00,1180.00,570.00,1973.00,0.00,98075.00,47.59,-122.01,2480.00,5425.00
8087800400.00,20141201T000000,385000.00,4.00,2.50,1950.00,7350.00,1.00,0.00,0.00,3.00,7.00,1150.00,800.00,1963.00,0.00,98052.00,47.66,-122.13,2050.00,9068.00
723049301.00,20140813T000000,335000.00,2.00,1.75,1660.00,11437.00,2.00,0.00,0.00,3.00,7.00,1660.00,0.00,1958.00,1992.00,98146.00,47.49,-122.34,1290.00,7860.00
4136920030.00,20140524T000000,347000.00,4.00,1.50,2670.00,10026.00,2.00,0.00,0.00,3.00,8.00,2670.00,0.00,1996.00,0.00,98092.00,47.27,-122.22,2420.00,11900.00
7686203385.00,20150326T000000,204000.00,3.00,1.00,980.00,8000.00,1.00,0.00,0.00,4.00,6.00,980.00,0.00,1954.00,0.00,98198.00,47.42,-122.32,1240.00,8000.00
7922710520.00,20150507T000000,615000.00,4.00,2.25,1780.00,10260.00,2.00,0.00,0.00,3.00,8.00,1780.00,0.00,1971.00,0.00,98052.00,47.66,-122.14,2360.00,10080.00
824059293.00,20141028T000000,943500.00,3.00,2.25,2370.00,10890.00,2.00,0.00,0.00,4.00,7.00,2370.00,0.00,1980.00,0.00,98004.00,47.58,-122.20,2370.00,9514.00
3959400335.00,20150423T000000,560000.00,3.00,2.00,1640.00,7333.00,1.00,0.00,0.00,4.00,7.00,1020.00,620.00,1941.00,0.00,98108.00,47.56,-122.32,2130.00,4933.00
6072760390.00,20150407T000000,547500.00,4.00,2.50,2610.00,7254.00,1.00,0.00,0.00,2.00,8.00,1610.00,1000.00,1975.00,0.00,98006.00,47.56,-122.18,2250.00,7407.00
2787700030.00,20141010T000000,359500.00,4.00,1.75,2030.00,7210.00,1.00,0.00,0.00,3.00,7.00,1450.00,580.00,1968.00,0.00,98059.00,47.51,-122.16,1750.00,8387.00
6446200060.00,20150401T000000,660000.00,3.00,2.50,2590.00,35640.00,1.00,0.00,0.00,3.00,9.00,2590.00,0.00,1987.00,0.00,98029.00,47.55,-122.03,2590.00,31200.00
1545800710.00,20140523T000000,258000.00,3.00,1.75,1620.00,7540.00,1.00,0.00,0.00,3.00,7.00,1310.00,310.00,1988.00,0.00,98038.00,47.36,-122.05,1580.00,7540.00
3522059196.00,20140627T000000,355000.00,3.00,1.75,2040.00,22693.00,1.00,0.00,0.00,4.00,8.00,2040.00,0.00,1980.00,0.00,98042.00,47.35,-122.14,1950.00,6280.00
4365200186.00,20140606T000000,253500.00,2.00,1.00,810.00,4800.00,1.00,0.00,0.00,3.00,7.00,810.00,0.00,1948.00,0.00,98126.00,47.52,-122.38,1240.00,7740.00
2064800890.00,20150415T000000,422500.00,3.00,1.00,1270.00,8920.00,1.00,0.00,0.00,5.00,7.00,1270.00,0.00,1969.00,0.00,98056.00,47.53,-122.17,1590.00,8589.00
9268710390.00,20141113T000000,239000.00,2.00,2.00,1470.00,2052.00,1.50,0.00,0.00,3.00,7.00,1470.00,0.00,1986.00,0.00,98003.00,47.31,-122.33,1470.00,2052.00
2273600260.00,20150403T000000,628000.00,3.00,2.25,1720.00,8521.00,1.00,0.00,0.00,4.00,7.00,1140.00,580.00,1984.00,0.00,98033.00,47.69,-122.18,1530.00,8692.00
9206950200.00,20150310T000000,352000.00,2.00,2.50,1320.00,1957.00,1.00,0.00,0.00,3.00,8.00,660.00,660.00,2004.00,0.00,98106.00,47.54,-122.37,1420.00,2198.00
2291400341.00,20150203T000000,311600.00,3.00,2.25,1358.00,1196.00,3.00,0.00,0.00,3.00,7.00,1358.00,0.00,2007.00,0.00,98133.00,47.71,-122.35,1358.00,1196.00
1311400350.00,20141009T000000,235000.00,4.00,1.50,2070.00,7245.00,1.00,0.00,0.00,4.00,7.00,1060.00,1010.00,1964.00,0.00,98001.00,47.34,-122.28,1450.00,7350.00
191100810.00,20140811T000000,870000.00,5.00,2.25,2910.00,9525.00,2.00,0.00,0.00,4.00,9.00,2910.00,0.00,1968.00,0.00,98040.00,47.56,-122.22,2740.00,9525.00
7895500550.00,20150319T000000,190848.00,4.00,1.50,1370.00,7904.00,1.00,0.00,0.00,3.00,7.00,900.00,470.00,1970.00,0.00,98001.00,47.33,-122.28,1370.00,7900.00
9221400335.00,20141001T000000,570000.00,4.00,1.75,2340.00,5080.00,1.00,0.00,0.00,5.00,7.00,1170.00,1170.00,1924.00,0.00,98115.00,47.67,-122.32,1270.00,3270.00
6087100070.00,20140523T000000,661254.00,4.00,4.00,2290.00,6250.00,1.50,0.00,0.00,5.00,7.00,1690.00,600.00,1940.00,0.00,98116.00,47.58,-122.38,1920.00,4335.00
3052700695.00,20140507T000000,575000.00,4.00,2.00,1650.00,5000.00,1.00,0.00,0.00,3.00,7.00,1650.00,0.00,1955.00,0.00,98117.00,47.68,-122.37,1690.00,2276.00
6150200435.00,20140513T000000,230000.00,2.00,0.75,650.00,5360.00,1.00,0.00,0.00,4.00,5.00,650.00,0.00,1931.00,0.00,98133.00,47.73,-122.34,1110.00,6700.00
5423040140.00,20150402T000000,680000.00,3.00,2.25,2300.00,9914.00,2.00,0.00,0.00,4.00,8.00,2300.00,0.00,1980.00,0.00,98027.00,47.57,-122.09,2240.00,9032.00
123039336.00,20140611T000000,148000.00,1.00,1.00,620.00,8261.00,1.00,0.00,0.00,3.00,5.00,620.00,0.00,1939.00,0.00,98106.00,47.51,-122.36,1180.00,8244.00
123039336.00,20141208T000000,244900.00,1.00,1.00,620.00,8261.00,1.00,0.00,0.00,3.00,5.00,620.00,0.00,1939.00,0.00,98106.00,47.51,-122.36,1180.00,8244.00
1446401290.00,20141030T000000,214950.00,3.00,1.00,1400.00,6600.00,1.00,0.00,0.00,3.00,6.00,1280.00,120.00,1954.00,0.00,98168.00,47.48,-122.33,1730.00,6600.00
8010100135.00,20141030T000000,580000.00,3.00,1.50,1800.00,6250.00,1.00,0.00,0.00,3.00,8.00,1420.00,380.00,1947.00,0.00,98116.00,47.58,-122.39,1800.00,5625.00
8899000140.00,20140828T000000,263000.00,3.00,1.50,1300.00,7885.00,1.00,0.00,0.00,3.00,7.00,1300.00,0.00,1968.00,0.00,98055.00,47.46,-122.21,1840.00,7600.00
2172000570.00,20140624T000000,317000.00,5.00,2.50,2360.00,11375.00,1.00,0.00,0.00,4.00,7.00,1180.00,1180.00,1962.00,0.00,98178.00,47.49,-122.26,1160.00,7800.00
1471701200.00,20141022T000000,302000.00,4.00,3.00,3320.00,13500.00,1.00,0.00,0.00,3.00,7.00,1750.00,1570.00,1963.00,0.00,98059.00,47.46,-122.07,1830.00,13800.00
9808700370.00,20140623T000000,899000.00,3.00,1.00,1480.00,6978.00,2.00,0.00,0.00,4.00,8.00,1480.00,0.00,1949.00,1985.00,98004.00,47.65,-122.22,2660.00,13062.00
904000045.00,20140623T000000,1289000.00,3.00,2.50,2190.00,11394.00,1.00,0.00,0.00,3.00,8.00,1550.00,640.00,1956.00,0.00,98199.00,47.67,-122.41,2190.00,9540.00
7680400140.00,20140626T000000,710000.00,3.00,3.25,3740.00,136915.00,2.50,0.00,0.00,3.00,11.00,3100.00,640.00,1990.00,0.00,98166.00,47.45,-122.36,2400.00,16104.00
3291800140.00,20141107T000000,230000.00,3.00,1.00,1360.00,9310.00,1.00,0.00,0.00,4.00,7.00,1020.00,340.00,1980.00,0.00,98056.00,47.49,-122.19,1480.00,8330.00
3624039074.00,20150504T000000,430000.00,3.00,1.00,1210.00,5200.00,1.00,0.00,0.00,3.00,6.00,1210.00,0.00,1941.00,0.00,98126.00,47.53,-122.37,890.00,5200.00
98001070.00,20140818T000000,1169000.00,5.00,4.25,4610.00,13252.00,2.00,0.00,4.00,3.00,11.00,4610.00,0.00,2004.00,0.00,98075.00,47.59,-121.97,4400.00,15154.00
5100402767.00,20141014T000000,397000.00,3.00,1.00,860.00,6380.00,1.50,0.00,0.00,4.00,7.00,860.00,0.00,1927.00,0.00,98115.00,47.69,-122.32,1250.00,6380.00
2826049070.00,20150225T000000,595000.00,3.00,2.50,2250.00,8300.00,2.00,0.00,0.00,3.00,8.00,2250.00,0.00,2003.00,0.00,98125.00,47.72,-122.31,1790.00,7626.00
9414610240.00,20150310T000000,485000.00,3.00,1.75,2030.00,10089.00,1.00,0.00,0.00,4.00,8.00,1330.00,700.00,1976.00,0.00,98027.00,47.52,-122.05,2030.00,9827.00
4019301160.00,20140627T000000,755000.00,5.00,2.50,3260.00,24300.00,1.50,0.00,1.00,4.00,8.00,2310.00,950.00,1950.00,0.00,98155.00,47.76,-122.27,2390.00,32057.00
1217000340.00,20140606T000000,185000.00,3.00,1.00,1840.00,8100.00,1.00,0.00,0.00,4.00,7.00,920.00,920.00,1953.00,0.00,98166.00,47.46,-122.35,1250.00,8100.00
1217000340.00,20150219T000000,340000.00,3.00,1.00,1840.00,8100.00,1.00,0.00,0.00,4.00,7.00,920.00,920.00,1953.00,0.00,98166.00,47.46,-122.35,1250.00,8100.00
8081650400.00,20140624T000000,236000.00,4.00,2.75,2000.00,5827.00,2.00,0.00,0.00,3.00,7.00,2000.00,0.00,1997.00,0.00,98038.00,47.36,-122.03,1710.00,6929.00
9465910310.00,20140919T000000,550000.00,4.00,2.50,2810.00,7549.00,2.00,0.00,0.00,3.00,9.00,2810.00,0.00,1992.00,0.00,98072.00,47.74,-122.17,2750.00,7642.00
9468200163.00,20140709T000000,680000.00,3.00,2.00,1780.00,5720.00,1.00,0.00,0.00,5.00,7.00,980.00,800.00,1925.00,0.00,98103.00,47.68,-122.35,1620.00,5050.00
305000310.00,20150421T000000,630000.00,4.00,2.50,2540.00,8706.00,2.00,0.00,0.00,3.00,9.00,2540.00,0.00,1997.00,0.00,98075.00,47.59,-122.03,2540.00,6239.00
2624049035.00,20140617T000000,560000.00,3.00,2.00,2340.00,3477.00,1.00,0.00,1.00,5.00,7.00,1170.00,1170.00,1971.00,0.00,98118.00,47.54,-122.27,2110.00,6300.00
8098400135.00,20140513T000000,385000.00,3.00,2.00,1480.00,6600.00,1.00,0.00,2.00,3.00,7.00,740.00,740.00,1943.00,0.00,98146.00,47.51,-122.39,1250.00,7300.00
2291400342.00,20141022T000000,280000.00,3.00,2.25,1358.00,1141.00,3.00,0.00,0.00,3.00,7.00,1358.00,0.00,2007.00,0.00,98133.00,47.71,-122.35,1358.00,1196.00
4051110240.00,20140825T000000,225000.00,3.00,2.50,1750.00,7490.00,1.00,0.00,0.00,4.00,7.00,1180.00,570.00,1979.00,0.00,98042.00,47.37,-122.15,1570.00,7490.00
3024059078.00,20140605T000000,610000.00,4.00,1.75,1830.00,29110.00,2.00,0.00,0.00,3.00,8.00,1230.00,600.00,1990.00,0.00,98040.00,47.54,-122.22,3630.00,16488.00
3182100105.00,20141209T000000,592500.00,3.00,2.00,1170.00,6750.00,1.00,0.00,0.00,5.00,7.00,800.00,370.00,1947.00,0.00,98115.00,47.68,-122.28,1330.00,6750.00
6705850140.00,20141009T000000,750000.00,4.00,2.75,3170.00,7634.00,2.00,0.00,0.00,3.00,10.00,3170.00,0.00,1992.00,0.00,98075.00,47.58,-122.05,2940.00,7846.00
8651442440.00,20141023T000000,164000.00,4.00,1.00,1530.00,4875.00,2.00,0.00,0.00,3.00,7.00,1530.00,0.00,1977.00,0.00,98042.00,47.36,-122.09,1470.00,4875.00
3432500765.00,20140612T000000,320000.00,2.00,1.00,1100.00,8281.00,1.00,0.00,0.00,4.00,7.00,1100.00,0.00,1947.00,0.00,98155.00,47.74,-122.32,1510.00,8281.00
3905100310.00,20140625T000000,544000.00,4.00,2.50,2030.00,3974.00,2.00,0.00,0.00,3.00,8.00,2030.00,0.00,1994.00,0.00,98029.00,47.57,-122.01,1780.00,3953.00
1328330510.00,20140909T000000,344950.00,3.00,1.75,1870.00,7500.00,1.00,0.00,0.00,5.00,8.00,1320.00,550.00,1978.00,0.00,98058.00,47.44,-122.13,1870.00,7275.00
4017050260.00,20140606T000000,539500.00,3.00,2.50,3080.00,12476.00,2.00,0.00,0.00,3.00,10.00,3080.00,0.00,1990.00,0.00,98038.00,47.38,-122.03,3130.00,13631.00
2323069053.00,20150417T000000,420000.00,4.00,1.75,2480.00,60548.00,1.00,0.00,0.00,4.00,7.00,1600.00,880.00,1968.00,0.00,98027.00,47.47,-122.00,2390.00,90169.00
4022900951.00,20150402T000000,305000.00,2.00,1.00,910.00,22725.00,1.00,0.00,0.00,1.00,6.00,910.00,0.00,1926.00,0.00,98155.00,47.77,-122.30,2000.00,14566.00
6450304630.00,20141201T000000,229000.00,2.00,1.00,810.00,5100.00,1.00,0.00,0.00,3.00,6.00,810.00,0.00,1955.00,0.00,98133.00,47.73,-122.34,1500.00,5100.00
3303960060.00,20140619T000000,1068000.00,5.00,3.50,3990.00,9938.00,2.00,0.00,0.00,3.00,11.00,3990.00,0.00,2001.00,0.00,98059.00,47.52,-122.16,3490.00,11734.00
993001342.00,20140808T000000,397500.00,3.00,2.25,1430.00,1383.00,3.00,0.00,0.00,3.00,8.00,1430.00,0.00,2005.00,0.00,98103.00,47.69,-122.34,1430.00,1347.00
6743700030.00,20150401T000000,540000.00,4.00,2.00,2190.00,8402.00,2.00,0.00,0.00,4.00,6.00,2190.00,0.00,1928.00,0.00,98033.00,47.69,-122.18,2210.00,7802.00
6696800030.00,20140923T000000,650000.00,4.00,2.50,2290.00,10186.00,2.00,0.00,0.00,3.00,8.00,2290.00,0.00,1985.00,0.00,98008.00,47.64,-122.12,2150.00,10186.00
4114601580.00,20140724T000000,1900000.00,6.00,4.00,3020.00,13237.00,2.00,1.00,4.00,3.00,8.00,2840.00,180.00,1942.00,1983.00,98144.00,47.59,-122.29,3680.00,12620.00
2025079045.00,20140623T000000,649000.00,2.00,1.75,2260.00,280962.00,2.00,0.00,2.00,3.00,9.00,1890.00,370.00,2005.00,0.00,98014.00,47.64,-121.94,2860.00,219542.00
182000350.00,20150325T000000,287500.00,5.00,2.00,2020.00,67953.00,1.50,0.00,0.00,4.00,7.00,1620.00,400.00,1936.00,0.00,98178.00,47.49,-122.26,1270.00,13198.00
8082400136.00,20140626T000000,815000.00,4.00,2.75,2620.00,4743.00,1.00,0.00,2.00,4.00,8.00,1310.00,1310.00,1949.00,0.00,98117.00,47.68,-122.40,1900.00,4764.00
6352600350.00,20141209T000000,795000.00,2.00,2.50,2830.00,8630.00,2.00,0.00,0.00,3.00,10.00,2830.00,0.00,2001.00,0.00,98074.00,47.65,-122.08,3190.00,7515.00
9414610070.00,20150130T000000,502775.00,3.00,1.75,1700.00,9840.00,1.00,0.00,0.00,4.00,8.00,1200.00,500.00,1976.00,0.00,98027.00,47.52,-122.05,2040.00,14169.00
7812801125.00,20150112T000000,222900.00,2.00,1.00,1110.00,6411.00,1.00,0.00,0.00,3.00,6.00,1110.00,0.00,1944.00,0.00,98178.00,47.50,-122.24,1150.00,6504.00
1121039105.00,20141203T000000,399950.00,4.00,3.00,2150.00,64694.00,1.00,0.00,0.00,3.00,8.00,1450.00,700.00,1969.00,0.00,98023.00,47.33,-122.39,2430.00,59612.00
3591000030.00,20140823T000000,728000.00,4.00,2.50,2650.00,13684.00,2.00,0.00,0.00,3.00,9.00,2650.00,0.00,1994.00,0.00,98052.00,47.63,-122.11,2650.00,12032.00
2386000240.00,20140929T000000,850000.00,5.00,3.50,3870.00,65556.00,2.00,0.00,0.00,3.00,10.00,3870.00,0.00,1994.00,0.00,98053.00,47.64,-121.99,4290.00,67019.00
4254000060.00,20141002T000000,525000.00,4.00,2.75,2530.00,17856.00,2.00,0.00,0.00,3.00,8.00,2530.00,0.00,1998.00,0.00,98019.00,47.74,-121.96,2530.00,14640.00
6623400193.00,20140903T000000,257000.00,3.00,1.00,1450.00,7850.00,1.50,0.00,0.00,5.00,7.00,1450.00,0.00,1910.00,0.00,98055.00,47.43,-122.20,1360.00,10400.00
8944550140.00,20140519T000000,433500.00,3.00,2.50,2200.00,3360.00,2.00,0.00,0.00,3.00,8.00,2200.00,0.00,2009.00,0.00,98118.00,47.54,-122.29,2130.00,3423.00
2730500140.00,20150423T000000,314950.00,4.00,1.75,1890.00,9623.00,1.00,0.00,0.00,4.00,7.00,1290.00,600.00,1969.00,0.00,98001.00,47.29,-122.28,1510.00,9711.00
5490210510.00,20140922T000000,500000.00,3.00,1.75,1530.00,14633.00,1.00,0.00,0.00,3.00,7.00,1100.00,430.00,1977.00,0.00,98052.00,47.69,-122.12,1780.00,8100.00
8718500560.00,20140627T000000,300000.00,3.00,1.50,1590.00,8911.00,1.00,0.00,0.00,3.00,7.00,1590.00,0.00,1956.00,0.00,98028.00,47.74,-122.25,1590.00,9625.00
8651520160.00,20140707T000000,645000.00,4.00,2.50,2690.00,18653.00,2.00,0.00,0.00,3.00,8.00,2690.00,0.00,1985.00,0.00,98074.00,47.64,-122.06,2230.00,9744.00
2868900160.00,20141002T000000,222500.00,3.00,1.00,990.00,10125.00,1.00,0.00,0.00,3.00,7.00,990.00,0.00,1972.00,0.00,98042.00,47.34,-122.09,1360.00,10125.00
8062900030.00,20140715T000000,275000.00,3.00,1.75,1300.00,8099.00,1.00,0.00,0.00,4.00,7.00,1080.00,220.00,1976.00,0.00,98056.00,47.50,-122.17,1270.00,8099.00
3336000626.00,20150416T000000,498000.00,3.00,1.50,1720.00,6570.00,1.50,0.00,0.00,4.00,8.00,1720.00,0.00,1909.00,0.00,98118.00,47.53,-122.27,1360.00,6000.00
3226059083.00,20140626T000000,800000.00,3.00,1.75,2080.00,75794.00,1.00,0.00,0.00,3.00,7.00,2080.00,0.00,1958.00,0.00,98033.00,47.70,-122.19,1870.00,11020.00
7212660960.00,20140814T000000,297000.00,3.00,2.50,1840.00,8234.00,2.00,0.00,0.00,3.00,8.00,1840.00,0.00,1994.00,0.00,98003.00,47.27,-122.31,1940.00,7601.00
1180007375.00,20150512T000000,625000.00,5.00,3.50,4010.00,6000.00,2.00,0.00,3.00,3.00,9.00,2560.00,1450.00,1997.00,0.00,98178.00,47.49,-122.23,2440.00,6000.00
1150900060.00,20141030T000000,770000.00,4.00,2.50,3560.00,6187.00,2.00,0.00,0.00,3.00,9.00,3560.00,0.00,2003.00,0.00,98029.00,47.56,-122.02,3190.00,6981.00
9528102110.00,20140917T000000,517000.00,3.00,2.25,1640.00,4635.00,1.50,0.00,0.00,3.00,8.00,1540.00,100.00,1930.00,0.00,98115.00,47.68,-122.32,1530.00,4635.00
1172000150.00,20140829T000000,238000.00,1.00,1.00,530.00,6350.00,1.00,0.00,0.00,5.00,5.00,530.00,0.00,1941.00,0.00,98103.00,47.69,-122.36,1200.00,6350.00
1523049115.00,20141021T000000,234550.00,3.00,1.00,1990.00,15375.00,1.00,0.00,0.00,3.00,7.00,1140.00,850.00,1946.00,0.00,98168.00,47.48,-122.29,1160.00,10236.00
4222310410.00,20140929T000000,230500.00,3.00,2.25,1690.00,7245.00,1.00,0.00,1.00,3.00,7.00,1160.00,530.00,1973.00,0.00,98003.00,47.35,-122.31,1690.00,6720.00
2568300210.00,20140628T000000,585000.00,5.00,2.50,2670.00,16777.00,1.50,0.00,0.00,4.00,7.00,1620.00,1050.00,1920.00,0.00,98125.00,47.70,-122.30,1610.00,8227.00
3131201320.00,20140822T000000,733000.00,4.00,1.75,1930.00,3876.00,1.50,0.00,0.00,5.00,7.00,1450.00,480.00,1924.00,0.00,98105.00,47.66,-122.32,1280.00,3825.00
1982201255.00,20141114T000000,357950.00,2.00,1.00,810.00,3880.00,1.00,0.00,0.00,3.00,7.00,810.00,0.00,1952.00,0.00,98107.00,47.66,-122.37,900.00,4365.00
125039025.00,20140611T000000,530000.00,3.00,1.75,1550.00,3680.00,1.00,0.00,0.00,3.00,7.00,1050.00,500.00,1927.00,0.00,98117.00,47.68,-122.36,1560.00,4000.00
5379805121.00,20141229T000000,377500.00,4.00,2.50,2640.00,10720.00,2.00,0.00,0.00,3.00,8.00,2640.00,0.00,1999.00,0.00,98188.00,47.45,-122.28,1680.00,10018.00
7853302520.00,20150206T000000,475000.00,4.00,2.50,2320.00,10046.00,2.00,0.00,0.00,3.00,7.00,2320.00,0.00,2006.00,0.00,98065.00,47.54,-121.89,2320.00,5253.00
1921069101.00,20150508T000000,399000.00,3.00,1.75,2170.00,73616.00,1.00,0.00,0.00,3.00,7.00,2170.00,0.00,2008.00,0.00,98092.00,47.29,-122.09,1710.00,297514.00
9276202160.00,20141126T000000,660000.00,3.00,2.00,2080.00,5750.00,1.00,0.00,0.00,5.00,7.00,1040.00,1040.00,1926.00,0.00,98116.00,47.58,-122.39,1710.00,4830.00
4037500230.00,20141007T000000,400000.00,5.00,2.25,2070.00,10488.00,1.00,0.00,0.00,4.00,7.00,1080.00,990.00,1958.00,0.00,98008.00,47.61,-122.12,1740.00,9225.00
1982201345.00,20140502T000000,440000.00,2.00,1.00,800.00,4850.00,1.00,0.00,0.00,4.00,7.00,800.00,0.00,1944.00,0.00,98107.00,47.66,-122.36,1150.00,4365.00
5469500180.00,20150206T000000,366400.00,4.00,2.25,2040.00,14383.00,1.00,0.00,0.00,4.00,8.00,1270.00,770.00,1977.00,0.00,98042.00,47.38,-122.16,2030.00,11500.00
1088810040.00,20150320T000000,627250.00,4.00,2.50,2830.00,10677.00,2.00,0.00,0.00,3.00,9.00,2830.00,0.00,1993.00,0.00,98011.00,47.74,-122.21,2970.00,9619.00
2117700085.00,20140730T000000,375950.00,3.00,1.75,1480.00,7560.00,1.00,0.00,0.00,3.00,6.00,1100.00,380.00,1920.00,1985.00,98117.00,47.70,-122.36,1510.00,7250.00
9211500730.00,20150218T000000,162000.00,3.00,2.25,1810.00,6750.00,1.00,0.00,0.00,3.00,7.00,1280.00,530.00,1978.00,0.00,98023.00,47.30,-122.38,1690.00,7770.00
4083801395.00,20140724T000000,780000.00,3.00,2.75,1970.00,2600.00,2.50,0.00,0.00,3.00,8.00,1970.00,0.00,1924.00,1994.00,98103.00,47.66,-122.34,1680.00,3120.00
9274201006.00,20140507T000000,705000.00,4.00,2.50,2650.00,4316.00,1.50,0.00,0.00,3.00,8.00,1520.00,1130.00,1905.00,2013.00,98116.00,47.59,-122.39,1690.00,5625.00
7205800040.00,20141223T000000,450000.00,4.00,2.50,2820.00,15233.00,1.00,0.00,2.00,4.00,9.00,1820.00,1000.00,1972.00,0.00,98003.00,47.34,-122.32,2560.00,11998.00
3276180210.00,20141117T000000,311000.00,3.00,2.75,1400.00,7880.00,1.00,0.00,0.00,3.00,7.00,1000.00,400.00,1981.00,0.00,98056.00,47.51,-122.19,1400.00,7279.00
3904900530.00,20140613T000000,485000.00,3.00,2.50,1580.00,6065.00,2.00,0.00,0.00,3.00,8.00,1580.00,0.00,1985.00,0.00,98029.00,47.57,-122.02,1770.00,6700.00
9560800040.00,20140716T000000,485000.00,3.00,2.50,1800.00,11034.00,2.00,0.00,0.00,4.00,8.00,1800.00,0.00,1987.00,0.00,98072.00,47.76,-122.14,1940.00,8900.00
5249801411.00,20141010T000000,725000.00,5.00,3.75,3360.00,6000.00,2.00,0.00,0.00,3.00,8.00,2640.00,720.00,1963.00,1999.00,98118.00,47.56,-122.28,1930.00,6000.00
3750603492.00,20140715T000000,185000.00,3.00,1.00,1510.00,17040.00,1.00,0.00,0.00,4.00,6.00,1510.00,0.00,1975.00,0.00,98001.00,47.26,-122.29,1520.00,14000.00
249000180.00,20141201T000000,1890000.00,4.00,4.25,4285.00,9345.00,2.00,0.00,0.00,3.00,10.00,4285.00,0.00,2013.00,0.00,98004.00,47.63,-122.20,1570.00,8994.00
1796370180.00,20150508T000000,260000.00,3.00,2.25,1610.00,7423.00,2.00,0.00,0.00,4.00,7.00,1610.00,0.00,1990.00,0.00,98042.00,47.37,-122.09,1530.00,8102.00
6699940120.00,20150430T000000,356000.00,4.00,2.50,2470.00,5074.00,2.00,0.00,0.00,3.00,8.00,2470.00,0.00,2004.00,0.00,98038.00,47.35,-122.04,2470.00,5078.00
3830210230.00,20150319T000000,225205.00,3.00,1.00,1200.00,7220.00,1.00,0.00,0.00,3.00,6.00,1200.00,0.00,1977.00,0.00,98030.00,47.37,-122.18,1200.00,7200.00
9144100158.00,20141229T000000,445000.00,3.00,1.00,1260.00,8910.00,1.00,0.00,0.00,4.00,7.00,1260.00,0.00,1949.00,0.00,98117.00,47.70,-122.38,1560.00,8910.00
3332500636.00,20140605T000000,356000.00,2.00,1.00,920.00,4095.00,1.00,0.00,0.00,4.00,6.00,920.00,0.00,1914.00,0.00,98118.00,47.55,-122.28,1460.00,4945.00
5315100476.00,20141010T000000,760250.00,5.00,2.75,2540.00,8250.00,1.00,0.00,0.00,4.00,7.00,1440.00,1100.00,1953.00,0.00,98040.00,47.59,-122.24,2540.00,11000.00
8682260610.00,20150430T000000,572000.00,2.00,2.00,1870.00,5143.00,1.00,0.00,0.00,3.00,8.00,1870.00,0.00,2005.00,0.00,98053.00,47.71,-122.03,1810.00,5143.00
5700004525.00,20140624T000000,970000.00,3.00,2.25,3060.00,9950.00,1.50,0.00,2.00,4.00,9.00,1810.00,1250.00,1930.00,0.00,98144.00,47.58,-122.28,4950.00,10655.00
3303950220.00,20140831T000000,348450.00,4.00,2.50,1950.00,8628.00,2.00,0.00,0.00,3.00,8.00,1950.00,0.00,1994.00,0.00,98038.00,47.38,-122.04,2210.00,9019.00
7399800150.00,20140606T000000,535500.00,3.00,1.50,1730.00,40250.00,2.00,0.00,0.00,4.00,8.00,1730.00,0.00,1983.00,0.00,98072.00,47.75,-122.11,1730.00,36250.00
1454600256.00,20141013T000000,710000.00,5.00,2.50,2570.00,9600.00,1.00,0.00,2.00,3.00,8.00,1620.00,950.00,1956.00,0.00,98125.00,47.72,-122.28,2680.00,9900.00
629000730.00,20140528T000000,745000.00,3.00,1.75,1490.00,9800.00,1.00,0.00,0.00,4.00,7.00,1140.00,350.00,1947.00,0.00,98004.00,47.58,-122.20,2310.00,9800.00
7520400040.00,20140620T000000,355000.00,4.00,2.50,2040.00,8265.00,2.00,0.00,0.00,3.00,7.00,2040.00,0.00,1996.00,0.00,98146.00,47.50,-122.34,2160.00,8265.00
2799800180.00,20150323T000000,333000.00,4.00,2.50,2690.00,5505.00,2.00,0.00,0.00,3.00,8.00,2690.00,0.00,2004.00,0.00,98042.00,47.37,-122.12,2690.00,5505.00
2025701530.00,20140826T000000,282000.00,3.00,2.50,1610.00,6000.00,2.00,0.00,0.00,4.00,7.00,1610.00,0.00,1993.00,0.00,98038.00,47.35,-122.04,1570.00,6000.00
1794501415.00,20140528T000000,840500.00,3.00,2.00,2520.00,5400.00,1.50,0.00,0.00,4.00,8.00,1410.00,1110.00,1906.00,0.00,98119.00,47.64,-122.36,1960.00,5400.00
4038500330.00,20150407T000000,432000.00,3.00,1.75,1550.00,8134.00,1.00,0.00,0.00,4.00,7.00,1550.00,0.00,1959.00,0.00,98008.00,47.61,-122.12,1360.00,8000.00
9297301065.00,20141029T000000,625000.00,3.00,1.00,1800.00,4800.00,1.00,0.00,2.00,4.00,9.00,900.00,900.00,1927.00,0.00,98126.00,47.57,-122.37,1400.00,4800.00
985000833.00,20140910T000000,209977.00,3.00,1.00,1170.00,6134.00,1.00,0.00,0.00,4.00,7.00,1170.00,0.00,1948.00,0.00,98168.00,47.49,-122.31,1440.00,9823.00
3353400120.00,20140701T000000,174000.00,2.00,1.00,900.00,13531.00,1.00,0.00,0.00,3.00,6.00,900.00,0.00,1979.00,0.00,98001.00,47.26,-122.25,1767.00,8308.00
8860310120.00,20150422T000000,740000.00,4.00,2.00,2800.00,8540.00,1.00,0.00,0.00,4.00,8.00,1730.00,1070.00,1977.00,0.00,98052.00,47.69,-122.13,2470.00,9400.00
9547200790.00,20140917T000000,518000.00,3.00,1.75,1830.00,4500.00,1.50,0.00,0.00,4.00,7.00,1830.00,0.00,1909.00,0.00,98115.00,47.68,-122.31,1830.00,4080.00
9136103026.00,20150305T000000,539000.00,3.00,1.75,1380.00,3225.00,1.00,0.00,0.00,4.00,7.00,940.00,440.00,1915.00,0.00,98103.00,47.67,-122.34,1250.00,3750.00
5710600620.00,20150429T000000,575000.00,3.00,2.75,1990.00,9600.00,1.00,0.00,0.00,3.00,8.00,1530.00,460.00,1978.00,0.00,98027.00,47.53,-122.05,2170.00,10400.00
6003001999.00,20150209T000000,530000.00,2.00,1.75,1170.00,976.00,2.00,0.00,0.00,3.00,9.00,780.00,390.00,2010.00,0.00,98102.00,47.62,-122.32,1280.00,1183.00
922059020.00,20140716T000000,242025.00,4.00,1.75,1400.00,54014.00,1.50,0.00,0.00,4.00,7.00,1400.00,0.00,1935.00,0.00,98031.00,47.42,-122.18,1910.00,8523.00
644200065.00,20150306T000000,1030000.00,4.00,2.50,2620.00,11200.00,1.00,0.00,0.00,4.00,8.00,1770.00,850.00,1962.00,0.00,98004.00,47.59,-122.19,2360.00,11200.00
6929602390.00,20140826T000000,230000.00,3.00,1.00,880.00,7500.00,1.00,0.00,0.00,3.00,7.00,880.00,0.00,1978.00,0.00,98198.00,47.38,-122.31,880.00,7500.00
7399000230.00,20150107T000000,350000.00,4.00,2.50,2260.00,7500.00,1.00,0.00,0.00,3.00,8.00,1460.00,800.00,1965.00,0.00,98055.00,47.46,-122.20,2260.00,7500.00
3885805300.00,20150429T000000,595000.00,3.00,1.00,1300.00,11520.00,1.00,0.00,0.00,3.00,6.00,1300.00,0.00,1958.00,0.00,98033.00,47.68,-122.20,1440.00,8064.00
200800330.00,20140711T000000,440000.00,3.00,1.75,1450.00,6829.00,1.00,0.00,0.00,3.00,8.00,1450.00,0.00,1983.00,0.00,98052.00,47.72,-122.11,1950.00,7622.00
6819100330.00,20150220T000000,550000.00,3.00,1.00,1110.00,6000.00,1.00,0.00,0.00,3.00,7.00,1110.00,0.00,1904.00,0.00,98109.00,47.65,-122.36,1460.00,6000.00
1338600175.00,20140507T000000,940000.00,4.00,2.25,1890.00,5940.00,1.00,0.00,1.00,3.00,9.00,1470.00,420.00,1963.00,0.00,98112.00,47.63,-122.30,2430.00,5940.00
8728100781.00,20140516T000000,375000.00,3.00,1.50,1100.00,1751.00,2.00,0.00,0.00,3.00,8.00,940.00,160.00,2007.00,0.00,98144.00,47.59,-122.31,1380.00,1751.00
871000515.00,20141205T000000,567500.00,2.00,1.50,1350.00,4592.00,1.00,0.00,0.00,3.00,7.00,1070.00,280.00,1939.00,0.00,98199.00,47.65,-122.41,1610.00,5102.00
6446200175.00,20140916T000000,735000.00,3.00,2.50,3020.00,50800.00,1.00,0.00,0.00,5.00,8.00,1510.00,1510.00,1968.00,0.00,98029.00,47.55,-122.03,2400.00,27135.00
7889600230.00,20141017T000000,114000.00,2.00,1.00,730.00,5200.00,1.00,0.00,0.00,3.00,6.00,730.00,0.00,1928.00,0.00,98146.00,47.49,-122.34,1220.00,6240.00
2652500210.00,20140825T000000,608000.00,2.00,1.00,1390.00,3600.00,1.00,0.00,0.00,4.00,7.00,1010.00,380.00,1913.00,0.00,98119.00,47.64,-122.36,1590.00,3600.00
7302000210.00,20141107T000000,442500.00,3.00,1.50,2710.00,47419.00,1.50,0.00,0.00,3.00,7.00,2170.00,540.00,1980.00,0.00,98053.00,47.65,-121.97,2130.00,48144.00
6450301530.00,20141016T000000,381800.00,4.00,2.00,1530.00,5250.00,1.00,0.00,0.00,3.00,7.00,1110.00,420.00,1981.00,0.00,98133.00,47.73,-122.34,1100.00,5250.00
7905200230.00,20140724T000000,330000.00,3.00,2.00,2170.00,3978.00,1.00,0.00,0.00,5.00,7.00,1340.00,830.00,1919.00,0.00,98116.00,47.57,-122.39,1350.00,4680.00
1049010620.00,20140513T000000,90000.00,2.00,1.00,790.00,2640.00,1.00,0.00,0.00,3.00,7.00,790.00,0.00,1973.00,0.00,98034.00,47.74,-122.18,1310.00,2064.00
9284802825.00,20140724T000000,312000.00,2.00,1.75,1160.00,8625.00,1.00,0.00,0.00,4.00,6.00,1160.00,0.00,1941.00,0.00,98106.00,47.55,-122.37,960.00,5750.00
3782100145.00,20140512T000000,339000.00,3.00,1.00,1080.00,8100.00,1.00,0.00,0.00,4.00,7.00,1080.00,0.00,1955.00,0.00,98155.00,47.78,-122.31,1080.00,8100.00
8731951490.00,20140507T000000,313000.00,3.00,1.75,2190.00,8000.00,1.00,0.00,0.00,4.00,8.00,2190.00,0.00,1967.00,0.00,98023.00,47.31,-122.38,1980.00,8000.00
9202650210.00,20140507T000000,618080.00,3.00,2.50,2030.00,6500.00,2.00,0.00,0.00,3.00,8.00,2030.00,0.00,1988.00,0.00,98027.00,47.57,-122.09,2030.00,8485.00
2473450870.00,20141006T000000,325000.00,3.00,2.25,2480.00,8755.00,2.00,0.00,0.00,3.00,8.00,2480.00,0.00,1979.00,0.00,98058.00,47.45,-122.13,2280.00,9940.00
2899200040.00,20140715T000000,242000.00,4.00,1.00,2240.00,7620.00,1.00,0.00,0.00,3.00,7.00,1120.00,1120.00,1966.00,0.00,98146.00,47.51,-122.35,1080.00,7620.00
2644900149.00,20141218T000000,364000.00,2.00,1.50,1650.00,7311.00,1.00,0.00,0.00,3.00,7.00,860.00,790.00,1978.00,0.00,98133.00,47.78,-122.36,1660.00,7255.00
952005000.00,20140815T000000,545000.00,3.00,1.75,1700.00,5750.00,1.50,0.00,2.00,5.00,7.00,1450.00,250.00,1925.00,0.00,98126.00,47.56,-122.38,1700.00,5750.00
7298030210.00,20141223T000000,445000.00,3.00,2.50,2790.00,16173.00,2.00,0.00,0.00,3.00,10.00,2790.00,0.00,1988.00,0.00,98023.00,47.30,-122.34,2890.00,11632.00
3760500730.00,20140728T000000,1085500.00,4.00,2.75,3010.00,10830.00,2.00,0.00,3.00,4.00,9.00,3010.00,0.00,1980.00,0.00,98034.00,47.70,-122.23,3010.00,10650.00
1562000120.00,20140512T000000,660000.00,4.00,2.50,2550.00,10000.00,1.00,0.00,0.00,3.00,8.00,1290.00,1260.00,1964.00,0.00,98007.00,47.62,-122.14,2270.00,8640.00
9290850760.00,20141028T000000,845000.00,4.00,2.50,2880.00,35610.00,1.00,0.00,0.00,3.00,10.00,2880.00,0.00,1989.00,0.00,98052.00,47.69,-122.05,3460.00,35610.00
272000220.00,20140923T000000,417000.00,4.00,2.00,2090.00,4000.00,1.00,0.00,0.00,3.00,6.00,1060.00,1030.00,1907.00,0.00,98144.00,47.59,-122.30,1590.00,4000.00
418000145.00,20150428T000000,213800.00,2.00,1.00,740.00,5200.00,1.00,0.00,0.00,4.00,5.00,740.00,0.00,1952.00,0.00,98056.00,47.49,-122.17,750.00,5200.00
3560800040.00,20141028T000000,400000.00,2.00,1.75,960.00,6200.00,1.00,0.00,0.00,4.00,7.00,960.00,0.00,1946.00,0.00,98136.00,47.56,-122.40,1000.00,6000.00
1139000035.00,20150305T000000,759950.00,4.00,3.50,2100.00,7560.00,2.00,0.00,0.00,5.00,8.00,2100.00,0.00,2005.00,0.00,98133.00,47.71,-122.36,1250.00,7560.00
6681500150.00,20150423T000000,990000.00,4.00,2.50,2540.00,5930.00,2.00,0.00,0.00,3.00,9.00,2540.00,0.00,2003.00,0.00,98199.00,47.65,-122.39,1400.00,4000.00
2330000035.00,20140820T000000,710000.00,3.00,1.75,1650.00,10250.00,1.00,0.00,0.00,5.00,8.00,1650.00,0.00,1963.00,0.00,98005.00,47.61,-122.17,2400.00,10250.00
3095000040.00,20141016T000000,315000.00,1.00,0.75,770.00,4600.00,1.00,0.00,0.00,4.00,6.00,770.00,0.00,1910.00,0.00,98126.00,47.56,-122.38,1550.00,4600.00
3343300065.00,20140902T000000,515000.00,4.00,2.50,2280.00,14810.00,1.00,0.00,0.00,5.00,8.00,1500.00,780.00,1977.00,0.00,98056.00,47.54,-122.19,2690.00,12196.00
375000230.00,20140626T000000,638000.00,3.00,2.00,1660.00,3729.00,1.00,0.00,0.00,5.00,7.00,970.00,690.00,1922.00,0.00,98116.00,47.57,-122.41,1560.00,3729.00
7663700772.00,20150218T000000,370000.00,4.00,2.00,2020.00,8100.00,1.50,0.00,0.00,4.00,7.00,1160.00,860.00,1946.00,0.00,98125.00,47.73,-122.30,1840.00,8680.00
302000065.00,20150129T000000,184000.00,3.00,1.00,970.00,14850.00,1.00,0.00,0.00,3.00,7.00,970.00,0.00,1968.00,0.00,98001.00,47.33,-122.27,1410.00,14850.00
6134500220.00,20140728T000000,583800.00,3.00,2.50,2480.00,6600.00,2.00,0.00,0.00,3.00,8.00,2480.00,0.00,2002.00,0.00,98053.00,47.63,-122.01,2310.00,6656.00
2787700580.00,20141028T000000,309500.00,3.00,1.00,1250.00,7320.00,1.00,0.00,0.00,3.00,7.00,1250.00,0.00,1968.00,0.00,98059.00,47.51,-122.16,1770.00,7320.00
2806300065.00,20150422T000000,1960000.00,4.00,4.00,4430.00,31353.00,2.00,0.00,0.00,3.00,12.00,4430.00,0.00,1998.00,0.00,98005.00,47.64,-122.16,3900.00,35237.00
7866500035.00,20140805T000000,299000.00,1.00,1.00,740.00,5000.00,1.00,0.00,0.00,3.00,7.00,740.00,0.00,1923.00,0.00,98118.00,47.55,-122.29,1400.00,4400.00
7689600360.00,20140613T000000,215000.00,2.00,1.00,710.00,7200.00,1.00,0.00,0.00,3.00,6.00,710.00,0.00,1943.00,0.00,98178.00,47.49,-122.25,960.00,7200.00
3541600210.00,20140618T000000,410000.00,4.00,2.00,1970.00,10500.00,1.00,0.00,0.00,3.00,8.00,1820.00,150.00,1961.00,0.00,98166.00,47.48,-122.36,2090.00,12300.00
6821600065.00,20141030T000000,478000.00,2.00,1.00,820.00,6000.00,1.00,0.00,0.00,3.00,7.00,820.00,0.00,1939.00,0.00,98199.00,47.65,-122.40,1630.00,6000.00
7625703405.00,20140910T000000,431000.00,2.00,1.00,1000.00,6500.00,1.00,0.00,0.00,4.00,7.00,1000.00,0.00,1918.00,0.00,98136.00,47.55,-122.39,1280.00,6500.00
6979900360.00,20140709T000000,635000.00,4.00,2.50,3080.00,35430.00,2.00,0.00,0.00,3.00,9.00,3080.00,0.00,1997.00,0.00,98053.00,47.63,-121.97,2640.00,28972.00
6072100790.00,20150408T000000,648000.00,5.00,2.25,2410.00,12000.00,2.00,0.00,0.00,4.00,8.00,2410.00,0.00,1973.00,0.00,98006.00,47.54,-122.18,2080.00,12000.00
4113800410.00,20140603T000000,640000.00,3.00,2.50,2370.00,11172.00,2.00,0.00,0.00,3.00,9.00,2370.00,0.00,1993.00,0.00,98056.00,47.53,-122.18,2550.00,11558.00
4139450760.00,20141215T000000,932808.00,5.00,4.50,4690.00,6705.00,2.00,0.00,0.00,3.00,10.00,3450.00,1240.00,1995.00,0.00,98006.00,47.55,-122.11,4070.00,11505.00
8682220150.00,20140606T000000,835000.00,2.00,2.00,2280.00,6815.00,1.00,0.00,0.00,3.00,8.00,2280.00,0.00,2002.00,0.00,98053.00,47.71,-122.03,2280.00,6750.00
2325039057.00,20140728T000000,469775.00,2.00,1.75,1530.00,7020.00,1.00,0.00,0.00,3.00,7.00,1030.00,500.00,1942.00,0.00,98199.00,47.65,-122.40,2090.00,6600.00
2459900040.00,20140717T000000,587000.00,5.00,3.50,3610.00,52595.00,2.00,0.00,0.00,4.00,7.00,3610.00,0.00,1989.00,0.00,98014.00,47.68,-121.91,1620.00,60112.00
6819100150.00,20140721T000000,677915.00,3.00,2.00,1740.00,3600.00,1.00,0.00,0.00,5.00,7.00,990.00,750.00,1923.00,0.00,98119.00,47.64,-122.36,1250.00,3600.00
7922900040.00,20140522T000000,1075000.00,4.00,3.00,3600.00,9200.00,1.00,0.00,4.00,4.00,9.00,2100.00,1500.00,1976.00,0.00,98008.00,47.59,-122.12,2700.00,9775.00
430000035.00,20140705T000000,671000.00,4.00,3.00,3130.00,5700.00,1.50,0.00,0.00,3.00,7.00,1750.00,1380.00,1953.00,0.00,98115.00,47.68,-122.28,2080.00,5700.00
7853301520.00,20140903T000000,695000.00,5.00,3.25,3940.00,9780.00,2.00,0.00,0.00,3.00,9.00,3940.00,0.00,2007.00,0.00,98065.00,47.54,-121.89,3550.00,8468.00
1623049133.00,20140729T000000,205000.00,4.00,2.00,2200.00,13320.00,1.00,0.00,0.00,3.00,6.00,1100.00,1100.00,1944.00,0.00,98168.00,47.48,-122.29,1330.00,6099.00
4024101451.00,20150430T000000,350000.00,4.00,1.00,1510.00,7200.00,1.50,0.00,0.00,4.00,7.00,1510.00,0.00,1955.00,0.00,98155.00,47.76,-122.31,1950.00,10656.00
3211100730.00,20140804T000000,360000.00,3.00,1.75,1560.00,7930.00,2.00,0.00,0.00,4.00,7.00,1560.00,0.00,1980.00,0.00,98059.00,47.48,-122.16,1720.00,8073.00
9542840410.00,20141108T000000,313999.00,4.00,2.25,1870.00,4198.00,2.00,0.00,0.00,3.00,7.00,1870.00,0.00,2008.00,0.00,98038.00,47.37,-122.02,1870.00,4184.00
6648500580.00,20150421T000000,300000.00,3.00,2.25,2070.00,7225.00,1.00,0.00,0.00,3.00,8.00,1690.00,380.00,1979.00,0.00,98042.00,47.36,-122.15,2070.00,7400.00
8665900206.00,20150423T000000,452000.00,2.00,1.75,1660.00,11747.00,1.00,0.00,0.00,3.00,7.00,830.00,830.00,1981.00,0.00,98155.00,47.77,-122.31,1900.00,19850.00
3025079003.00,20150325T000000,495500.00,3.00,2.50,2010.00,57934.00,1.00,0.00,0.00,3.00,7.00,2010.00,0.00,1978.00,0.00,98014.00,47.63,-121.96,2040.00,55527.00
2377000040.00,20141218T000000,288000.00,3.00,1.00,1410.00,40500.00,1.00,0.00,0.00,4.00,7.00,1410.00,0.00,1961.00,0.00,98092.00,47.32,-122.10,1570.00,40500.00
9315100210.00,20150217T000000,227490.00,3.00,1.75,1820.00,7194.00,1.00,0.00,0.00,4.00,7.00,1820.00,0.00,1967.00,0.00,98003.00,47.34,-122.31,1420.00,7560.00
4046500720.00,20141107T000000,470950.00,3.00,2.50,2560.00,16420.00,2.00,0.00,0.00,4.00,8.00,2560.00,0.00,1989.00,0.00,98014.00,47.69,-121.92,2120.00,16298.00
8956000120.00,20140614T000000,735000.00,4.00,2.75,2450.00,4187.00,2.00,0.00,2.00,3.00,8.00,2450.00,0.00,2010.00,0.00,98027.00,47.55,-122.02,2320.00,4187.00
2862100366.00,20141015T000000,730000.00,7.00,2.75,3110.00,4400.00,1.50,0.00,0.00,5.00,7.00,2010.00,1100.00,1914.00,0.00,98105.00,47.67,-122.32,1240.00,4280.00
1402660150.00,20141203T000000,412000.00,3.00,2.50,2210.00,7000.00,2.00,0.00,0.00,4.00,8.00,2210.00,0.00,1985.00,0.00,98058.00,47.44,-122.13,2260.00,7224.00
7853310450.00,20140606T000000,589500.00,4.00,2.50,2630.00,6326.00,2.00,0.00,0.00,3.00,9.00,2630.00,0.00,2008.00,0.00,98065.00,47.52,-121.87,3240.00,6229.00
3812400455.00,20141104T000000,291000.00,7.00,1.00,2350.00,8636.00,1.00,0.00,0.00,3.00,7.00,1550.00,800.00,1962.00,0.00,98118.00,47.54,-122.28,1500.00,7366.00
269000970.00,20150402T000000,1300000.00,5.00,3.75,4450.00,7680.00,2.00,0.00,0.00,3.00,9.00,3460.00,990.00,2010.00,0.00,98199.00,47.64,-122.39,2550.00,6400.00
1788800910.00,20141020T000000,190000.00,3.00,1.00,1200.00,10458.00,1.00,0.00,0.00,4.00,6.00,1200.00,0.00,1961.00,0.00,98023.00,47.33,-122.34,1160.00,9000.00
8820902700.00,20150422T000000,456200.00,2.00,1.75,1210.00,7733.00,1.00,0.00,0.00,3.00,6.00,1210.00,0.00,1904.00,0.00,98125.00,47.71,-122.28,1670.00,7733.00
8945300040.00,20140919T000000,225000.00,3.00,1.00,1290.00,8470.00,1.00,0.00,0.00,4.00,7.00,970.00,320.00,1966.00,0.00,98023.00,47.31,-122.37,1300.00,7350.00
3225069241.00,20150422T000000,2000000.00,3.00,2.50,3490.00,21064.00,1.00,1.00,4.00,3.00,10.00,2290.00,1200.00,1968.00,0.00,98074.00,47.61,-122.07,1780.00,15244.00
7202430150.00,20140709T000000,740000.00,4.00,2.50,3360.00,15091.00,2.00,0.00,0.00,3.00,9.00,3360.00,0.00,1997.00,0.00,98052.00,47.66,-122.14,1930.00,9936.00
2070100040.00,20141201T000000,467000.00,3.00,1.75,2660.00,5511.00,1.00,0.00,0.00,3.00,8.00,1330.00,1330.00,1948.00,0.00,98108.00,47.56,-122.30,2030.00,6111.00
1139000620.00,20141008T000000,385000.00,2.00,1.00,770.00,7554.00,1.00,0.00,0.00,3.00,6.00,770.00,0.00,1946.00,0.00,98177.00,47.71,-122.36,1390.00,7500.00
976000790.00,20141020T000000,670000.00,3.00,2.50,1800.00,4763.00,2.00,0.00,0.00,3.00,7.00,1240.00,560.00,1985.00,0.00,98119.00,47.65,-122.36,1790.00,4763.00
6617500085.00,20150422T000000,500000.00,4.00,2.50,2900.00,5760.00,1.00,0.00,0.00,4.00,8.00,1660.00,1240.00,1959.00,0.00,98118.00,47.55,-122.27,2250.00,6098.00
6163900971.00,20140619T000000,352450.00,3.00,2.00,1430.00,6000.00,1.00,0.00,0.00,5.00,7.00,1430.00,0.00,1945.00,0.00,98155.00,47.76,-122.32,1630.00,6315.00
7135521530.00,20141028T000000,669888.00,4.00,2.75,2550.00,7591.00,2.00,0.00,0.00,3.00,9.00,2550.00,0.00,1989.00,0.00,98059.00,47.53,-122.15,2670.00,7796.00
4036800925.00,20140624T000000,405000.00,3.00,2.75,1310.00,7300.00,1.00,0.00,0.00,3.00,7.00,1310.00,0.00,1957.00,0.00,98008.00,47.60,-122.12,1310.00,7030.00
6751300065.00,20140506T000000,518000.00,3.00,1.50,1430.00,8000.00,1.00,0.00,0.00,4.00,7.00,1430.00,0.00,1956.00,0.00,98007.00,47.59,-122.14,1450.00,8000.00
7192200040.00,20141001T000000,280000.00,4.00,1.00,1880.00,6288.00,1.00,0.00,0.00,3.00,7.00,1120.00,760.00,1974.00,0.00,98178.00,47.51,-122.26,1880.00,6334.00
3629970610.00,20140718T000000,435000.00,3.00,2.50,1600.00,2375.00,2.00,0.00,0.00,3.00,7.00,1600.00,0.00,2005.00,0.00,98029.00,47.55,-122.00,1830.00,2375.00
3797310230.00,20150507T000000,314950.00,3.00,2.00,1760.00,9732.00,1.00,0.00,0.00,3.00,7.00,1760.00,0.00,1996.00,0.00,98022.00,47.19,-122.01,1910.00,9231.00
2781270210.00,20150224T000000,209900.00,2.00,2.00,1180.00,3003.00,2.00,0.00,0.00,3.00,6.00,1180.00,0.00,2005.00,0.00,98038.00,47.35,-122.02,1310.00,3003.00
1330900230.00,20150416T000000,630000.00,4.00,2.50,2330.00,31705.00,2.00,0.00,0.00,4.00,8.00,2330.00,0.00,1980.00,0.00,98052.00,47.65,-122.03,2460.00,36600.00
8917100206.00,20140718T000000,442000.00,4.00,1.50,1960.00,12688.00,1.50,0.00,0.00,4.00,7.00,1960.00,0.00,1962.00,0.00,98052.00,47.63,-122.10,2050.00,9375.00
1219000120.00,20150402T000000,340000.00,4.00,1.00,1140.00,13440.00,1.00,0.00,0.00,2.00,5.00,1140.00,0.00,1944.00,0.00,98166.00,47.46,-122.34,1450.00,7560.00
522059158.00,20140616T000000,230000.00,3.00,1.75,1400.00,6956.00,1.00,0.00,0.00,4.00,7.00,1400.00,0.00,1957.00,0.00,98031.00,47.42,-122.20,1400.00,9375.00
526059122.00,20141205T000000,495200.00,5.00,2.25,2710.00,22120.00,1.00,0.00,0.00,3.00,7.00,1410.00,1300.00,1955.00,0.00,98011.00,47.76,-122.20,2850.00,12224.00
293620180.00,20150331T000000,900000.00,4.00,2.50,3510.00,6745.00,2.00,0.00,0.00,3.00,10.00,3510.00,0.00,1998.00,0.00,98075.00,47.60,-122.07,3320.00,8370.00
945000410.00,20150313T000000,265000.00,2.00,1.00,910.00,4600.00,1.00,0.00,0.00,3.00,5.00,910.00,0.00,1917.00,0.00,98117.00,47.69,-122.36,1020.00,4600.00
226059106.00,20150102T000000,489500.00,3.00,1.75,2090.00,65558.00,1.00,0.00,0.00,3.00,8.00,1330.00,760.00,1977.00,0.00,98072.00,47.76,-122.13,2450.00,47178.00
4166600610.00,20150514T000000,335000.00,3.00,2.00,1410.00,44866.00,1.00,0.00,0.00,4.00,7.00,1410.00,0.00,1985.00,0.00,98023.00,47.33,-122.37,2950.00,29152.00
8854100220.00,20141205T000000,585000.00,3.00,3.25,3050.00,12700.00,2.00,0.00,0.00,3.00,8.00,2240.00,810.00,1990.00,0.00,98011.00,47.74,-122.21,3050.00,12386.00
5249804655.00,20141017T000000,800000.00,4.00,2.25,2010.00,7200.00,1.00,0.00,1.00,4.00,8.00,1010.00,1000.00,1950.00,0.00,98118.00,47.56,-122.27,2010.00,7200.00
2220069203.00,20140908T000000,379500.00,4.00,2.25,2120.00,53578.00,2.00,0.00,2.00,4.00,7.00,2120.00,0.00,1985.00,0.00,98022.00,47.20,-122.02,2120.00,53578.00
3298200790.00,20140812T000000,475000.00,3.00,1.00,1270.00,8000.00,1.00,0.00,0.00,4.00,6.00,1270.00,0.00,1959.00,0.00,98008.00,47.62,-122.12,1210.00,7875.00
4038400040.00,20141124T000000,520000.00,3.00,2.00,1670.00,8800.00,1.00,0.00,0.00,4.00,7.00,1150.00,520.00,1961.00,0.00,98008.00,47.61,-122.13,2020.00,8250.00
7215730730.00,20150128T000000,515000.00,4.00,2.50,1800.00,4338.00,2.00,0.00,0.00,3.00,8.00,1800.00,0.00,2001.00,0.00,98075.00,47.60,-122.02,1800.00,4507.00
3126049107.00,20150503T000000,577500.00,2.00,1.00,1640.00,5515.00,1.00,0.00,0.00,4.00,7.00,940.00,700.00,1926.00,0.00,98103.00,47.69,-122.33,2054.00,5515.00
3110800040.00,20140716T000000,269900.00,3.00,2.25,1740.00,9672.00,1.00,0.00,0.00,4.00,7.00,1110.00,630.00,1963.00,0.00,98031.00,47.41,-122.18,1640.00,9600.00
2608300035.00,20140527T000000,329000.00,3.00,1.00,1600.00,5952.00,1.00,0.00,0.00,4.00,7.00,1150.00,450.00,1964.00,0.00,98106.00,47.53,-122.36,1460.00,6200.00
7217400650.00,20150424T000000,458500.00,3.00,1.50,1280.00,1920.00,1.50,0.00,0.00,3.00,7.00,1280.00,0.00,1905.00,1990.00,98122.00,47.61,-122.30,1280.00,3150.00
924069106.00,20150313T000000,890000.00,4.00,2.00,1480.00,11171.00,1.50,0.00,0.00,4.00,6.00,1480.00,0.00,1947.00,0.00,98075.00,47.58,-122.05,2790.00,20680.00
2310050040.00,20150401T000000,361500.00,4.00,2.50,1980.00,7334.00,2.00,0.00,0.00,3.00,7.00,1980.00,0.00,2003.00,0.00,98038.00,47.35,-122.04,1850.00,7134.00
7490000040.00,20140718T000000,2535000.00,5.00,3.25,3730.00,10626.00,1.00,0.00,4.00,4.00,10.00,3730.00,0.00,1963.00,0.00,98004.00,47.62,-122.22,4180.00,19110.00
6675500133.00,20140822T000000,325000.00,2.00,1.00,900.00,8374.00,1.00,0.00,0.00,3.00,7.00,900.00,0.00,1984.00,0.00,98034.00,47.73,-122.23,1580.00,8965.00
809001520.00,20141105T000000,1850000.00,4.00,3.25,3480.00,6000.00,3.00,0.00,0.00,3.00,8.00,3480.00,0.00,2014.00,0.00,98109.00,47.64,-122.35,2200.00,4080.00
1424200035.00,20140523T000000,945000.00,4.00,2.00,2840.00,13367.00,1.00,0.00,0.00,3.00,7.00,1420.00,1420.00,1952.00,0.00,98004.00,47.62,-122.21,2840.00,12744.00
5641300220.00,20140828T000000,370000.00,3.00,2.50,2490.00,4244.00,2.00,0.00,0.00,3.00,9.00,2490.00,0.00,2005.00,0.00,98042.00,47.37,-122.13,2490.00,4748.00
7849202299.00,20150218T000000,320000.00,0.00,2.50,1490.00,7111.00,2.00,0.00,0.00,3.00,7.00,1490.00,0.00,1999.00,0.00,98065.00,47.53,-121.83,1500.00,4675.00
8682292020.00,20140915T000000,450000.00,2.00,2.00,1510.00,4908.00,1.00,0.00,0.00,3.00,8.00,1510.00,0.00,2006.00,0.00,98053.00,47.72,-122.02,1440.00,3921.00
1604590230.00,20150424T000000,800000.00,4.00,2.50,2900.00,18303.00,2.00,0.00,0.00,4.00,10.00,2900.00,0.00,1994.00,0.00,98075.00,47.60,-122.03,2900.00,18303.00
2856101540.00,20141211T000000,676000.00,3.00,2.50,2240.00,3825.00,2.00,0.00,0.00,3.00,7.00,2240.00,0.00,1995.00,0.00,98117.00,47.68,-122.39,1460.00,5100.00
1336300610.00,20150402T000000,1272500.00,4.00,1.75,2040.00,5000.00,2.00,0.00,0.00,4.00,9.00,2040.00,0.00,1921.00,0.00,98102.00,47.63,-122.32,3220.00,5600.00
3819500065.00,20141028T000000,290000.00,3.00,1.75,1460.00,7980.00,1.00,0.00,0.00,3.00,7.00,1460.00,0.00,1972.00,0.00,98028.00,47.77,-122.27,1920.00,7980.00
2329600040.00,20141118T000000,158000.00,3.00,1.50,990.00,8925.00,1.00,0.00,0.00,4.00,7.00,990.00,0.00,1962.00,0.00,98003.00,47.33,-122.33,1360.00,8625.00
4440900040.00,20140505T000000,379950.00,4.00,1.75,1970.00,9389.00,1.00,0.00,0.00,5.00,7.00,1140.00,830.00,1960.00,0.00,98133.00,47.78,-122.34,1820.00,8135.00
7202260330.00,20140509T000000,583000.00,4.00,2.50,2660.00,4000.00,2.00,0.00,0.00,3.00,8.00,2660.00,0.00,2001.00,0.00,98053.00,47.69,-122.04,2330.00,4517.00
425000230.00,20141230T000000,150000.00,2.00,1.00,870.00,5700.00,1.00,0.00,0.00,4.00,6.00,870.00,0.00,1957.00,0.00,98056.00,47.50,-122.17,1020.00,5700.00
5466400530.00,20140721T000000,261500.00,3.00,2.50,1740.00,6992.00,2.00,0.00,0.00,3.00,7.00,1740.00,0.00,1990.00,0.00,98042.00,47.36,-122.16,1260.00,6825.00
6600490220.00,20141014T000000,278000.00,4.00,2.50,2290.00,3777.00,2.00,0.00,0.00,3.00,7.00,2290.00,0.00,2004.00,0.00,98198.00,47.36,-122.31,1480.00,3608.00
2156500220.00,20140923T000000,555000.00,4.00,2.75,2170.00,7140.00,1.00,0.00,0.00,3.00,8.00,1290.00,880.00,1977.00,0.00,98052.00,47.69,-122.11,2120.00,7820.00
9438300035.00,20140827T000000,355000.00,3.00,1.75,2040.00,8173.00,1.00,0.00,0.00,3.00,7.00,1470.00,570.00,1958.00,0.00,98133.00,47.74,-122.33,1900.00,8172.00
4036800770.00,20140917T000000,375000.00,4.00,1.50,1770.00,6650.00,1.00,0.00,0.00,3.00,7.00,1770.00,0.00,1958.00,0.00,98008.00,47.60,-122.12,1600.00,7000.00
4006000281.00,20140729T000000,227000.00,3.00,1.75,2380.00,12681.00,1.00,0.00,0.00,1.00,6.00,1380.00,1000.00,1918.00,0.00,98118.00,47.53,-122.28,1720.00,6377.00
619079061.00,20140619T000000,335000.00,4.00,2.00,2030.00,103672.00,1.00,0.00,0.00,4.00,7.00,2030.00,0.00,1969.00,0.00,98022.00,47.16,-121.97,1560.00,325393.00
3586501135.00,20140606T000000,680000.00,3.00,2.25,2270.00,23900.00,1.00,0.00,0.00,3.00,9.00,1820.00,450.00,1975.00,0.00,98177.00,47.75,-122.37,2520.00,28300.00
8819900220.00,20150205T000000,686500.00,2.00,1.75,1390.00,5025.00,1.50,0.00,0.00,4.00,8.00,1390.00,0.00,1928.00,0.00,98105.00,47.67,-122.29,2160.00,5000.00
1775801020.00,20141124T000000,410000.00,3.00,1.75,1530.00,26642.00,1.00,0.00,0.00,3.00,7.00,1180.00,350.00,1988.00,0.00,98072.00,47.74,-122.10,1550.00,13566.00
3758900150.00,20140826T000000,425000.00,2.00,1.00,1430.00,13300.00,1.50,0.00,0.00,3.00,6.00,1230.00,200.00,1921.00,0.00,98033.00,47.70,-122.20,1950.00,11421.00
1954420230.00,20150310T000000,562500.00,3.00,2.50,2030.00,7549.00,1.00,0.00,0.00,3.00,8.00,2030.00,0.00,1988.00,0.00,98074.00,47.62,-122.04,2040.00,7130.00
4307320230.00,20141014T000000,345000.00,4.00,2.50,2390.00,6976.00,2.00,0.00,0.00,3.00,7.00,2390.00,0.00,2003.00,0.00,98056.00,47.48,-122.18,2390.00,6346.00
7856620910.00,20150414T000000,627500.00,4.00,2.50,2540.00,11500.00,1.00,0.00,0.00,4.00,8.00,1640.00,900.00,1979.00,0.00,98006.00,47.56,-122.15,2820.00,9800.00
1624079021.00,20150313T000000,355000.00,3.00,1.00,1890.00,36300.00,1.00,0.00,0.00,3.00,7.00,1890.00,0.00,1962.00,0.00,98024.00,47.57,-121.91,1746.00,54014.00
4123800330.00,20150501T000000,335000.00,3.00,2.25,1870.00,5876.00,2.00,0.00,0.00,3.00,7.00,1870.00,0.00,1986.00,0.00,98038.00,47.38,-122.05,1670.00,6203.00
7186800120.00,20150311T000000,350000.00,4.00,3.00,1780.00,4228.00,1.00,0.00,0.00,3.00,7.00,1780.00,0.00,1953.00,0.00,98118.00,47.55,-122.29,1730.00,5304.00
925069123.00,20150318T000000,590000.00,3.00,1.00,1610.00,58370.00,1.00,0.00,0.00,3.00,7.00,1610.00,0.00,1978.00,0.00,98053.00,47.67,-122.04,2510.00,58127.00
5422420120.00,20140717T000000,252000.00,3.00,2.00,1420.00,6788.00,2.00,0.00,0.00,3.00,7.00,1420.00,0.00,1990.00,0.00,98023.00,47.29,-122.35,1790.00,6607.00
5460500040.00,20150421T000000,1295000.00,5.00,4.00,4440.00,9270.00,1.00,0.00,0.00,5.00,10.00,2220.00,2220.00,1968.00,0.00,98040.00,47.57,-122.21,2720.00,9614.00
5113400264.00,20141119T000000,705000.00,4.00,2.00,1820.00,5001.00,2.00,0.00,0.00,3.00,7.00,1820.00,0.00,1947.00,2002.00,98119.00,47.64,-122.37,1440.00,5408.00
1828000230.00,20140714T000000,498000.00,3.00,2.00,1620.00,8400.00,1.00,0.00,0.00,3.00,7.00,1180.00,440.00,1968.00,0.00,98052.00,47.66,-122.13,2120.00,8424.00
6415100331.00,20140921T000000,312500.00,2.00,1.00,870.00,7227.00,1.00,0.00,0.00,3.00,7.00,870.00,0.00,1948.00,0.00,98133.00,47.73,-122.33,1250.00,7252.00
7686205370.00,20141124T000000,260000.00,4.00,1.75,1830.00,5375.00,1.00,0.00,0.00,2.00,7.00,1060.00,770.00,1962.00,0.00,98198.00,47.42,-122.32,1040.00,7500.00
8092501400.00,20150318T000000,209950.00,3.00,1.50,2290.00,9600.00,1.00,0.00,0.00,4.00,7.00,2290.00,0.00,1967.00,0.00,98042.00,47.36,-122.11,1310.00,9600.00
643300210.00,20150210T000000,610000.00,3.00,1.75,1110.00,10402.00,1.00,0.00,0.00,4.00,7.00,1110.00,0.00,1967.00,0.00,98006.00,47.57,-122.18,2050.00,9660.00
7550801225.00,20140627T000000,500000.00,4.00,1.00,1440.00,7100.00,1.50,0.00,0.00,3.00,7.00,1440.00,0.00,1906.00,0.00,98107.00,47.67,-122.40,1490.00,5000.00
4078300040.00,20150224T000000,850000.00,3.00,3.50,3070.00,7050.00,1.00,0.00,3.00,3.00,8.00,1570.00,1500.00,1928.00,1996.00,98125.00,47.71,-122.28,2350.00,5881.00
4036100175.00,20150219T000000,689000.00,4.00,2.50,2440.00,11700.00,1.00,0.00,0.00,5.00,8.00,1480.00,960.00,1961.00,0.00,98006.00,47.56,-122.18,2140.00,10807.00
1036700220.00,20141110T000000,470000.00,4.00,2.00,2410.00,4680.00,2.00,0.00,0.00,3.00,9.00,2410.00,0.00,1974.00,0.00,98008.00,47.62,-122.11,1910.00,4611.00
1644500450.00,20140507T000000,640000.00,3.00,3.00,2270.00,5175.00,2.00,0.00,0.00,3.00,9.00,2130.00,140.00,2002.00,0.00,98056.00,47.52,-122.20,2850.00,5661.00
6326000205.00,20140812T000000,290000.00,4.00,1.75,2340.00,7200.00,1.00,0.00,0.00,3.00,8.00,1590.00,750.00,1960.00,0.00,98146.00,47.50,-122.37,1970.00,7800.00
3375300150.00,20141218T000000,258500.00,3.00,2.50,1800.00,9000.00,2.00,0.00,0.00,3.00,7.00,1800.00,0.00,1983.00,0.00,98003.00,47.32,-122.33,1670.00,8486.00
2344300220.00,20140714T000000,1100000.00,4.00,3.50,2210.00,7597.00,1.00,0.00,0.00,4.00,9.00,1550.00,660.00,1977.00,2006.00,98004.00,47.58,-122.20,2370.00,8811.00
203101065.00,20140528T000000,420000.00,3.00,1.75,1820.00,22320.00,1.00,0.00,0.00,3.00,7.00,1250.00,570.00,1977.00,0.00,98053.00,47.64,-121.96,2030.00,22320.00
5083100065.00,20140916T000000,230000.00,3.00,1.00,1190.00,9083.00,1.00,0.00,0.00,3.00,7.00,1190.00,0.00,1955.00,0.00,98198.00,47.41,-122.29,1190.00,9450.00
1545804240.00,20150402T000000,252000.00,3.00,1.50,1400.00,6865.00,1.00,0.00,0.00,4.00,7.00,1400.00,0.00,1986.00,0.00,98038.00,47.36,-122.05,1480.00,8125.00
2329720040.00,20140630T000000,515000.00,3.00,2.50,2600.00,4506.00,2.00,0.00,0.00,3.00,8.00,2600.00,0.00,2003.00,0.00,98028.00,47.74,-122.22,2600.00,4658.00
7551300065.00,20140609T000000,425000.00,2.00,1.00,910.00,4635.00,1.00,0.00,0.00,4.00,6.00,910.00,0.00,1905.00,0.00,98107.00,47.68,-122.39,1740.00,5000.00
4321200580.00,20150125T000000,575000.00,3.00,2.50,1760.00,2320.00,2.00,0.00,2.00,3.00,8.00,1760.00,0.00,1994.00,0.00,98126.00,47.57,-122.38,1760.00,4698.00
9164100040.00,20141026T000000,390000.00,2.00,1.00,860.00,5160.00,1.00,0.00,0.00,4.00,7.00,860.00,0.00,1909.00,0.00,98117.00,47.68,-122.39,1090.00,5356.00
7922750150.00,20140917T000000,561500.00,4.00,2.25,2310.00,9800.00,1.00,0.00,0.00,3.00,8.00,1780.00,530.00,1968.00,0.00,98033.00,47.67,-122.18,2310.00,9800.00
2804600155.00,20150507T000000,1350000.00,4.00,1.75,2000.00,3728.00,1.50,0.00,0.00,4.00,9.00,1820.00,180.00,1926.00,0.00,98112.00,47.64,-122.30,1950.00,3728.00
5101402296.00,20140925T000000,835000.00,5.00,2.75,2460.00,7830.00,1.00,0.00,0.00,5.00,9.00,1490.00,970.00,1955.00,0.00,98115.00,47.69,-122.31,2050.00,7830.00
8019200845.00,20150218T000000,245000.00,2.00,1.00,1020.00,15000.00,1.50,0.00,0.00,3.00,6.00,1020.00,0.00,1933.00,0.00,98168.00,47.50,-122.32,1480.00,14519.00
9286100150.00,20140811T000000,475200.00,3.00,2.50,1670.00,3980.00,2.00,0.00,0.00,3.00,8.00,1670.00,0.00,2000.00,0.00,98027.00,47.53,-122.05,1670.00,2897.00
3727800065.00,20141113T000000,425000.00,2.00,1.00,790.00,5024.00,1.00,0.00,0.00,4.00,7.00,790.00,0.00,1941.00,0.00,98117.00,47.68,-122.40,1330.00,5024.00
7657000085.00,20150202T000000,218000.00,2.00,1.50,2010.00,7755.00,2.00,0.00,0.00,3.00,7.00,2010.00,0.00,1952.00,0.00,98178.00,47.49,-122.23,1360.00,8037.00
7954300120.00,20140822T000000,600000.00,4.00,2.50,2600.00,6536.00,2.00,0.00,0.00,3.00,9.00,2600.00,0.00,1999.00,0.00,98056.00,47.52,-122.19,2640.00,6185.00
686400040.00,20150410T000000,545000.00,4.00,2.25,1890.00,7210.00,1.00,0.00,0.00,3.00,8.00,1890.00,0.00,1967.00,0.00,98008.00,47.63,-122.12,1920.00,7210.00
853200040.00,20150428T000000,2408000.00,5.00,2.50,4600.00,23250.00,1.50,0.00,2.00,3.00,9.00,3600.00,1000.00,1918.00,2003.00,98004.00,47.62,-122.22,5500.00,20066.00
7857003046.00,20150506T000000,460000.00,5.00,3.00,2008.00,5050.00,1.00,0.00,0.00,3.00,7.00,1216.00,792.00,1992.00,0.00,98118.00,47.54,-122.29,2040.00,5297.00
5014000085.00,20140623T000000,425000.00,2.00,1.00,880.00,6413.00,1.00,0.00,0.00,3.00,7.00,880.00,0.00,1950.00,0.00,98116.00,47.57,-122.40,1360.00,6413.00
2205500355.00,20141021T000000,455000.00,3.00,1.75,1700.00,8360.00,1.00,0.00,0.00,4.00,7.00,850.00,850.00,1955.00,0.00,98006.00,47.58,-122.15,1520.00,8360.00
2595650220.00,20150421T000000,313100.00,3.00,2.00,1730.00,12821.00,1.00,0.00,0.00,3.00,8.00,1730.00,0.00,1994.00,0.00,98001.00,47.35,-122.27,1980.00,11336.00
7880010150.00,20140623T000000,780000.00,4.00,3.50,3910.00,59863.00,2.00,0.00,0.00,4.00,10.00,2490.00,1420.00,1987.00,0.00,98027.00,47.48,-122.07,2830.00,37674.00
6386550040.00,20141223T000000,345500.00,4.00,2.50,2160.00,9682.00,2.00,0.00,0.00,3.00,8.00,2160.00,0.00,1999.00,0.00,98031.00,47.41,-122.20,1770.00,9600.00
1355000220.00,20150119T000000,243000.00,3.00,1.75,1200.00,8034.00,1.00,0.00,0.00,5.00,7.00,1200.00,0.00,1975.00,0.00,98031.00,47.41,-122.18,1270.00,7600.00
6619900120.00,20141208T000000,670000.00,5.00,3.50,3860.00,9600.00,1.00,0.00,3.00,4.00,8.00,2660.00,1200.00,1973.00,0.00,98034.00,47.71,-122.22,2440.00,9600.00
2132200230.00,20150211T000000,325000.00,3.00,1.50,1320.00,7560.00,1.00,0.00,0.00,3.00,6.00,840.00,480.00,1983.00,0.00,98019.00,47.75,-121.98,1210.00,7560.00
2988800065.00,20141202T000000,281000.00,2.00,1.00,1280.00,12500.00,1.00,0.00,0.00,3.00,7.00,1060.00,220.00,1951.00,0.00,98178.00,47.48,-122.24,1460.00,17771.00
13001215.00,20150305T000000,130000.00,3.00,1.00,1100.00,5100.00,1.00,0.00,0.00,4.00,7.00,1100.00,0.00,1913.00,0.00,98108.00,47.52,-122.33,1450.00,5100.00
705700530.00,20140730T000000,340000.00,3.00,2.50,2170.00,9798.00,2.00,0.00,0.00,3.00,7.00,2170.00,0.00,1995.00,0.00,98038.00,47.38,-122.02,2020.00,8121.00
7230100120.00,20150209T000000,485000.00,4.00,2.75,2720.00,51396.00,2.00,0.00,0.00,4.00,8.00,2720.00,0.00,1977.00,0.00,98059.00,47.48,-122.10,1960.00,51366.00
9520900230.00,20141217T000000,642860.00,4.00,2.75,2520.00,6398.00,2.00,0.00,0.00,3.00,8.00,2520.00,0.00,2014.00,0.00,98072.00,47.77,-122.16,2520.00,6398.00
9828701085.00,20141003T000000,747000.00,3.00,1.75,2560.00,4800.00,1.00,0.00,0.00,3.00,7.00,1280.00,1280.00,1911.00,0.00,98112.00,47.62,-122.30,1620.00,4800.00
1926049385.00,20140729T000000,559950.00,4.00,2.50,2650.00,7200.00,2.00,0.00,0.00,3.00,8.00,2250.00,400.00,1979.00,0.00,98133.00,47.73,-122.35,2110.00,7269.00
5680000455.00,20141117T000000,577288.00,4.00,2.75,2870.00,7200.00,2.00,0.00,0.00,3.00,9.00,2870.00,0.00,2008.00,0.00,98108.00,47.57,-122.32,2030.00,5400.00
125039021.00,20140924T000000,575000.00,2.00,1.00,1230.00,2726.00,1.50,0.00,0.00,3.00,7.00,880.00,350.00,1920.00,0.00,98117.00,47.68,-122.36,1710.00,3750.00
3241600150.00,20140505T000000,287000.00,3.00,1.00,1450.00,6000.00,1.00,0.00,0.00,4.00,7.00,1450.00,0.00,1953.00,0.00,98118.00,47.52,-122.29,1170.00,6464.00
1245003006.00,20141110T000000,1149000.00,4.00,3.75,3180.00,9889.00,2.00,0.00,0.00,3.00,9.00,2500.00,680.00,2012.00,0.00,98033.00,47.69,-122.20,2910.00,8558.00
2789000120.00,20150424T000000,335000.00,2.00,1.00,1800.00,8900.00,1.00,0.00,0.00,3.00,6.00,900.00,900.00,1945.00,0.00,98168.00,47.51,-122.32,2040.00,10450.00
6073300040.00,20150106T000000,375000.00,4.00,2.25,2020.00,12500.00,2.00,0.00,0.00,2.00,8.00,2020.00,0.00,1966.00,0.00,98056.00,47.54,-122.18,1800.00,13175.00
7663700531.00,20150106T000000,325000.00,2.00,1.00,620.00,14823.00,1.00,0.00,0.00,3.00,6.00,620.00,0.00,1926.00,0.00,98125.00,47.73,-122.30,1400.00,7930.00
123059042.00,20150423T000000,530000.00,3.00,2.25,2190.00,220414.00,1.00,0.00,0.00,4.00,7.00,1330.00,860.00,1976.00,0.00,98059.00,47.50,-122.10,2550.00,175982.00
7149400450.00,20150112T000000,287000.00,4.00,2.25,1980.00,7081.00,1.00,0.00,0.00,3.00,7.00,1470.00,510.00,1977.00,0.00,98032.00,47.37,-122.29,1980.00,7081.00
9264911210.00,20150226T000000,320000.00,5.00,3.00,2970.00,7000.00,1.00,0.00,0.00,3.00,8.00,1810.00,1160.00,1979.00,0.00,98023.00,47.31,-122.34,2630.00,8062.00
7853300650.00,20140822T000000,425000.00,4.00,2.50,2270.00,4400.00,2.00,0.00,0.00,3.00,7.00,2270.00,0.00,2006.00,0.00,98065.00,47.54,-121.89,2090.00,4400.00
6383000150.00,20140806T000000,550000.00,3.00,1.00,1630.00,6009.00,1.00,0.00,3.00,4.00,8.00,1630.00,0.00,1954.00,0.00,98117.00,47.69,-122.38,2120.00,6009.00
5560000650.00,20141202T000000,135000.00,3.00,1.00,1520.00,8450.00,1.00,0.00,0.00,2.00,6.00,1120.00,400.00,1961.00,0.00,98023.00,47.33,-122.34,1320.00,8450.00
5700002020.00,20140717T000000,695000.00,3.00,1.75,2080.00,5687.00,1.50,0.00,0.00,4.00,8.00,2080.00,0.00,1924.00,0.00,98144.00,47.58,-122.29,2300.00,5995.00
2141310540.00,20150506T000000,975000.00,5.00,2.50,3020.00,9648.00,1.00,0.00,2.00,4.00,9.00,1980.00,1040.00,1977.00,0.00,98006.00,47.56,-122.13,2890.00,12598.00
7247000035.00,20140520T000000,210000.00,4.00,1.75,2180.00,28710.00,1.00,0.00,0.00,3.00,8.00,1180.00,1000.00,1950.00,0.00,98198.00,47.41,-122.29,2180.00,28710.00
4077800438.00,20141231T000000,518000.00,4.00,1.75,1780.00,8768.00,1.00,0.00,0.00,4.00,7.00,1050.00,730.00,1951.00,0.00,98125.00,47.71,-122.28,1590.00,8100.00
8821900155.00,20140709T000000,335500.00,3.00,1.00,1370.00,6780.00,2.00,0.00,0.00,3.00,6.00,1370.00,0.00,1930.00,0.00,98125.00,47.72,-122.29,1450.00,7214.00
1324039110.00,20141126T000000,750000.00,4.00,3.50,3050.00,7020.00,2.00,0.00,3.00,3.00,9.00,2050.00,1000.00,1984.00,0.00,98126.00,47.57,-122.37,2170.00,5900.00
5566100205.00,20141223T000000,515000.00,3.00,1.75,1490.00,12000.00,1.00,0.00,0.00,4.00,7.00,1490.00,0.00,1956.00,0.00,98006.00,47.57,-122.18,1630.00,12000.00
7222000209.00,20140521T000000,344500.00,4.00,2.75,1800.00,5453.00,1.00,0.00,0.00,3.00,7.00,1050.00,750.00,2002.00,0.00,98055.00,47.46,-122.21,1820.00,6900.00
7867500021.00,20140616T000000,470000.00,3.00,1.50,1760.00,6723.00,1.00,0.00,0.00,3.00,7.00,1160.00,600.00,1958.00,0.00,98118.00,47.55,-122.27,2080.00,8965.00
8563010540.00,20140904T000000,606150.00,4.00,1.75,1770.00,9848.00,1.00,0.00,0.00,3.00,8.00,1370.00,400.00,1967.00,0.00,98008.00,47.62,-122.10,2040.00,9587.00
7349650120.00,20141120T000000,292000.00,4.00,2.75,2910.00,7712.00,1.00,0.00,0.00,3.00,7.00,1600.00,1310.00,1998.00,0.00,98002.00,47.28,-122.20,2220.00,6649.00
620069061.00,20150507T000000,450000.00,3.00,2.50,2880.00,426452.00,2.00,0.00,3.00,3.00,7.00,2880.00,0.00,1979.00,0.00,98092.00,47.25,-122.10,1460.00,320890.00
9269200540.00,20140819T000000,429000.00,3.00,1.75,2520.00,5043.00,1.00,0.00,0.00,3.00,8.00,1260.00,1260.00,1957.00,0.00,98126.00,47.53,-122.37,1360.00,4920.00
1939000040.00,20140820T000000,765000.00,4.00,2.50,3190.00,38119.00,2.00,0.00,0.00,3.00,9.00,3190.00,0.00,1988.00,0.00,98053.00,47.67,-122.04,2560.00,36280.00
2767603026.00,20150415T000000,425000.00,2.00,1.00,540.00,2500.00,1.00,0.00,0.00,3.00,5.00,540.00,0.00,1905.00,0.00,98107.00,47.67,-122.38,1290.00,5000.00
9477920120.00,20150212T000000,505000.00,4.00,2.50,3170.00,5340.00,2.00,0.00,0.00,3.00,7.00,3170.00,0.00,2000.00,0.00,98059.00,47.49,-122.14,3010.00,5340.00
4037200530.00,20150317T000000,544950.00,3.00,1.75,1830.00,7371.00,1.00,0.00,0.00,3.00,7.00,1830.00,0.00,1957.00,0.00,98008.00,47.61,-122.12,1600.00,7700.00
8150600065.00,20140924T000000,382000.00,3.00,2.00,1360.00,4840.00,1.50,0.00,0.00,3.00,8.00,1360.00,0.00,1936.00,0.00,98126.00,47.55,-122.38,1450.00,4840.00
4046600120.00,20140828T000000,475000.00,3.00,1.75,1870.00,25157.00,2.00,0.00,0.00,3.00,7.00,1870.00,0.00,1978.00,0.00,98014.00,47.70,-121.92,1870.00,15391.00
8835220210.00,20150417T000000,355000.00,3.00,1.50,1370.00,4790.00,2.00,0.00,0.00,4.00,7.00,1370.00,0.00,1982.00,0.00,98034.00,47.73,-122.16,1370.00,3799.00
7696300180.00,20140703T000000,410000.00,4.00,2.50,1700.00,9000.00,1.00,0.00,0.00,5.00,7.00,1700.00,0.00,1972.00,0.00,98034.00,47.73,-122.23,1370.00,7592.00
6362900145.00,20150203T000000,450000.00,4.00,2.00,1960.00,5008.00,1.00,0.00,0.00,3.00,6.00,980.00,980.00,1900.00,1988.00,98144.00,47.60,-122.30,1175.00,2315.00
7663700968.00,20140528T000000,565000.00,7.00,4.50,4140.00,9066.00,1.00,0.00,0.00,3.00,7.00,2070.00,2070.00,1978.00,0.00,98125.00,47.73,-122.29,1440.00,1865.00
6844700975.00,20150414T000000,529100.00,2.00,1.00,1290.00,6528.00,1.50,0.00,0.00,4.00,7.00,1290.00,0.00,1941.00,0.00,98115.00,47.69,-122.29,1670.00,5712.00
7853300720.00,20150212T000000,452500.00,4.00,2.50,2460.00,6454.00,2.00,0.00,0.00,3.00,7.00,2460.00,0.00,2006.00,0.00,98065.00,47.54,-121.89,2320.00,4578.00
4222200210.00,20140522T000000,245000.00,4.00,2.00,1580.00,8000.00,1.00,0.00,0.00,3.00,7.00,1040.00,540.00,1967.00,0.00,98003.00,47.35,-122.30,1550.00,8000.00
7518505040.00,20150330T000000,415000.00,1.00,1.00,700.00,2550.00,1.00,0.00,0.00,3.00,6.00,700.00,0.00,1954.00,0.00,98117.00,47.68,-122.38,1330.00,4110.00
6646200770.00,20140724T000000,610000.00,4.00,2.50,2410.00,15899.00,2.00,0.00,3.00,3.00,9.00,2410.00,0.00,1990.00,0.00,98074.00,47.62,-122.04,2360.00,11412.00
1262700040.00,20141016T000000,363500.00,4.00,1.75,2180.00,9702.00,1.00,0.00,0.00,5.00,7.00,1090.00,1090.00,1962.00,0.00,98178.00,47.50,-122.27,2020.00,9792.00
6811000220.00,20150204T000000,510000.00,3.00,2.75,1950.00,12630.00,1.00,0.00,0.00,4.00,8.00,1230.00,720.00,1969.00,0.00,98052.00,47.63,-122.11,1990.00,12196.00
6979900330.00,20150325T000000,650000.00,4.00,2.50,2630.00,28298.00,2.00,0.00,0.00,3.00,8.00,2630.00,0.00,1996.00,0.00,98053.00,47.63,-121.97,2840.00,26071.00
984200540.00,20150114T000000,290000.00,4.00,2.50,2050.00,9015.00,2.00,0.00,0.00,4.00,7.00,2050.00,0.00,1973.00,0.00,98058.00,47.44,-122.17,1780.00,8820.00
7812800155.00,20150318T000000,170000.00,3.00,1.00,790.00,6750.00,1.00,0.00,0.00,2.00,6.00,790.00,0.00,1944.00,0.00,98178.00,47.50,-122.24,960.00,6298.00
7228500610.00,20150330T000000,510000.00,2.00,1.00,1070.00,5280.00,1.00,0.00,0.00,3.00,6.00,1070.00,0.00,1900.00,0.00,98122.00,47.62,-122.30,1380.00,2370.00
1225069038.00,20140505T000000,2280000.00,7.00,8.00,13540.00,307752.00,3.00,0.00,4.00,3.00,12.00,9410.00,4130.00,1999.00,0.00,98053.00,47.67,-121.99,4850.00,217800.00
5162100650.00,20140922T000000,316000.00,4.00,2.50,2320.00,7379.00,2.00,0.00,0.00,3.00,8.00,2320.00,0.00,1987.00,0.00,98003.00,47.34,-122.32,2230.00,7614.00
3904902510.00,20140512T000000,690000.00,4.00,2.50,2670.00,13463.00,2.00,0.00,0.00,4.00,9.00,2670.00,0.00,1989.00,0.00,98029.00,47.56,-122.02,2560.00,10982.00
418000330.00,20140808T000000,199950.00,2.00,1.00,700.00,5200.00,1.00,0.00,0.00,5.00,5.00,700.00,0.00,1952.00,0.00,98056.00,47.49,-122.17,970.00,5200.00
7689600330.00,20140813T000000,207000.00,3.00,1.00,860.00,7740.00,1.00,0.00,0.00,3.00,6.00,860.00,0.00,1960.00,0.00,98178.00,47.49,-122.24,980.00,7200.00
2473370870.00,20150416T000000,449950.00,4.00,2.25,3490.00,8400.00,1.50,0.00,0.00,4.00,8.00,3490.00,0.00,1976.00,0.00,98058.00,47.45,-122.13,2320.00,8723.00
2023069054.00,20150318T000000,361550.00,3.00,1.75,1160.00,257875.00,1.00,0.00,0.00,2.00,7.00,1160.00,0.00,1980.00,0.00,98059.00,47.47,-122.07,1420.00,15450.00
293800410.00,20140924T000000,824000.00,4.00,3.50,3650.00,57538.00,2.00,0.00,0.00,3.00,10.00,3650.00,0.00,1996.00,0.00,98077.00,47.77,-122.04,3730.00,56257.00
7752000065.00,20150106T000000,537000.00,3.00,1.75,1550.00,10050.00,1.00,0.00,0.00,5.00,7.00,1550.00,0.00,1957.00,0.00,98008.00,47.63,-122.12,1720.00,10050.00
191100870.00,20140805T000000,838400.00,4.00,2.50,2620.00,9525.00,2.50,0.00,0.00,4.00,9.00,2620.00,0.00,1974.00,0.00,98040.00,47.56,-122.22,2580.00,9525.00
5347200220.00,20140911T000000,225000.00,2.00,1.00,720.00,4758.00,1.00,0.00,0.00,3.00,6.00,720.00,0.00,1947.00,0.00,98126.00,47.52,-122.38,990.00,4920.00
7604400150.00,20150423T000000,329900.00,3.00,2.00,1380.00,5198.00,1.00,0.00,0.00,4.00,7.00,1380.00,0.00,1982.00,0.00,98106.00,47.55,-122.36,1320.00,6827.00
3024089057.00,20150106T000000,282500.00,4.00,1.00,1170.00,34925.00,1.00,0.00,0.00,4.00,6.00,1170.00,0.00,1942.00,0.00,98065.00,47.53,-121.84,1610.00,28108.00
2212901010.00,20150406T000000,229950.00,3.00,1.75,1170.00,11960.00,1.00,0.00,0.00,4.00,7.00,1170.00,0.00,1969.00,0.00,98042.00,47.33,-122.14,1230.00,9800.00
6414100482.00,20150331T000000,500000.00,2.00,1.00,1630.00,12059.00,1.00,0.00,0.00,3.00,7.00,1270.00,360.00,1947.00,0.00,98125.00,47.72,-122.31,1660.00,8800.00
9455200329.00,20141104T000000,495000.00,3.00,1.75,1890.00,6557.00,1.00,0.00,0.00,3.00,8.00,1890.00,0.00,1967.00,0.00,98125.00,47.70,-122.29,1920.00,6793.00
9536601996.00,20140610T000000,149500.00,3.00,1.00,1010.00,9450.00,1.00,0.00,0.00,4.00,7.00,1010.00,0.00,1959.00,0.00,98198.00,47.36,-122.32,1240.00,9450.00
1546600230.00,20140818T000000,726000.00,3.00,2.50,2040.00,10033.00,1.00,0.00,0.00,4.00,8.00,1420.00,620.00,1974.00,0.00,98005.00,47.64,-122.17,2260.00,10115.00
8691330330.00,20150409T000000,899000.00,4.00,2.50,4080.00,10295.00,2.00,0.00,0.00,3.00,10.00,4080.00,0.00,1998.00,0.00,98075.00,47.59,-121.98,3470.00,10295.00
7788400065.00,20150315T000000,317000.00,3.00,1.00,1270.00,8925.00,1.00,0.00,0.00,5.00,7.00,1270.00,0.00,1955.00,0.00,98056.00,47.51,-122.17,1270.00,8996.00
2771101251.00,20150326T000000,395000.00,1.00,1.00,790.00,3000.00,1.00,0.00,0.00,3.00,6.00,790.00,0.00,1953.00,0.00,98199.00,47.65,-122.39,1110.00,4100.00
4475000120.00,20150202T000000,360000.00,4.00,3.00,2580.00,6740.00,2.00,0.00,0.00,3.00,8.00,2580.00,0.00,1999.00,0.00,98058.00,47.43,-122.19,2010.00,6740.00
3905120540.00,20140618T000000,570000.00,4.00,2.50,2290.00,6738.00,2.00,0.00,0.00,3.00,8.00,2290.00,0.00,1996.00,0.00,98029.00,47.57,-122.01,2100.00,6261.00
8562890910.00,20140619T000000,320000.00,4.00,2.50,3490.00,5000.00,2.00,0.00,0.00,3.00,8.00,3490.00,0.00,2003.00,0.00,98042.00,47.38,-122.13,2910.00,5025.00
7701700040.00,20140925T000000,320000.00,3.00,1.75,1510.00,30185.00,1.50,0.00,0.00,3.00,7.00,1510.00,0.00,1976.00,0.00,98058.00,47.41,-122.09,1470.00,12465.00
7237300330.00,20150312T000000,268000.00,5.00,2.50,2400.00,4564.00,2.00,0.00,0.00,3.00,7.00,2400.00,0.00,2004.00,0.00,98042.00,47.37,-122.13,1880.00,4109.00
7883608693.00,20140627T000000,191000.00,2.00,1.00,900.00,3400.00,1.00,0.00,0.00,5.00,6.00,900.00,0.00,1905.00,0.00,98108.00,47.53,-122.31,940.00,6000.00
4363700304.00,20140804T000000,400000.00,2.00,1.00,1270.00,7440.00,1.00,0.00,0.00,4.00,7.00,910.00,360.00,1949.00,0.00,98126.00,47.53,-122.37,1040.00,7500.00
2768100040.00,20140701T000000,515000.00,2.00,1.00,1050.00,5000.00,1.00,0.00,0.00,5.00,7.00,1050.00,0.00,1907.00,0.00,98107.00,47.67,-122.37,1340.00,5000.00
7853220120.00,20150416T000000,610000.00,4.00,2.50,2950.00,9010.00,2.00,0.00,0.00,3.00,9.00,2950.00,0.00,2004.00,0.00,98065.00,47.53,-121.86,3160.00,8813.00
9547204675.00,20141024T000000,538000.00,2.00,1.75,1850.00,3060.00,1.00,0.00,0.00,3.00,7.00,1060.00,790.00,1929.00,1992.00,98115.00,47.68,-122.31,1850.00,4080.00
7852150220.00,20140603T000000,432000.00,3.00,2.50,1970.00,4036.00,2.00,0.00,0.00,4.00,7.00,1970.00,0.00,2003.00,0.00,98065.00,47.53,-121.87,1960.00,5020.00
5089700720.00,20150127T000000,335000.00,4.00,2.25,2400.00,8592.00,2.00,0.00,0.00,3.00,8.00,2400.00,0.00,1978.00,0.00,98055.00,47.44,-122.19,2180.00,8100.00
3705900124.00,20150220T000000,302000.00,5.00,1.75,2360.00,8642.00,1.50,0.00,0.00,5.00,7.00,2060.00,300.00,1926.00,0.00,98133.00,47.76,-122.34,1950.00,8491.00
5425700150.00,20140804T000000,787500.00,4.00,1.75,1580.00,9382.00,1.00,0.00,0.00,3.00,7.00,1080.00,500.00,1963.00,0.00,98039.00,47.64,-122.23,2010.00,9382.00
6141100065.00,20141218T000000,420000.00,3.00,1.00,1790.00,7055.00,1.00,0.00,0.00,5.00,8.00,1520.00,270.00,1937.00,0.00,98133.00,47.72,-122.36,1710.00,7055.00
2726079098.00,20140918T000000,560000.00,3.00,2.50,2840.00,216493.00,2.00,0.00,0.00,3.00,9.00,2840.00,0.00,1991.00,0.00,98014.00,47.70,-121.89,2820.00,175111.00
3904960150.00,20150423T000000,535000.00,3.00,2.50,1970.00,6634.00,2.00,0.00,0.00,3.00,8.00,1970.00,0.00,1989.00,0.00,98029.00,47.58,-122.01,2090.00,6176.00
3298700156.00,20140610T000000,310000.00,3.00,2.50,1780.00,6771.00,1.00,0.00,0.00,3.00,7.00,1230.00,550.00,1990.00,0.00,98106.00,47.52,-122.35,1780.00,6771.00
5700000180.00,20141208T000000,760000.00,5.00,2.00,3920.00,5250.00,1.50,0.00,0.00,5.00,7.00,2560.00,1360.00,1910.00,0.00,98144.00,47.58,-122.29,1830.00,4240.00
646910620.00,20140922T000000,242500.00,3.00,1.75,1550.00,1905.00,2.00,0.00,0.00,3.00,7.00,1550.00,0.00,2005.00,0.00,98055.00,47.43,-122.20,1550.00,1866.00
2397100975.00,20150220T000000,1313000.00,6.00,3.00,2980.00,7200.00,1.50,0.00,2.00,3.00,8.00,2980.00,0.00,1911.00,0.00,98119.00,47.64,-122.36,1720.00,3600.00
5365200040.00,20141016T000000,235000.00,3.00,1.00,1270.00,7153.00,1.00,0.00,0.00,5.00,6.00,1270.00,0.00,1949.00,0.00,98055.00,47.48,-122.23,1650.00,7153.00
4157600180.00,20150223T000000,598780.00,4.00,2.25,3040.00,12160.00,1.00,0.00,0.00,4.00,7.00,1520.00,1520.00,1963.00,0.00,98007.00,47.59,-122.13,2560.00,12090.00
723099044.00,20140807T000000,433200.00,3.00,2.50,2075.00,16200.00,2.00,0.00,0.00,3.00,8.00,2075.00,0.00,2002.00,0.00,98045.00,47.48,-121.70,2300.00,32379.00
3343300644.00,20150511T000000,343000.00,2.00,1.00,1110.00,9920.00,1.00,0.00,0.00,5.00,6.00,700.00,410.00,1942.00,0.00,98056.00,47.55,-122.19,2830.00,10091.00
2870000040.00,20141110T000000,145000.00,2.00,1.00,800.00,8125.00,1.00,0.00,0.00,3.00,6.00,800.00,0.00,1964.00,0.00,98033.00,47.68,-122.17,2390.00,8125.00
739000035.00,20150116T000000,291970.00,1.00,1.00,680.00,21727.00,1.00,0.00,0.00,3.00,5.00,680.00,0.00,1952.00,1995.00,98058.00,47.45,-122.18,1470.00,19406.00
8118600155.00,20150318T000000,599950.00,3.00,1.00,1680.00,7910.00,1.00,0.00,0.00,3.00,7.00,1680.00,0.00,1949.00,0.00,98146.00,47.51,-122.39,1330.00,7910.00
3025059072.00,20140725T000000,1749000.00,4.00,2.50,3910.00,22710.00,1.50,0.00,0.00,3.00,8.00,3910.00,0.00,1908.00,2003.00,98004.00,47.63,-122.22,2920.00,16544.00
524059241.00,20150319T000000,870000.00,4.00,1.75,2780.00,11000.00,1.00,0.00,0.00,3.00,9.00,1560.00,1220.00,1964.00,0.00,98004.00,47.60,-122.20,2350.00,11700.00
2215900410.00,20150508T000000,323000.00,4.00,2.75,2000.00,9083.00,2.00,0.00,0.00,4.00,7.00,2000.00,0.00,1992.00,0.00,98038.00,47.35,-122.06,1690.00,7735.00
7215730410.00,20140825T000000,727000.00,4.00,3.00,3150.00,9703.00,2.00,0.00,0.00,3.00,9.00,3150.00,0.00,2001.00,0.00,98075.00,47.60,-122.02,3150.00,8819.00
3751600146.00,20141023T000000,166000.00,1.00,1.00,1120.00,17332.00,1.00,0.00,0.00,3.00,7.00,1120.00,0.00,1988.00,0.00,98001.00,47.30,-122.27,1280.00,17334.00
3461000120.00,20150430T000000,450000.00,4.00,1.75,1740.00,12204.00,1.00,0.00,0.00,3.00,7.00,1270.00,470.00,1961.00,0.00,98155.00,47.77,-122.28,2190.00,12204.00
9238500040.00,20140624T000000,400000.00,3.00,2.50,2970.00,23100.00,1.00,0.00,0.00,3.00,7.00,1510.00,1460.00,1967.00,0.00,98072.00,47.77,-122.13,2390.00,20300.00
9238500040.00,20150210T000000,599000.00,3.00,2.50,2970.00,23100.00,1.00,0.00,0.00,3.00,7.00,1510.00,1460.00,1967.00,0.00,98072.00,47.77,-122.13,2390.00,20300.00
3751604895.00,20140605T000000,165000.00,3.00,1.00,1150.00,19200.00,1.00,0.00,0.00,4.00,5.00,1150.00,0.00,1908.00,0.00,98001.00,47.28,-122.27,1290.00,19200.00
8961800035.00,20140605T000000,229000.00,2.00,1.00,1190.00,7408.00,1.00,0.00,0.00,3.00,6.00,830.00,360.00,1941.00,0.00,98168.00,47.51,-122.31,1140.00,7408.00
1154100205.00,20141013T000000,305000.00,1.00,1.00,900.00,7500.00,1.00,0.00,0.00,3.00,5.00,900.00,0.00,1946.00,1987.00,98155.00,47.76,-122.28,1470.00,7500.00
9274203036.00,20140915T000000,930000.00,3.00,3.25,2950.00,4446.00,2.00,0.00,0.00,3.00,9.00,2450.00,500.00,2001.00,0.00,98116.00,47.59,-122.39,1930.00,4255.00
3296000040.00,20140923T000000,542000.00,3.00,2.50,1990.00,15985.00,1.00,0.00,0.00,3.00,8.00,1540.00,450.00,1964.00,0.00,98007.00,47.62,-122.14,2470.00,10125.00
1421069123.00,20140909T000000,214000.00,3.00,1.00,1020.00,9147.00,1.00,0.00,0.00,4.00,6.00,1020.00,0.00,1900.00,1965.00,98010.00,47.31,-122.00,1600.00,9700.00
1245500276.00,20140909T000000,718000.00,3.00,2.50,2070.00,7200.00,2.00,0.00,0.00,3.00,8.00,2070.00,0.00,2001.00,0.00,98033.00,47.69,-122.21,1650.00,8877.00
263000325.00,20140611T000000,349000.00,3.00,2.50,1430.00,1002.00,3.00,0.00,0.00,3.00,8.00,1430.00,0.00,2002.00,0.00,98103.00,47.70,-122.35,1430.00,1530.00
8802400644.00,20150505T000000,305000.00,3.00,2.50,2030.00,8000.00,2.00,0.00,0.00,3.00,7.00,2030.00,0.00,1997.00,0.00,98031.00,47.40,-122.22,2290.00,7945.00
9826701345.00,20140715T000000,498000.00,3.00,2.50,1620.00,2640.00,2.00,0.00,0.00,4.00,7.00,1620.00,0.00,1900.00,1993.00,98122.00,47.60,-122.31,1370.00,3840.00
3221059044.00,20140523T000000,799950.00,4.00,3.50,4220.00,196817.00,2.00,0.00,0.00,3.00,10.00,4220.00,0.00,1993.00,0.00,98092.00,47.26,-122.19,2500.00,195395.00
9430110120.00,20150505T000000,737000.00,3.00,2.50,2300.00,7800.00,2.00,0.00,2.00,3.00,9.00,2300.00,0.00,1997.00,0.00,98052.00,47.68,-122.16,2300.00,8187.00
424069275.00,20141226T000000,860000.00,4.00,3.25,3830.00,10005.00,2.00,0.00,0.00,3.00,10.00,3830.00,0.00,2001.00,0.00,98075.00,47.60,-122.04,2555.00,5204.00
9485940330.00,20140702T000000,339950.00,3.00,2.50,2390.00,34041.00,1.00,0.00,0.00,3.00,8.00,1840.00,550.00,1984.00,0.00,98042.00,47.35,-122.08,2460.00,35686.00
2787460120.00,20140516T000000,249000.00,3.00,2.25,1440.00,7673.00,1.00,0.00,0.00,3.00,7.00,940.00,500.00,1982.00,0.00,98031.00,47.40,-122.18,1440.00,8418.00
293000180.00,20150507T000000,370000.00,2.00,1.00,910.00,5525.00,1.00,0.00,0.00,2.00,6.00,910.00,0.00,1910.00,0.00,98126.00,47.53,-122.38,1620.00,5525.00
7785000220.00,20141013T000000,725000.00,3.00,2.00,1550.00,12262.00,1.00,0.00,0.00,4.00,7.00,1550.00,0.00,1964.00,0.00,98040.00,47.58,-122.22,2900.00,12372.00
1523059183.00,20141205T000000,529000.00,5.00,2.50,2380.00,91476.00,1.00,0.00,0.00,4.00,8.00,1580.00,800.00,1976.00,0.00,98059.00,47.48,-122.15,1880.00,12870.00
9536601852.00,20150317T000000,310000.00,4.00,2.75,2060.00,8100.00,1.00,0.00,0.00,4.00,7.00,1310.00,750.00,1988.00,0.00,98198.00,47.36,-122.32,1540.00,8100.00
2591800530.00,20141027T000000,315000.00,4.00,2.25,1880.00,9163.00,2.00,0.00,0.00,3.00,8.00,1880.00,0.00,1981.00,0.00,98058.00,47.44,-122.17,1900.00,7980.00
1732800865.00,20141002T000000,1300000.00,4.00,2.50,3470.00,4160.00,2.00,0.00,0.00,3.00,9.00,2480.00,990.00,1927.00,0.00,98119.00,47.63,-122.36,2280.00,5440.00
2525000760.00,20141105T000000,435000.00,3.00,2.00,2360.00,12744.00,2.00,0.00,0.00,5.00,7.00,2360.00,0.00,1964.00,0.00,98059.00,47.48,-122.16,1650.00,8625.00
428100580.00,20140716T000000,350000.00,3.00,1.75,1970.00,10800.00,1.00,0.00,0.00,4.00,7.00,1300.00,670.00,1979.00,0.00,98056.00,47.51,-122.17,1970.00,8768.00
2143700676.00,20140908T000000,240000.00,3.00,1.00,1040.00,7800.00,1.00,0.00,0.00,3.00,7.00,1040.00,0.00,1948.00,0.00,98055.00,47.48,-122.23,1780.00,8400.00
2313900610.00,20150428T000000,410000.00,3.00,2.25,1420.00,3750.00,2.00,0.00,0.00,3.00,7.00,1420.00,0.00,1987.00,0.00,98116.00,47.57,-122.38,1430.00,4664.00
8946410040.00,20140923T000000,430000.00,4.00,2.75,2290.00,5249.00,2.00,0.00,0.00,3.00,7.00,2290.00,0.00,2003.00,0.00,98059.00,47.49,-122.16,2270.00,4348.00
3275730120.00,20140818T000000,446000.00,4.00,2.50,1530.00,8375.00,1.00,0.00,0.00,3.00,7.00,1020.00,510.00,1974.00,0.00,98034.00,47.72,-122.24,1650.00,9794.00
7334500120.00,20140611T000000,240000.00,3.00,1.50,1360.00,9760.00,1.50,0.00,0.00,5.00,7.00,1360.00,0.00,1984.00,0.00,98045.00,47.46,-121.76,1310.00,11456.00
5561401210.00,20150108T000000,595000.00,4.00,3.00,3680.00,35736.00,1.50,0.00,0.00,4.00,8.00,2320.00,1360.00,1970.00,0.00,98027.00,47.47,-122.02,3210.00,39512.00
8651410330.00,20150306T000000,215150.00,3.00,1.00,920.00,4770.00,1.00,0.00,0.00,4.00,6.00,920.00,0.00,1969.00,0.00,98042.00,47.37,-122.08,920.00,4770.00
4058801325.00,20140522T000000,319950.00,2.00,1.00,1070.00,5824.00,1.00,0.00,2.00,5.00,7.00,1070.00,0.00,1949.00,0.00,98178.00,47.51,-122.24,2090.00,7980.00
2817100910.00,20140616T000000,385000.00,3.00,2.00,1590.00,9912.00,2.00,0.00,0.00,3.00,8.00,1590.00,0.00,2000.00,0.00,98070.00,47.37,-122.43,1670.00,9912.00
8647800040.00,20150325T000000,280000.00,3.00,2.50,1600.00,6700.00,2.00,0.00,0.00,3.00,8.00,1600.00,0.00,1991.00,0.00,98042.00,47.36,-122.07,1790.00,7577.00
1138010180.00,20150511T000000,399950.00,3.00,2.50,1510.00,7300.00,1.00,0.00,0.00,3.00,7.00,1040.00,470.00,1974.00,0.00,98034.00,47.72,-122.21,1360.00,7300.00
4014400237.00,20140523T000000,132500.00,3.00,1.00,1080.00,10500.00,1.00,0.00,0.00,3.00,7.00,1080.00,0.00,1967.00,0.00,98001.00,47.32,-122.28,1200.00,9607.00
9358000650.00,20150423T000000,399950.00,2.00,0.75,1330.00,2856.00,1.00,0.00,0.00,4.00,7.00,930.00,400.00,1916.00,0.00,98126.00,47.57,-122.37,1330.00,2856.00
6150200180.00,20140721T000000,290000.00,2.00,1.00,850.00,6800.00,1.00,0.00,0.00,3.00,7.00,850.00,0.00,1948.00,0.00,98133.00,47.73,-122.34,870.00,6800.00
8146300180.00,20150512T000000,860000.00,5.00,2.25,1960.00,8592.00,1.00,0.00,0.00,4.00,8.00,1290.00,670.00,1958.00,0.00,98004.00,47.61,-122.19,1720.00,8592.00
2424049029.00,20140529T000000,3100000.00,6.00,4.25,6980.00,15682.00,3.00,0.00,4.00,4.00,12.00,5330.00,1650.00,1999.00,0.00,98040.00,47.56,-122.23,3930.00,18367.00
3352400905.00,20140516T000000,245000.00,4.00,1.00,1530.00,7200.00,1.50,0.00,0.00,3.00,7.00,1400.00,130.00,1948.00,0.00,98178.00,47.50,-122.26,1530.00,7200.00
393000385.00,20141215T000000,255000.00,3.00,1.50,1320.00,7980.00,1.00,0.00,0.00,3.00,7.00,1320.00,0.00,1956.00,0.00,98178.00,47.51,-122.26,2000.00,7700.00
7417100133.00,20141113T000000,310000.00,4.00,3.00,2320.00,7200.00,2.00,0.00,0.00,3.00,7.00,2320.00,0.00,1976.00,0.00,98155.00,47.77,-122.31,2050.00,10000.00
3782100035.00,20140813T000000,299000.00,3.00,1.00,960.00,8100.00,1.00,0.00,0.00,3.00,7.00,960.00,0.00,1955.00,0.00,98155.00,47.78,-122.31,1080.00,8100.00
3905120330.00,20141110T000000,575000.00,4.00,2.50,2040.00,5508.00,2.00,0.00,0.00,4.00,8.00,2040.00,0.00,1996.00,0.00,98029.00,47.57,-122.01,2130.00,5496.00
9310300211.00,20141114T000000,284000.00,3.00,1.00,1080.00,8214.00,1.00,0.00,0.00,3.00,7.00,1080.00,0.00,1944.00,0.00,98133.00,47.74,-122.35,1850.00,13560.00
1868900035.00,20150407T000000,840000.00,3.00,1.75,2020.00,4800.00,1.00,0.00,0.00,4.00,8.00,1090.00,930.00,1926.00,0.00,98115.00,47.67,-122.29,1680.00,4800.00
3574801510.00,20140813T000000,442573.00,3.00,1.75,1780.00,7567.00,1.00,0.00,0.00,3.00,7.00,1290.00,490.00,1980.00,0.00,98034.00,47.73,-122.23,1910.00,8645.00
5102400035.00,20141008T000000,560000.00,3.00,1.00,1140.00,7028.00,1.00,0.00,0.00,3.00,8.00,1140.00,0.00,1931.00,0.00,98115.00,47.69,-122.32,1350.00,6923.00
2810100040.00,20140507T000000,485000.00,3.00,2.00,1610.00,4160.00,1.00,0.00,0.00,4.00,7.00,1010.00,600.00,1917.00,0.00,98136.00,47.54,-122.39,1040.00,4400.00
785000040.00,20150318T000000,472500.00,4.00,1.75,1440.00,8536.00,1.00,0.00,0.00,4.00,7.00,1440.00,0.00,1961.00,0.00,98033.00,47.68,-122.18,1720.00,9748.00
3861470120.00,20141126T000000,1610000.00,4.00,2.75,4270.00,25807.00,2.00,0.00,0.00,3.00,11.00,4270.00,0.00,1996.00,0.00,98004.00,47.60,-122.21,3860.00,20723.00
8813400155.00,20141219T000000,808000.00,8.00,3.75,3460.00,4600.00,2.00,0.00,0.00,3.00,7.00,2860.00,600.00,1987.00,0.00,98105.00,47.66,-122.29,2170.00,3750.00
526059199.00,20141022T000000,398000.00,3.00,1.75,1890.00,16001.00,1.50,0.00,0.00,4.00,7.00,1890.00,0.00,1950.00,0.00,98011.00,47.77,-122.20,1820.00,11450.00
5126300770.00,20150217T000000,340000.00,3.00,2.50,2240.00,6000.00,2.00,0.00,0.00,3.00,8.00,2240.00,0.00,2003.00,0.00,98059.00,47.48,-122.14,2400.00,6000.00
2734100395.00,20150513T000000,380000.00,2.00,1.00,760.00,4000.00,1.50,0.00,0.00,3.00,6.00,760.00,0.00,1910.00,0.00,98108.00,47.55,-122.32,1130.00,4000.00
795000865.00,20140912T000000,235000.00,3.00,1.00,1020.00,6173.00,1.00,0.00,0.00,3.00,6.00,780.00,240.00,1948.00,0.00,98168.00,47.50,-122.33,1330.00,5909.00
3763300040.00,20141027T000000,400000.00,3.00,1.50,1330.00,9900.00,1.00,0.00,0.00,3.00,7.00,1330.00,0.00,1956.00,0.00,98034.00,47.72,-122.23,1940.00,9900.00
1777600880.00,20140711T000000,582000.00,5.00,2.50,2780.00,12335.00,1.00,0.00,0.00,4.00,8.00,1590.00,1190.00,1968.00,0.00,98006.00,47.57,-122.13,2750.00,9930.00
3361401210.00,20141231T000000,209000.00,2.00,1.00,1070.00,6120.00,1.00,0.00,0.00,3.00,6.00,1070.00,0.00,1962.00,0.00,98168.00,47.50,-122.32,1130.00,6120.00
1431600180.00,20150403T000000,335000.00,5.00,3.00,2660.00,7700.00,1.50,0.00,0.00,4.00,7.00,1670.00,990.00,1962.00,0.00,98058.00,47.46,-122.17,1610.00,7700.00
7454001120.00,20141212T000000,285950.00,2.00,1.00,710.00,7120.00,1.00,0.00,0.00,5.00,6.00,710.00,0.00,1942.00,0.00,98146.00,47.51,-122.37,1100.00,7020.00
5561100180.00,20141107T000000,645000.00,5.00,2.25,3340.00,52476.00,2.00,0.00,0.00,4.00,8.00,3340.00,0.00,1975.00,0.00,98027.00,47.46,-121.99,2460.00,48351.00
8658303080.00,20141223T000000,312000.00,2.00,1.00,1160.00,7500.00,1.50,0.00,0.00,4.00,7.00,1160.00,0.00,1916.00,0.00,98014.00,47.65,-121.92,1110.00,7500.00
6795100589.00,20141010T000000,663000.00,3.00,2.25,2840.00,59677.00,1.00,0.00,0.00,3.00,7.00,1580.00,1260.00,1967.00,0.00,98075.00,47.58,-122.04,2220.00,31688.00
3345100184.00,20141020T000000,443950.00,3.00,1.75,2000.00,36000.00,1.00,0.00,0.00,3.00,6.00,2000.00,0.00,1946.00,1995.00,98056.00,47.52,-122.18,2100.00,9681.00
9284801165.00,20140530T000000,315000.00,3.00,2.00,1060.00,5750.00,1.00,0.00,0.00,3.00,7.00,1060.00,0.00,1981.00,0.00,98126.00,47.55,-122.37,1080.00,5750.00
7229100180.00,20150323T000000,302200.00,4.00,1.50,1730.00,10396.00,1.00,0.00,0.00,3.00,7.00,1730.00,0.00,1964.00,0.00,98058.00,47.45,-122.17,1510.00,10396.00
9808630120.00,20150108T000000,770000.00,3.00,2.50,2190.00,2658.00,2.00,0.00,3.00,4.00,9.00,2190.00,0.00,1979.00,0.00,98033.00,47.65,-122.20,2315.00,2538.00
2473411210.00,20150122T000000,374950.00,4.00,1.75,1660.00,8160.00,1.00,0.00,0.00,3.00,8.00,1660.00,0.00,1974.00,0.00,98058.00,47.45,-122.13,1800.00,7684.00
8029500180.00,20140611T000000,330000.00,3.00,2.50,2210.00,7557.00,2.00,0.00,0.00,3.00,9.00,2210.00,0.00,1989.00,0.00,98023.00,47.31,-122.39,2440.00,8641.00
3438503014.00,20141020T000000,230000.00,2.00,1.00,870.00,7020.00,1.00,0.00,0.00,4.00,6.00,570.00,300.00,1942.00,0.00,98106.00,47.54,-122.35,1730.00,7020.00
5100403882.00,20150427T000000,967000.00,4.00,2.50,3100.00,7250.00,2.00,0.00,0.00,3.00,9.00,3100.00,0.00,2010.00,0.00,98115.00,47.70,-122.32,1240.00,6670.00
6909200401.00,20140908T000000,536500.00,4.00,2.50,1720.00,3515.00,2.00,0.00,2.00,3.00,8.00,1470.00,250.00,2000.00,0.00,98144.00,47.59,-122.29,1140.00,2208.00
2113700360.00,20140627T000000,315000.00,6.00,4.00,3120.00,4240.00,2.00,0.00,2.00,4.00,7.00,2090.00,1030.00,1993.00,0.00,98106.00,47.53,-122.35,1460.00,4240.00
2028701075.00,20140716T000000,626000.00,3.00,1.00,1040.00,4240.00,1.00,0.00,0.00,4.00,7.00,860.00,180.00,1924.00,0.00,98117.00,47.68,-122.37,1170.00,4240.00
3755200220.00,20140718T000000,334009.00,4.00,2.00,1650.00,9305.00,1.00,0.00,0.00,4.00,6.00,1650.00,0.00,1960.00,0.00,98034.00,47.72,-122.21,1860.00,7486.00
2767800065.00,20150129T000000,429000.00,2.00,1.00,1010.00,5000.00,1.00,0.00,0.00,2.00,7.00,1010.00,0.00,1924.00,0.00,98107.00,47.67,-122.37,1410.00,5000.00
1136100087.00,20150205T000000,818000.00,4.00,2.50,4020.00,44431.00,2.00,0.00,0.00,3.00,10.00,4020.00,0.00,1987.00,0.00,98072.00,47.75,-122.13,3440.00,52900.00
3422059257.00,20140828T000000,326000.00,5.00,2.75,2166.00,6342.00,2.00,0.00,0.00,3.00,8.00,2166.00,0.00,2013.00,0.00,98042.00,47.35,-122.15,2474.00,5948.00
3438502083.00,20140612T000000,310000.00,5.00,3.00,1880.00,5000.00,1.00,0.00,0.00,3.00,7.00,1100.00,780.00,1997.00,0.00,98106.00,47.55,-122.36,1640.00,5000.00
930000234.00,20150421T000000,525000.00,4.00,2.00,2260.00,7680.00,1.00,0.00,0.00,4.00,7.00,1130.00,1130.00,1947.00,0.00,98177.00,47.72,-122.36,1800.00,7680.00
2475200330.00,20150403T000000,350000.00,3.00,2.25,2010.00,4400.00,1.50,0.00,0.00,3.00,7.00,2010.00,0.00,1986.00,0.00,98055.00,47.47,-122.19,1720.00,4187.00
6352600650.00,20150402T000000,936000.00,4.00,2.50,3330.00,8897.00,2.00,0.00,0.00,3.00,10.00,3330.00,0.00,2001.00,0.00,98074.00,47.65,-122.08,3150.00,7515.00
4415600040.00,20141129T000000,226000.00,3.00,1.00,1520.00,7200.00,1.00,0.00,0.00,3.00,7.00,1030.00,490.00,1954.00,0.00,98166.00,47.45,-122.35,1530.00,7201.00
7974700150.00,20150501T000000,1250000.00,5.00,3.50,3510.00,4798.00,2.00,0.00,0.00,3.00,10.00,2700.00,810.00,2008.00,0.00,98105.00,47.67,-122.28,1460.00,1684.00
820079043.00,20140819T000000,428000.00,3.00,1.75,1580.00,507038.00,1.00,0.00,2.00,4.00,7.00,1580.00,0.00,1985.00,0.00,98022.00,47.23,-121.94,2040.00,210394.00
8910500150.00,20140529T000000,329932.00,3.00,1.50,1460.00,5040.00,1.00,0.00,0.00,3.00,7.00,1100.00,360.00,1971.00,0.00,98133.00,47.71,-122.36,2330.00,7560.00
8910500150.00,20150120T000000,539000.00,3.00,1.50,1460.00,5040.00,1.00,0.00,0.00,3.00,7.00,1100.00,360.00,1971.00,0.00,98133.00,47.71,-122.36,2330.00,7560.00
1938400410.00,20150310T000000,275000.00,3.00,1.75,1650.00,7700.00,1.00,0.00,0.00,4.00,8.00,1650.00,0.00,1977.00,0.00,98023.00,47.32,-122.37,2020.00,7700.00
7338200180.00,20140910T000000,590000.00,4.00,2.50,2660.00,35010.00,2.00,0.00,2.00,3.00,9.00,2660.00,0.00,1993.00,0.00,98045.00,47.48,-121.71,2330.00,35448.00
3636800180.00,20150123T000000,782000.00,4.00,2.50,3510.00,24604.00,2.00,0.00,0.00,3.00,10.00,3510.00,0.00,1997.00,0.00,98053.00,47.68,-122.06,3530.00,26673.00
9545240180.00,20140616T000000,575000.00,4.00,2.50,2120.00,9603.00,2.00,0.00,0.00,3.00,8.00,2120.00,0.00,1985.00,0.00,98027.00,47.53,-122.05,1990.00,9611.00
3293700482.00,20150114T000000,509000.00,3.00,2.25,1780.00,9315.00,2.00,0.00,0.00,3.00,7.00,1780.00,0.00,1996.00,0.00,98133.00,47.75,-122.35,1780.00,8545.00
7968000120.00,20140509T000000,290000.00,4.00,2.50,2000.00,13300.00,1.00,0.00,0.00,4.00,7.00,1200.00,800.00,1968.00,0.00,98001.00,47.35,-122.29,1800.00,9810.00
7655900062.00,20140728T000000,305240.00,3.00,1.00,1300.00,9000.00,1.00,0.00,0.00,3.00,7.00,1300.00,0.00,1956.00,0.00,98133.00,47.74,-122.34,1500.00,9600.00
4321200970.00,20140610T000000,555000.00,3.00,2.00,2180.00,4976.00,1.50,0.00,2.00,4.00,8.00,1680.00,500.00,1930.00,0.00,98126.00,47.57,-122.38,1850.00,5000.00
8645540040.00,20140725T000000,317000.00,3.00,2.00,1790.00,8228.00,1.00,0.00,0.00,3.00,7.00,1390.00,400.00,1980.00,0.00,98058.00,47.47,-122.17,1880.00,8228.00
7504200120.00,20140613T000000,430000.00,3.00,2.00,1910.00,5040.00,1.50,0.00,0.00,3.00,8.00,1910.00,0.00,1971.00,0.00,98074.00,47.63,-122.06,1980.00,4275.00
3867400175.00,20150224T000000,850000.00,2.00,1.50,1800.00,4144.00,1.00,0.00,4.00,4.00,7.00,900.00,900.00,1962.00,0.00,98116.00,47.59,-122.39,2090.00,4173.00
4022906222.00,20141126T000000,469000.00,3.00,2.25,2620.00,10659.00,1.00,0.00,0.00,3.00,7.00,1660.00,960.00,1976.00,0.00,98155.00,47.76,-122.27,1820.00,12071.00
7346600092.00,20140730T000000,327200.00,2.00,2.00,1440.00,8425.00,1.00,0.00,0.00,4.00,6.00,1440.00,0.00,1942.00,1983.00,98168.00,47.48,-122.30,1430.00,12037.00
3222049044.00,20140612T000000,835000.00,3.00,3.00,2790.00,12523.00,2.00,1.00,4.00,4.00,8.00,1600.00,1190.00,1977.00,0.00,98198.00,47.36,-122.32,2990.00,11476.00
1843100580.00,20140903T000000,360000.00,4.00,2.50,2340.00,13445.00,2.00,0.00,0.00,3.00,8.00,2340.00,0.00,1990.00,0.00,98042.00,47.37,-122.13,2340.00,11188.00
393000142.00,20141211T000000,372000.00,4.00,2.50,2070.00,8658.00,2.00,0.00,0.00,3.00,8.00,2070.00,0.00,1999.00,0.00,98178.00,47.51,-122.26,2010.00,7215.00
3288200360.00,20150326T000000,453000.00,3.00,1.00,2160.00,11484.00,1.50,0.00,0.00,4.00,7.00,2160.00,0.00,1968.00,0.00,98034.00,47.73,-122.19,2270.00,10080.00
5379800040.00,20140813T000000,275000.00,2.00,1.75,2090.00,11317.00,1.00,0.00,0.00,5.00,7.00,1090.00,1000.00,1931.00,0.00,98188.00,47.46,-122.28,1940.00,11317.00
6843600040.00,20140702T000000,475000.00,4.00,2.50,2040.00,7260.00,2.00,0.00,0.00,4.00,7.00,2040.00,0.00,1963.00,0.00,98133.00,47.74,-122.33,2040.00,7360.00
1091500120.00,20150213T000000,310000.00,4.00,2.75,1950.00,9720.00,1.00,0.00,0.00,3.00,7.00,1400.00,550.00,1986.00,0.00,98031.00,47.40,-122.21,2300.00,10530.00
7148200040.00,20150210T000000,173000.00,4.00,2.00,1200.00,8460.00,1.00,0.00,0.00,5.00,7.00,1200.00,0.00,1957.00,0.00,98188.00,47.44,-122.28,1350.00,8623.00
1623089025.00,20150403T000000,313500.00,5.00,3.00,2240.00,94960.00,1.00,0.00,0.00,3.00,6.00,2240.00,0.00,1985.00,0.00,98045.00,47.48,-121.79,1780.00,43400.00
3278600760.00,20140729T000000,345000.00,3.00,2.50,1360.00,1489.00,2.00,0.00,0.00,3.00,8.00,1360.00,0.00,2007.00,0.00,98126.00,47.55,-122.37,1360.00,1688.00
1226039054.00,20150316T000000,436000.00,3.00,1.50,1500.00,10200.00,1.00,0.00,0.00,3.00,8.00,1300.00,200.00,1955.00,0.00,98177.00,47.76,-122.36,1950.00,9500.00
798000145.00,20140924T000000,244500.00,2.00,1.75,1300.00,14500.00,1.00,0.00,0.00,3.00,6.00,650.00,650.00,1939.00,0.00,98168.00,47.50,-122.33,1370.00,12986.00
7905400040.00,20140711T000000,206000.00,3.00,1.75,1140.00,9800.00,1.00,0.00,0.00,4.00,7.00,1140.00,0.00,1968.00,0.00,98001.00,47.31,-122.27,1370.00,9800.00
3825310720.00,20150421T000000,890000.00,4.00,2.50,2930.00,9158.00,2.00,0.00,0.00,3.00,9.00,2930.00,0.00,2005.00,0.00,98052.00,47.71,-122.13,3590.00,8065.00
4137000540.00,20150122T000000,329950.00,4.00,2.25,2140.00,8874.00,2.00,0.00,0.00,3.00,8.00,2140.00,0.00,1986.00,0.00,98092.00,47.27,-122.22,2140.00,8789.00
120059044.00,20150217T000000,250000.00,3.00,1.75,1628.00,286355.00,1.00,0.00,0.00,3.00,7.00,1628.00,0.00,1996.00,0.00,98092.00,47.26,-122.12,1490.00,216344.00
420069021.00,20141027T000000,246000.00,3.00,2.00,1990.00,203861.00,1.00,0.00,0.00,3.00,7.00,1990.00,0.00,1949.00,0.00,98022.00,47.25,-122.04,2760.00,217800.00
622100092.00,20140716T000000,440000.00,3.00,1.75,1950.00,19747.00,1.00,0.00,0.00,3.00,7.00,1150.00,800.00,1979.00,0.00,98072.00,47.77,-122.16,2560.00,9674.00
3876312620.00,20140924T000000,395000.00,4.00,1.75,1910.00,8117.00,1.00,0.00,0.00,3.00,7.00,1460.00,450.00,1975.00,0.00,98072.00,47.73,-122.17,1810.00,8100.00
3331001165.00,20140926T000000,305000.00,3.00,1.00,820.00,5150.00,1.00,0.00,0.00,5.00,6.00,820.00,0.00,1918.00,0.00,98118.00,47.55,-122.28,1100.00,5150.00
2019200220.00,20140923T000000,160000.00,3.00,2.25,1470.00,8682.00,1.00,0.00,0.00,3.00,7.00,1160.00,310.00,1985.00,0.00,98003.00,47.27,-122.30,1670.00,8359.00
2019200220.00,20150226T000000,269000.00,3.00,2.25,1470.00,8682.00,1.00,0.00,0.00,3.00,7.00,1160.00,310.00,1985.00,0.00,98003.00,47.27,-122.30,1670.00,8359.00
7956200220.00,20140811T000000,169500.00,3.00,1.00,1060.00,10023.00,1.00,0.00,0.00,3.00,6.00,1060.00,0.00,1962.00,0.00,98023.00,47.29,-122.36,1060.00,10023.00
6632900452.00,20141205T000000,690500.00,4.00,2.75,3130.00,8920.00,2.00,0.00,0.00,3.00,8.00,3130.00,0.00,2014.00,0.00,98155.00,47.74,-122.32,1450.00,9183.00
8165100035.00,20141203T000000,245560.00,2.00,1.50,1260.00,9693.00,1.00,0.00,0.00,3.00,7.00,1260.00,0.00,1957.00,0.00,98177.00,47.78,-122.37,1800.00,9693.00
9264930970.00,20150311T000000,345000.00,4.00,2.75,2200.00,13498.00,2.00,0.00,0.00,3.00,8.00,2200.00,0.00,1987.00,0.00,98023.00,47.31,-122.35,2190.00,11850.00
3344500085.00,20141015T000000,383000.00,4.00,1.75,2580.00,19607.00,1.00,0.00,2.00,4.00,8.00,1290.00,1290.00,1958.00,0.00,98056.00,47.51,-122.20,1970.00,9569.00
3320000222.00,20140827T000000,388500.00,3.00,2.25,1350.00,944.00,2.00,0.00,0.00,3.00,8.00,1050.00,300.00,2007.00,0.00,98144.00,47.60,-122.31,1350.00,1245.00
3375300210.00,20140918T000000,250000.00,3.00,1.75,1350.00,8548.00,1.00,0.00,0.00,3.00,7.00,1350.00,0.00,1985.00,0.00,98003.00,47.32,-122.33,1660.00,8538.00
5469500580.00,20150203T000000,455500.00,3.00,1.75,2290.00,19000.00,1.00,0.00,0.00,4.00,9.00,1650.00,640.00,1973.00,0.00,98042.00,47.38,-122.16,2900.00,13034.00
8146100610.00,20141201T000000,672000.00,3.00,1.00,1220.00,8573.00,1.00,0.00,0.00,4.00,7.00,1220.00,0.00,1954.00,0.00,98004.00,47.61,-122.19,1390.00,8573.00
3223059123.00,20140630T000000,550000.00,4.00,1.50,2750.00,128502.00,1.00,0.00,0.00,2.00,7.00,1500.00,1250.00,1958.00,0.00,98055.00,47.43,-122.20,1470.00,11514.00
2325059101.00,20150506T000000,487000.00,3.00,1.75,1430.00,12632.00,1.00,0.00,0.00,3.00,7.00,1430.00,0.00,1959.00,0.00,98008.00,47.64,-122.12,1750.00,10350.00
9475710040.00,20140820T000000,291375.00,4.00,2.50,2220.00,6233.00,2.00,0.00,0.00,3.00,7.00,2220.00,0.00,2001.00,0.00,98059.00,47.49,-122.15,2220.00,5352.00
9310300175.00,20150304T000000,225000.00,3.00,1.00,1490.00,15850.00,1.00,0.00,0.00,3.00,7.00,1490.00,0.00,1946.00,0.00,98133.00,47.74,-122.35,1950.00,13228.00
8099900040.00,20141111T000000,519950.00,5.00,3.50,2440.00,10200.00,2.00,0.00,0.00,4.00,7.00,2440.00,0.00,1974.00,0.00,98075.00,47.58,-122.00,2000.00,10568.00
3224800120.00,20140826T000000,250000.00,3.00,2.50,2070.00,8400.00,2.00,0.00,0.00,4.00,8.00,2070.00,0.00,1990.00,0.00,98002.00,47.31,-122.21,2070.00,9239.00
4232903265.00,20140918T000000,614950.00,3.00,1.00,1500.00,2400.00,1.50,0.00,0.00,5.00,7.00,1500.00,0.00,1900.00,0.00,98119.00,47.63,-122.36,1780.00,3600.00
8861500065.00,20150114T000000,599500.00,4.00,2.25,2020.00,10260.00,2.00,0.00,0.00,4.00,7.00,2020.00,0.00,1984.00,0.00,98052.00,47.68,-122.11,2020.00,10311.00
3585300365.00,20140924T000000,625000.00,4.00,1.50,2190.00,13660.00,1.00,0.00,3.00,3.00,8.00,2190.00,0.00,1952.00,0.00,98177.00,47.77,-122.37,2520.00,20500.00
8019200360.00,20150506T000000,248500.00,2.00,1.00,780.00,10064.00,1.00,0.00,0.00,4.00,7.00,780.00,0.00,1958.00,0.00,98168.00,47.49,-122.32,1090.00,14750.00
2862100205.00,20140930T000000,469950.00,5.00,2.00,1220.00,4200.00,1.00,0.00,0.00,4.00,6.00,1090.00,130.00,1921.00,0.00,98105.00,47.67,-122.32,1790.00,4200.00
7420100040.00,20150422T000000,525000.00,3.00,1.50,1840.00,10956.00,1.00,0.00,0.00,4.00,8.00,1840.00,0.00,1970.00,0.00,98033.00,47.67,-122.16,1680.00,10950.00
223039229.00,20140902T000000,787500.00,2.00,2.50,2390.00,6928.00,2.00,0.00,3.00,4.00,8.00,1810.00,580.00,1949.00,1982.00,98146.00,47.51,-122.39,2390.00,12852.00
7967950040.00,20150416T000000,485000.00,4.00,2.50,3710.00,15935.00,1.00,0.00,0.00,3.00,10.00,2130.00,1580.00,2005.00,0.00,98001.00,47.35,-122.27,3674.00,17913.00
1443500120.00,20150407T000000,310000.00,2.00,1.00,750.00,5379.00,1.00,0.00,0.00,3.00,6.00,750.00,0.00,1919.00,0.00,98118.00,47.53,-122.27,1030.00,5511.00
3920000040.00,20141010T000000,280000.00,5.00,2.00,2110.00,7919.00,1.00,0.00,0.00,3.00,7.00,1110.00,1000.00,1966.00,0.00,98118.00,47.52,-122.27,1590.00,5250.00
126059021.00,20150402T000000,200000.00,4.00,1.00,1020.00,42966.00,1.50,0.00,0.00,4.00,6.00,1020.00,0.00,1922.00,0.00,98072.00,47.76,-122.11,2250.00,37680.00
8106300970.00,20141010T000000,490000.00,3.00,2.50,3080.00,7363.00,2.00,0.00,0.00,3.00,9.00,3080.00,0.00,2006.00,0.00,98055.00,47.45,-122.21,2860.00,5273.00
9320900610.00,20141231T000000,146000.00,3.00,1.00,900.00,4770.00,1.00,0.00,0.00,3.00,6.00,900.00,0.00,1969.00,2009.00,98023.00,47.30,-122.36,900.00,3480.00
5647900650.00,20141120T000000,500000.00,5.00,3.00,3720.00,25474.00,2.00,0.00,4.00,3.00,9.00,2090.00,1630.00,1986.00,0.00,98001.00,47.33,-122.26,1870.00,14547.00
1432701430.00,20140910T000000,242500.00,3.00,1.00,940.00,7380.00,1.00,0.00,0.00,3.00,6.00,940.00,0.00,1959.00,0.00,98058.00,47.45,-122.18,1210.00,8095.00
6632300477.00,20141006T000000,324950.00,3.00,1.00,1040.00,7288.00,1.00,0.00,0.00,3.00,7.00,1040.00,0.00,1959.00,0.00,98125.00,47.73,-122.31,1160.00,7287.00
9476200150.00,20150416T000000,231500.00,2.00,1.00,1000.00,7615.00,1.00,0.00,0.00,4.00,6.00,1000.00,0.00,1943.00,0.00,98056.00,47.49,-122.19,1060.00,8000.00
8029500450.00,20140529T000000,300000.00,3.00,2.50,2080.00,9827.00,2.00,0.00,0.00,3.00,8.00,2080.00,0.00,1989.00,0.00,98023.00,47.31,-122.39,2660.00,9861.00
9510320150.00,20141202T000000,545000.00,4.00,2.50,2500.00,50595.00,2.00,0.00,0.00,3.00,9.00,2500.00,0.00,1997.00,0.00,98045.00,47.47,-121.73,2765.00,33720.00
415100085.00,20150217T000000,350000.00,3.00,1.00,1050.00,8583.00,1.00,0.00,0.00,5.00,6.00,1050.00,0.00,1955.00,0.00,98133.00,47.75,-122.34,1460.00,7351.00
8562850150.00,20140523T000000,467100.00,3.00,1.75,1620.00,8645.00,1.00,0.00,0.00,3.00,7.00,1190.00,430.00,1973.00,0.00,98052.00,47.67,-122.15,2010.00,8645.00
1951600150.00,20150408T000000,180000.00,3.00,1.00,1610.00,8500.00,1.50,0.00,0.00,3.00,7.00,1610.00,0.00,1959.00,0.00,98032.00,47.37,-122.30,1070.00,8750.00
6745700150.00,20140710T000000,749000.00,4.00,1.50,2130.00,5000.00,2.00,0.00,0.00,4.00,8.00,2130.00,0.00,1920.00,0.00,98144.00,47.58,-122.29,2560.00,5000.00
9211520410.00,20141009T000000,245000.00,3.00,2.50,1460.00,11593.00,2.00,0.00,0.00,3.00,7.00,1460.00,0.00,1989.00,0.00,98023.00,47.30,-122.39,1640.00,9703.00
3388000040.00,20140819T000000,260000.00,5.00,1.00,1600.00,7350.00,1.00,0.00,0.00,5.00,7.00,1600.00,0.00,1962.00,0.00,98031.00,47.39,-122.20,1600.00,7725.00
3566800040.00,20140607T000000,490000.00,3.00,3.00,1730.00,2940.00,3.00,0.00,0.00,3.00,7.00,1730.00,0.00,1985.00,0.00,98117.00,47.69,-122.39,1690.00,4410.00
4221250120.00,20140827T000000,565000.00,4.00,2.50,2280.00,4602.00,2.00,0.00,0.00,3.00,8.00,2280.00,0.00,2003.00,0.00,98075.00,47.59,-122.02,2280.00,4193.00
1402600040.00,20140825T000000,330000.00,4.00,2.25,2430.00,7490.00,2.00,0.00,0.00,3.00,8.00,2430.00,0.00,1983.00,0.00,98058.00,47.44,-122.14,2070.00,7469.00
2720000120.00,20141104T000000,295000.00,3.00,1.00,1380.00,7575.00,1.00,0.00,0.00,4.00,7.00,1380.00,0.00,1963.00,0.00,98056.00,47.51,-122.19,1320.00,7600.00
3359500665.00,20141009T000000,725000.00,3.00,1.50,1790.00,6000.00,1.50,0.00,0.00,4.00,7.00,1790.00,0.00,1903.00,0.00,98115.00,47.68,-122.33,1290.00,3500.00
7732650040.00,20140903T000000,1135000.00,4.00,2.50,3370.00,10602.00,2.00,0.00,0.00,3.00,10.00,3370.00,0.00,1999.00,0.00,98007.00,47.66,-122.15,2950.00,9949.00
2874600040.00,20140804T000000,680000.00,3.00,2.25,2920.00,6300.00,1.00,0.00,0.00,3.00,8.00,1710.00,1210.00,1956.00,0.00,98177.00,47.71,-122.37,1940.00,6300.00
6154900065.00,20141030T000000,490000.00,2.00,1.00,2180.00,9300.00,1.00,0.00,0.00,4.00,7.00,1090.00,1090.00,1947.00,0.00,98177.00,47.70,-122.37,1830.00,7378.00
3491300180.00,20150427T000000,635000.00,3.00,1.75,1480.00,6985.00,1.50,0.00,0.00,4.00,7.00,1200.00,280.00,1926.00,0.00,98117.00,47.69,-122.37,1480.00,5588.00
619079096.00,20150406T000000,750000.00,3.00,2.50,2350.00,715690.00,1.50,0.00,0.00,4.00,9.00,2350.00,0.00,1979.00,0.00,98022.00,47.16,-121.97,1280.00,325393.00
9264920620.00,20141209T000000,330000.00,4.00,2.25,2440.00,8098.00,2.00,0.00,0.00,3.00,8.00,2440.00,0.00,1983.00,0.00,98023.00,47.31,-122.35,2110.00,7911.00
7899800730.00,20150324T000000,270000.00,3.00,2.50,1350.00,1189.00,2.00,0.00,0.00,3.00,7.00,1080.00,270.00,2007.00,0.00,98106.00,47.52,-122.36,1300.00,1182.00
8944750730.00,20140514T000000,340000.00,3.00,2.25,1970.00,3716.00,2.00,0.00,0.00,3.00,7.00,1970.00,0.00,1997.00,0.00,98056.00,47.49,-122.17,1780.00,3716.00
2922703150.00,20150304T000000,413252.00,3.00,0.75,1110.00,3960.00,1.00,0.00,0.00,3.00,7.00,1110.00,0.00,1951.00,0.00,98117.00,47.68,-122.37,1610.00,5530.00
293610040.00,20150210T000000,600000.00,4.00,2.75,2950.00,5803.00,2.00,0.00,0.00,3.00,9.00,2950.00,0.00,2007.00,0.00,98028.00,47.74,-122.23,2940.00,5803.00
7215720410.00,20150415T000000,726888.00,5.00,3.00,2970.00,7261.00,2.00,0.00,0.00,3.00,9.00,2970.00,0.00,1999.00,0.00,98075.00,47.60,-122.02,2970.00,8437.00
5550300175.00,20141206T000000,285000.00,2.00,1.00,720.00,6400.00,1.00,0.00,0.00,4.00,6.00,720.00,0.00,1943.00,0.00,98126.00,47.53,-122.37,1030.00,6400.00
1588600040.00,20150206T000000,365000.00,2.00,1.00,770.00,5680.00,1.00,0.00,0.00,4.00,6.00,770.00,0.00,1929.00,0.00,98117.00,47.70,-122.37,1170.00,5514.00
7819000040.00,20150309T000000,295000.00,4.00,2.00,1650.00,7200.00,1.00,0.00,0.00,3.00,7.00,1650.00,0.00,1964.00,0.00,98133.00,47.75,-122.34,1410.00,7200.00
1839920180.00,20150318T000000,460000.00,3.00,2.25,1620.00,7350.00,1.00,0.00,0.00,3.00,7.00,1170.00,450.00,1969.00,0.00,98034.00,47.72,-122.18,1800.00,7350.00
2560803085.00,20140925T000000,230000.00,3.00,1.50,1510.00,10588.00,1.50,0.00,0.00,3.00,7.00,1510.00,0.00,1947.00,0.00,98198.00,47.38,-122.32,1360.00,2873.00
6414100133.00,20140522T000000,337000.00,3.00,1.00,1070.00,6109.00,1.00,0.00,0.00,5.00,7.00,1070.00,0.00,1951.00,0.00,98125.00,47.72,-122.32,1170.00,7200.00
164000174.00,20140908T000000,300000.00,3.00,1.00,1010.00,6300.00,1.00,0.00,0.00,3.00,7.00,1010.00,0.00,1957.00,0.00,98133.00,47.73,-122.35,1480.00,7480.00
1118001201.00,20150130T000000,2300000.00,4.00,2.50,3370.00,8402.00,1.00,0.00,0.00,5.00,10.00,2240.00,1130.00,1962.00,0.00,98112.00,47.63,-122.29,3190.00,8700.00
5104510720.00,20141210T000000,360000.00,4.00,2.50,2000.00,5500.00,2.00,0.00,0.00,3.00,8.00,2000.00,0.00,2003.00,0.00,98038.00,47.36,-122.01,2000.00,5512.00
3904910650.00,20150316T000000,585000.00,3.00,2.50,2060.00,10839.00,2.00,0.00,0.00,3.00,8.00,2060.00,0.00,1987.00,0.00,98029.00,47.57,-122.02,2180.00,8126.00
9211500620.00,20141008T000000,182700.00,3.00,2.25,1740.00,6650.00,1.00,0.00,0.00,3.00,7.00,1240.00,500.00,1978.00,0.00,98023.00,47.30,-122.38,1740.00,7000.00
9211500620.00,20150428T000000,305000.00,3.00,2.25,1740.00,6650.00,1.00,0.00,0.00,3.00,7.00,1240.00,500.00,1978.00,0.00,98023.00,47.30,-122.38,1740.00,7000.00
6402710120.00,20140505T000000,309950.00,3.00,2.50,1880.00,7838.00,2.00,0.00,0.00,3.00,7.00,1880.00,0.00,1994.00,0.00,98055.00,47.44,-122.19,1810.00,7915.00
1245001739.00,20150316T000000,550000.00,3.00,1.00,960.00,12527.00,1.00,0.00,0.00,3.00,7.00,960.00,0.00,1972.00,0.00,98033.00,47.69,-122.20,1220.00,7579.00
6817850040.00,20141111T000000,825000.00,3.00,2.50,3280.00,26413.00,1.00,0.00,3.00,3.00,11.00,2670.00,610.00,1985.00,0.00,98074.00,47.64,-122.05,3280.00,25211.00
9839301165.00,20141001T000000,998500.00,2.00,1.00,1570.00,4400.00,1.50,0.00,0.00,4.00,8.00,1570.00,0.00,1914.00,0.00,98122.00,47.61,-122.29,1850.00,4400.00
1854900410.00,20141101T000000,644500.00,4.00,2.50,2990.00,5342.00,2.00,0.00,0.00,3.00,8.00,2990.00,0.00,2004.00,0.00,98074.00,47.61,-122.01,2990.00,5936.00
2787700180.00,20150112T000000,320000.00,3.00,2.00,1250.00,8636.00,1.00,0.00,0.00,5.00,7.00,1250.00,0.00,1968.00,0.00,98059.00,47.51,-122.16,1620.00,7653.00
1843130210.00,20141015T000000,266950.00,3.00,2.50,1920.00,4803.00,2.00,0.00,0.00,3.00,7.00,1920.00,0.00,2005.00,0.00,98042.00,47.37,-122.13,2240.00,5231.00
205000450.00,20140514T000000,633100.00,4.00,2.50,2470.00,33305.00,2.00,0.00,0.00,3.00,9.00,2470.00,0.00,1993.00,0.00,98053.00,47.63,-121.99,2440.00,33305.00
3626039279.00,20140805T000000,395000.00,2.00,1.00,960.00,6700.00,1.00,0.00,0.00,3.00,7.00,960.00,0.00,1951.00,0.00,98103.00,47.70,-122.36,1350.00,6700.00
3126049261.00,20150316T000000,259250.00,3.00,1.00,940.00,5904.00,1.00,0.00,0.00,3.00,6.00,940.00,0.00,1947.00,0.00,98103.00,47.70,-122.35,870.00,5728.00
8658303265.00,20141106T000000,300000.00,3.00,1.00,1260.00,5000.00,1.00,0.00,0.00,4.00,6.00,1260.00,0.00,1968.00,0.00,98014.00,47.65,-121.92,1180.00,7500.00
2421059009.00,20150220T000000,413000.00,3.00,1.75,2280.00,139392.00,1.00,0.00,0.00,3.00,8.00,2280.00,0.00,1977.00,0.00,98092.00,47.29,-122.12,2280.00,117176.00
3111300040.00,20140801T000000,435000.00,3.00,2.25,1740.00,8491.00,1.00,0.00,0.00,3.00,8.00,1240.00,500.00,1958.00,0.00,98177.00,47.78,-122.38,2080.00,8494.00
1770000330.00,20141003T000000,500000.00,4.00,2.75,2630.00,15000.00,1.00,0.00,0.00,4.00,7.00,1690.00,940.00,1976.00,0.00,98072.00,47.74,-122.09,1800.00,16500.00
4174600264.00,20140801T000000,402000.00,4.00,1.75,2430.00,5481.00,1.00,0.00,0.00,3.00,8.00,1430.00,1000.00,1953.00,0.00,98108.00,47.56,-122.30,2050.00,5508.00
822039025.00,20150501T000000,777700.00,3.00,2.50,2260.00,251460.00,1.50,0.00,0.00,3.00,10.00,2260.00,0.00,1995.00,0.00,98070.00,47.41,-122.45,1610.00,244372.00
9521101065.00,20150323T000000,580000.00,2.00,1.50,1220.00,5000.00,1.00,0.00,2.00,4.00,7.00,1220.00,0.00,1938.00,0.00,98103.00,47.66,-122.35,2090.00,3850.00
3244500158.00,20140908T000000,570000.00,3.00,1.75,2580.00,40392.00,1.00,0.00,0.00,3.00,9.00,1390.00,1190.00,1986.00,0.00,98072.00,47.76,-122.13,2460.00,46173.00
3603000410.00,20141208T000000,174950.00,2.00,1.00,730.00,6000.00,1.00,0.00,0.00,3.00,6.00,730.00,0.00,1950.00,1985.00,98198.00,47.38,-122.30,1750.00,7200.00
7548300441.00,20140507T000000,300000.00,2.00,1.00,760.00,3001.00,1.00,0.00,0.00,3.00,6.00,760.00,0.00,1913.00,0.00,98144.00,47.59,-122.31,1750.00,5000.00
3034200142.00,20140923T000000,435000.00,3.00,1.50,1740.00,6988.00,1.00,0.00,0.00,3.00,7.00,1600.00,140.00,1950.00,0.00,98133.00,47.72,-122.33,1650.00,7500.00
8651611590.00,20140528T000000,840000.00,4.00,2.50,3420.00,8405.00,2.00,0.00,0.00,3.00,10.00,3420.00,0.00,2000.00,0.00,98074.00,47.63,-122.06,3230.00,8460.00
2978800120.00,20140618T000000,469000.00,5.00,2.50,2240.00,7543.00,1.00,0.00,0.00,3.00,7.00,1140.00,1100.00,1966.00,0.00,98177.00,47.78,-122.37,2110.00,7408.00
7011200515.00,20141112T000000,870000.00,4.00,1.75,1920.00,3600.00,2.00,0.00,0.00,4.00,8.00,1920.00,0.00,1907.00,0.00,98119.00,47.64,-122.37,1920.00,3600.00
7199340620.00,20140604T000000,532000.00,4.00,1.75,2020.00,7029.00,1.00,0.00,0.00,4.00,7.00,1430.00,590.00,1979.00,0.00,98052.00,47.70,-122.13,1780.00,7200.00
7291700065.00,20150326T000000,455000.00,4.00,1.50,1880.00,11400.00,1.00,0.00,0.00,3.00,7.00,1280.00,600.00,1955.00,0.00,98177.00,47.77,-122.38,1880.00,11400.00
2129700142.00,20140731T000000,201000.00,3.00,1.00,1010.00,25277.00,1.00,0.00,0.00,5.00,5.00,1010.00,0.00,1961.00,0.00,98019.00,47.72,-121.95,1570.00,213879.00
318300040.00,20140923T000000,649000.00,5.00,3.25,3990.00,13087.00,2.00,0.00,0.00,3.00,9.00,2400.00,1590.00,1991.00,0.00,98042.00,47.36,-122.06,2580.00,13633.00
5101400871.00,20150524T000000,445500.00,2.00,1.75,1390.00,6670.00,1.00,0.00,0.00,3.00,6.00,720.00,670.00,1941.00,0.00,98115.00,47.69,-122.31,920.00,6380.00
2561360120.00,20140527T000000,475000.00,3.00,2.00,1230.00,11502.00,1.00,0.00,0.00,4.00,7.00,1230.00,0.00,1984.00,0.00,98052.00,47.70,-122.13,1660.00,11727.00
293800120.00,20150430T000000,590000.00,4.00,2.50,2940.00,29013.00,2.00,0.00,0.00,3.00,10.00,2940.00,0.00,1992.00,0.00,98077.00,47.76,-122.04,3010.00,34071.00
2595300155.00,20150224T000000,565000.00,4.00,1.50,2190.00,8296.00,2.00,0.00,0.00,3.00,7.00,2190.00,0.00,1935.00,1963.00,98136.00,47.52,-122.39,1160.00,8160.00
2853600155.00,20140915T000000,110000.00,1.00,1.00,640.00,10280.00,1.00,0.00,0.00,2.00,5.00,640.00,0.00,1920.00,0.00,98126.00,47.51,-122.37,1090.00,9000.00
4365200555.00,20141219T000000,375000.00,3.00,2.50,1670.00,7740.00,1.00,0.00,0.00,3.00,7.00,1130.00,540.00,1974.00,0.00,98126.00,47.52,-122.37,1220.00,7740.00
2473100790.00,20140718T000000,255000.00,3.00,1.50,1240.00,8528.00,1.00,0.00,0.00,4.00,7.00,1240.00,0.00,1967.00,0.00,98058.00,47.45,-122.16,1570.00,8064.00
8019200925.00,20150429T000000,315000.00,5.00,1.75,1850.00,14800.00,1.50,0.00,0.00,3.00,6.00,1760.00,90.00,1937.00,0.00,98168.00,47.49,-122.32,1250.00,14800.00
6071600450.00,20141120T000000,496600.00,4.00,2.25,2020.00,8400.00,1.00,0.00,0.00,4.00,8.00,1350.00,670.00,1961.00,0.00,98006.00,47.55,-122.17,2060.00,8400.00
5249803036.00,20140714T000000,380000.00,3.00,1.00,1020.00,4800.00,1.00,0.00,0.00,3.00,7.00,1020.00,0.00,1944.00,0.00,98118.00,47.56,-122.27,1400.00,5465.00
3222069151.00,20141110T000000,338950.00,3.00,1.75,1610.00,22496.00,1.00,0.00,0.00,4.00,7.00,1610.00,0.00,1974.00,0.00,98042.00,47.34,-122.07,2050.00,35772.00
5561400610.00,20141019T000000,542500.00,5.00,3.50,2730.00,42500.00,1.00,0.00,0.00,3.00,8.00,1530.00,1200.00,1989.00,0.00,98027.00,47.46,-122.00,3180.00,37970.00
5700000905.00,20140816T000000,739000.00,5.00,2.50,2840.00,5000.00,1.00,0.00,0.00,4.00,7.00,1620.00,1220.00,1913.00,0.00,98144.00,47.58,-122.29,2200.00,5000.00
3362401935.00,20140619T000000,549000.00,4.00,1.75,1290.00,3060.00,2.00,0.00,0.00,4.00,7.00,1290.00,0.00,1906.00,0.00,98103.00,47.68,-122.35,1510.00,4080.00
2893000610.00,20140624T000000,252000.00,3.00,2.25,1670.00,7881.00,1.00,0.00,0.00,4.00,7.00,1190.00,480.00,1977.00,0.00,98031.00,47.41,-122.18,1870.00,7820.00
7856410411.00,20140922T000000,1698890.00,4.00,4.50,3860.00,15246.00,2.00,0.00,4.00,3.00,11.00,2940.00,920.00,2004.00,0.00,98006.00,47.56,-122.16,3750.00,14790.00
8156600155.00,20140611T000000,735000.00,4.00,1.75,2460.00,5100.00,1.50,0.00,0.00,5.00,7.00,1450.00,1010.00,1909.00,0.00,98115.00,47.68,-122.30,1560.00,5100.00
2560803248.00,20140709T000000,270000.00,4.00,2.50,1660.00,8063.00,1.00,0.00,0.00,4.00,7.00,1660.00,0.00,1978.00,0.00,98198.00,47.38,-122.32,1060.00,8437.00
1118001215.00,20150204T000000,2250000.00,3.00,2.50,3420.00,8700.00,1.00,0.00,0.00,3.00,9.00,2890.00,530.00,1951.00,0.00,98112.00,47.64,-122.29,3370.00,8700.00
1437500035.00,20141010T000000,155000.00,2.00,1.00,1010.00,43056.00,1.50,0.00,0.00,3.00,5.00,1010.00,0.00,1990.00,0.00,98014.00,47.71,-121.32,830.00,18297.00
2124049229.00,20150302T000000,469000.00,4.00,2.50,2240.00,5624.00,1.00,0.00,0.00,3.00,7.00,1520.00,720.00,1961.00,0.00,98108.00,47.56,-122.31,2240.00,7495.00
7129304225.00,20150108T000000,305000.00,4.00,2.25,2340.00,5250.00,2.00,0.00,0.00,5.00,7.00,2340.00,0.00,1965.00,0.00,98118.00,47.52,-122.27,1540.00,5250.00
7986400180.00,20140710T000000,675000.00,3.00,1.75,1920.00,4500.00,1.00,0.00,0.00,5.00,7.00,960.00,960.00,1924.00,0.00,98107.00,47.66,-122.36,1190.00,4000.00
809001970.00,20141231T000000,931000.00,3.00,2.50,2460.00,6600.00,1.50,0.00,0.00,4.00,8.00,1560.00,900.00,1929.00,0.00,98109.00,47.64,-122.35,2090.00,3400.00
7979900145.00,20150205T000000,385000.00,3.00,1.00,1470.00,11398.00,1.00,0.00,0.00,3.00,8.00,1470.00,0.00,1950.00,0.00,98155.00,47.75,-122.30,1710.00,11407.00
3299600040.00,20150214T000000,815000.00,3.00,2.50,3400.00,12442.00,2.00,0.00,0.00,3.00,9.00,3400.00,0.00,2001.00,0.00,98075.00,47.56,-122.03,3250.00,8635.00
8651730580.00,20150330T000000,531000.00,3.00,2.25,1910.00,8390.00,1.00,0.00,0.00,3.00,7.00,1910.00,0.00,1979.00,0.00,98034.00,47.73,-122.22,2410.00,8390.00
1250201175.00,20150323T000000,386500.00,4.00,1.00,1400.00,3600.00,1.00,0.00,0.00,4.00,6.00,700.00,700.00,1901.00,0.00,98144.00,47.60,-122.30,1690.00,3600.00
8651510610.00,20140626T000000,475580.00,3.00,1.75,1520.00,11085.00,1.00,0.00,0.00,3.00,8.00,1520.00,0.00,1983.00,0.00,98074.00,47.65,-122.07,2310.00,9647.00
7017200120.00,20140820T000000,358000.00,2.00,1.00,930.00,5077.00,1.00,0.00,0.00,3.00,6.00,930.00,0.00,1939.00,0.00,98133.00,47.71,-122.35,1080.00,5803.00
9272201385.00,20141022T000000,677500.00,5.00,1.00,2340.00,4730.00,2.00,0.00,0.00,3.00,8.00,1810.00,530.00,1918.00,0.00,98116.00,47.59,-122.39,2100.00,4970.00
518500210.00,20140508T000000,868500.00,3.00,2.50,2920.00,3942.00,3.00,0.00,0.00,3.00,10.00,2920.00,0.00,2008.00,0.00,98056.00,47.53,-122.20,2920.00,3942.00
3260000120.00,20150209T000000,599380.00,3.00,1.75,1270.00,7350.00,1.00,0.00,0.00,4.00,7.00,1270.00,0.00,1967.00,0.00,98005.00,47.60,-122.17,1880.00,7350.00
7504030220.00,20141008T000000,712000.00,4.00,2.25,2450.00,11960.00,1.00,0.00,0.00,3.00,10.00,2450.00,0.00,1979.00,0.00,98074.00,47.64,-122.06,2600.00,11960.00
7972601885.00,20150430T000000,350000.00,5.00,1.75,1380.00,7620.00,1.00,0.00,0.00,3.00,7.00,1180.00,200.00,1955.00,0.00,98106.00,47.53,-122.35,1990.00,7620.00
2331300395.00,20140510T000000,875000.00,4.00,2.00,2520.00,6000.00,1.00,0.00,0.00,3.00,8.00,1400.00,1120.00,1921.00,2007.00,98103.00,47.68,-122.35,1580.00,3720.00
2597710450.00,20150304T000000,365000.00,3.00,2.25,2290.00,7350.00,2.00,0.00,0.00,3.00,8.00,2290.00,0.00,1988.00,0.00,98058.00,47.43,-122.16,2170.00,7529.00
8122600145.00,20140521T000000,452000.00,4.00,2.00,1660.00,6150.00,1.00,0.00,0.00,3.00,6.00,850.00,810.00,1945.00,0.00,98126.00,47.54,-122.37,1110.00,6250.00
629000410.00,20150217T000000,915000.00,3.00,2.75,2800.00,9750.00,1.00,0.00,0.00,5.00,7.00,1400.00,1400.00,1957.00,0.00,98004.00,47.59,-122.20,2800.00,9530.00
7202380120.00,20150105T000000,482500.00,3.00,2.50,1690.00,3068.00,2.00,0.00,0.00,3.00,7.00,1690.00,0.00,2005.00,0.00,98053.00,47.68,-122.03,1690.00,3260.00
2926049437.00,20141014T000000,425000.00,3.00,1.00,1180.00,7200.00,1.50,0.00,0.00,4.00,7.00,1180.00,0.00,1949.00,0.00,98133.00,47.71,-122.33,2240.00,7875.00
9550202700.00,20141211T000000,460000.00,2.00,1.75,1390.00,4160.00,1.00,0.00,0.00,5.00,6.00,790.00,600.00,1916.00,0.00,98105.00,47.67,-122.32,1090.00,4160.00
1231000458.00,20140720T000000,666570.00,4.00,2.00,2320.00,7400.00,1.50,0.00,0.00,5.00,7.00,1620.00,700.00,1913.00,0.00,98118.00,47.56,-122.27,1740.00,4000.00
9485930120.00,20141014T000000,390000.00,3.00,2.25,2270.00,32112.00,1.00,0.00,0.00,4.00,8.00,1740.00,530.00,1980.00,0.00,98042.00,47.35,-122.09,2310.00,41606.00
7923100410.00,20141009T000000,650000.00,4.00,1.75,2640.00,8215.00,1.00,0.00,0.00,4.00,7.00,1500.00,1140.00,1966.00,0.00,98008.00,47.58,-122.13,2070.00,7875.00
2571910210.00,20141001T000000,305000.00,3.00,2.00,1680.00,8487.00,1.00,0.00,0.00,3.00,7.00,1680.00,0.00,1993.00,0.00,98022.00,47.20,-122.01,2080.00,8560.00
3395800155.00,20140805T000000,250000.00,3.00,1.00,990.00,8100.00,1.00,0.00,0.00,3.00,6.00,990.00,0.00,1949.00,0.00,98146.00,47.48,-122.34,1210.00,8100.00
9558040230.00,20150406T000000,438800.00,4.00,2.50,2770.00,4432.00,2.00,0.00,0.00,3.00,9.00,2770.00,0.00,2004.00,0.00,98058.00,47.45,-122.12,2770.00,5423.00
7129302185.00,20141215T000000,290000.00,2.00,1.00,950.00,5650.00,1.00,0.00,0.00,5.00,6.00,950.00,0.00,1943.00,0.00,98118.00,47.51,-122.26,1250.00,5650.00
7841300230.00,20150501T000000,324950.00,4.00,2.00,2160.00,4800.00,2.00,0.00,0.00,4.00,7.00,1290.00,870.00,1929.00,0.00,98055.00,47.48,-122.21,1570.00,4800.00
2768300650.00,20141201T000000,453000.00,3.00,2.50,1650.00,1838.00,2.00,0.00,0.00,4.00,7.00,1270.00,380.00,1991.00,0.00,98107.00,47.67,-122.37,1550.00,1558.00
546000865.00,20140919T000000,556000.00,3.00,1.00,1800.00,4005.00,1.50,0.00,0.00,4.00,7.00,1160.00,640.00,1929.00,0.00,98117.00,47.69,-122.38,1240.00,4005.00
7708300150.00,20141118T000000,315000.00,3.00,2.00,1660.00,11135.00,1.00,0.00,0.00,3.00,8.00,1660.00,0.00,1971.00,0.00,98045.00,47.49,-121.79,1660.00,11560.00
3709500180.00,20140527T000000,445830.00,3.00,2.50,1870.00,5449.00,2.00,0.00,0.00,3.00,8.00,1870.00,0.00,2003.00,0.00,98011.00,47.76,-122.22,2000.00,7687.00
9273200145.00,20141010T000000,1260000.00,3.00,3.50,3220.00,3960.00,2.00,0.00,4.00,3.00,10.00,2760.00,460.00,1991.00,0.00,98116.00,47.59,-122.38,3080.00,4444.00
2025700730.00,20140502T000000,287200.00,3.00,3.00,1850.00,19966.00,1.00,0.00,0.00,4.00,7.00,1090.00,760.00,1992.00,0.00,98038.00,47.35,-122.03,1410.00,6715.00
2215500220.00,20140923T000000,525000.00,4.00,1.50,1580.00,6360.00,1.50,0.00,0.00,3.00,7.00,1290.00,290.00,1945.00,0.00,98115.00,47.69,-122.29,1690.00,6360.00
3758900220.00,20141226T000000,1135000.00,4.00,4.25,4590.00,17621.00,2.00,0.00,0.00,3.00,10.00,3160.00,1430.00,2003.00,0.00,98033.00,47.70,-122.21,3800.00,12268.00
7229900925.00,20141010T000000,381000.00,3.00,1.75,2700.00,18246.00,1.00,0.00,0.00,4.00,7.00,1510.00,1190.00,1967.00,0.00,98059.00,47.48,-122.10,1620.00,16986.00
6632900084.00,20140606T000000,360000.00,3.00,1.75,1020.00,7020.00,1.50,0.00,0.00,4.00,7.00,1020.00,0.00,1953.00,0.00,98155.00,47.74,-122.31,1020.00,5871.00
7137300040.00,20150504T000000,619000.00,5.00,3.50,2950.00,2932.00,3.00,0.00,0.00,3.00,8.00,2950.00,0.00,2004.00,0.00,98144.00,47.59,-122.30,1580.00,2047.00
222069029.00,20150219T000000,535000.00,2.00,1.75,1780.00,224769.00,1.00,0.00,0.00,4.00,8.00,1780.00,0.00,1976.00,0.00,98038.00,47.42,-122.00,2060.00,71560.00
7518503685.00,20141009T000000,402000.00,2.00,1.00,710.00,5100.00,1.00,0.00,0.00,5.00,7.00,710.00,0.00,1905.00,0.00,98117.00,47.68,-122.38,1530.00,5100.00
7701930180.00,20141110T000000,600000.00,4.00,3.50,4300.00,70407.00,2.00,0.00,0.00,3.00,10.00,2710.00,1590.00,1992.00,0.00,98058.00,47.45,-122.09,3520.00,26727.00
5072420040.00,20140910T000000,549950.00,3.00,2.50,2080.00,8690.00,1.00,0.00,0.00,3.00,8.00,1430.00,650.00,1974.00,0.00,98166.00,47.44,-122.34,2400.00,9625.00
4058802300.00,20140820T000000,300000.00,4.00,2.00,2360.00,7440.00,1.00,0.00,0.00,3.00,7.00,1180.00,1180.00,1955.00,0.00,98178.00,47.50,-122.25,1680.00,7800.00
5127100210.00,20150325T000000,360000.00,6.00,2.00,2210.00,9870.00,2.00,0.00,0.00,4.00,7.00,2210.00,0.00,1969.00,1995.00,98059.00,47.48,-122.15,1390.00,9912.00
6453300306.00,20140910T000000,419000.00,7.00,3.25,4340.00,8521.00,2.00,0.00,0.00,3.00,7.00,2550.00,1790.00,1986.00,0.00,98106.00,47.52,-122.34,1890.00,8951.00
4442800166.00,20150407T000000,510000.00,3.00,3.00,1320.00,1012.00,3.00,0.00,0.00,3.00,8.00,1320.00,0.00,2009.00,0.00,98117.00,47.69,-122.40,1320.00,1536.00
8078490330.00,20140916T000000,319950.00,3.00,2.50,1980.00,9907.00,2.00,0.00,0.00,3.00,8.00,1980.00,0.00,1991.00,0.00,98022.00,47.19,-122.01,2050.00,9907.00
2322069010.00,20141007T000000,1180000.00,5.00,5.00,3960.00,94089.00,2.00,0.00,0.00,3.00,10.00,3960.00,0.00,1998.00,0.00,98038.00,47.38,-122.01,2240.00,64468.00
9558021010.00,20141003T000000,381000.00,4.00,2.50,2130.00,6003.00,2.00,0.00,0.00,3.00,8.00,2130.00,0.00,2003.00,0.00,98058.00,47.45,-122.12,1940.00,4529.00
6700390230.00,20150505T000000,256900.00,3.00,2.50,1720.00,3951.00,2.00,0.00,0.00,3.00,7.00,1720.00,0.00,1992.00,0.00,98031.00,47.40,-122.19,1720.00,3605.00
1841400150.00,20150219T000000,346000.00,5.00,1.00,1790.00,30456.00,1.00,0.00,0.00,4.00,7.00,1350.00,440.00,1964.00,0.00,98030.00,47.35,-122.20,2420.00,35647.00
6873000150.00,20141208T000000,465000.00,2.00,2.25,1390.00,1222.00,3.00,0.00,0.00,3.00,7.00,1340.00,50.00,2009.00,0.00,98052.00,47.68,-122.12,1480.00,1369.00
5710500230.00,20150506T000000,545000.00,3.00,2.00,1900.00,9975.00,1.00,0.00,0.00,3.00,8.00,1500.00,400.00,1973.00,0.00,98027.00,47.53,-122.05,2140.00,9825.00
9528102060.00,20140730T000000,516000.00,2.00,1.75,1640.00,3090.00,1.00,0.00,0.00,4.00,7.00,910.00,730.00,1925.00,0.00,98115.00,47.68,-122.32,1510.00,4120.00
2490200450.00,20140609T000000,550000.00,4.00,2.50,2700.00,5100.00,1.00,0.00,0.00,4.00,8.00,1440.00,1260.00,1968.00,0.00,98136.00,47.53,-122.38,1880.00,5100.00
4178500580.00,20150505T000000,339950.00,4.00,2.25,2200.00,7150.00,2.00,0.00,0.00,4.00,7.00,2200.00,0.00,1990.00,0.00,98042.00,47.36,-122.09,1740.00,7150.00
4325700085.00,20150325T000000,417000.00,3.00,1.00,1310.00,8514.00,1.00,0.00,0.00,4.00,7.00,1310.00,0.00,1953.00,0.00,98133.00,47.75,-122.35,1310.00,8514.00
5606000120.00,20150225T000000,906000.00,4.00,2.50,2480.00,5000.00,1.00,0.00,3.00,3.00,8.00,1480.00,1000.00,1951.00,0.00,98105.00,47.67,-122.27,2240.00,6071.00
5451220150.00,20141112T000000,980000.00,4.00,2.25,3010.00,9800.00,2.00,0.00,0.00,4.00,9.00,3010.00,0.00,1973.00,0.00,98040.00,47.53,-122.22,2510.00,9800.00
7954300620.00,20150413T000000,555000.00,4.00,2.50,2450.00,5079.00,2.00,0.00,0.00,3.00,9.00,2450.00,0.00,2001.00,0.00,98056.00,47.52,-122.19,2690.00,6675.00
2591010040.00,20141110T000000,468000.00,2.00,1.75,1250.00,7029.00,1.00,0.00,0.00,4.00,7.00,1250.00,0.00,1986.00,0.00,98033.00,47.69,-122.19,1680.00,8470.00
3321079060.00,20141020T000000,378000.00,3.00,1.75,2610.00,117176.00,1.00,0.00,0.00,3.00,7.00,1390.00,1220.00,1981.00,0.00,98022.00,47.26,-121.93,2140.00,142005.00
7229900145.00,20141216T000000,430000.00,4.00,2.50,2010.00,16020.00,1.50,0.00,0.00,5.00,8.00,2010.00,0.00,1962.00,0.00,98059.00,47.48,-122.11,1420.00,16020.00
5710610790.00,20140516T000000,730100.00,4.00,2.50,3120.00,14300.00,2.00,0.00,0.00,3.00,9.00,3120.00,0.00,2003.00,0.00,98027.00,47.53,-122.06,2580.00,10005.00
937000220.00,20140904T000000,219000.00,4.00,1.50,1370.00,7944.00,1.50,0.00,0.00,3.00,7.00,1370.00,0.00,1961.00,0.00,98198.00,47.42,-122.29,1370.00,9181.00
7504001320.00,20141121T000000,570000.00,3.00,2.50,2420.00,11953.00,1.00,0.00,0.00,3.00,9.00,2420.00,0.00,1990.00,0.00,98074.00,47.63,-122.05,2420.00,12215.00
3832710450.00,20141119T000000,262500.00,4.00,2.75,1500.00,7036.00,1.00,0.00,0.00,3.00,7.00,1060.00,440.00,1979.00,0.00,98032.00,47.37,-122.28,1620.00,7200.00
8567450180.00,20140529T000000,525000.00,5.00,2.50,2630.00,9216.00,2.00,0.00,0.00,3.00,8.00,2630.00,0.00,2003.00,0.00,98019.00,47.74,-121.97,2020.00,4980.00
4443801590.00,20150402T000000,520000.00,2.00,1.00,950.00,3880.00,1.00,0.00,0.00,4.00,6.00,950.00,0.00,1919.00,0.00,98117.00,47.69,-122.39,1660.00,3880.00
7399200770.00,20141209T000000,417400.00,3.00,3.00,2680.00,12285.00,1.00,0.00,0.00,4.00,8.00,2680.00,0.00,1970.00,0.00,98055.00,47.46,-122.20,2610.00,9558.00
8562740530.00,20140512T000000,788000.00,4.00,3.25,3680.00,5759.00,2.00,0.00,0.00,3.00,9.00,2840.00,840.00,2003.00,0.00,98027.00,47.54,-122.07,3620.00,6006.00
5592900230.00,20141224T000000,320000.00,3.00,1.00,1270.00,7400.00,1.00,0.00,2.00,4.00,7.00,1270.00,0.00,1956.00,0.00,98056.00,47.48,-122.19,1800.00,7400.00
3693900155.00,20140905T000000,950000.00,6.00,1.00,2330.00,5000.00,1.50,0.00,0.00,4.00,7.00,2330.00,0.00,1920.00,0.00,98117.00,47.68,-122.40,1570.00,5000.00
3782100155.00,20140527T000000,255000.00,3.00,1.00,960.00,8100.00,1.00,0.00,0.00,3.00,7.00,960.00,0.00,1955.00,0.00,98155.00,47.78,-122.31,1120.00,8100.00
104550580.00,20140520T000000,260000.00,4.00,2.50,1990.00,6671.00,2.00,0.00,0.00,3.00,7.00,1990.00,0.00,1989.00,0.00,98023.00,47.31,-122.36,1862.00,6566.00
4365200620.00,20150312T000000,394000.00,3.00,1.00,1450.00,7930.00,1.00,0.00,0.00,4.00,6.00,1150.00,300.00,1923.00,0.00,98126.00,47.52,-122.37,1040.00,7740.00
226059161.00,20141231T000000,575000.00,4.00,2.50,2280.00,27441.00,2.00,0.00,0.00,3.00,8.00,2280.00,0.00,1996.00,0.00,98072.00,47.76,-122.12,2350.00,35020.00
5316100220.00,20150319T000000,1250000.00,4.00,2.25,1830.00,7200.00,2.00,0.00,2.00,3.00,8.00,1750.00,80.00,1923.00,0.00,98112.00,47.63,-122.28,3100.00,7200.00
1387300760.00,20140804T000000,385000.00,3.00,2.25,1650.00,7800.00,1.00,0.00,0.00,3.00,7.00,1260.00,390.00,1969.00,0.00,98011.00,47.74,-122.20,1760.00,8268.00
2521059042.00,20141107T000000,456000.00,5.00,2.75,2720.00,193406.00,1.00,0.00,4.00,4.00,7.00,1700.00,1020.00,1968.00,0.00,98092.00,47.28,-122.12,2820.00,248292.00
7974200902.00,20150506T000000,637000.00,4.00,2.50,1710.00,5000.00,1.00,0.00,0.00,3.00,8.00,1110.00,600.00,1979.00,0.00,98115.00,47.68,-122.29,1750.00,5304.00
259600910.00,20141110T000000,485000.00,5.00,1.50,1420.00,9900.00,1.00,0.00,0.00,3.00,7.00,1050.00,370.00,1964.00,0.00,98008.00,47.63,-122.12,1580.00,8075.00
4375700065.00,20140512T000000,315275.00,3.00,1.75,1440.00,8040.00,1.00,0.00,0.00,3.00,7.00,960.00,480.00,1951.00,0.00,98125.00,47.71,-122.31,1500.00,8040.00
2473100330.00,20140923T000000,252500.00,2.00,1.50,1280.00,8710.00,1.00,0.00,0.00,3.00,7.00,1280.00,0.00,1967.00,0.00,98058.00,47.45,-122.16,1520.00,9375.00
1523069095.00,20150323T000000,240000.00,2.00,1.00,1320.00,24319.00,1.00,0.00,0.00,3.00,7.00,1320.00,0.00,1966.00,0.00,98027.00,47.47,-122.02,1430.00,98445.00
5101402428.00,20141112T000000,790000.00,4.00,2.50,2560.00,12760.00,1.00,0.00,0.00,4.00,7.00,1760.00,800.00,1949.00,0.00,98115.00,47.69,-122.30,1760.00,6384.00
1072100085.00,20140514T000000,310000.00,3.00,1.00,1480.00,7830.00,1.00,0.00,0.00,3.00,7.00,1480.00,0.00,1952.00,0.00,98133.00,47.77,-122.34,1450.00,7830.00
9322800230.00,20141212T000000,1250000.00,4.00,2.50,2960.00,20240.00,2.00,0.00,4.00,4.00,10.00,2960.00,0.00,1985.00,0.00,98146.00,47.51,-122.39,2500.00,14960.00
2695600455.00,20150128T000000,425000.00,2.00,1.00,1160.00,5038.00,1.00,0.00,0.00,5.00,7.00,740.00,420.00,1942.00,0.00,98126.00,47.53,-122.38,1160.00,5076.00
8946400210.00,20140603T000000,548000.00,3.00,2.50,2110.00,4099.00,2.00,0.00,0.00,3.00,8.00,2110.00,0.00,2001.00,0.00,98072.00,47.75,-122.17,2110.00,4871.00
1523069197.00,20140503T000000,379880.00,3.00,2.50,1650.00,14054.00,1.00,0.00,0.00,4.00,7.00,1130.00,520.00,1986.00,0.00,98027.00,47.48,-122.02,1940.00,87555.00
8078420230.00,20140530T000000,530000.00,3.00,2.50,1950.00,9906.00,2.00,0.00,0.00,3.00,8.00,1950.00,0.00,1988.00,0.00,98074.00,47.64,-122.03,1860.00,7689.00
2723069052.00,20150420T000000,695000.00,3.00,2.25,2600.00,220300.00,1.50,0.00,0.00,5.00,8.00,2120.00,480.00,1977.00,0.00,98027.00,47.46,-122.02,2760.00,215600.00
9297300395.00,20140527T000000,435000.00,3.00,1.00,1270.00,4000.00,1.50,0.00,2.00,3.00,7.00,1270.00,0.00,1928.00,0.00,98126.00,47.57,-122.38,1560.00,4000.00
1428000970.00,20140521T000000,540000.00,3.00,1.75,1300.00,62290.00,1.00,0.00,0.00,3.00,7.00,1300.00,0.00,1983.00,0.00,98053.00,47.65,-121.98,1850.00,52272.00
1774000720.00,20140620T000000,425000.00,3.00,2.25,1790.00,10209.00,1.00,0.00,0.00,3.00,7.00,1290.00,500.00,1967.00,0.00,98072.00,47.75,-122.09,1840.00,9900.00
2826049106.00,20140715T000000,490000.00,3.00,2.50,1930.00,7266.00,2.00,0.00,0.00,3.00,8.00,1930.00,0.00,2005.00,0.00,98125.00,47.72,-122.31,1930.00,7266.00
2113700205.00,20140703T000000,220000.00,4.00,1.00,1200.00,6000.00,1.50,0.00,0.00,3.00,6.00,1200.00,0.00,1923.00,0.00,98106.00,47.53,-122.35,950.00,4000.00
1036450360.00,20150107T000000,540000.00,4.00,2.50,2050.00,3784.00,2.00,0.00,0.00,3.00,8.00,2050.00,0.00,2001.00,0.00,98034.00,47.72,-122.18,2050.00,3366.00
714000155.00,20141222T000000,670000.00,3.00,1.00,1710.00,6195.00,1.00,0.00,0.00,3.00,7.00,1410.00,300.00,1946.00,0.00,98105.00,47.67,-122.27,1610.00,6195.00
686800065.00,20141119T000000,667500.00,3.00,1.75,2130.00,20423.00,1.00,0.00,0.00,3.00,9.00,2130.00,0.00,1953.00,0.00,98004.00,47.63,-122.19,2370.00,20875.00
5323100120.00,20140916T000000,585000.00,3.00,3.50,1700.00,2197.00,2.00,0.00,0.00,3.00,8.00,1260.00,440.00,2010.00,0.00,98116.00,47.58,-122.41,1360.00,1418.00
8658300455.00,20141118T000000,225000.00,3.00,1.50,1390.00,12500.00,1.00,0.00,0.00,4.00,6.00,1390.00,0.00,1976.00,0.00,98014.00,47.65,-121.91,1390.00,9000.00
2202500150.00,20140819T000000,375000.00,3.00,1.00,1230.00,9877.00,1.00,0.00,0.00,3.00,7.00,1230.00,0.00,1954.00,0.00,98006.00,47.57,-122.14,1240.00,9965.00
258100040.00,20141124T000000,335000.00,3.00,2.00,1490.00,8847.00,1.00,0.00,0.00,4.00,7.00,1490.00,0.00,1967.00,0.00,98177.00,47.76,-122.36,1640.00,7572.00
4027700021.00,20150311T000000,680000.00,5.00,3.25,2440.00,15815.00,2.00,0.00,0.00,3.00,8.00,1990.00,450.00,2014.00,0.00,98155.00,47.77,-122.28,2500.00,14201.00
9828701747.00,20150123T000000,600000.00,3.00,1.00,970.00,4800.00,1.00,0.00,0.00,3.00,6.00,970.00,0.00,1950.00,0.00,98112.00,47.62,-122.30,1500.00,2042.00
1523049207.00,20140805T000000,161000.00,4.00,2.00,1700.00,8043.00,1.00,0.00,0.00,3.00,7.00,850.00,850.00,1954.00,0.00,98168.00,47.48,-122.29,1540.00,13260.00
1523049207.00,20150114T000000,220000.00,4.00,2.00,1700.00,8043.00,1.00,0.00,0.00,3.00,7.00,850.00,850.00,1954.00,0.00,98168.00,47.48,-122.29,1540.00,13260.00
2131701075.00,20141204T000000,420000.00,3.00,1.75,1720.00,5000.00,1.50,0.00,0.00,3.00,8.00,1720.00,0.00,1932.00,2009.00,98019.00,47.74,-121.98,1410.00,8300.00
1794500870.00,20150327T000000,710000.00,3.00,1.00,1400.00,2250.00,1.50,0.00,0.00,3.00,7.00,1400.00,0.00,1909.00,0.00,98119.00,47.64,-122.36,1630.00,3600.00
6383000790.00,20150122T000000,626000.00,4.00,2.50,2570.00,7221.00,1.00,0.00,0.00,4.00,8.00,1570.00,1000.00,1958.00,0.00,98117.00,47.69,-122.39,2440.00,7274.00
723049448.00,20140722T000000,279500.00,3.00,1.50,1200.00,8040.00,1.00,0.00,0.00,4.00,7.00,1200.00,0.00,1959.00,0.00,98146.00,47.49,-122.34,1450.00,9315.00
5093300325.00,20140523T000000,1610000.00,4.00,3.50,4390.00,11600.00,2.00,0.00,3.00,3.00,11.00,3060.00,1330.00,1990.00,0.00,98040.00,47.59,-122.25,3240.00,12000.00
7547300120.00,20140801T000000,325000.00,2.00,1.00,1080.00,5000.00,1.00,0.00,0.00,3.00,7.00,1080.00,0.00,1954.00,0.00,98106.00,47.57,-122.36,1010.00,5000.00
2473000720.00,20140717T000000,380000.00,4.00,2.25,1860.00,7980.00,1.00,0.00,0.00,4.00,8.00,1860.00,0.00,1966.00,0.00,98058.00,47.45,-122.15,1860.00,8814.00
7697800040.00,20140826T000000,470000.00,4.00,2.75,2150.00,9820.00,1.00,0.00,0.00,4.00,8.00,1220.00,930.00,1979.00,0.00,98011.00,47.78,-122.20,2060.00,9830.00
1442860120.00,20141205T000000,363000.00,4.00,3.00,2250.00,12142.00,2.00,0.00,0.00,3.00,8.00,2250.00,0.00,1986.00,0.00,98058.00,47.43,-122.16,2300.00,9003.00
9542800610.00,20150219T000000,245000.00,4.00,2.25,2050.00,7700.00,2.00,0.00,0.00,3.00,7.00,2050.00,0.00,1977.00,0.00,98023.00,47.30,-122.38,1780.00,7700.00
6003501400.00,20150226T000000,525000.00,3.00,1.00,1010.00,3520.00,1.00,0.00,0.00,3.00,7.00,1010.00,0.00,1902.00,0.00,98102.00,47.62,-122.32,1300.00,1233.00
5493100366.00,20140625T000000,1700000.00,5.00,3.50,5850.00,22885.00,2.00,0.00,2.00,4.00,11.00,4670.00,1180.00,1978.00,0.00,98004.00,47.61,-122.21,3240.00,19020.00
6681500205.00,20150504T000000,658500.00,4.00,2.25,1900.00,5000.00,1.00,0.00,0.00,3.00,7.00,1400.00,500.00,1963.00,0.00,98199.00,47.65,-122.39,1710.00,4994.00
2594200230.00,20150424T000000,680000.00,2.00,1.00,1020.00,8442.00,1.00,0.00,4.00,4.00,7.00,920.00,100.00,1941.00,0.00,98136.00,47.51,-122.39,2550.00,10323.00
624110450.00,20150225T000000,835000.00,4.00,2.00,3390.00,16025.00,2.00,0.00,0.00,4.00,10.00,3390.00,0.00,1987.00,0.00,98077.00,47.72,-122.06,3950.00,15277.00
2768100180.00,20140606T000000,595000.00,4.00,2.50,1990.00,2175.00,2.00,0.00,0.00,3.00,8.00,1680.00,310.00,2005.00,0.00,98107.00,47.67,-122.37,1560.00,2087.00
9406700180.00,20150416T000000,419000.00,4.00,2.50,3190.00,4980.00,2.00,0.00,0.00,3.00,9.00,3190.00,0.00,2005.00,0.00,98038.00,47.37,-122.03,2830.00,6720.00
2122059077.00,20140915T000000,198900.00,2.00,1.00,1210.00,18700.00,1.00,0.00,0.00,4.00,7.00,1210.00,0.00,1940.00,0.00,98042.00,47.38,-122.17,2250.00,10048.00
624110610.00,20140515T000000,1085000.00,4.00,3.25,3740.00,12080.00,1.00,0.00,0.00,3.00,10.00,2000.00,1740.00,1988.00,0.00,98077.00,47.72,-122.06,4210.00,15277.00
3575302245.00,20150423T000000,500000.00,3.00,3.50,2150.00,4368.00,2.00,0.00,0.00,3.00,8.00,1610.00,540.00,1998.00,0.00,98074.00,47.62,-122.07,2390.00,16630.00
2287600040.00,20140711T000000,575000.00,4.00,1.75,2440.00,8100.00,1.00,0.00,0.00,4.00,9.00,1620.00,820.00,1960.00,0.00,98177.00,47.72,-122.36,2030.00,8100.00
2026049183.00,20150402T000000,324950.00,2.00,1.50,1230.00,1516.00,3.00,0.00,0.00,3.00,8.00,1230.00,0.00,2000.00,0.00,98125.00,47.73,-122.31,1352.00,1411.00
216500040.00,20150226T000000,259000.00,3.00,2.50,2740.00,7980.00,2.00,0.00,0.00,4.00,7.00,2740.00,0.00,1964.00,0.00,98168.00,47.47,-122.30,1470.00,8611.00
6705800040.00,20140516T000000,551000.00,2.00,2.00,2260.00,9604.00,1.00,0.00,0.00,3.00,9.00,2260.00,0.00,1990.00,0.00,98011.00,47.77,-122.21,2260.00,10747.00
9266701115.00,20140808T000000,488000.00,2.00,1.50,1000.00,5125.00,1.00,0.00,0.00,3.00,7.00,1000.00,0.00,1942.00,1968.00,98103.00,47.69,-122.35,1090.00,5100.00
3811000180.00,20150305T000000,635000.00,4.00,2.25,2350.00,46173.00,2.00,0.00,0.00,4.00,8.00,2350.00,0.00,1980.00,0.00,98053.00,47.67,-122.07,2390.00,36567.00
1561900180.00,20150311T000000,395000.00,3.00,2.50,2300.00,8938.00,2.00,0.00,0.00,3.00,9.00,2300.00,0.00,1989.00,0.00,98031.00,47.42,-122.21,2570.00,9694.00
3432500760.00,20140818T000000,370000.00,3.00,1.00,1440.00,8287.00,1.50,0.00,0.00,4.00,7.00,1440.00,0.00,1928.00,0.00,98155.00,47.74,-122.32,1330.00,8285.00
7465900205.00,20141024T000000,675000.00,4.00,3.00,2780.00,5000.00,1.50,0.00,0.00,5.00,7.00,1710.00,1070.00,1919.00,0.00,98116.00,47.57,-122.38,1150.00,5000.00
6629300120.00,20150402T000000,402000.00,3.00,1.00,1200.00,6825.00,1.00,0.00,0.00,3.00,7.00,1200.00,0.00,1954.00,2013.00,98133.00,47.75,-122.35,1470.00,8100.00
3026059011.00,20140813T000000,825000.00,3.00,2.75,3040.00,24192.00,2.00,0.00,0.00,4.00,10.00,3040.00,0.00,1987.00,0.00,98034.00,47.71,-122.23,2770.00,5728.00
822069029.00,20150217T000000,579000.00,3.00,2.75,2660.00,223027.00,1.00,0.00,0.00,3.00,8.00,1330.00,1330.00,1962.00,2015.00,98038.00,47.41,-122.07,1560.00,222591.00
9826701490.00,20150225T000000,455000.00,5.00,2.00,1510.00,3000.00,2.00,0.00,0.00,3.00,6.00,1510.00,0.00,1983.00,0.00,98122.00,47.60,-122.30,1610.00,3600.00
4137020360.00,20140722T000000,265000.00,3.00,2.50,1780.00,6527.00,2.00,0.00,0.00,3.00,8.00,1780.00,0.00,1989.00,0.00,98092.00,47.26,-122.22,2040.00,8840.00
1115700040.00,20141201T000000,713500.00,5.00,2.75,2920.00,9163.00,1.00,0.00,0.00,4.00,8.00,1520.00,1400.00,1976.00,0.00,98006.00,47.57,-122.17,2250.00,9163.00
1061400180.00,20150106T000000,240000.00,3.00,1.00,1550.00,12670.00,1.00,0.00,0.00,4.00,7.00,1550.00,0.00,1962.00,0.00,98056.00,47.50,-122.17,1550.00,8880.00
820079081.00,20140911T000000,570000.00,4.00,3.00,2710.00,217800.00,2.50,0.00,0.00,3.00,9.00,2710.00,0.00,2006.00,0.00,98022.00,47.24,-121.93,2710.00,217800.00
2524069072.00,20140626T000000,243800.00,3.00,1.00,1140.00,27760.00,1.00,0.00,0.00,4.00,6.00,1140.00,0.00,1981.00,0.00,98027.00,47.54,-121.97,1690.00,87300.00
9521101520.00,20141212T000000,543000.00,2.00,1.00,940.00,3864.00,1.00,0.00,0.00,4.00,8.00,940.00,0.00,1918.00,0.00,98103.00,47.66,-122.35,1440.00,3956.00
5016002240.00,20141008T000000,1010000.00,3.00,2.25,2160.00,7500.00,2.00,0.00,0.00,3.00,10.00,2160.00,0.00,1982.00,0.00,98112.00,47.62,-122.30,1550.00,3839.00
424069010.00,20140721T000000,625000.00,4.00,2.25,2470.00,17008.00,2.00,0.00,0.00,4.00,8.00,2470.00,0.00,1979.00,0.00,98075.00,47.59,-122.05,2470.00,31798.00
5104540610.00,20140925T000000,459950.00,4.00,2.50,2800.00,6567.00,2.00,0.00,0.00,3.00,9.00,2800.00,0.00,2006.00,0.00,98038.00,47.36,-122.00,3400.00,5900.00
8567300150.00,20141031T000000,370000.00,4.00,2.75,2420.00,39704.00,1.00,0.00,0.00,3.00,9.00,2420.00,0.00,1985.00,0.00,98038.00,47.41,-122.03,2760.00,36303.00
2976800749.00,20141031T000000,150000.00,4.00,2.00,1460.00,7254.00,1.00,0.00,0.00,3.00,6.00,1460.00,0.00,1959.00,0.00,98178.00,47.51,-122.25,1460.00,7236.00
7015200790.00,20140624T000000,683500.00,3.00,1.50,1820.00,5756.00,1.50,0.00,0.00,3.00,7.00,1640.00,180.00,1946.00,0.00,98119.00,47.65,-122.37,1760.00,6169.00
2770604104.00,20140604T000000,499950.00,3.00,2.50,1520.00,2208.00,2.00,0.00,0.00,3.00,8.00,1040.00,480.00,2007.00,0.00,98119.00,47.64,-122.37,1610.00,1618.00
1624049092.00,20140630T000000,255000.00,2.00,1.00,1320.00,9967.00,1.00,0.00,0.00,3.00,6.00,940.00,380.00,1919.00,0.00,98108.00,47.57,-122.30,1970.00,7587.00
8078570410.00,20150326T000000,279000.00,3.00,2.50,1920.00,7779.00,2.00,0.00,0.00,3.00,7.00,1920.00,0.00,1989.00,0.00,98031.00,47.40,-122.17,1960.00,7536.00
7974200456.00,20141201T000000,910000.00,5.00,3.00,2640.00,5096.00,2.00,0.00,0.00,3.00,10.00,2640.00,0.00,2009.00,0.00,98115.00,47.68,-122.29,1610.00,5217.00
752000035.00,20140520T000000,699000.00,4.00,2.50,2650.00,7945.00,2.00,0.00,0.00,3.00,9.00,2650.00,0.00,2006.00,0.00,98125.00,47.71,-122.30,1200.00,7920.00
3262300322.00,20150408T000000,1651000.00,4.00,3.25,3640.00,13530.00,1.00,0.00,0.00,3.00,9.00,2570.00,1070.00,1924.00,2000.00,98039.00,47.63,-122.24,2760.00,15000.00
5412300410.00,20150325T000000,248000.00,3.00,1.00,1420.00,8800.00,1.00,0.00,0.00,4.00,6.00,1090.00,330.00,1981.00,0.00,98030.00,47.37,-122.18,1480.00,8000.00
4013200145.00,20141107T000000,429000.00,3.00,1.00,1540.00,37950.00,1.00,0.00,0.00,4.00,7.00,1090.00,450.00,1959.00,0.00,98001.00,47.33,-122.29,1820.00,24375.00
2623039018.00,20141027T000000,685000.00,4.00,1.00,1550.00,15239.00,1.50,1.00,4.00,3.00,6.00,1370.00,180.00,1930.00,0.00,98166.00,47.45,-122.38,1790.00,22047.00
8122100650.00,20140731T000000,316000.00,2.00,1.00,730.00,5040.00,1.00,0.00,0.00,3.00,6.00,730.00,0.00,1927.00,0.00,98126.00,47.54,-122.37,790.00,5040.00
1005000220.00,20150310T000000,410000.00,2.00,1.00,2020.00,7540.00,1.00,0.00,0.00,3.00,7.00,1010.00,1010.00,1921.00,0.00,98118.00,47.54,-122.28,1270.00,4652.00
1023089096.00,20140808T000000,299000.00,3.00,1.00,1200.00,15843.00,1.00,0.00,2.00,3.00,7.00,1200.00,0.00,1955.00,0.00,98045.00,47.50,-121.78,1410.00,15843.00
1392800035.00,20140618T000000,559000.00,2.00,1.00,1240.00,6400.00,1.00,0.00,1.00,4.00,7.00,1060.00,180.00,1938.00,0.00,98126.00,47.55,-122.38,1240.00,6400.00
1523069072.00,20140723T000000,575000.00,3.00,2.25,2680.00,100188.00,2.00,0.00,0.00,4.00,8.00,1580.00,1100.00,1978.00,0.00,98027.00,47.48,-122.02,2540.00,60548.00
519000043.00,20140714T000000,602000.00,3.00,2.50,1640.00,3804.00,2.00,0.00,0.00,3.00,8.00,1640.00,0.00,1998.00,0.00,98122.00,47.61,-122.30,1440.00,3230.00
475000975.00,20140522T000000,492000.00,4.00,2.00,1640.00,5000.00,2.00,0.00,0.00,3.00,7.00,1640.00,0.00,1907.00,1983.00,98107.00,47.67,-122.37,1240.00,5000.00
4142450040.00,20150327T000000,293500.00,3.00,2.50,1610.00,5024.00,2.00,0.00,0.00,3.00,7.00,1610.00,0.00,2004.00,0.00,98038.00,47.38,-122.04,1790.00,3717.00
2824059043.00,20140722T000000,481000.00,3.00,2.75,2290.00,14810.00,1.00,0.00,0.00,5.00,7.00,1400.00,890.00,1967.00,0.00,98056.00,47.53,-122.19,2540.00,8640.00
8558600085.00,20140509T000000,311100.00,4.00,2.25,2130.00,8078.00,1.00,0.00,0.00,4.00,7.00,1380.00,750.00,1977.00,0.00,98055.00,47.45,-122.21,2300.00,8112.00
8649400410.00,20150417T000000,375000.00,3.00,1.75,2140.00,13598.00,1.50,0.00,0.00,4.00,7.00,1620.00,520.00,1970.00,0.00,98014.00,47.71,-121.32,930.00,10150.00
2523089025.00,20150210T000000,1075000.00,3.00,3.00,4020.00,435600.00,1.50,0.00,2.00,3.00,10.00,4020.00,0.00,1999.00,0.00,98045.00,47.44,-121.73,2590.00,283140.00
9512500720.00,20150428T000000,500000.00,5.00,2.50,2030.00,8400.00,1.00,0.00,0.00,3.00,7.00,1330.00,700.00,1968.00,0.00,98052.00,47.67,-122.15,1920.00,8400.00
2461900760.00,20150401T000000,553000.00,3.00,1.00,1380.00,6250.00,1.00,0.00,0.00,4.00,7.00,1380.00,0.00,1918.00,0.00,98136.00,47.55,-122.39,2270.00,6250.00
2877104196.00,20141206T000000,760000.00,3.00,2.00,1780.00,1750.00,1.00,0.00,2.00,3.00,8.00,1400.00,380.00,1927.00,2014.00,98103.00,47.68,-122.36,1780.00,3750.00
2493200325.00,20150509T000000,589500.00,4.00,1.50,1440.00,3200.00,1.00,0.00,1.00,4.00,7.00,960.00,480.00,1960.00,0.00,98136.00,47.53,-122.38,1650.00,6400.00
5210200410.00,20141114T000000,840000.00,5.00,2.75,2790.00,20824.00,1.00,0.00,0.00,3.00,9.00,1680.00,1110.00,1959.00,0.00,98115.00,47.69,-122.28,2380.00,10465.00
1954700410.00,20140801T000000,2546000.00,4.00,3.00,4190.00,8805.00,2.50,0.00,2.00,5.00,9.00,3490.00,700.00,1928.00,0.00,98112.00,47.62,-122.28,3780.00,8558.00
9253900210.00,20140707T000000,1275000.00,3.00,2.50,3870.00,46609.00,2.00,0.00,3.00,3.00,9.00,3870.00,0.00,1997.00,0.00,98008.00,47.60,-122.11,4030.00,17880.00
984000450.00,20141201T000000,260000.00,3.00,2.50,1850.00,7875.00,1.00,0.00,0.00,3.00,7.00,1250.00,600.00,1968.00,0.00,98058.00,47.43,-122.17,1930.00,8062.00
993002247.00,20140716T000000,430000.00,3.00,2.25,1550.00,1469.00,3.00,0.00,0.00,3.00,8.00,1550.00,0.00,2004.00,0.00,98103.00,47.69,-122.34,1520.00,1465.00
7517500610.00,20150304T000000,781000.00,3.00,2.50,1920.00,1896.00,3.00,0.00,3.00,3.00,8.00,1920.00,0.00,2000.00,0.00,98103.00,47.66,-122.36,1670.00,2994.00
3438500981.00,20150328T000000,280000.00,2.00,1.00,790.00,13170.00,1.00,0.00,0.00,3.00,6.00,790.00,0.00,1947.00,0.00,98106.00,47.55,-122.36,970.00,12700.00
2011400021.00,20140701T000000,392000.00,5.00,2.25,3740.00,32481.00,1.50,0.00,0.00,3.00,8.00,2240.00,1500.00,1958.00,0.00,98198.00,47.40,-122.31,2040.00,11398.00
4038100360.00,20150210T000000,466200.00,3.00,1.50,1340.00,8856.00,1.00,0.00,0.00,4.00,7.00,1340.00,0.00,1959.00,0.00,98008.00,47.61,-122.13,1850.00,8740.00
2028700360.00,20140523T000000,641000.00,3.00,1.75,1620.00,3975.00,1.00,0.00,0.00,5.00,7.00,940.00,680.00,1926.00,0.00,98117.00,47.68,-122.37,1320.00,3922.00
9144100035.00,20150324T000000,350000.00,3.00,1.00,1680.00,8010.00,1.00,0.00,0.00,3.00,7.00,840.00,840.00,1951.00,0.00,98117.00,47.70,-122.38,1890.00,8778.00
8665050530.00,20150204T000000,450000.00,3.00,2.00,1610.00,4364.00,2.00,0.00,0.00,3.00,8.00,1610.00,0.00,1996.00,0.00,98029.00,47.57,-122.00,2010.00,4364.00
5425700205.00,20140520T000000,1800000.00,4.00,3.50,4460.00,16953.00,1.00,0.00,0.00,3.00,9.00,2550.00,1910.00,1962.00,1994.00,98039.00,47.63,-122.23,1980.00,13370.00
7399100040.00,20150309T000000,185000.00,3.00,1.50,1200.00,1848.00,2.00,0.00,0.00,3.00,8.00,1200.00,0.00,1966.00,0.00,98055.00,47.47,-122.19,1270.00,1848.00
7809200035.00,20150123T000000,290000.00,2.00,1.00,1250.00,12507.00,1.00,0.00,0.00,5.00,7.00,1250.00,0.00,1958.00,0.00,98056.00,47.50,-122.18,1250.00,12498.00
1825069072.00,20150430T000000,964000.00,3.00,2.50,3630.00,9475.00,2.00,0.00,0.00,3.00,11.00,3630.00,0.00,1999.00,0.00,98074.00,47.65,-122.09,3250.00,11605.00
2524049318.00,20140528T000000,2000000.00,4.00,3.00,4260.00,18000.00,2.00,0.00,2.00,3.00,11.00,4260.00,0.00,2000.00,0.00,98040.00,47.54,-122.24,3540.00,17015.00
7527200360.00,20140611T000000,545000.00,3.00,2.50,2180.00,15693.00,1.00,0.00,0.00,4.00,8.00,1850.00,330.00,1979.00,0.00,98075.00,47.59,-122.08,2270.00,24000.00
3041700035.00,20150312T000000,609950.00,3.00,2.25,1760.00,10350.00,1.00,0.00,0.00,4.00,7.00,1330.00,430.00,1979.00,0.00,98033.00,47.66,-122.19,2210.00,11337.00
625049318.00,20140804T000000,605000.00,4.00,2.00,1820.00,7626.00,1.00,0.00,0.00,5.00,7.00,990.00,830.00,1941.00,0.00,98103.00,47.69,-122.34,1390.00,5904.00
6071400360.00,20140908T000000,550000.00,4.00,2.50,2120.00,9163.00,1.00,0.00,0.00,4.00,8.00,1450.00,670.00,1961.00,0.00,98006.00,47.56,-122.17,2120.00,9166.00
8127700720.00,20150120T000000,905000.00,4.00,2.75,2730.00,4268.00,2.00,0.00,1.00,3.00,9.00,2730.00,0.00,2009.00,0.00,98199.00,47.64,-122.40,2340.00,5000.00
1402650360.00,20141023T000000,384200.00,3.00,2.50,2430.00,7613.00,2.00,0.00,0.00,4.00,8.00,2430.00,0.00,1986.00,0.00,98058.00,47.44,-122.14,2440.00,8342.00
3277800845.00,20140711T000000,370000.00,3.00,1.00,1170.00,1105.00,1.00,0.00,0.00,3.00,7.00,1170.00,0.00,1965.00,0.00,98126.00,47.54,-122.38,1380.00,1399.00
2771603050.00,20141204T000000,717500.00,3.00,1.00,2090.00,4000.00,1.50,0.00,2.00,3.00,8.00,1890.00,200.00,1931.00,0.00,98199.00,47.64,-122.39,2090.00,4000.00
1068000150.00,20150501T000000,1999000.00,4.00,3.25,3910.00,7500.00,2.00,0.00,2.00,4.00,11.00,2550.00,1360.00,1933.00,0.00,98199.00,47.64,-122.41,3070.00,7500.00
126039213.00,20141203T000000,365500.00,2.00,1.00,1140.00,15624.00,1.00,0.00,0.00,4.00,6.00,1140.00,0.00,1909.00,0.00,98177.00,47.77,-122.37,2110.00,15493.00
7537300210.00,20150128T000000,580000.00,2.00,1.50,1460.00,5700.00,1.50,0.00,0.00,3.00,7.00,1460.00,0.00,1912.00,0.00,98115.00,47.68,-122.31,1780.00,3800.00
764000155.00,20141107T000000,415000.00,4.00,1.50,2700.00,14760.00,1.50,0.00,0.00,5.00,9.00,2700.00,0.00,1940.00,0.00,98022.00,47.20,-122.00,1670.00,7200.00
7454000555.00,20150113T000000,272000.00,2.00,1.00,670.00,6300.00,1.00,0.00,0.00,4.00,6.00,670.00,0.00,1942.00,0.00,98126.00,47.51,-122.37,740.00,6300.00
2215500205.00,20140505T000000,600000.00,3.00,1.75,1880.00,6360.00,1.00,0.00,0.00,4.00,7.00,1040.00,840.00,1945.00,0.00,98115.00,47.69,-122.29,1770.00,6175.00
3013300085.00,20140515T000000,744000.00,4.00,3.00,1980.00,5352.00,2.50,0.00,0.00,3.00,8.00,1980.00,0.00,1941.00,2005.00,98136.00,47.53,-122.39,1680.00,5352.00
3760500222.00,20140603T000000,830000.00,3.00,3.00,2080.00,10521.00,1.50,0.00,0.00,3.00,9.00,2080.00,0.00,2004.00,0.00,98034.00,47.70,-122.23,3730.00,11840.00
6145601312.00,20141029T000000,322000.00,3.00,3.25,1380.00,1225.00,3.00,0.00,0.00,3.00,7.00,1380.00,0.00,2000.00,0.00,98133.00,47.70,-122.35,1380.00,1704.00
3750605674.00,20140917T000000,270000.00,3.00,2.50,1808.00,19200.00,1.00,0.00,0.00,3.00,8.00,1808.00,0.00,2005.00,0.00,98001.00,47.26,-122.28,1450.00,14400.00
1001200035.00,20150306T000000,272450.00,3.00,1.00,1350.00,7973.00,1.50,0.00,0.00,3.00,7.00,1350.00,0.00,1954.00,0.00,98188.00,47.43,-122.29,1310.00,7491.00
2768300736.00,20150408T000000,605000.00,3.00,3.00,1760.00,2114.00,2.00,0.00,0.00,3.00,7.00,1400.00,360.00,2008.00,0.00,98107.00,47.67,-122.37,1300.00,1500.00
5255300150.00,20150511T000000,510000.00,3.00,1.75,1950.00,8325.00,1.00,0.00,0.00,4.00,7.00,1950.00,0.00,1962.00,0.00,98011.00,47.77,-122.20,1950.00,8325.00
5015001215.00,20150423T000000,1125000.00,4.00,3.50,3170.00,4000.00,2.00,0.00,0.00,3.00,10.00,2340.00,830.00,1999.00,0.00,98112.00,47.63,-122.30,1770.00,4000.00
4219400580.00,20140612T000000,1688000.00,4.00,2.50,3000.00,7500.00,2.00,0.00,0.00,3.00,9.00,3000.00,0.00,1937.00,1994.00,98105.00,47.66,-122.28,2580.00,5000.00
6151800612.00,20150107T000000,162000.00,4.00,1.00,1460.00,16638.00,1.00,0.00,0.00,4.00,6.00,1460.00,0.00,1975.00,0.00,98010.00,47.34,-122.05,1460.00,16638.00
7893207510.00,20150506T000000,337500.00,3.00,1.75,1350.00,5850.00,1.00,0.00,0.00,4.00,7.00,1050.00,300.00,1973.00,0.00,98198.00,47.42,-122.33,1710.00,7757.00
8899200720.00,20150331T000000,312000.00,3.00,2.25,1470.00,7857.00,1.00,0.00,0.00,4.00,7.00,1180.00,290.00,1973.00,0.00,98055.00,47.45,-122.21,1900.00,7600.00
7167000040.00,20140813T000000,740000.00,4.00,3.00,3350.00,199253.00,2.00,0.00,0.00,3.00,10.00,3350.00,0.00,2004.00,0.00,98010.00,47.36,-121.99,3350.00,183897.00
7167000040.00,20150305T000000,700000.00,4.00,3.00,3350.00,199253.00,2.00,0.00,0.00,3.00,10.00,3350.00,0.00,2004.00,0.00,98010.00,47.36,-121.99,3350.00,183897.00
7771300035.00,20140925T000000,328000.00,4.00,1.00,1360.00,8136.00,1.00,0.00,0.00,3.00,7.00,1360.00,0.00,1948.00,0.00,98133.00,47.74,-122.33,1570.00,8132.00
7967700530.00,20150213T000000,241000.00,3.00,1.00,1020.00,7538.00,1.00,0.00,0.00,3.00,7.00,1020.00,0.00,1981.00,0.00,98032.00,47.36,-122.29,1650.00,7201.00
6669150790.00,20140731T000000,265000.00,3.00,2.25,1840.00,6750.00,1.00,0.00,0.00,4.00,7.00,1270.00,570.00,1980.00,0.00,98031.00,47.41,-122.17,1750.00,7004.00
1921059213.00,20150327T000000,246000.00,5.00,1.75,2030.00,10200.00,1.00,0.00,0.00,4.00,7.00,2030.00,0.00,1958.00,0.00,98002.00,47.29,-122.21,1760.00,11550.00
723049533.00,20140930T000000,271000.00,4.00,1.75,1490.00,9112.00,1.00,0.00,0.00,3.00,6.00,970.00,520.00,1940.00,0.00,98146.00,47.50,-122.35,1650.00,8411.00
797000276.00,20140625T000000,270000.00,2.00,1.00,2060.00,8398.00,1.00,0.00,0.00,3.00,7.00,1260.00,800.00,1962.00,0.00,98168.00,47.51,-122.32,1690.00,13495.00
6381500720.00,20141117T000000,395000.00,4.00,2.00,2240.00,7085.00,1.50,0.00,0.00,3.00,7.00,2240.00,0.00,1944.00,1992.00,98125.00,47.73,-122.31,1440.00,7085.00
3812400789.00,20140731T000000,340000.00,3.00,2.00,1460.00,5715.00,1.00,0.00,0.00,3.00,7.00,1460.00,0.00,1957.00,2014.00,98118.00,47.54,-122.28,1400.00,5715.00
3451000206.00,20141016T000000,340000.00,3.00,1.75,2140.00,13260.00,1.00,0.00,0.00,3.00,7.00,1240.00,900.00,1948.00,0.00,98146.00,47.51,-122.35,1640.00,13260.00
8165501540.00,20150306T000000,335000.00,2.00,2.25,1420.00,1246.00,2.00,0.00,0.00,3.00,8.00,1420.00,0.00,2007.00,0.00,98106.00,47.54,-122.37,1420.00,1826.00
3131201563.00,20140625T000000,435000.00,2.00,1.00,1060.00,3036.00,1.50,0.00,0.00,4.00,6.00,1060.00,0.00,1943.00,0.00,98105.00,47.66,-122.32,1730.00,5535.00
6813600365.00,20141009T000000,527950.00,4.00,1.75,1760.00,3600.00,1.00,0.00,0.00,5.00,7.00,880.00,880.00,1926.00,0.00,98103.00,47.69,-122.33,1500.00,5580.00
1822039138.00,20150227T000000,600000.00,2.00,2.25,2320.00,18919.00,2.00,1.00,4.00,4.00,8.00,2320.00,0.00,1976.00,0.00,98070.00,47.39,-122.46,1610.00,18919.00
4443800555.00,20140716T000000,667000.00,3.00,1.75,1770.00,3880.00,1.00,0.00,0.00,3.00,8.00,1300.00,470.00,1963.00,0.00,98117.00,47.68,-122.39,1430.00,3880.00
627300145.00,20140814T000000,1148000.00,10.00,5.25,4590.00,10920.00,1.00,0.00,2.00,3.00,9.00,2500.00,2090.00,2008.00,0.00,98004.00,47.59,-122.11,2730.00,10400.00
9133600120.00,20150408T000000,417000.00,3.00,2.50,2040.00,11211.00,2.00,0.00,0.00,3.00,8.00,2040.00,0.00,2000.00,0.00,98055.00,47.49,-122.22,1830.00,11964.00
2354300910.00,20150310T000000,451000.00,4.00,1.75,1260.00,7250.00,1.00,0.00,0.00,3.00,6.00,1260.00,0.00,1943.00,0.00,98027.00,47.53,-122.03,1880.00,7250.00
6917700665.00,20150218T000000,580000.00,2.00,1.00,1650.00,9780.00,1.00,0.00,0.00,3.00,7.00,950.00,700.00,1943.00,0.00,98199.00,47.65,-122.39,1650.00,5458.00
7214710210.00,20141217T000000,570000.00,4.00,2.25,2380.00,36446.00,2.00,0.00,0.00,4.00,8.00,2380.00,0.00,1977.00,0.00,98077.00,47.76,-122.07,2790.00,40005.00
2649500155.00,20140610T000000,750000.00,5.00,3.25,2750.00,7500.00,2.00,0.00,1.00,3.00,7.00,2150.00,600.00,1937.00,1997.00,98033.00,47.66,-122.20,2750.00,7500.00
3343301385.00,20140527T000000,685000.00,3.00,2.50,2810.00,7700.00,2.00,0.00,0.00,3.00,9.00,2810.00,0.00,2001.00,0.00,98006.00,47.55,-122.19,2910.00,8250.00
1237500720.00,20141226T000000,275000.00,3.00,2.00,1340.00,9764.00,1.00,0.00,0.00,3.00,7.00,1340.00,0.00,1944.00,0.00,98052.00,47.68,-122.16,1310.00,9764.00
1724069043.00,20140618T000000,739888.00,3.00,2.50,2420.00,43177.00,2.00,0.00,4.00,4.00,8.00,1690.00,730.00,1989.00,0.00,98075.00,47.57,-122.06,3740.00,8717.00
8682210650.00,20140527T000000,715000.00,2.00,2.50,2160.00,5581.00,1.00,0.00,0.00,3.00,8.00,2160.00,0.00,2002.00,0.00,98053.00,47.70,-122.02,2315.00,5652.00
2025049025.00,20150325T000000,800000.00,4.00,2.00,2450.00,4400.00,1.00,0.00,0.00,3.00,7.00,1450.00,1000.00,1913.00,1980.00,98102.00,47.64,-122.33,1890.00,1386.00
7883605695.00,20141124T000000,350000.00,3.00,1.50,1870.00,9000.00,1.00,0.00,0.00,3.00,7.00,1120.00,750.00,1923.00,0.00,98108.00,47.52,-122.32,1850.00,6000.00
2120069003.00,20141124T000000,220000.00,3.00,1.00,1000.00,223462.00,1.00,0.00,2.00,4.00,6.00,1000.00,0.00,1933.00,0.00,98022.00,47.21,-122.04,1710.00,105850.00
7852130720.00,20141009T000000,452500.00,3.00,2.50,2240.00,7791.00,2.00,0.00,0.00,3.00,7.00,2240.00,0.00,2002.00,0.00,98065.00,47.54,-121.88,2480.00,5018.00
3832060120.00,20150316T000000,280000.00,4.00,2.50,2200.00,5893.00,2.00,0.00,0.00,3.00,7.00,2200.00,0.00,2008.00,0.00,98042.00,47.33,-122.06,2200.00,5757.00
4356200120.00,20141023T000000,248000.00,1.00,1.00,790.00,12000.00,1.00,0.00,0.00,3.00,6.00,790.00,0.00,1918.00,0.00,98118.00,47.51,-122.27,1900.00,6000.00
4073200124.00,20150417T000000,305000.00,2.00,1.00,890.00,7200.00,1.00,0.00,0.00,3.00,7.00,740.00,150.00,1949.00,0.00,98115.00,47.70,-122.28,1290.00,7200.00
2113700790.00,20150312T000000,435010.00,3.00,1.00,1270.00,4000.00,1.00,0.00,0.00,3.00,7.00,1120.00,150.00,1954.00,0.00,98106.00,47.53,-122.35,1220.00,4600.00
9274202620.00,20140718T000000,678100.00,3.00,1.75,1850.00,2860.00,1.50,0.00,0.00,5.00,8.00,1210.00,640.00,1931.00,0.00,98116.00,47.59,-122.39,1660.00,3120.00
2026049124.00,20140509T000000,325000.00,3.00,2.25,1352.00,1694.00,3.00,0.00,0.00,3.00,8.00,1352.00,0.00,2007.00,0.00,98125.00,47.73,-122.32,1439.00,1387.00
1828000760.00,20140714T000000,529950.00,3.00,2.00,1540.00,8400.00,1.00,0.00,0.00,3.00,7.00,1180.00,360.00,1968.00,0.00,98052.00,47.66,-122.13,1550.00,8760.00
6187700175.00,20141223T000000,440000.00,3.00,1.75,1640.00,8529.00,1.00,0.00,0.00,5.00,7.00,1640.00,0.00,1951.00,0.00,98155.00,47.78,-122.32,1730.00,7769.00
6371500040.00,20150316T000000,585000.00,3.00,1.00,1350.00,4800.00,1.50,0.00,0.00,3.00,7.00,1350.00,0.00,1928.00,0.00,98116.00,47.57,-122.41,1360.00,4800.00
8929000040.00,20140820T000000,462608.00,3.00,2.50,2010.00,2778.00,2.00,0.00,0.00,3.00,8.00,1390.00,620.00,2014.00,0.00,98029.00,47.55,-122.00,1540.00,1689.00
2970800145.00,20150407T000000,350500.00,3.00,1.75,2080.00,5200.00,1.00,0.00,0.00,3.00,7.00,1040.00,1040.00,1974.00,0.00,98166.00,47.47,-122.35,1410.00,6550.00
8588000610.00,20141110T000000,210000.00,3.00,1.00,1040.00,8125.00,1.00,0.00,0.00,3.00,7.00,1040.00,0.00,1956.00,0.00,98003.00,47.32,-122.32,1200.00,9375.00
3905080870.00,20150206T000000,510000.00,3.00,2.50,1890.00,5929.00,2.00,0.00,0.00,3.00,8.00,1890.00,0.00,1993.00,0.00,98029.00,47.57,-121.99,2060.00,5775.00
2457200040.00,20150506T000000,280000.00,3.00,2.25,1810.00,7630.00,1.00,0.00,0.00,4.00,7.00,1810.00,0.00,1959.00,0.00,98056.00,47.50,-122.18,1830.00,7594.00
3971700580.00,20150303T000000,385000.00,3.00,1.75,1930.00,14389.00,1.00,0.00,0.00,3.00,7.00,1130.00,800.00,1963.00,1998.00,98155.00,47.77,-122.32,1730.00,14378.00
7304300760.00,20140625T000000,349000.00,3.00,1.00,1010.00,8184.00,1.00,0.00,0.00,4.00,6.00,1010.00,0.00,1947.00,0.00,98155.00,47.74,-122.32,1010.00,8184.00
5561720180.00,20140826T000000,252000.00,3.00,2.25,1740.00,10836.00,1.00,0.00,0.00,3.00,7.00,910.00,830.00,1981.00,0.00,98031.00,47.40,-122.17,2090.00,7500.00
1370801565.00,20141030T000000,1100000.00,4.00,2.50,2910.00,8881.00,2.00,0.00,1.00,3.00,10.00,1940.00,970.00,1932.00,0.00,98199.00,47.64,-122.41,2540.00,5250.00
1822350180.00,20141211T000000,375000.00,3.00,2.25,1330.00,8004.00,2.00,0.00,0.00,3.00,7.00,1330.00,0.00,1985.00,0.00,98034.00,47.71,-122.22,1300.00,7971.00
1310900610.00,20140714T000000,336000.00,4.00,2.25,2210.00,11700.00,2.00,0.00,0.00,4.00,8.00,2210.00,0.00,1967.00,0.00,98032.00,47.36,-122.28,2040.00,9000.00
9285800330.00,20140702T000000,732000.00,3.00,3.75,2670.00,6517.00,2.50,0.00,4.00,4.00,8.00,2020.00,650.00,1977.00,0.00,98126.00,47.57,-122.38,2010.00,6073.00
6620400205.00,20140806T000000,200000.00,2.00,1.00,1000.00,6227.00,1.00,0.00,0.00,3.00,6.00,1000.00,0.00,1949.00,0.00,98168.00,47.51,-122.33,1240.00,6250.00
1644510040.00,20140528T000000,681716.00,4.00,2.50,3150.00,7277.00,2.00,0.00,0.00,3.00,9.00,3150.00,0.00,2006.00,0.00,98056.00,47.52,-122.20,3030.00,8643.00
6151800606.00,20150225T000000,235000.00,3.00,1.75,1520.00,12246.00,1.00,0.00,0.00,4.00,6.00,1520.00,0.00,1971.00,0.00,98010.00,47.34,-122.05,1460.00,12246.00
5245600120.00,20141009T000000,257500.00,3.00,1.00,1690.00,13825.00,1.00,0.00,0.00,3.00,7.00,1210.00,480.00,1955.00,0.00,98148.00,47.43,-122.32,1190.00,9450.00
8951900065.00,20140929T000000,315000.00,3.00,1.00,1070.00,9497.00,1.00,0.00,0.00,3.00,7.00,1070.00,0.00,1955.00,0.00,98028.00,47.74,-122.23,1710.00,9561.00
226039186.00,20140520T000000,299950.00,3.00,1.00,910.00,8000.00,1.00,0.00,0.00,4.00,6.00,740.00,170.00,1950.00,0.00,98177.00,47.77,-122.38,2090.00,9007.00
3558900450.00,20140711T000000,530000.00,4.00,2.25,2130.00,8640.00,1.00,0.00,0.00,3.00,7.00,1430.00,700.00,1969.00,0.00,98034.00,47.71,-122.20,2120.00,8826.00
3179100790.00,20140915T000000,766500.00,2.00,1.75,2230.00,6930.00,1.00,0.00,0.00,4.00,8.00,1530.00,700.00,1947.00,0.00,98105.00,47.67,-122.28,1970.00,6930.00
9808590210.00,20140513T000000,860000.00,4.00,2.50,3560.00,11119.00,1.00,0.00,2.00,3.00,10.00,2290.00,1270.00,1986.00,0.00,98004.00,47.65,-122.19,3290.00,11385.00
1781500220.00,20150131T000000,690000.00,3.00,2.50,2590.00,4961.00,2.00,0.00,0.00,3.00,9.00,2590.00,0.00,1944.00,2007.00,98126.00,47.53,-122.38,1230.00,4961.00
3126049052.00,20150318T000000,551000.00,4.00,1.75,2040.00,6348.00,1.00,0.00,0.00,3.00,7.00,1020.00,1020.00,1962.00,0.00,98103.00,47.70,-122.34,1770.00,5047.00
8677900120.00,20141121T000000,530000.00,3.00,2.75,2100.00,20150.00,1.00,0.00,0.00,4.00,7.00,2100.00,0.00,1955.00,0.00,98034.00,47.72,-122.25,2100.00,15500.00
5408100035.00,20150420T000000,568000.00,3.00,1.00,1340.00,7260.00,1.50,0.00,0.00,3.00,7.00,1340.00,0.00,1953.00,0.00,98125.00,47.70,-122.30,1830.00,6822.00
3827600040.00,20140520T000000,749950.00,3.00,2.50,2770.00,10773.00,2.00,0.00,2.00,3.00,9.00,2770.00,0.00,1992.00,0.00,98008.00,47.58,-122.12,2530.00,10423.00
7504100910.00,20141006T000000,535000.00,3.00,2.50,2400.00,12546.00,1.00,0.00,0.00,3.00,9.00,2400.00,0.00,1983.00,0.00,98074.00,47.63,-122.04,2940.00,12150.00
2068500210.00,20150409T000000,234300.00,3.00,1.00,1140.00,9779.00,1.00,0.00,0.00,3.00,7.00,1140.00,0.00,1963.00,0.00,98055.00,47.42,-122.20,1520.00,9814.00
2172000035.00,20140821T000000,190000.00,2.00,1.00,930.00,11450.00,1.00,0.00,0.00,3.00,6.00,930.00,0.00,1946.00,0.00,98178.00,47.49,-122.26,1150.00,11450.00
4039400410.00,20141010T000000,525000.00,4.00,1.75,1820.00,6600.00,1.00,0.00,0.00,5.00,7.00,1820.00,0.00,1960.00,0.00,98007.00,47.61,-122.14,1430.00,8800.00
7519000580.00,20141106T000000,610000.00,4.00,1.00,1390.00,3708.00,1.50,0.00,0.00,4.00,7.00,1390.00,0.00,1926.00,0.00,98117.00,47.69,-122.36,1430.00,3708.00
9828702266.00,20141003T000000,520000.00,3.00,2.50,1480.00,1165.00,3.00,0.00,0.00,3.00,8.00,1480.00,0.00,2006.00,0.00,98144.00,47.62,-122.30,1480.00,1231.00
2770602170.00,20150422T000000,375000.00,2.00,1.00,760.00,6000.00,1.00,0.00,0.00,3.00,6.00,760.00,0.00,1942.00,0.00,98199.00,47.65,-122.38,1360.00,6000.00
3260100330.00,20140528T000000,600000.00,3.00,1.75,1580.00,7416.00,1.00,0.00,0.00,3.00,7.00,1150.00,430.00,1967.00,0.00,98005.00,47.61,-122.17,1730.00,7416.00
925059219.00,20141023T000000,664000.00,4.00,2.50,1870.00,16200.00,1.00,0.00,0.00,5.00,8.00,1250.00,620.00,1974.00,0.00,98033.00,47.67,-122.17,2000.00,11250.00
1257201010.00,20150504T000000,698000.00,2.00,1.00,1510.00,4080.00,1.00,0.00,0.00,3.00,7.00,1010.00,500.00,1923.00,0.00,98103.00,47.67,-122.33,1660.00,4080.00
476000333.00,20140827T000000,418000.00,3.00,2.00,1250.00,1306.00,3.00,0.00,0.00,3.00,7.00,1250.00,0.00,2001.00,0.00,98107.00,47.67,-122.39,1320.00,1250.00
1721059218.00,20140818T000000,271675.00,3.00,1.75,2140.00,13068.00,1.00,0.00,0.00,4.00,7.00,1460.00,680.00,1974.00,0.00,98092.00,47.31,-122.20,2090.00,17424.00
6400700220.00,20150507T000000,450000.00,3.00,1.00,1540.00,9028.00,1.00,0.00,0.00,4.00,6.00,1540.00,0.00,1968.00,0.00,98033.00,47.67,-122.18,1450.00,9028.00
524069115.00,20140509T000000,759000.00,3.00,2.25,2950.00,78843.00,1.50,0.00,0.00,3.00,9.00,2950.00,0.00,2006.00,0.00,98075.00,47.59,-122.07,3880.00,78843.00
8818900155.00,20150115T000000,599950.00,6.00,3.00,2020.00,4129.00,1.00,0.00,0.00,3.00,7.00,1230.00,790.00,1994.00,0.00,98105.00,47.66,-122.32,2080.00,4080.00
2321300325.00,20150122T000000,810000.00,4.00,2.75,2820.00,5000.00,1.50,0.00,0.00,3.00,8.00,2170.00,650.00,1927.00,0.00,98199.00,47.64,-122.39,1740.00,5000.00
2131200925.00,20140729T000000,331292.00,3.00,1.75,1660.00,10000.00,1.00,0.00,0.00,3.00,7.00,1660.00,0.00,1972.00,0.00,98019.00,47.74,-121.98,1770.00,10000.00
3726800220.00,20150406T000000,348000.00,3.00,1.75,1830.00,2417.00,1.00,0.00,0.00,3.00,7.00,930.00,900.00,1919.00,0.00,98144.00,47.57,-122.31,1320.00,3200.00
3488300085.00,20140919T000000,435000.00,2.00,1.00,720.00,5600.00,1.00,0.00,0.00,4.00,7.00,720.00,0.00,1920.00,0.00,98116.00,47.56,-122.39,1330.00,5600.00
6415100297.00,20150219T000000,530000.00,3.00,2.50,2160.00,9063.00,2.00,0.00,0.00,3.00,8.00,2160.00,0.00,1992.00,0.00,98133.00,47.73,-122.33,2160.00,9063.00
9265400210.00,20140922T000000,227000.00,3.00,1.75,1510.00,9837.00,2.00,0.00,0.00,3.00,7.00,1510.00,0.00,1989.00,0.00,98001.00,47.26,-122.26,1470.00,8054.00
2787000040.00,20141003T000000,285000.00,3.00,1.50,1870.00,42070.00,1.00,0.00,0.00,3.00,7.00,1870.00,0.00,1953.00,0.00,98168.00,47.51,-122.31,1870.00,19965.00
3425059218.00,20150317T000000,740000.00,4.00,2.25,2860.00,26136.00,1.00,0.00,0.00,3.00,8.00,1640.00,1220.00,1977.00,0.00,98005.00,47.60,-122.16,2670.00,25040.00
1591600676.00,20150311T000000,246000.00,3.00,1.00,990.00,9145.00,1.50,0.00,0.00,4.00,6.00,990.00,0.00,1939.00,0.00,98146.00,47.50,-122.36,1640.00,8320.00
2843200085.00,20150217T000000,260000.00,3.00,1.00,1910.00,8710.00,1.00,0.00,0.00,3.00,7.00,1080.00,830.00,1954.00,0.00,98168.00,47.50,-122.30,1460.00,8944.00
2561320120.00,20140811T000000,366000.00,3.00,2.00,1350.00,10200.00,1.00,0.00,0.00,3.00,7.00,1350.00,0.00,1977.00,0.00,98074.00,47.62,-122.05,1820.00,9600.00
8835400775.00,20141026T000000,594950.00,4.00,3.25,2557.00,9480.00,2.00,0.00,2.00,3.00,7.00,2557.00,0.00,1948.00,1993.00,98118.00,47.54,-122.26,2220.00,8340.00
2767704525.00,20150327T000000,608000.00,3.00,2.75,2610.00,5000.00,2.00,0.00,0.00,4.00,7.00,1710.00,900.00,1946.00,0.00,98107.00,47.67,-122.37,1500.00,5000.00
3343901848.00,20150408T000000,313100.00,3.00,2.00,1720.00,11875.00,1.00,0.00,0.00,5.00,6.00,1720.00,0.00,1905.00,0.00,98056.00,47.51,-122.19,1860.00,7500.00
7137800085.00,20141003T000000,185000.00,3.00,1.75,1170.00,9085.00,1.00,0.00,0.00,3.00,7.00,1170.00,0.00,1967.00,0.00,98023.00,47.28,-122.35,1230.00,9085.00
1443500925.00,20150504T000000,455000.00,2.00,1.00,1140.00,11480.00,1.00,0.00,0.00,3.00,6.00,1140.00,0.00,1907.00,0.00,98118.00,47.53,-122.27,1550.00,8150.00
8731800210.00,20140711T000000,235000.00,3.00,2.50,2350.00,9051.00,1.00,0.00,0.00,4.00,8.00,1570.00,780.00,1966.00,0.00,98023.00,47.31,-122.36,2270.00,8748.00
8155000040.00,20141030T000000,230000.00,3.00,1.00,1020.00,12289.00,1.00,0.00,0.00,4.00,7.00,1020.00,0.00,1967.00,0.00,98058.00,47.42,-122.16,1300.00,9894.00
9279200910.00,20141120T000000,770000.00,4.00,2.25,2730.00,5000.00,1.00,0.00,0.00,5.00,7.00,1460.00,1270.00,1955.00,0.00,98116.00,47.58,-122.39,2010.00,5000.00
7697920150.00,20141002T000000,240000.00,4.00,2.25,1830.00,7614.00,2.00,0.00,0.00,3.00,7.00,1830.00,0.00,1991.00,0.00,98030.00,47.37,-122.18,1860.00,6930.00
7202290620.00,20150219T000000,461000.00,3.00,2.50,1690.00,3026.00,2.00,0.00,0.00,3.00,7.00,1690.00,0.00,2002.00,0.00,98053.00,47.69,-122.04,1650.00,3161.00
5093301285.00,20150327T000000,1580000.00,4.00,2.50,2900.00,10500.00,1.00,0.00,3.00,5.00,8.00,1450.00,1450.00,1963.00,0.00,98040.00,47.58,-122.25,2900.00,9201.00
1524069044.00,20141009T000000,1822500.00,4.00,4.50,6380.00,88714.00,2.00,0.00,0.00,3.00,12.00,6380.00,0.00,2006.00,0.00,98029.00,47.56,-122.02,3040.00,7113.00
7202340450.00,20141123T000000,452000.00,3.00,2.50,1690.00,4000.00,2.00,0.00,0.00,3.00,7.00,1690.00,0.00,2004.00,0.00,98053.00,47.68,-122.03,1690.00,4000.00
3629921120.00,20141003T000000,765000.00,4.00,2.50,2660.00,5043.00,2.00,0.00,2.00,3.00,9.00,2660.00,0.00,2003.00,0.00,98029.00,47.54,-122.00,3010.00,5500.00
524069020.00,20150422T000000,1050000.00,4.00,4.00,4550.00,54013.00,1.00,0.00,1.00,4.00,9.00,2300.00,2250.00,1989.00,0.00,98075.00,47.60,-122.08,3540.00,39634.00
2273600410.00,20150505T000000,546000.00,3.00,3.00,1530.00,9999.00,1.00,0.00,0.00,4.00,7.00,1150.00,380.00,1983.00,0.00,98033.00,47.69,-122.19,1530.00,8556.00
3186600515.00,20150122T000000,781000.00,3.00,2.50,2070.00,4463.00,1.50,0.00,0.00,5.00,8.00,1780.00,290.00,1931.00,0.00,98115.00,47.69,-122.31,2070.00,5000.00
7923000360.00,20150120T000000,538000.00,4.00,1.75,1880.00,7953.00,1.00,0.00,0.00,4.00,7.00,1880.00,0.00,1965.00,0.00,98008.00,47.58,-122.12,1750.00,8591.00
6678900150.00,20140819T000000,790000.00,4.00,2.50,2240.00,8664.00,1.00,0.00,0.00,5.00,8.00,1470.00,770.00,1975.00,0.00,98033.00,47.66,-122.19,2210.00,8860.00
9482700455.00,20141021T000000,696500.00,4.00,2.75,2540.00,4400.00,1.50,0.00,0.00,5.00,7.00,1630.00,910.00,1925.00,0.00,98103.00,47.68,-122.34,1560.00,3920.00
3861500330.00,20150430T000000,276000.00,3.00,2.00,1370.00,8137.00,1.00,0.00,0.00,4.00,7.00,1370.00,0.00,1988.00,0.00,98003.00,47.28,-122.30,1660.00,8840.00
6163901033.00,20140902T000000,269000.00,2.00,1.00,770.00,8612.00,1.00,0.00,0.00,3.00,6.00,770.00,0.00,1953.00,0.00,98155.00,47.75,-122.32,1290.00,8407.00
2426039123.00,20150130T000000,2415000.00,5.00,4.75,7880.00,24250.00,2.00,0.00,2.00,3.00,13.00,7880.00,0.00,1996.00,0.00,98177.00,47.73,-122.36,2740.00,10761.00
624069003.00,20150102T000000,829000.00,4.00,2.75,2970.00,59677.00,1.00,0.00,2.00,4.00,8.00,1610.00,1360.00,1973.00,0.00,98075.00,47.60,-122.08,2930.00,42489.00
7454000145.00,20150306T000000,122000.00,2.00,1.00,740.00,6840.00,1.00,0.00,0.00,3.00,6.00,740.00,0.00,1942.00,0.00,98126.00,47.52,-122.37,740.00,6840.00
4402700230.00,20140821T000000,352500.00,3.00,1.50,1360.00,7680.00,1.00,0.00,0.00,3.00,7.00,1360.00,0.00,1955.00,0.00,98133.00,47.74,-122.34,1630.00,7679.00
1432701510.00,20141021T000000,249000.00,4.00,2.00,1280.00,7560.00,1.00,0.00,0.00,5.00,6.00,1280.00,0.00,1959.00,0.00,98058.00,47.45,-122.18,1250.00,7690.00
1115100119.00,20141208T000000,360000.00,4.00,2.00,1920.00,7803.00,1.00,0.00,0.00,3.00,7.00,1080.00,840.00,1962.00,0.00,98155.00,47.76,-122.33,1940.00,8147.00
2553300120.00,20150504T000000,629500.00,3.00,2.00,2020.00,10584.00,1.00,0.00,0.00,3.00,10.00,2020.00,0.00,1994.00,0.00,98075.00,47.59,-122.03,3030.00,9870.00
2481630180.00,20140625T000000,1140000.00,4.00,2.25,3310.00,127631.00,2.00,0.00,0.00,5.00,9.00,3310.00,0.00,1924.00,1956.00,98072.00,47.73,-122.13,3830.00,43959.00
2525049246.00,20141017T000000,1550000.00,2.00,2.25,2950.00,15593.00,1.00,0.00,0.00,4.00,8.00,1560.00,1390.00,1942.00,1986.00,98039.00,47.62,-122.24,2060.00,19855.00
7236300065.00,20140718T000000,275000.00,3.00,1.50,1320.00,7695.00,1.00,0.00,0.00,4.00,7.00,1320.00,0.00,1959.00,0.00,98056.00,47.49,-122.18,1370.00,8295.00
1854900330.00,20140909T000000,697000.00,4.00,2.50,3160.00,6961.00,2.00,0.00,0.00,3.00,8.00,3160.00,0.00,2005.00,0.00,98074.00,47.61,-122.01,3110.00,5058.00
203101210.00,20140507T000000,379500.00,2.00,1.00,1640.00,17335.00,1.00,0.00,0.00,3.00,7.00,840.00,800.00,1978.00,0.00,98053.00,47.64,-121.95,2440.00,17850.00
622100074.00,20141110T000000,720000.00,3.00,2.75,2440.00,76531.00,1.00,0.00,0.00,3.00,10.00,1640.00,800.00,1980.00,0.00,98072.00,47.77,-122.16,1890.00,10042.00
5014600180.00,20140513T000000,675000.00,4.00,2.50,3000.00,5548.00,2.00,0.00,0.00,3.00,9.00,3000.00,0.00,2006.00,0.00,98059.00,47.54,-122.19,2870.00,5000.00
809002295.00,20141029T000000,1169000.00,5.00,2.50,2810.00,6000.00,2.50,0.00,0.00,3.00,9.00,2810.00,0.00,1907.00,0.00,98109.00,47.64,-122.35,2240.00,4800.00
7533800325.00,20140520T000000,1100000.00,3.00,2.00,2390.00,6888.00,2.00,0.00,1.00,5.00,8.00,2390.00,0.00,1939.00,0.00,98115.00,47.68,-122.27,2390.00,7920.00
5637500180.00,20140612T000000,520000.00,4.00,1.00,2080.00,3500.00,1.50,0.00,0.00,5.00,7.00,1260.00,820.00,1926.00,0.00,98136.00,47.54,-122.38,1380.00,5900.00
3971700981.00,20141003T000000,415000.00,3.00,1.75,2650.00,7500.00,1.50,0.00,0.00,4.00,7.00,1590.00,1060.00,1962.00,0.00,98155.00,47.77,-122.32,1340.00,7500.00
2267000453.00,20140627T000000,415000.00,3.00,2.50,1060.00,1536.00,2.00,0.00,0.00,3.00,8.00,1060.00,0.00,2000.00,0.00,98117.00,47.69,-122.40,1220.00,1316.00
5029000120.00,20150407T000000,450000.00,3.00,2.25,1940.00,8312.00,1.00,0.00,1.00,4.00,7.00,1220.00,720.00,1963.00,0.00,98166.00,47.46,-122.35,2060.00,9503.00
3735900325.00,20150427T000000,485000.00,2.00,1.00,1080.00,4080.00,1.00,0.00,0.00,3.00,8.00,1080.00,0.00,1948.00,0.00,98115.00,47.69,-122.32,1890.00,4080.00
6187100360.00,20150427T000000,294000.00,3.00,2.25,1700.00,9600.00,2.00,0.00,0.00,3.00,7.00,1700.00,0.00,1984.00,0.00,98042.00,47.39,-122.16,1930.00,9600.00
7237500530.00,20140709T000000,1037000.00,4.00,3.50,4440.00,10660.00,2.00,0.00,0.00,3.00,11.00,4440.00,0.00,2003.00,0.00,98059.00,47.53,-122.14,4390.00,9976.00
2207500880.00,20140728T000000,690000.00,3.00,1.00,1580.00,4000.00,2.00,0.00,0.00,3.00,8.00,1580.00,0.00,1905.00,0.00,98102.00,47.64,-122.32,2190.00,4000.00
7937900220.00,20141009T000000,716500.00,5.00,2.75,3630.00,38461.00,2.00,0.00,0.00,3.00,11.00,3630.00,0.00,2000.00,0.00,98058.00,47.43,-122.09,4440.00,50378.00
2767603615.00,20140903T000000,481000.00,2.00,2.25,1290.00,1137.00,3.00,0.00,0.00,3.00,8.00,1290.00,0.00,2007.00,0.00,98107.00,47.67,-122.38,1290.00,1332.00
8121100325.00,20150419T000000,575000.00,4.00,2.75,1960.00,4635.00,1.00,0.00,0.00,4.00,7.00,1000.00,960.00,1968.00,0.00,98118.00,47.57,-122.29,1830.00,6180.00
8712100720.00,20140815T000000,785000.00,3.00,2.00,2090.00,5015.00,1.50,0.00,0.00,5.00,7.00,2090.00,0.00,1920.00,0.00,98112.00,47.64,-122.30,1930.00,4250.00
1223059081.00,20150325T000000,480000.00,3.00,1.75,1960.00,43995.00,1.00,0.00,0.00,3.00,7.00,1960.00,0.00,1970.00,0.00,98059.00,47.49,-122.11,1960.00,42253.00
9323610180.00,20140819T000000,720000.00,3.00,2.25,2120.00,9297.00,2.00,0.00,0.00,4.00,8.00,2120.00,0.00,1981.00,0.00,98006.00,47.56,-122.15,2620.00,10352.00
2722059275.00,20150512T000000,536000.00,3.00,2.75,2290.00,34548.00,2.00,0.00,3.00,4.00,7.00,2290.00,0.00,1984.00,0.00,98042.00,47.37,-122.16,399.00,275299.00
1545800205.00,20140613T000000,324900.00,4.00,2.50,1880.00,7965.00,2.00,0.00,0.00,3.00,7.00,1880.00,0.00,2000.00,0.00,98038.00,47.36,-122.05,1570.00,7584.00
4303200555.00,20140815T000000,265000.00,2.00,1.00,770.00,5160.00,1.00,0.00,0.00,3.00,6.00,770.00,0.00,1943.00,0.00,98106.00,47.53,-122.36,920.00,5160.00
2267000730.00,20140701T000000,545000.00,3.00,2.50,1530.00,3210.00,1.50,0.00,0.00,5.00,7.00,1010.00,520.00,1928.00,0.00,98117.00,47.69,-122.39,1330.00,4410.00
1926049154.00,20150115T000000,465000.00,2.00,1.50,1450.00,27075.00,1.00,0.00,0.00,3.00,7.00,1450.00,0.00,1940.00,0.00,98133.00,47.73,-122.35,1890.00,10599.00
3300790540.00,20150109T000000,292500.00,3.00,2.25,1690.00,7320.00,2.00,0.00,0.00,3.00,7.00,1690.00,0.00,1987.00,0.00,98198.00,47.39,-122.32,1520.00,7450.00
2652501215.00,20140702T000000,860000.00,4.00,1.75,1880.00,3720.00,1.50,0.00,0.00,4.00,7.00,1880.00,0.00,1924.00,0.00,98109.00,47.64,-122.36,2090.00,4095.00
2426059124.00,20141216T000000,1045000.00,4.00,3.25,4160.00,47480.00,2.00,0.00,0.00,3.00,10.00,4160.00,0.00,1995.00,0.00,98072.00,47.73,-122.12,3400.00,40428.00
164000237.00,20140612T000000,495000.00,4.00,2.50,2140.00,7245.00,2.00,0.00,0.00,3.00,7.00,2140.00,0.00,2003.00,0.00,98133.00,47.73,-122.35,2080.00,7875.00
1453602283.00,20150507T000000,342000.00,2.00,2.00,1320.00,1462.00,3.00,0.00,0.00,3.00,7.00,1320.00,0.00,1997.00,0.00,98125.00,47.72,-122.29,1430.00,1650.00
8081650330.00,20140625T000000,320000.00,4.00,2.50,2000.00,10051.00,2.00,0.00,0.00,3.00,7.00,2000.00,0.00,1997.00,0.00,98038.00,47.36,-122.03,2000.00,6686.00
3797000205.00,20140924T000000,444000.00,3.00,2.00,1460.00,2610.00,2.00,0.00,0.00,3.00,8.00,1460.00,0.00,1987.00,0.00,98103.00,47.69,-122.35,1320.00,3000.00
8921000040.00,20140625T000000,804100.00,4.00,2.50,3070.00,8086.00,2.00,0.00,0.00,3.00,10.00,3070.00,0.00,2005.00,0.00,98059.00,47.54,-122.16,3320.00,10738.00
6791100410.00,20140919T000000,432000.00,3.00,2.50,1660.00,15000.00,1.00,0.00,0.00,4.00,7.00,1660.00,0.00,1970.00,0.00,98075.00,47.58,-122.05,2060.00,15015.00
7224000450.00,20141230T000000,230000.00,6.00,1.50,1810.00,4838.00,1.50,0.00,0.00,4.00,5.00,1050.00,760.00,1905.00,0.00,98055.00,47.49,-122.20,1300.00,4838.00
3303980650.00,20140827T000000,935000.00,4.00,3.50,3510.00,11200.00,2.00,0.00,0.00,3.00,11.00,3510.00,0.00,2001.00,0.00,98059.00,47.52,-122.15,3600.00,12124.00
7589200191.00,20140807T000000,634950.00,3.00,3.00,2180.00,2650.00,1.50,0.00,0.00,5.00,8.00,1410.00,770.00,1930.00,0.00,98117.00,47.69,-122.38,1570.00,4820.00
9547200530.00,20150112T000000,780000.00,6.00,4.00,3300.00,5720.00,1.00,0.00,0.00,3.00,8.00,1960.00,1340.00,1963.00,0.00,98115.00,47.68,-122.31,2030.00,4080.00
8635751120.00,20140519T000000,611000.00,4.00,2.50,2460.00,4200.00,2.00,0.00,0.00,3.00,8.00,2460.00,0.00,1998.00,0.00,98074.00,47.60,-122.02,2330.00,4200.00
1982201465.00,20141121T000000,475999.00,4.00,1.75,1880.00,4175.00,1.50,0.00,0.00,3.00,7.00,1090.00,790.00,1944.00,0.00,98107.00,47.66,-122.36,1700.00,3758.00
8648700450.00,20141216T000000,565000.00,3.00,2.00,2290.00,9450.00,1.00,0.00,0.00,3.00,9.00,1670.00,620.00,1979.00,0.00,98008.00,47.57,-122.10,2750.00,11700.00
3586501085.00,20140808T000000,630000.00,4.00,2.50,2290.00,26720.00,2.00,0.00,0.00,3.00,8.00,2290.00,0.00,1977.00,0.00,98177.00,47.75,-122.37,2290.00,26720.00
7701990040.00,20140617T000000,840000.00,4.00,3.50,3860.00,18334.00,2.00,0.00,0.00,3.00,10.00,3120.00,740.00,1996.00,0.00,98077.00,47.71,-122.08,3550.00,18334.00
3420069060.00,20141107T000000,790000.00,3.00,2.50,2640.00,432036.00,1.50,0.00,3.00,3.00,10.00,2640.00,0.00,1996.00,0.00,98022.00,47.18,-122.04,1500.00,560617.00
1822069052.00,20140709T000000,450000.00,5.00,2.50,2850.00,209523.00,1.00,0.00,0.00,4.00,7.00,1930.00,920.00,1925.00,1968.00,98058.00,47.39,-122.09,2220.00,209523.00
4385701285.00,20141223T000000,1272000.00,4.00,3.25,3020.00,4000.00,1.50,0.00,0.00,5.00,8.00,1920.00,1100.00,1927.00,0.00,98112.00,47.64,-122.28,2400.00,4000.00
2810600210.00,20150422T000000,520000.00,3.00,2.00,1510.00,3760.00,1.00,0.00,0.00,5.00,7.00,930.00,580.00,1925.00,0.00,98136.00,47.54,-122.39,1510.00,3760.00
1624049170.00,20141017T000000,446800.00,4.00,2.00,2410.00,8712.00,1.00,0.00,0.00,3.00,7.00,1260.00,1150.00,1958.00,0.00,98144.00,47.57,-122.30,2220.00,6038.00
871001085.00,20150129T000000,652000.00,3.00,1.00,1470.00,6122.00,1.00,0.00,0.00,3.00,8.00,1200.00,270.00,1948.00,0.00,98199.00,47.65,-122.41,2200.00,6122.00
4104500191.00,20140522T000000,1170000.00,3.00,2.75,2890.00,12130.00,2.00,0.00,3.00,4.00,10.00,2830.00,60.00,1987.00,0.00,98033.00,47.65,-122.20,2415.00,11538.00
98030530.00,20140610T000000,745000.00,4.00,3.25,3490.00,7024.00,2.00,0.00,0.00,3.00,10.00,3490.00,0.00,2006.00,0.00,98075.00,47.58,-121.97,3450.00,6866.00
1025049115.00,20140625T000000,594000.00,3.00,2.25,1270.00,1406.00,2.00,0.00,0.00,3.00,8.00,1060.00,210.00,2014.00,0.00,98105.00,47.66,-122.28,1160.00,1327.00
9331800580.00,20150310T000000,257000.00,2.00,1.00,1000.00,3700.00,1.00,0.00,0.00,3.00,6.00,800.00,200.00,1929.00,0.00,98118.00,47.55,-122.29,1270.00,5000.00
9826701320.00,20140701T000000,485000.00,4.00,1.75,1430.00,4096.00,2.00,0.00,0.00,3.00,7.00,1430.00,0.00,1900.00,0.00,98122.00,47.60,-122.31,1640.00,3377.00
2426049079.00,20150506T000000,330000.00,3.00,1.00,1060.00,20040.00,1.00,0.00,0.00,3.00,6.00,1060.00,0.00,1943.00,0.00,98034.00,47.73,-122.24,1768.00,10800.00
204000175.00,20140731T000000,381000.00,3.00,2.00,1680.00,8946.00,1.00,0.00,0.00,3.00,6.00,940.00,740.00,1996.00,0.00,98053.00,47.64,-121.97,1550.00,11625.00
822039004.00,20140613T000000,849900.00,2.00,2.00,2280.00,641203.00,2.00,0.00,0.00,3.00,9.00,2280.00,0.00,1990.00,0.00,98070.00,47.41,-122.46,2030.00,224334.00
3735900205.00,20150402T000000,793000.00,4.00,2.50,2450.00,4080.00,1.50,0.00,0.00,4.00,8.00,1490.00,960.00,1930.00,0.00,98115.00,47.69,-122.32,2000.00,4080.00
823000174.00,20140728T000000,920000.00,3.00,2.25,3650.00,5353.00,2.00,0.00,4.00,4.00,7.00,2200.00,1450.00,1947.00,0.00,98144.00,47.59,-122.29,1950.00,4970.00
3300701575.00,20150422T000000,455000.00,2.00,1.00,830.00,4000.00,1.00,0.00,0.00,4.00,6.00,830.00,0.00,1947.00,0.00,98117.00,47.69,-122.38,1420.00,4000.00
4128500210.00,20140513T000000,975000.00,4.00,2.50,3490.00,7494.00,2.00,0.00,3.00,3.00,11.00,3490.00,0.00,2000.00,0.00,98006.00,47.56,-122.13,3260.00,8437.00
1934800142.00,20141203T000000,375000.00,2.00,1.50,1050.00,1046.00,2.00,0.00,0.00,3.00,8.00,960.00,90.00,2007.00,0.00,98122.00,47.60,-122.31,1470.00,1768.00
1189000205.00,20150311T000000,400000.00,2.00,2.50,1170.00,1811.00,2.00,0.00,0.00,3.00,8.00,1170.00,0.00,2001.00,0.00,98122.00,47.61,-122.30,1250.00,3146.00
4040800120.00,20150211T000000,447000.00,3.00,1.00,1220.00,7200.00,1.00,0.00,0.00,4.00,7.00,1220.00,0.00,1965.00,0.00,98008.00,47.62,-122.12,1320.00,7200.00
1238501099.00,20141031T000000,470000.00,3.00,1.75,1310.00,8600.00,1.00,0.00,0.00,4.00,7.00,1310.00,0.00,1987.00,0.00,98033.00,47.69,-122.19,2510.00,8515.00
6705870040.00,20141015T000000,665000.00,4.00,2.50,3130.00,7582.00,2.00,0.00,0.00,3.00,8.00,3130.00,0.00,2004.00,0.00,98075.00,47.58,-122.06,2990.00,6441.00
7340601063.00,20140903T000000,295500.00,3.00,1.75,1590.00,41550.00,1.50,0.00,0.00,3.00,6.00,1290.00,300.00,1933.00,1989.00,98168.00,47.48,-122.28,2990.00,6464.00
7212660540.00,20150115T000000,200000.00,4.00,2.50,1720.00,8638.00,2.00,0.00,0.00,3.00,8.00,1720.00,0.00,1994.00,0.00,98003.00,47.27,-122.31,1870.00,7455.00
1426079047.00,20140911T000000,620000.00,3.00,2.25,2520.00,212137.00,2.00,0.00,0.00,3.00,9.00,1590.00,930.00,2005.00,0.00,98019.00,47.74,-121.88,2000.00,212137.00
6817800220.00,20140829T000000,434900.00,3.00,2.00,1520.00,11067.00,1.00,0.00,0.00,3.00,7.00,1140.00,380.00,1983.00,0.00,98074.00,47.63,-122.03,1280.00,11371.00
1336800065.00,20150324T000000,1328000.00,4.00,2.25,3260.00,4640.00,2.00,0.00,0.00,5.00,9.00,2360.00,900.00,1907.00,0.00,98112.00,47.63,-122.31,3240.00,5800.00
9413900035.00,20150109T000000,1650000.00,4.00,3.25,3910.00,7500.00,2.00,0.00,0.00,3.00,10.00,3910.00,0.00,2006.00,0.00,98033.00,47.65,-122.20,2600.00,9235.00
9113200180.00,20140905T000000,852500.00,4.00,2.50,3480.00,6315.00,2.00,0.00,0.00,3.00,9.00,2360.00,1120.00,2000.00,0.00,98052.00,47.68,-122.16,3620.00,5233.00
4215250220.00,20141209T000000,790000.00,3.00,2.50,3040.00,34670.00,2.00,0.00,0.00,4.00,10.00,3040.00,0.00,1983.00,0.00,98072.00,47.76,-122.13,3480.00,35001.00
8563030330.00,20150313T000000,565000.00,4.00,1.75,2030.00,7350.00,1.00,0.00,0.00,3.00,8.00,2030.00,0.00,1966.00,0.00,98008.00,47.63,-122.09,2000.00,7998.00
5634500688.00,20150325T000000,1127500.00,6.00,3.25,3870.00,24700.00,2.00,0.00,0.00,3.00,10.00,2520.00,1350.00,1989.00,0.00,98028.00,47.75,-122.23,2360.00,30030.00
1657530450.00,20141222T000000,289950.00,3.00,2.50,1870.00,1436.00,2.00,0.00,0.00,3.00,7.00,1870.00,0.00,2004.00,0.00,98059.00,47.49,-122.17,1720.00,1852.00
1624059219.00,20141105T000000,850000.00,2.00,2.00,2640.00,13939.00,1.00,0.00,1.00,5.00,8.00,1640.00,1000.00,1963.00,0.00,98006.00,47.56,-122.17,2880.00,14810.00
7942600975.00,20140512T000000,505000.00,4.00,1.75,1940.00,4800.00,1.00,0.00,0.00,5.00,7.00,1030.00,910.00,1922.00,0.00,98122.00,47.61,-122.31,1450.00,4800.00
8835200610.00,20141028T000000,372000.00,3.00,2.50,1710.00,5633.00,2.00,0.00,0.00,3.00,7.00,1710.00,0.00,1981.00,0.00,98034.00,47.72,-122.16,1540.00,5000.00
7524200180.00,20141023T000000,207000.00,4.00,2.00,1690.00,7728.00,1.50,0.00,0.00,4.00,7.00,1690.00,0.00,1967.00,0.00,98198.00,47.37,-122.32,1480.00,8009.00
5451100220.00,20140513T000000,780000.00,3.00,1.75,2340.00,10495.00,1.00,0.00,0.00,4.00,8.00,2340.00,0.00,1967.00,0.00,98040.00,47.54,-122.23,3120.00,11068.00
4047200065.00,20140623T000000,400000.00,4.00,1.75,1700.00,20283.00,1.50,0.00,0.00,3.00,7.00,1340.00,360.00,1965.00,0.00,98019.00,47.77,-121.90,1680.00,21369.00
3374900035.00,20150223T000000,440250.00,3.00,1.50,1850.00,8124.00,1.00,0.00,0.00,4.00,7.00,1850.00,0.00,1948.00,0.00,98177.00,47.73,-122.36,1530.00,8123.00
7010700580.00,20150303T000000,585000.00,2.00,2.00,1370.00,7920.00,1.00,0.00,0.00,3.00,8.00,950.00,420.00,1949.00,0.00,98199.00,47.66,-122.40,1370.00,4680.00
4139440360.00,20140918T000000,850000.00,4.00,2.50,2900.00,9972.00,2.00,0.00,0.00,3.00,9.00,2900.00,0.00,1993.00,0.00,98006.00,47.55,-122.12,2901.00,8567.00
3126049154.00,20140925T000000,570000.00,3.00,3.00,2400.00,3192.00,2.00,0.00,0.00,3.00,7.00,2400.00,0.00,1991.00,0.00,98103.00,47.70,-122.35,1360.00,3192.00
1331900410.00,20140620T000000,869000.00,4.00,3.00,3740.00,30884.00,2.00,0.00,0.00,3.00,9.00,3060.00,680.00,1988.00,0.00,98072.00,47.75,-122.12,3240.00,37031.00
3432501395.00,20140924T000000,551000.00,4.00,2.75,2170.00,5988.00,2.00,0.00,0.00,3.00,8.00,2170.00,0.00,2014.00,0.00,98155.00,47.75,-122.32,1170.00,8147.00
8945100530.00,20150313T000000,172380.00,3.00,1.00,970.00,8378.00,1.00,0.00,0.00,4.00,6.00,970.00,0.00,1962.00,0.00,98023.00,47.31,-122.37,1050.00,8563.00
3121069038.00,20150326T000000,355000.00,3.00,2.50,2620.00,78843.00,1.00,0.00,3.00,4.00,7.00,1310.00,1310.00,1964.00,0.00,98092.00,47.26,-122.09,2330.00,130244.00
4139440730.00,20150225T000000,728935.00,4.00,2.50,2980.00,10194.00,2.00,0.00,0.00,3.00,9.00,2980.00,0.00,1993.00,0.00,98006.00,47.55,-122.12,2980.00,10053.00
9808640040.00,20150306T000000,850000.00,3.00,2.50,2340.00,1919.00,2.00,0.00,2.00,4.00,9.00,2340.00,0.00,1981.00,0.00,98033.00,47.65,-122.20,2415.00,2166.00
423059077.00,20141223T000000,515000.00,5.00,1.75,1880.00,48787.00,2.00,0.00,0.00,3.00,6.00,1880.00,0.00,1922.00,0.00,98059.00,47.51,-122.17,1690.00,8401.00
8005100571.00,20141205T000000,215000.00,2.00,1.00,1480.00,5325.00,1.00,0.00,0.00,4.00,7.00,1120.00,360.00,1925.00,0.00,98022.00,47.21,-121.99,1670.00,5800.00
9324320040.00,20140616T000000,220000.00,4.00,2.50,2240.00,9826.00,1.00,0.00,0.00,4.00,7.00,1370.00,870.00,1988.00,0.00,98023.00,47.31,-122.36,1980.00,9826.00
3825310970.00,20140724T000000,845000.00,4.00,2.50,2940.00,7675.00,2.00,0.00,0.00,3.00,9.00,2940.00,0.00,2004.00,0.00,98052.00,47.71,-122.13,3120.00,6574.00
1930301540.00,20150223T000000,390000.00,1.00,1.00,710.00,4000.00,1.00,0.00,0.00,4.00,6.00,610.00,100.00,1928.00,0.00,98103.00,47.66,-122.35,1440.00,4500.00
723049158.00,20150313T000000,135000.00,4.00,1.00,1460.00,18599.00,1.50,0.00,0.00,3.00,5.00,1460.00,0.00,1940.00,0.00,98146.00,47.50,-122.35,1320.00,8100.00
6116500366.00,20150401T000000,439000.00,3.00,1.00,1530.00,19007.00,1.00,0.00,0.00,4.00,8.00,1290.00,240.00,1949.00,0.00,98166.00,47.45,-122.35,2090.00,20962.00
7954300330.00,20140708T000000,585000.00,4.00,2.50,2630.00,6185.00,2.00,0.00,0.00,3.00,9.00,2630.00,0.00,1999.00,0.00,98056.00,47.52,-122.19,2720.00,6185.00
2346800180.00,20150309T000000,620000.00,5.00,1.00,2230.00,16800.00,1.50,0.00,3.00,4.00,7.00,1700.00,530.00,1923.00,0.00,98136.00,47.52,-122.40,2730.00,18400.00
452001475.00,20140902T000000,477000.00,3.00,1.00,960.00,3600.00,1.00,0.00,0.00,4.00,7.00,960.00,0.00,1906.00,0.00,98117.00,47.68,-122.37,1580.00,5000.00
952006783.00,20141014T000000,399500.00,2.00,1.50,1180.00,1722.00,2.00,0.00,0.00,3.00,8.00,1180.00,0.00,2006.00,0.00,98116.00,47.56,-122.38,1490.00,1469.00
2013802060.00,20140927T000000,500000.00,2.00,1.00,1760.00,27332.00,1.00,1.00,4.00,4.00,7.00,1300.00,460.00,1951.00,0.00,98198.00,47.38,-122.33,2590.00,16630.00
1787600209.00,20140909T000000,432500.00,3.00,2.50,1340.00,8867.00,2.00,0.00,0.00,3.00,8.00,1340.00,0.00,1984.00,0.00,98125.00,47.72,-122.33,1630.00,7287.00
9542100085.00,20141028T000000,940000.00,4.00,2.25,2800.00,18673.00,1.00,0.00,0.00,5.00,9.00,1650.00,1150.00,1965.00,0.00,98005.00,47.59,-122.18,2800.00,15300.00
3025059124.00,20140828T000000,3168750.00,5.00,3.50,4330.00,11979.00,1.00,0.00,4.00,3.00,12.00,2090.00,2240.00,2008.00,0.00,98004.00,47.63,-122.22,4320.00,12000.00
7504021490.00,20140512T000000,1080000.00,3.00,2.50,3720.00,11610.00,2.00,0.00,0.00,3.00,11.00,3720.00,0.00,1982.00,0.00,98074.00,47.64,-122.05,3530.00,11877.00
8651440230.00,20140815T000000,229999.00,4.00,2.00,1670.00,5200.00,1.00,0.00,0.00,4.00,7.00,1030.00,640.00,1977.00,0.00,98042.00,47.37,-122.09,1500.00,5200.00
1003400155.00,20140811T000000,233000.00,3.00,1.00,1100.00,7657.00,1.00,0.00,0.00,3.00,7.00,1100.00,0.00,1955.00,0.00,98188.00,47.44,-122.29,1300.00,8000.00
7852190410.00,20140626T000000,600000.00,3.00,2.50,3240.00,8016.00,2.00,0.00,0.00,3.00,8.00,2910.00,330.00,2004.00,0.00,98065.00,47.54,-121.88,2990.00,7561.00
2968801085.00,20150508T000000,334000.00,4.00,1.50,1680.00,7620.00,1.00,0.00,0.00,4.00,7.00,1180.00,500.00,1965.00,0.00,98166.00,47.46,-122.35,1460.00,7620.00
7771300155.00,20140716T000000,332500.00,3.00,1.00,1030.00,8164.00,1.00,0.00,0.00,4.00,7.00,1030.00,0.00,1950.00,0.00,98133.00,47.74,-122.33,1340.00,8164.00
9320870040.00,20140626T000000,249900.00,3.00,2.50,1630.00,7700.00,1.00,0.00,0.00,3.00,7.00,1120.00,510.00,1978.00,0.00,98031.00,47.39,-122.21,1640.00,8160.00
623049047.00,20141023T000000,310000.00,3.00,2.00,2610.00,12180.00,1.00,0.00,0.00,3.00,7.00,1670.00,940.00,1918.00,0.00,98146.00,47.51,-122.35,1520.00,12180.00
9505100035.00,20141105T000000,200000.00,2.00,1.00,1250.00,8520.00,1.00,0.00,0.00,3.00,6.00,1250.00,0.00,1928.00,0.00,98126.00,47.52,-122.38,1040.00,8520.00
8114000040.00,20140725T000000,310000.00,4.00,1.75,1480.00,11200.00,1.00,0.00,0.00,4.00,7.00,1480.00,0.00,1969.00,0.00,98059.00,47.51,-122.14,1480.00,20310.00
424000145.00,20140707T000000,230000.00,3.00,1.00,1390.00,6000.00,1.00,0.00,0.00,3.00,5.00,1390.00,0.00,1954.00,0.00,98056.00,47.50,-122.18,1170.00,6000.00
7857003953.00,20141020T000000,420000.00,4.00,2.50,1940.00,5414.00,2.00,0.00,0.00,3.00,8.00,1940.00,0.00,1997.00,0.00,98108.00,47.55,-122.30,2050.00,6307.00
3630110220.00,20141012T000000,785000.00,4.00,2.50,2960.00,4750.00,2.00,0.00,0.00,3.00,9.00,2960.00,0.00,2005.00,0.00,98029.00,47.55,-121.99,2960.00,4750.00
251500330.00,20141014T000000,1775000.00,3.00,2.25,4320.00,19225.00,1.00,0.00,0.00,4.00,10.00,2160.00,2160.00,1972.00,0.00,98004.00,47.64,-122.22,3430.00,18469.00
1900600040.00,20140507T000000,265000.00,5.00,1.50,1500.00,7112.00,1.00,0.00,0.00,5.00,6.00,760.00,740.00,1920.00,0.00,98166.00,47.47,-122.35,1200.00,7112.00
6163901383.00,20140923T000000,295000.00,2.00,1.00,840.00,10465.00,1.00,0.00,0.00,3.00,6.00,840.00,0.00,1951.00,0.00,98155.00,47.76,-122.32,1320.00,8515.00
4054530210.00,20150218T000000,896000.00,4.00,2.50,3560.00,46644.00,2.00,0.00,0.00,3.00,11.00,3560.00,0.00,1992.00,0.00,98077.00,47.73,-122.05,3520.00,50261.00
5088500210.00,20150112T000000,415000.00,4.00,2.75,2390.00,9968.00,1.00,0.00,0.00,4.00,9.00,1390.00,1000.00,1989.00,0.00,98038.00,47.37,-122.06,2560.00,12385.00
424500035.00,20150212T000000,250000.00,3.00,1.75,1200.00,5478.00,1.00,0.00,0.00,5.00,6.00,1200.00,0.00,1955.00,0.00,98056.00,47.50,-122.17,1270.00,6855.00
6762700515.00,20150421T000000,1475000.00,3.00,2.50,2570.00,5000.00,2.00,0.00,0.00,3.00,11.00,2570.00,0.00,1984.00,0.00,98102.00,47.63,-122.32,1570.00,5000.00
1562200040.00,20150407T000000,635000.00,5.00,2.25,2180.00,6000.00,1.00,0.00,0.00,4.00,8.00,1430.00,750.00,1966.00,0.00,98007.00,47.62,-122.14,2160.00,8800.00
3401700040.00,20150401T000000,905000.00,3.00,2.50,3450.00,48787.00,2.00,0.00,0.00,3.00,10.00,3450.00,0.00,1987.00,0.00,98072.00,47.74,-122.13,2810.00,41040.00
7202330610.00,20140721T000000,528000.00,3.00,2.50,2020.00,5613.00,2.00,0.00,0.00,3.00,7.00,2020.00,0.00,2003.00,0.00,98053.00,47.68,-122.04,2020.00,4609.00
8835350230.00,20140825T000000,530000.00,3.00,2.50,2480.00,7480.00,2.00,0.00,0.00,3.00,9.00,2480.00,0.00,1992.00,0.00,98072.00,47.77,-122.17,2480.00,7480.00
4057300180.00,20140807T000000,310000.00,3.00,1.50,1140.00,3104.00,2.00,0.00,0.00,3.00,7.00,1140.00,0.00,1988.00,0.00,98029.00,47.57,-122.02,1150.00,2981.00
1023059186.00,20150126T000000,252000.00,3.00,1.00,1530.00,9465.00,1.00,0.00,0.00,4.00,7.00,1530.00,0.00,1960.00,0.00,98059.00,47.49,-122.15,1530.00,9465.00
6672500040.00,20140811T000000,334500.00,3.00,2.00,1700.00,8160.00,1.00,0.00,0.00,3.00,7.00,1120.00,580.00,1961.00,0.00,98133.00,47.74,-122.34,1740.00,8181.00
3265300410.00,20150506T000000,370000.00,3.00,1.00,2150.00,8480.00,1.00,0.00,0.00,3.00,8.00,1610.00,540.00,1951.00,0.00,98115.00,47.70,-122.31,1620.00,5203.00
7549801565.00,20141219T000000,311000.00,3.00,2.00,1190.00,7840.00,1.50,0.00,0.00,4.00,6.00,1190.00,0.00,1918.00,0.00,98108.00,47.55,-122.31,1460.00,3240.00
2114700040.00,20150414T000000,260000.00,3.00,2.75,1730.00,4131.00,2.00,0.00,2.00,3.00,7.00,1480.00,250.00,1975.00,0.00,98106.00,47.53,-122.35,1570.00,4120.00
3375300360.00,20140701T000000,217500.00,3.00,1.75,1400.00,9546.00,1.00,0.00,0.00,4.00,7.00,1400.00,0.00,1984.00,0.00,98003.00,47.32,-122.33,1660.00,8550.00
7237301010.00,20150218T000000,290000.00,3.00,2.50,2200.00,4240.00,2.00,0.00,0.00,3.00,7.00,2200.00,0.00,2003.00,0.00,98042.00,47.37,-122.13,2200.00,4311.00
1245500691.00,20141007T000000,500000.00,3.00,1.50,960.00,4600.00,1.00,0.00,0.00,3.00,6.00,960.00,0.00,1944.00,0.00,98033.00,47.69,-122.21,2230.00,9350.00
1604601225.00,20150420T000000,423500.00,3.00,2.00,1770.00,6000.00,1.00,0.00,3.00,3.00,7.00,1100.00,670.00,1984.00,0.00,98118.00,47.56,-122.29,1300.00,3000.00
5411600180.00,20141224T000000,715000.00,4.00,2.50,2970.00,5722.00,2.00,0.00,0.00,3.00,9.00,2970.00,0.00,2005.00,0.00,98074.00,47.61,-122.04,3940.00,4848.00
3331001115.00,20140728T000000,299000.00,3.00,2.50,1590.00,3121.00,2.00,0.00,0.00,3.00,7.00,1590.00,0.00,1994.00,0.00,98118.00,47.55,-122.28,1090.00,4900.00
11300120.00,20140630T000000,635000.00,3.00,2.50,3350.00,4007.00,2.00,0.00,0.00,3.00,8.00,2550.00,800.00,2005.00,0.00,98034.00,47.73,-122.21,2340.00,4167.00
8691310040.00,20140826T000000,806000.00,4.00,2.50,3370.00,9629.00,2.00,0.00,0.00,3.00,10.00,3370.00,0.00,1999.00,0.00,98075.00,47.59,-121.98,3360.00,10335.00
4307350450.00,20140531T000000,289950.00,3.00,2.50,1960.00,3480.00,2.00,0.00,0.00,3.00,7.00,1960.00,0.00,2004.00,0.00,98056.00,47.48,-122.18,2560.00,3500.00
2460700650.00,20141010T000000,280000.00,3.00,1.75,1360.00,6603.00,1.00,0.00,0.00,4.00,7.00,1360.00,0.00,1981.00,0.00,98058.00,47.46,-122.17,1770.00,7107.00
9558050450.00,20150330T000000,479950.00,3.00,2.50,2780.00,6000.00,2.00,0.00,0.00,3.00,9.00,2780.00,0.00,2004.00,0.00,98058.00,47.46,-122.12,1940.00,3466.00
3793500730.00,20140627T000000,394000.00,4.00,2.50,3000.00,9793.00,2.00,0.00,0.00,3.00,7.00,3000.00,0.00,2002.00,0.00,98038.00,47.37,-122.03,1890.00,7557.00
1026069061.00,20150129T000000,682000.00,4.00,2.50,3600.00,203425.00,2.00,0.00,0.00,3.00,9.00,3400.00,200.00,1979.00,0.00,98077.00,47.76,-122.02,3150.00,202989.00
3797002160.00,20140724T000000,409950.00,2.00,1.00,990.00,3000.00,1.00,0.00,0.00,4.00,6.00,990.00,0.00,1918.00,0.00,98103.00,47.68,-122.35,1120.00,3000.00
1251200155.00,20140911T000000,1000000.00,4.00,3.50,2990.00,4200.00,2.00,0.00,4.00,5.00,9.00,2000.00,990.00,1925.00,0.00,98144.00,47.59,-122.29,2390.00,4200.00
4319200450.00,20150120T000000,436000.00,4.00,1.00,1200.00,6600.00,1.50,0.00,2.00,3.00,7.00,1200.00,0.00,1908.00,0.00,98136.00,47.54,-122.38,1810.00,6600.00
2762600035.00,20140909T000000,279000.00,3.00,1.00,1530.00,15975.00,1.00,0.00,0.00,3.00,7.00,970.00,560.00,1952.00,0.00,98168.00,47.48,-122.33,1540.00,15975.00
9269200150.00,20140715T000000,390000.00,1.00,1.75,1440.00,4920.00,1.00,0.00,0.00,3.00,7.00,720.00,720.00,1923.00,0.00,98126.00,47.53,-122.38,1440.00,4920.00
2623029003.00,20141216T000000,635000.00,3.00,1.75,1940.00,167125.00,1.00,1.00,1.00,4.00,7.00,1480.00,460.00,1955.00,0.00,98070.00,47.46,-122.50,1910.00,127195.00
104560120.00,20140718T000000,304400.00,4.00,2.75,2140.00,8100.00,2.00,0.00,0.00,4.00,7.00,2140.00,0.00,1990.00,0.00,98023.00,47.31,-122.36,1960.00,7002.00
7266200085.00,20150325T000000,780000.00,5.00,1.75,2330.00,3800.00,1.50,0.00,0.00,3.00,7.00,1360.00,970.00,1927.00,0.00,98115.00,47.68,-122.31,2100.00,3800.00
2622029072.00,20141001T000000,520000.00,4.00,3.50,2734.00,210201.00,2.00,0.00,0.00,5.00,8.00,2734.00,0.00,1974.00,0.00,98070.00,47.37,-122.50,2270.00,187308.00
5101406375.00,20150319T000000,580000.00,3.00,1.75,1950.00,10633.00,1.00,0.00,0.00,3.00,7.00,1250.00,700.00,1978.00,0.00,98125.00,47.70,-122.31,1290.00,6380.00
2698200210.00,20140908T000000,274000.00,3.00,1.75,1440.00,7198.00,1.00,0.00,0.00,3.00,7.00,990.00,450.00,1981.00,0.00,98055.00,47.43,-122.19,1550.00,7156.00
1328340120.00,20150209T000000,315000.00,3.00,2.25,1530.00,7906.00,1.00,0.00,0.00,3.00,7.00,1150.00,380.00,1980.00,0.00,98058.00,47.44,-122.14,1460.00,7875.00
2380000040.00,20140806T000000,390000.00,4.00,1.75,1910.00,77574.00,1.00,0.00,0.00,4.00,8.00,1910.00,0.00,1971.00,0.00,98042.00,47.39,-122.12,2130.00,37026.00
5490700085.00,20140911T000000,340000.00,5.00,2.00,1750.00,8220.00,1.00,0.00,0.00,3.00,7.00,1750.00,0.00,1956.00,0.00,98155.00,47.77,-122.32,1210.00,6760.00
1226059101.00,20140701T000000,502000.00,3.00,2.25,1600.00,45613.00,2.00,0.00,0.00,4.00,8.00,1600.00,0.00,1983.00,0.00,98072.00,47.75,-122.12,2320.00,43005.00
1081200360.00,20140806T000000,260000.00,3.00,1.75,1750.00,11180.00,1.00,0.00,0.00,3.00,8.00,1750.00,0.00,1968.00,0.00,98059.00,47.47,-122.12,1730.00,11180.00
148000450.00,20140530T000000,399000.00,2.00,1.00,940.00,4800.00,1.00,0.00,0.00,4.00,6.00,940.00,0.00,1911.00,1955.00,98116.00,47.58,-122.41,980.00,5900.00
7831800395.00,20140515T000000,312500.00,2.00,1.00,880.00,6345.00,1.00,0.00,0.00,3.00,7.00,880.00,0.00,1919.00,0.00,98106.00,47.53,-122.36,1440.00,6345.00
4024101395.00,20140513T000000,370000.00,3.00,1.75,1650.00,8254.00,1.00,0.00,0.00,5.00,7.00,1060.00,590.00,1951.00,0.00,98155.00,47.76,-122.30,2280.00,9450.00
686550040.00,20140619T000000,1240000.00,4.00,3.50,3820.00,13224.00,2.00,0.00,0.00,3.00,10.00,3280.00,540.00,1990.00,0.00,98004.00,47.60,-122.20,3340.00,9700.00
2337000150.00,20150220T000000,230000.00,3.00,1.50,1900.00,9630.00,1.00,0.00,0.00,3.00,8.00,1900.00,0.00,1967.00,0.00,98023.00,47.34,-122.34,2010.00,9630.00
1068000559.00,20141003T000000,1275000.00,4.00,1.75,3720.00,8448.00,1.00,0.00,3.00,4.00,9.00,1960.00,1760.00,1947.00,0.00,98199.00,47.64,-122.41,2540.00,7064.00
7899800120.00,20140820T000000,294350.00,3.00,1.00,1410.00,5120.00,1.50,0.00,0.00,3.00,6.00,1210.00,200.00,1925.00,0.00,98106.00,47.52,-122.36,1330.00,5120.00
425000175.00,20141013T000000,208950.00,3.00,1.00,960.00,5700.00,1.00,0.00,0.00,4.00,5.00,960.00,0.00,1956.00,0.00,98056.00,47.50,-122.17,960.00,5700.00
8682262260.00,20141106T000000,515000.00,2.00,1.75,1930.00,5570.00,1.00,0.00,0.00,3.00,8.00,1930.00,0.00,2005.00,0.00,98053.00,47.72,-122.03,1810.00,5178.00
5608010650.00,20150408T000000,965000.00,4.00,2.50,3420.00,9575.00,2.00,0.00,0.00,3.00,11.00,3420.00,0.00,1994.00,0.00,98027.00,47.55,-122.10,3310.00,8192.00
5350200870.00,20150326T000000,925000.00,4.00,2.75,3010.00,3400.00,2.00,0.00,2.00,3.00,9.00,2240.00,770.00,1923.00,2009.00,98122.00,47.61,-122.28,1940.00,5080.00
1279300085.00,20150318T000000,654500.00,4.00,1.00,1780.00,5000.00,1.50,0.00,0.00,3.00,8.00,1780.00,0.00,1947.00,0.00,98115.00,47.68,-122.30,2030.00,5000.00
1081300450.00,20140814T000000,364000.00,4.00,2.50,2080.00,11050.00,1.00,0.00,0.00,4.00,8.00,2080.00,0.00,1969.00,0.00,98059.00,47.47,-122.12,1850.00,11050.00
8698600395.00,20150324T000000,150000.00,2.00,1.00,1250.00,5208.00,1.00,0.00,0.00,3.00,7.00,1050.00,200.00,1951.00,0.00,98002.00,47.31,-122.22,1030.00,5354.00
5381000072.00,20140514T000000,349950.00,5.00,3.00,2257.00,10117.00,1.00,0.00,0.00,3.00,8.00,1363.00,894.00,2005.00,0.00,98188.00,47.45,-122.28,1540.00,10700.00
2877103111.00,20140825T000000,585000.00,3.00,1.50,1670.00,5000.00,1.50,0.00,0.00,4.00,7.00,1670.00,0.00,1912.00,0.00,98117.00,47.68,-122.36,1750.00,5000.00
2159800120.00,20150317T000000,801501.00,4.00,2.25,2250.00,13500.00,2.00,0.00,0.00,4.00,9.00,2250.00,0.00,1980.00,0.00,98007.00,47.62,-122.15,2730.00,13500.00
2724079061.00,20141010T000000,610000.00,3.00,1.75,1650.00,221720.00,1.00,0.00,0.00,3.00,7.00,1650.00,0.00,1992.00,0.00,98024.00,47.53,-121.90,2520.00,221284.00
1843100610.00,20140521T000000,382000.00,5.00,2.25,2880.00,11965.00,2.00,0.00,0.00,4.00,8.00,2880.00,0.00,1990.00,0.00,98042.00,47.37,-122.12,2370.00,10715.00
120069003.00,20141201T000000,495000.00,4.00,3.00,3620.00,403693.00,2.00,0.00,2.00,3.00,9.00,3620.00,0.00,1980.00,0.00,98022.00,47.25,-121.98,2230.00,148811.00
3226049401.00,20141103T000000,447500.00,3.00,1.75,1950.00,6504.00,1.00,0.00,0.00,3.00,8.00,1530.00,420.00,1953.00,0.00,98115.00,47.69,-122.33,1660.00,6552.00
259800610.00,20150220T000000,575000.00,4.00,2.50,2280.00,9491.00,1.00,0.00,0.00,4.00,7.00,1290.00,990.00,1966.00,0.00,98008.00,47.63,-122.12,1560.00,8050.00
635000145.00,20141007T000000,565000.00,2.00,1.75,1740.00,4736.00,1.50,0.00,2.00,4.00,7.00,1040.00,700.00,1907.00,0.00,98144.00,47.60,-122.29,2020.00,4215.00
3764800540.00,20140522T000000,348580.00,3.00,1.00,1220.00,7876.00,1.00,0.00,0.00,3.00,7.00,1220.00,0.00,1966.00,0.00,98034.00,47.73,-122.20,1340.00,7876.00
6672700120.00,20141016T000000,459000.00,4.00,1.75,2260.00,9703.00,1.00,0.00,0.00,2.00,8.00,1660.00,600.00,1978.00,0.00,98052.00,47.66,-122.15,2390.00,8455.00
2126079124.00,20150402T000000,375000.00,4.00,2.00,1790.00,61419.00,2.00,0.00,2.00,2.00,7.00,1790.00,0.00,1988.00,0.00,98019.00,47.72,-121.91,1790.00,62290.00
2331550120.00,20140904T000000,310000.00,4.00,2.50,2440.00,7093.00,2.00,0.00,0.00,3.00,7.00,2440.00,0.00,1999.00,0.00,98030.00,47.38,-122.20,1860.00,6072.00
2190600243.00,20141118T000000,210000.00,3.00,1.50,1400.00,9600.00,1.00,0.00,0.00,4.00,7.00,1400.00,0.00,1964.00,0.00,98003.00,47.29,-122.30,2210.00,15000.00
7853340330.00,20140911T000000,384205.00,3.00,2.75,1810.00,3292.00,2.00,0.00,0.00,3.00,8.00,1810.00,0.00,2014.00,0.00,98065.00,47.52,-121.88,1810.00,2769.00
3185600040.00,20140522T000000,180000.00,2.00,1.00,1400.00,4500.00,1.00,0.00,0.00,3.00,7.00,900.00,500.00,1922.00,0.00,98055.00,47.49,-122.22,1400.00,5500.00
3185600040.00,20141224T000000,310000.00,2.00,1.00,1400.00,4500.00,1.00,0.00,0.00,3.00,7.00,900.00,500.00,1922.00,0.00,98055.00,47.49,-122.22,1400.00,5500.00
253600180.00,20150203T000000,427500.00,4.00,2.50,2010.00,6294.00,2.00,0.00,0.00,3.00,7.00,2010.00,0.00,2000.00,0.00,98028.00,47.78,-122.24,1870.00,4394.00
7011201475.00,20140527T000000,780000.00,3.00,3.00,2520.00,2152.00,1.50,0.00,0.00,3.00,8.00,1560.00,960.00,1925.00,2006.00,98119.00,47.64,-122.37,1140.00,2152.00
2525049266.00,20140821T000000,1762000.00,3.00,2.25,3060.00,16000.00,2.00,0.00,0.00,3.00,10.00,3060.00,0.00,1988.00,0.00,98039.00,47.62,-122.23,3510.00,13162.00
9542830540.00,20150303T000000,339950.00,4.00,2.50,2150.00,4000.00,2.00,0.00,0.00,3.00,7.00,2150.00,0.00,2010.00,0.00,98038.00,47.37,-122.02,1610.00,4000.00
8965400210.00,20140701T000000,820000.00,3.00,2.25,2880.00,9750.00,2.00,0.00,0.00,3.00,10.00,2880.00,0.00,1989.00,0.00,98006.00,47.56,-122.12,2920.00,11090.00
8682291970.00,20140924T000000,398000.00,2.00,2.00,1300.00,3865.00,1.00,0.00,0.00,3.00,8.00,1300.00,0.00,2006.00,0.00,98053.00,47.72,-122.02,1350.00,4199.00
5561300540.00,20140602T000000,492000.00,3.00,1.75,2770.00,39927.00,1.00,0.00,0.00,4.00,8.00,1580.00,1190.00,1978.00,0.00,98027.00,47.47,-122.00,2420.00,36384.00
2722049092.00,20150108T000000,240000.00,4.00,1.50,1780.00,14810.00,1.00,0.00,0.00,4.00,8.00,1180.00,600.00,1950.00,0.00,98032.00,47.36,-122.29,1450.00,6728.00
5469502380.00,20140609T000000,599950.00,4.00,3.50,3730.00,15029.00,2.00,0.00,2.00,3.00,10.00,2440.00,1290.00,1991.00,0.00,98042.00,47.38,-122.16,3440.00,14280.00
2023049218.00,20140716T000000,105500.00,2.00,1.00,930.00,7740.00,1.00,0.00,0.00,1.00,5.00,930.00,0.00,1932.00,0.00,98148.00,47.46,-122.32,1620.00,8584.00
2023049218.00,20150316T000000,445000.00,2.00,1.00,930.00,7740.00,1.00,0.00,0.00,1.00,5.00,930.00,0.00,1932.00,0.00,98148.00,47.46,-122.32,1620.00,8584.00
1920079103.00,20140911T000000,390500.00,2.00,1.75,1460.00,426450.00,1.00,0.00,0.00,5.00,7.00,960.00,500.00,1966.00,0.00,98022.00,47.21,-121.97,1810.00,17350.00
7760400210.00,20150224T000000,255000.00,3.00,2.00,1310.00,8454.00,1.00,0.00,0.00,3.00,7.00,1310.00,0.00,1994.00,0.00,98042.00,47.37,-122.08,1310.00,8454.00
8078390150.00,20140626T000000,675750.00,4.00,2.50,2770.00,10274.00,2.00,0.00,0.00,3.00,9.00,2770.00,0.00,1989.00,0.00,98029.00,47.57,-122.02,2270.00,7210.00
3528900401.00,20140701T000000,1640000.00,3.00,3.25,3140.00,5445.00,2.00,0.00,3.00,4.00,10.00,2240.00,900.00,1913.00,0.00,98109.00,47.64,-122.35,2950.00,5250.00
5104520720.00,20140930T000000,353500.00,4.00,2.50,1770.00,9239.00,2.00,0.00,0.00,3.00,7.00,1770.00,0.00,2004.00,0.00,98038.00,47.35,-122.01,2150.00,5450.00
8146100580.00,20141020T000000,765000.00,3.00,1.00,1220.00,7585.00,1.00,0.00,0.00,4.00,7.00,1220.00,0.00,1954.00,0.00,98004.00,47.61,-122.19,1380.00,8918.00
7852020620.00,20150303T000000,563500.00,4.00,2.50,2190.00,4944.00,2.00,0.00,0.00,3.00,8.00,2190.00,0.00,1999.00,0.00,98065.00,47.53,-121.87,2190.00,5108.00
5249803010.00,20150121T000000,439000.00,4.00,2.00,1800.00,5465.00,1.00,0.00,0.00,3.00,7.00,900.00,900.00,1942.00,0.00,98118.00,47.56,-122.27,1400.00,5400.00
5459500145.00,20140613T000000,975000.00,5.00,2.75,3100.00,10014.00,1.00,0.00,2.00,4.00,9.00,1660.00,1440.00,1973.00,0.00,98040.00,47.57,-122.21,3230.00,10279.00
7853302110.00,20150406T000000,469900.00,3.00,2.50,2270.00,4399.00,2.00,0.00,0.00,3.00,7.00,2270.00,0.00,2007.00,0.00,98065.00,47.54,-121.88,2060.00,4399.00
7304300905.00,20150423T000000,252000.00,3.00,1.00,1300.00,8184.00,2.00,0.00,0.00,3.00,6.00,1300.00,0.00,1947.00,0.00,98155.00,47.75,-122.32,1120.00,8184.00
6119200085.00,20140612T000000,495000.00,3.00,2.00,1769.00,9300.00,1.00,0.00,0.00,4.00,7.00,1769.00,0.00,1955.00,2009.00,98166.00,47.44,-122.34,1870.00,10226.00
622049106.00,20141202T000000,570000.00,6.00,2.50,3370.00,15625.00,1.00,0.00,0.00,3.00,8.00,1770.00,1600.00,1964.00,0.00,98166.00,47.42,-122.34,2790.00,15681.00
1624049275.00,20140812T000000,327000.00,4.00,2.50,1630.00,5361.00,2.00,0.00,0.00,3.00,7.00,1630.00,0.00,1999.00,0.00,98144.00,47.57,-122.29,1920.00,5046.00
5035300871.00,20141014T000000,898000.00,2.00,2.25,2470.00,7658.00,1.00,0.00,0.00,4.00,8.00,1480.00,990.00,1954.00,0.00,98199.00,47.65,-122.42,2070.00,7270.00
1329500120.00,20150109T000000,300000.00,4.00,2.50,2600.00,8572.00,2.00,0.00,0.00,3.00,8.00,2600.00,0.00,2003.00,0.00,98001.00,47.32,-122.27,2170.00,5288.00
7504400620.00,20150413T000000,418500.00,3.00,2.00,1800.00,12440.00,1.00,0.00,0.00,3.00,8.00,1220.00,580.00,1978.00,0.00,98074.00,47.63,-122.05,2460.00,12352.00
8029550180.00,20150325T000000,450000.00,4.00,2.50,2240.00,4616.00,2.00,0.00,0.00,3.00,7.00,1840.00,400.00,2001.00,0.00,98056.00,47.51,-122.19,2260.00,5200.00
5072200040.00,20140502T000000,403000.00,3.00,2.00,1960.00,13100.00,1.00,0.00,2.00,5.00,8.00,1650.00,310.00,1957.00,0.00,98166.00,47.44,-122.34,1960.00,10518.00
6141100330.00,20140612T000000,440000.00,3.00,1.00,1710.00,6556.00,1.50,0.00,0.00,4.00,7.00,1200.00,510.00,1926.00,0.00,98133.00,47.72,-122.35,1410.00,6563.00
7131300063.00,20150429T000000,350000.00,4.00,1.75,2140.00,4959.00,1.00,0.00,0.00,3.00,7.00,1080.00,1060.00,1965.00,0.00,98118.00,47.52,-122.27,1590.00,5250.00
2807100155.00,20140515T000000,240000.00,3.00,2.00,1400.00,6200.00,1.00,0.00,0.00,3.00,6.00,700.00,700.00,1948.00,0.00,98133.00,47.76,-122.34,1410.00,7564.00
1819800286.00,20140616T000000,460000.00,2.00,1.00,890.00,2100.00,1.00,0.00,0.00,4.00,6.00,760.00,130.00,1919.00,0.00,98107.00,47.66,-122.36,1600.00,4250.00
2663000580.00,20140919T000000,825000.00,4.00,1.00,1820.00,4000.00,2.00,0.00,0.00,3.00,8.00,1820.00,0.00,1923.00,0.00,98102.00,47.63,-122.32,2050.00,4000.00
7749500970.00,20150226T000000,267500.00,3.00,2.25,1860.00,12000.00,1.00,0.00,0.00,4.00,7.00,1860.00,0.00,1976.00,0.00,98092.00,47.29,-122.19,1815.00,9604.00
3599600150.00,20140904T000000,201000.00,3.00,1.00,1220.00,22443.00,1.00,0.00,0.00,4.00,7.00,1220.00,0.00,1972.00,0.00,98001.00,47.26,-122.25,1260.00,19950.00
7853310720.00,20140617T000000,479500.00,3.00,2.75,2300.00,4637.00,2.00,0.00,0.00,3.00,8.00,2300.00,0.00,2008.00,0.00,98065.00,47.52,-121.88,2420.00,5699.00
4239410220.00,20150402T000000,210000.00,2.00,1.00,1520.00,4700.00,2.00,0.00,0.00,4.00,7.00,1520.00,0.00,1978.00,0.00,98092.00,47.32,-122.18,1140.00,3906.00
9136103027.00,20140608T000000,445000.00,2.00,1.00,1440.00,3225.00,1.00,0.00,0.00,3.00,7.00,960.00,480.00,1915.00,0.00,98103.00,47.67,-122.34,1160.00,3630.00
3432501415.00,20140714T000000,265000.00,3.00,1.75,1170.00,8148.00,1.00,0.00,0.00,3.00,7.00,1170.00,0.00,1952.00,0.00,98155.00,47.75,-122.32,1200.00,8147.00
3432501415.00,20141111T000000,399000.00,3.00,1.75,1170.00,8148.00,1.00,0.00,0.00,3.00,7.00,1170.00,0.00,1952.00,0.00,98155.00,47.75,-122.32,1200.00,8147.00
1026069044.00,20141010T000000,785000.00,4.00,2.25,3200.00,53357.00,2.00,0.00,0.00,4.00,9.00,3200.00,0.00,1972.00,0.00,98077.00,47.76,-122.04,2650.00,54014.00
1152600220.00,20140623T000000,831500.00,5.00,2.50,4470.00,35124.00,2.50,0.00,0.00,3.00,11.00,4470.00,0.00,1984.00,0.00,98072.00,47.74,-122.08,4050.00,34118.00
9478500770.00,20150403T000000,360000.00,4.00,2.50,2570.00,4557.00,2.00,0.00,0.00,3.00,7.00,2570.00,0.00,2009.00,0.00,98042.00,47.37,-122.12,2200.00,4500.00
6388920410.00,20150423T000000,655000.00,3.00,2.50,2370.00,7916.00,2.00,0.00,0.00,3.00,9.00,2370.00,0.00,1990.00,0.00,98056.00,47.53,-122.17,2500.00,8221.00
3579800180.00,20150504T000000,449950.00,4.00,1.50,1800.00,10150.00,1.50,0.00,0.00,4.00,7.00,1800.00,0.00,1958.00,0.00,98034.00,47.73,-122.24,1630.00,10660.00
8860300220.00,20150429T000000,612000.00,5.00,2.50,2300.00,7000.00,1.00,0.00,0.00,3.00,8.00,1290.00,1010.00,1975.00,0.00,98052.00,47.69,-122.12,2080.00,7280.00
1823069287.00,20140729T000000,575000.00,3.00,2.50,3240.00,33661.00,2.00,0.00,0.00,3.00,8.00,3240.00,0.00,2001.00,0.00,98059.00,47.48,-122.10,1870.00,43560.00
8854000410.00,20150212T000000,557000.00,3.00,2.50,2280.00,18241.00,1.00,0.00,0.00,3.00,9.00,960.00,1320.00,1995.00,0.00,98011.00,47.75,-122.21,3100.00,12465.00
3344500183.00,20150128T000000,375000.00,4.00,1.75,1870.00,12500.00,1.00,0.00,1.00,5.00,6.00,1030.00,840.00,1943.00,0.00,98056.00,47.51,-122.20,2060.00,14141.00
2891400410.00,20150227T000000,369000.00,3.00,2.25,1820.00,99752.00,1.00,0.00,0.00,4.00,7.00,1820.00,0.00,1969.00,0.00,98092.00,47.28,-122.01,1850.00,117612.00
7129800063.00,20150420T000000,330000.00,5.00,2.75,2390.00,6282.00,1.00,0.00,0.00,4.00,7.00,1290.00,1100.00,1966.00,0.00,98118.00,47.51,-122.26,1690.00,5202.00
3179100220.00,20150427T000000,1031000.00,4.00,1.75,2110.00,6708.00,1.00,0.00,3.00,3.00,8.00,1410.00,700.00,1941.00,0.00,98105.00,47.67,-122.27,2140.00,7006.00
1931300815.00,20150326T000000,550000.00,2.00,1.00,980.00,4800.00,1.00,0.00,0.00,4.00,7.00,980.00,0.00,1910.00,0.00,98103.00,47.66,-122.35,1570.00,2640.00
6163900333.00,20141110T000000,338000.00,3.00,1.75,1250.00,7710.00,1.00,0.00,0.00,4.00,7.00,1250.00,0.00,1947.00,0.00,98155.00,47.76,-122.32,1340.00,7710.00
4389201075.00,20140731T000000,1900000.00,4.00,2.50,3680.00,13351.00,2.00,0.00,2.00,5.00,9.00,3680.00,0.00,1946.00,1982.00,98004.00,47.62,-122.21,3410.00,11700.00
2122700120.00,20140820T000000,235000.00,3.00,1.00,2230.00,8163.00,1.00,0.00,0.00,3.00,7.00,1230.00,1000.00,1966.00,0.00,98118.00,47.52,-122.28,2380.00,6874.00
2291401115.00,20141125T000000,349950.00,1.00,1.00,1230.00,9300.00,1.50,0.00,0.00,4.00,6.00,1230.00,0.00,1918.00,0.00,98133.00,47.71,-122.35,1190.00,6820.00
7229100040.00,20140729T000000,300000.00,5.00,2.50,2093.00,10350.00,1.50,0.00,0.00,5.00,7.00,2093.00,0.00,1963.00,0.00,98058.00,47.45,-122.17,1520.00,10350.00
3204800040.00,20141103T000000,431000.00,3.00,1.75,1660.00,12865.00,1.00,0.00,0.00,5.00,7.00,1660.00,0.00,1967.00,0.00,98056.00,47.54,-122.18,1610.00,12400.00
8092700220.00,20150411T000000,280000.00,5.00,2.50,1630.00,20750.00,1.00,0.00,0.00,4.00,7.00,1100.00,530.00,1975.00,0.00,98042.00,47.37,-122.11,1630.00,8640.00
7503800210.00,20150326T000000,295000.00,4.00,2.50,1677.00,7209.00,2.00,0.00,0.00,3.00,7.00,1677.00,0.00,2011.00,0.00,98023.00,47.30,-122.36,2236.00,7209.00
2781250150.00,20150423T000000,445000.00,4.00,2.50,2990.00,6383.00,2.00,0.00,0.00,3.00,7.00,2990.00,0.00,2003.00,0.00,98038.00,47.35,-122.03,2640.00,6454.00
2024089011.00,20140826T000000,550000.00,5.00,1.00,2150.00,262231.00,1.50,0.00,0.00,3.00,7.00,2150.00,0.00,1900.00,2000.00,98065.00,47.55,-121.80,1460.00,46609.00
2427910040.00,20140826T000000,515000.00,4.00,2.50,2890.00,15067.00,2.00,0.00,0.00,3.00,9.00,2890.00,0.00,2003.00,0.00,98024.00,47.57,-121.91,3090.00,15398.00
3123059107.00,20140520T000000,555000.00,3.00,2.50,3050.00,158558.00,1.00,0.00,0.00,4.00,9.00,3050.00,0.00,1987.00,0.00,98055.00,47.43,-122.21,2960.00,31050.00
7211400506.00,20140908T000000,265000.00,3.00,2.50,1410.00,2500.00,2.00,0.00,0.00,3.00,7.00,1410.00,0.00,2006.00,0.00,98146.00,47.51,-122.36,1290.00,5190.00
8129700085.00,20140924T000000,597000.00,4.00,2.50,2280.00,2432.00,2.00,0.00,0.00,5.00,8.00,1520.00,760.00,1921.00,0.00,98103.00,47.66,-122.36,1690.00,2099.00
3271301175.00,20140815T000000,661000.00,2.00,1.00,1260.00,5800.00,1.00,0.00,0.00,4.00,7.00,1260.00,0.00,1939.00,0.00,98199.00,47.65,-122.41,1830.00,5800.00
7203101970.00,20140715T000000,362764.00,3.00,2.00,1460.00,4350.00,2.00,0.00,0.00,3.00,7.00,1460.00,0.00,2008.00,0.00,98053.00,47.70,-122.03,1740.00,4622.00
1787600146.00,20140821T000000,427000.00,4.00,2.50,1600.00,14000.00,1.00,0.00,0.00,3.00,8.00,1310.00,290.00,1950.00,0.00,98125.00,47.73,-122.33,1600.00,10200.00
5255200220.00,20141205T000000,405000.00,3.00,1.75,2020.00,8531.00,1.00,0.00,0.00,3.00,7.00,2020.00,0.00,1965.00,0.00,98011.00,47.77,-122.20,1950.00,8449.00
937000330.00,20141224T000000,157000.00,3.00,1.50,1170.00,11530.00,1.00,0.00,0.00,3.00,7.00,1170.00,0.00,1960.00,0.00,98198.00,47.42,-122.29,1550.00,8605.00
937000330.00,20150319T000000,246500.00,3.00,1.50,1170.00,11530.00,1.00,0.00,0.00,3.00,7.00,1170.00,0.00,1960.00,0.00,98198.00,47.42,-122.29,1550.00,8605.00
6817800730.00,20150108T000000,386500.00,2.00,1.50,1280.00,11071.00,1.00,0.00,0.00,3.00,7.00,850.00,430.00,1984.00,0.00,98074.00,47.64,-122.03,1280.00,10879.00
1898900040.00,20140606T000000,300000.00,4.00,2.50,2680.00,15508.00,2.00,0.00,0.00,3.00,8.00,2680.00,0.00,1999.00,0.00,98023.00,47.30,-122.39,1960.00,15586.00
9264901510.00,20141107T000000,240000.00,3.00,1.75,1770.00,8571.00,1.00,0.00,0.00,3.00,8.00,1270.00,500.00,1978.00,0.00,98023.00,47.31,-122.34,2120.00,7711.00
3343301490.00,20140909T000000,818500.00,5.00,3.50,4790.00,12957.00,2.00,0.00,1.00,3.00,9.00,3110.00,1680.00,2005.00,0.00,98006.00,47.55,-122.19,2620.00,13538.00
1645000097.00,20140809T000000,249000.00,3.00,1.75,1300.00,8500.00,1.00,0.00,0.00,4.00,7.00,1300.00,0.00,1964.00,0.00,98022.00,47.21,-122.01,1410.00,7800.00
2923501020.00,20140929T000000,580000.00,4.00,2.25,2610.00,7700.00,1.00,0.00,0.00,3.00,8.00,1700.00,910.00,1977.00,0.00,98027.00,47.57,-122.09,2260.00,8266.00
4139900180.00,20150420T000000,2340000.00,4.00,2.50,4500.00,35200.00,1.00,0.00,0.00,3.00,13.00,4500.00,0.00,1988.00,0.00,98006.00,47.55,-122.13,4760.00,35200.00
2621760360.00,20140926T000000,333000.00,4.00,2.50,2100.00,7366.00,2.00,0.00,0.00,3.00,8.00,2100.00,0.00,1997.00,0.00,98042.00,47.37,-122.11,2060.00,7324.00
5702380730.00,20140823T000000,230000.00,2.00,2.00,1340.00,7605.00,1.00,0.00,0.00,3.00,7.00,1340.00,0.00,1992.00,0.00,98022.00,47.19,-121.98,1670.00,7136.00
1604601855.00,20150213T000000,360500.00,3.00,1.00,970.00,6180.00,1.00,0.00,3.00,3.00,6.00,970.00,0.00,1974.00,0.00,98118.00,47.57,-122.29,1120.00,4500.00
6777800150.00,20140722T000000,265000.00,3.00,1.75,2200.00,7200.00,1.00,0.00,0.00,3.00,8.00,1270.00,930.00,1962.00,0.00,98032.00,47.37,-122.28,1800.00,8000.00
1563103040.00,20141025T000000,490000.00,2.00,1.00,990.00,5000.00,1.00,0.00,0.00,3.00,7.00,990.00,0.00,1941.00,0.00,98116.00,47.57,-122.40,2250.00,6032.00
7550800736.00,20150506T000000,600000.00,2.00,1.75,1180.00,5000.00,1.00,0.00,0.00,2.00,7.00,880.00,300.00,1925.00,0.00,98107.00,47.67,-122.40,1470.00,5000.00
1138000410.00,20140915T000000,307500.00,3.00,1.00,980.00,6530.00,1.00,0.00,0.00,3.00,7.00,980.00,0.00,1969.00,0.00,98034.00,47.71,-122.21,1220.00,6723.00
7555220150.00,20141217T000000,670000.00,4.00,2.25,2370.00,9636.00,1.00,0.00,0.00,3.00,8.00,1660.00,710.00,1976.00,0.00,98033.00,47.65,-122.19,2350.00,9588.00
3021059197.00,20141021T000000,247200.00,3.00,1.50,1910.00,10583.00,1.50,0.00,0.00,4.00,7.00,1910.00,0.00,1922.00,1967.00,98002.00,47.28,-122.21,1770.00,9068.00
2923500230.00,20141216T000000,2600000.00,4.00,4.50,5270.00,12195.00,2.00,1.00,4.00,3.00,11.00,3400.00,1870.00,1979.00,0.00,98027.00,47.57,-122.09,3390.00,9905.00
4039500610.00,20140820T000000,440000.00,3.00,1.75,1430.00,8400.00,1.00,0.00,0.00,4.00,7.00,1430.00,0.00,1961.00,0.00,98008.00,47.61,-122.13,1570.00,7800.00
3904910610.00,20150506T000000,700000.00,4.00,2.50,2490.00,7694.00,2.00,0.00,0.00,3.00,8.00,2490.00,0.00,1987.00,0.00,98029.00,47.57,-122.02,2140.00,8126.00
2489200230.00,20150311T000000,756100.00,4.00,2.00,2000.00,8317.00,1.50,0.00,0.00,4.00,8.00,2000.00,0.00,1917.00,0.00,98126.00,47.54,-122.38,1390.00,6001.00
2600100180.00,20141020T000000,555000.00,4.00,2.75,2600.00,19275.00,1.00,0.00,0.00,3.00,8.00,1620.00,980.00,1978.00,0.00,98006.00,47.55,-122.16,2230.00,10119.00
6909200355.00,20150424T000000,830000.00,5.00,3.50,2880.00,3750.00,2.00,0.00,2.00,3.00,8.00,2270.00,610.00,2001.00,0.00,98144.00,47.59,-122.29,2060.00,4000.00
7575500040.00,20141212T000000,180000.00,3.00,1.00,1010.00,8863.00,1.00,0.00,0.00,4.00,6.00,1010.00,0.00,1990.00,0.00,98022.00,47.20,-122.00,1090.00,8410.00
6192400180.00,20141006T000000,775000.00,5.00,3.50,3290.00,5600.00,2.00,0.00,0.00,3.00,9.00,2670.00,620.00,2004.00,0.00,98052.00,47.71,-122.12,3130.00,5600.00
5125400385.00,20140805T000000,220000.00,4.00,1.75,1530.00,18400.00,1.50,0.00,0.00,4.00,6.00,1530.00,0.00,1938.00,0.00,98002.00,47.33,-122.22,1620.00,13535.00
7811100230.00,20140724T000000,650000.00,4.00,2.75,2020.00,15810.00,1.00,0.00,0.00,4.00,9.00,1620.00,400.00,1967.00,0.00,98005.00,47.59,-122.16,2210.00,10160.00
6608500220.00,20141224T000000,410000.00,3.00,1.75,1340.00,9975.00,1.00,0.00,0.00,4.00,7.00,1340.00,0.00,1961.00,0.00,98033.00,47.70,-122.17,1340.00,10050.00
705730180.00,20141021T000000,339995.00,4.00,2.50,2180.00,5367.00,2.00,0.00,0.00,3.00,7.00,2180.00,0.00,2000.00,0.00,98038.00,47.38,-122.02,2180.00,5130.00
4039700870.00,20150219T000000,1160000.00,5.00,1.75,2870.00,9680.00,1.00,0.00,4.00,5.00,9.00,1440.00,1430.00,1966.00,0.00,98008.00,47.61,-122.11,2940.00,9729.00
238000201.00,20140723T000000,440000.00,3.00,2.75,2070.00,9697.00,2.00,0.00,0.00,4.00,7.00,1330.00,740.00,1929.00,0.00,98188.00,47.43,-122.28,2000.00,14436.00
4365700330.00,20140730T000000,275000.00,2.00,1.75,930.00,7080.00,1.00,0.00,0.00,3.00,6.00,930.00,0.00,1923.00,2006.00,98106.00,47.52,-122.36,1100.00,7680.00
4249000230.00,20140829T000000,766000.00,3.00,2.50,2270.00,9822.00,2.00,0.00,0.00,3.00,9.00,2270.00,0.00,1988.00,0.00,98052.00,47.67,-122.14,2790.00,8089.00
1099750610.00,20140710T000000,231500.00,3.00,2.25,1630.00,7900.00,1.00,0.00,0.00,4.00,7.00,1130.00,500.00,1973.00,0.00,98023.00,47.31,-122.38,1630.00,8200.00
3123089010.00,20141229T000000,472000.00,3.00,2.00,2770.00,89298.00,2.00,0.00,0.00,3.00,9.00,2770.00,0.00,2004.00,0.00,98045.00,47.43,-121.84,2040.00,109771.00
9578050120.00,20140808T000000,1325000.00,4.00,2.50,4010.00,37076.00,2.00,0.00,0.00,4.00,12.00,4010.00,0.00,1990.00,0.00,98052.00,47.71,-122.11,4280.00,35326.00
1423049029.00,20150306T000000,265000.00,4.00,1.75,1970.00,8390.00,1.00,0.00,0.00,3.00,7.00,1140.00,830.00,1955.00,0.00,98178.00,47.49,-122.25,1710.00,10890.00
1703900155.00,20141113T000000,325000.00,2.00,1.00,790.00,6000.00,1.00,0.00,0.00,3.00,7.00,790.00,0.00,1948.00,0.00,98118.00,47.55,-122.27,960.00,6000.00
1397300120.00,20140729T000000,364500.00,3.00,1.75,1740.00,8424.00,1.00,0.00,0.00,5.00,7.00,1040.00,700.00,1954.00,0.00,98133.00,47.75,-122.35,1370.00,8424.00
7304301085.00,20150129T000000,322500.00,2.00,1.00,1130.00,8184.00,1.00,0.00,0.00,3.00,6.00,1130.00,0.00,1947.00,0.00,98155.00,47.75,-122.32,1010.00,8184.00
603001020.00,20150416T000000,338900.00,3.00,1.75,1180.00,4000.00,1.00,0.00,0.00,3.00,7.00,1040.00,140.00,1929.00,0.00,98118.00,47.52,-122.28,1430.00,4000.00
5332200530.00,20140613T000000,910000.00,5.00,2.50,2350.00,4000.00,2.00,0.00,0.00,3.00,9.00,2350.00,0.00,1993.00,0.00,98112.00,47.63,-122.30,1840.00,4000.00
5332200530.00,20150424T000000,1015000.00,5.00,2.50,2350.00,4000.00,2.00,0.00,0.00,3.00,9.00,2350.00,0.00,1993.00,0.00,98112.00,47.63,-122.30,1840.00,4000.00
4475800065.00,20140613T000000,459950.00,3.00,1.75,1850.00,6869.00,1.00,0.00,2.00,5.00,6.00,1100.00,750.00,1919.00,1934.00,98166.00,47.46,-122.36,1850.00,10096.00
4305500180.00,20141014T000000,584950.00,4.00,3.00,3220.00,6224.00,1.50,0.00,0.00,3.00,9.00,3220.00,0.00,2009.00,0.00,98059.00,47.48,-122.13,2950.00,6224.00
9269750220.00,20141223T000000,252000.00,3.00,1.75,2050.00,11313.00,1.00,0.00,0.00,3.00,7.00,1520.00,530.00,1987.00,0.00,98023.00,47.28,-122.36,1620.00,8065.00
6802210330.00,20150429T000000,270000.00,3.00,2.50,1430.00,8470.00,1.00,0.00,0.00,3.00,7.00,1190.00,240.00,1992.00,0.00,98022.00,47.19,-121.99,1670.00,8418.00
98020220.00,20141030T000000,750000.00,4.00,2.50,3210.00,8938.00,2.00,0.00,0.00,3.00,10.00,3210.00,0.00,2005.00,0.00,98075.00,47.58,-121.97,3740.00,8108.00
6837700175.00,20141201T000000,775000.00,3.00,1.75,3520.00,12350.00,1.00,0.00,4.00,4.00,8.00,1530.00,1990.00,1960.00,0.00,98116.00,47.58,-122.38,2140.00,7800.00
1895450230.00,20150218T000000,325000.00,3.00,2.50,2260.00,8120.00,2.00,0.00,0.00,3.00,8.00,2260.00,0.00,2004.00,0.00,98023.00,47.29,-122.36,2250.00,7784.00
1853080180.00,20141026T000000,810000.00,5.00,3.25,3290.00,6422.00,2.00,0.00,0.00,3.00,9.00,3290.00,0.00,2012.00,0.00,98074.00,47.59,-122.06,3210.00,6891.00
3582750120.00,20140715T000000,409000.00,2.00,2.25,1640.00,2128.00,2.00,0.00,0.00,4.00,8.00,1640.00,0.00,1974.00,0.00,98028.00,47.75,-122.25,1640.00,2128.00
3319500385.00,20140616T000000,400000.00,4.00,1.75,1580.00,5340.00,1.00,0.00,0.00,3.00,7.00,1130.00,450.00,1947.00,0.00,98144.00,47.60,-122.31,830.00,980.00
2783100230.00,20150512T000000,530000.00,4.00,2.25,1940.00,8270.00,2.00,0.00,0.00,5.00,7.00,1940.00,0.00,1962.00,0.00,98133.00,47.76,-122.33,1800.00,7743.00
1238501098.00,20150313T000000,580000.00,3.00,2.25,1580.00,8506.00,2.00,0.00,0.00,3.00,7.00,1580.00,0.00,1987.00,0.00,98033.00,47.69,-122.19,2253.00,8515.00
8562900180.00,20140509T000000,491300.00,3.00,1.75,1750.00,11340.00,1.00,0.00,1.00,4.00,7.00,1300.00,450.00,1987.00,0.00,98074.00,47.61,-122.06,2310.00,11340.00
7140200450.00,20141231T000000,272000.00,4.00,2.75,1810.00,7350.00,1.00,0.00,0.00,4.00,7.00,1200.00,610.00,1980.00,0.00,98030.00,47.37,-122.17,1750.00,7350.00
220069106.00,20150401T000000,599950.00,3.00,2.50,1970.00,106722.00,1.00,0.00,4.00,3.00,9.00,1970.00,0.00,1985.00,0.00,98022.00,47.25,-122.00,2910.00,101494.00
3905040040.00,20150226T000000,464000.00,3.00,2.50,1770.00,5146.00,2.00,0.00,0.00,3.00,8.00,1770.00,0.00,1992.00,0.00,98029.00,47.57,-122.00,1870.00,5146.00
3797000330.00,20140623T000000,471001.00,3.00,1.75,1800.00,6000.00,1.00,0.00,0.00,5.00,7.00,900.00,900.00,1905.00,0.00,98103.00,47.69,-122.35,1800.00,3000.00
6669150530.00,20141117T000000,230000.00,3.00,1.50,1500.00,11616.00,1.00,0.00,0.00,3.00,7.00,1100.00,400.00,1980.00,0.00,98031.00,47.41,-122.17,1830.00,8288.00
3298200620.00,20140714T000000,358000.00,3.00,1.00,940.00,6695.00,1.00,0.00,0.00,4.00,6.00,940.00,0.00,1959.00,0.00,98008.00,47.62,-122.12,1230.00,7400.00
8024202170.00,20140820T000000,510000.00,3.00,2.25,2340.00,6183.00,1.00,0.00,0.00,3.00,7.00,1210.00,1130.00,1929.00,0.00,98115.00,47.70,-122.31,1970.00,6183.00
1788900230.00,20140722T000000,86500.00,3.00,1.00,840.00,9480.00,1.00,0.00,0.00,3.00,6.00,840.00,0.00,1960.00,0.00,98023.00,47.33,-122.34,840.00,9420.00
1788900230.00,20150403T000000,199950.00,3.00,1.00,840.00,9480.00,1.00,0.00,0.00,3.00,6.00,840.00,0.00,1960.00,0.00,98023.00,47.33,-122.34,840.00,9420.00
3220200040.00,20140616T000000,1712500.00,3.00,3.25,2940.00,5432.00,3.00,0.00,3.00,4.00,10.00,2440.00,500.00,1978.00,0.00,98109.00,47.63,-122.35,4400.00,5500.00
7645900355.00,20150313T000000,850000.00,3.00,2.75,3180.00,3680.00,2.00,0.00,0.00,4.00,9.00,2190.00,990.00,1918.00,0.00,98126.00,47.58,-122.38,2000.00,3680.00
458000065.00,20140923T000000,542000.00,4.00,2.50,2020.00,3440.00,1.50,0.00,0.00,4.00,7.00,1480.00,540.00,1928.00,0.00,98117.00,47.69,-122.38,1520.00,5080.00
123039604.00,20140701T000000,102500.00,2.00,1.00,820.00,4320.00,1.00,0.00,0.00,3.00,5.00,820.00,0.00,1937.00,0.00,98106.00,47.51,-122.36,780.00,7424.00
1223089077.00,20150401T000000,718000.00,3.00,1.75,4060.00,136290.00,1.00,0.00,0.00,3.00,8.00,2810.00,1250.00,1995.00,0.00,98045.00,47.48,-121.72,1300.00,51836.00
4039800180.00,20141222T000000,625000.00,4.00,2.25,2660.00,22194.00,1.00,0.00,0.00,4.00,8.00,2180.00,480.00,1977.00,0.00,98008.00,47.61,-122.11,2660.00,18135.00
7304301005.00,20140523T000000,350000.00,3.00,1.00,1010.00,11244.00,1.00,0.00,0.00,4.00,7.00,1010.00,0.00,1947.00,0.00,98155.00,47.75,-122.32,1220.00,11242.00
7899800915.00,20150209T000000,216000.00,2.00,1.00,710.00,5120.00,1.00,0.00,0.00,3.00,6.00,710.00,0.00,1918.00,0.00,98106.00,47.52,-122.36,1150.00,1252.00
164000271.00,20140905T000000,340000.00,3.00,1.00,980.00,7228.00,1.50,0.00,0.00,3.00,7.00,980.00,0.00,1946.00,0.00,98133.00,47.73,-122.35,1070.00,7228.00
7010700976.00,20141114T000000,505000.00,3.00,1.00,1100.00,5400.00,1.50,0.00,0.00,3.00,7.00,1100.00,0.00,1908.00,0.00,98199.00,47.66,-122.40,1770.00,4400.00
6699300330.00,20150513T000000,372000.00,5.00,2.50,2840.00,6010.00,2.00,0.00,0.00,3.00,8.00,2840.00,0.00,2003.00,0.00,98001.00,47.32,-122.27,2740.00,5509.00
8732020770.00,20140904T000000,263850.00,4.00,2.25,2300.00,7524.00,2.00,0.00,0.00,4.00,8.00,2300.00,0.00,1978.00,0.00,98023.00,47.31,-122.39,2270.00,8025.00
1795800040.00,20140903T000000,1350000.00,4.00,3.25,5370.00,20388.00,2.00,0.00,4.00,4.00,11.00,5370.00,0.00,1990.00,0.00,98198.00,47.41,-122.33,2770.00,22270.00
5104450720.00,20141119T000000,325000.00,4.00,2.50,2280.00,9899.00,2.00,0.00,0.00,3.00,8.00,2280.00,0.00,1987.00,0.00,98058.00,47.46,-122.15,1970.00,9451.00
2113200065.00,20141027T000000,289000.00,2.00,1.00,1010.00,7740.00,1.00,0.00,0.00,3.00,6.00,890.00,120.00,1924.00,0.00,98106.00,47.53,-122.36,1030.00,6000.00
4027700799.00,20150226T000000,364000.00,3.00,2.25,1420.00,6600.00,1.00,0.00,0.00,3.00,7.00,1160.00,260.00,1987.00,0.00,98028.00,47.77,-122.27,1920.00,7902.00
3902310210.00,20140822T000000,610000.00,4.00,2.50,2100.00,8800.00,1.00,0.00,0.00,5.00,8.00,1250.00,850.00,1980.00,0.00,98033.00,47.69,-122.19,2100.00,9000.00
9283800230.00,20140625T000000,531500.00,4.00,2.75,3110.00,49765.00,1.00,0.00,0.00,4.00,8.00,3110.00,0.00,1958.00,1972.00,98010.00,47.33,-122.04,1880.00,19709.00
114100234.00,20150430T000000,402500.00,3.00,2.25,2160.00,9540.00,2.00,0.00,0.00,3.00,8.00,2160.00,0.00,1979.00,0.00,98028.00,47.77,-122.24,1720.00,12593.00
7625703065.00,20140604T000000,375000.00,2.00,1.00,820.00,6250.00,1.00,0.00,0.00,4.00,5.00,820.00,0.00,1922.00,0.00,98136.00,47.55,-122.38,1300.00,6250.00
427000065.00,20150126T000000,537500.00,5.00,2.50,4340.00,9108.00,1.00,0.00,0.00,5.00,8.00,2170.00,2170.00,1979.00,0.00,98118.00,47.54,-122.28,2030.00,6812.00
7844200040.00,20140731T000000,375000.00,3.00,1.75,2100.00,9066.00,1.00,0.00,0.00,3.00,8.00,1440.00,660.00,1962.00,0.00,98188.00,47.43,-122.29,2000.00,9132.00
9315300230.00,20140820T000000,293550.00,4.00,1.75,1250.00,8840.00,1.00,0.00,0.00,4.00,7.00,910.00,340.00,1979.00,0.00,98198.00,47.41,-122.32,1410.00,8378.00
1774200230.00,20150120T000000,585000.00,6.00,3.00,3870.00,43787.00,2.00,0.00,0.00,3.00,8.00,2700.00,1170.00,1976.00,0.00,98077.00,47.76,-122.10,2600.00,35381.00
2781250530.00,20140812T000000,225000.00,2.00,2.50,1360.00,2693.00,2.00,0.00,0.00,3.00,6.00,1360.00,0.00,2003.00,0.00,98038.00,47.35,-122.03,1360.00,2693.00
7796600085.00,20150108T000000,185000.00,4.00,1.00,1400.00,8684.00,1.50,0.00,0.00,3.00,7.00,1400.00,0.00,1957.00,0.00,98146.00,47.49,-122.34,1520.00,8712.00
3205400150.00,20140617T000000,402000.00,3.00,1.50,1450.00,7375.00,1.00,0.00,0.00,3.00,7.00,1010.00,440.00,1968.00,0.00,98034.00,47.72,-122.18,1350.00,7440.00
2207200455.00,20150409T000000,585000.00,5.00,1.75,1880.00,16617.00,1.00,0.00,0.00,3.00,7.00,960.00,920.00,1963.00,0.00,98007.00,47.60,-122.13,1720.00,8400.00
9523100458.00,20140617T000000,549000.00,2.00,2.50,1380.00,953.00,3.00,0.00,0.00,3.00,9.00,1380.00,0.00,2006.00,0.00,98103.00,47.67,-122.36,1430.00,3400.00
5035300325.00,20150414T000000,1810000.00,3.00,2.25,2910.00,15626.00,1.50,0.00,0.00,4.00,9.00,2510.00,400.00,1923.00,0.00,98199.00,47.65,-122.41,2370.00,6519.00
3840700593.00,20150406T000000,345000.00,3.00,1.75,1380.00,10529.00,1.00,0.00,0.00,3.00,7.00,1380.00,0.00,1967.00,0.00,98034.00,47.71,-122.23,1670.00,5694.00
1683800120.00,20141117T000000,302500.00,3.00,2.25,3100.00,11985.00,1.00,0.00,0.00,4.00,7.00,1790.00,1310.00,1963.00,0.00,98198.00,47.38,-122.31,1770.00,7954.00
2722059183.00,20141014T000000,218500.00,4.00,1.75,1400.00,25500.00,1.00,0.00,0.00,4.00,7.00,1400.00,0.00,1964.00,0.00,98042.00,47.36,-122.16,2170.00,25500.00
4083305870.00,20141001T000000,705000.00,2.00,2.00,1650.00,6840.00,1.50,0.00,0.00,5.00,7.00,1650.00,0.00,1916.00,0.00,98103.00,47.65,-122.34,1700.00,4560.00
8651400730.00,20150428T000000,191000.00,3.00,1.00,840.00,5525.00,1.00,0.00,0.00,5.00,6.00,840.00,0.00,1969.00,0.00,98042.00,47.36,-122.09,920.00,5330.00
7302000120.00,20140610T000000,695000.00,3.00,2.50,2550.00,45254.00,2.00,0.00,0.00,3.00,9.00,2550.00,0.00,2001.00,0.00,98053.00,47.65,-121.96,2190.00,49222.00
797000258.00,20150402T000000,350000.00,2.00,2.75,2820.00,11770.00,2.00,0.00,0.00,3.00,7.00,1630.00,1190.00,1947.00,0.00,98168.00,47.51,-122.32,1690.00,12500.00
9100000040.00,20140807T000000,480000.00,3.00,1.75,1710.00,4080.00,1.00,0.00,0.00,4.00,7.00,1130.00,580.00,1979.00,0.00,98136.00,47.56,-122.39,1200.00,4080.00
8651441520.00,20150302T000000,220000.00,3.00,1.00,820.00,5200.00,1.00,0.00,0.00,4.00,6.00,820.00,0.00,1977.00,0.00,98042.00,47.36,-122.09,1120.00,5200.00
6843310120.00,20141029T000000,535000.00,4.00,2.25,2620.00,33578.00,2.00,0.00,0.00,3.00,7.00,2620.00,0.00,1977.00,0.00,98075.00,47.59,-122.01,2520.00,35160.00
3585900150.00,20140519T000000,1000000.00,2.00,1.75,2430.00,23400.00,1.00,0.00,4.00,3.00,10.00,2430.00,0.00,1951.00,0.00,98177.00,47.76,-122.37,3150.00,23600.00
9144100206.00,20141125T000000,592000.00,3.00,1.75,1560.00,7424.00,1.00,0.00,0.00,5.00,8.00,1560.00,0.00,1940.00,0.00,98117.00,47.70,-122.37,1370.00,7424.00
2871000360.00,20141124T000000,775000.00,4.00,2.50,3060.00,6826.00,2.00,0.00,0.00,3.00,9.00,3060.00,0.00,2004.00,0.00,98052.00,47.70,-122.11,3110.00,6932.00
4307330120.00,20140917T000000,320000.00,3.00,2.50,1680.00,4584.00,2.00,0.00,0.00,3.00,7.00,1680.00,0.00,2003.00,0.00,98056.00,47.48,-122.18,2160.00,4621.00
6117900120.00,20150317T000000,760000.00,3.00,3.25,3320.00,15022.00,2.00,0.00,0.00,3.00,10.00,3320.00,0.00,1989.00,0.00,98166.00,47.43,-122.34,3430.00,15018.00
1939120540.00,20140722T000000,640000.00,3.00,2.50,2390.00,8315.00,2.00,0.00,0.00,4.00,9.00,2390.00,0.00,1990.00,0.00,98074.00,47.63,-122.03,2370.00,7816.00
421000455.00,20150502T000000,253200.00,3.00,1.00,1360.00,5840.00,1.00,0.00,0.00,4.00,5.00,1360.00,0.00,1953.00,0.00,98056.00,47.49,-122.17,1250.00,6708.00
6600790210.00,20140716T000000,228000.00,2.00,1.00,1800.00,9236.00,1.00,0.00,0.00,3.00,7.00,1800.00,0.00,1954.00,0.00,98030.00,47.38,-122.20,1730.00,5701.00
1771000540.00,20141104T000000,325000.00,3.00,1.00,1160.00,9525.00,1.00,0.00,0.00,4.00,7.00,1160.00,0.00,1968.00,0.00,98077.00,47.74,-122.07,1160.00,10640.00
5561300730.00,20140605T000000,530000.00,4.00,3.25,4160.00,35654.00,2.00,0.00,0.00,3.00,8.00,2760.00,1400.00,1973.00,0.00,98027.00,47.47,-122.01,2500.00,35675.00
9542830210.00,20150211T000000,300000.00,4.00,2.25,1660.00,3200.00,2.00,0.00,0.00,3.00,7.00,1660.00,0.00,2011.00,0.00,98038.00,47.37,-122.02,1960.00,3558.00
263000155.00,20140505T000000,418000.00,3.00,2.00,1410.00,6030.00,1.50,0.00,0.00,4.00,7.00,1410.00,0.00,1930.00,0.00,98103.00,47.70,-122.35,1410.00,6300.00
4058801575.00,20141217T000000,415000.00,4.00,1.75,2230.00,9625.00,1.00,0.00,4.00,3.00,8.00,1180.00,1050.00,1955.00,0.00,98178.00,47.51,-122.24,2300.00,8211.00
7852150120.00,20140520T000000,384000.00,3.00,2.50,1700.00,4000.00,2.00,0.00,0.00,3.00,7.00,1700.00,0.00,2003.00,0.00,98065.00,47.53,-121.87,1700.00,4417.00
2095500040.00,20140613T000000,325000.00,3.00,2.50,2070.00,8337.00,2.00,0.00,0.00,3.00,8.00,2070.00,0.00,1997.00,0.00,98030.00,47.37,-122.18,2030.00,7248.00
8832900120.00,20141222T000000,600000.00,3.00,1.75,2300.00,12682.00,1.00,0.00,2.00,3.00,8.00,2300.00,0.00,1955.00,0.00,98028.00,47.76,-122.27,2720.00,14643.00
9542850580.00,20141010T000000,760000.00,4.00,2.25,3040.00,9690.00,1.00,0.00,0.00,4.00,9.00,1940.00,1100.00,1978.00,0.00,98005.00,47.59,-122.17,2430.00,9690.00
3530430155.00,20140530T000000,168000.00,2.00,1.50,1220.00,3568.00,1.50,0.00,0.00,4.00,8.00,1220.00,0.00,1976.00,0.00,98198.00,47.38,-122.32,1180.00,3678.00
2225039081.00,20141020T000000,405000.00,3.00,1.00,960.00,3960.00,1.00,0.00,0.00,3.00,7.00,960.00,0.00,1943.00,0.00,98199.00,47.65,-122.40,1550.00,6050.00
7923300230.00,20150504T000000,479000.00,3.00,1.00,1480.00,10094.00,1.00,0.00,0.00,4.00,7.00,1480.00,0.00,1956.00,0.00,98007.00,47.59,-122.14,1430.00,10083.00
8021701115.00,20140826T000000,549000.00,3.00,2.00,1560.00,5130.00,1.00,0.00,0.00,5.00,7.00,1150.00,410.00,1915.00,0.00,98103.00,47.69,-122.33,1560.00,4500.00
5515600087.00,20141209T000000,215000.00,3.00,1.50,1100.00,33600.00,1.00,0.00,0.00,3.00,7.00,1100.00,0.00,1967.00,0.00,98001.00,47.32,-122.29,1570.00,32700.00
952006680.00,20150129T000000,550000.00,2.00,1.50,900.00,5750.00,1.00,0.00,2.00,3.00,7.00,900.00,0.00,1940.00,0.00,98116.00,47.56,-122.38,1300.00,1413.00
6411600043.00,20140702T000000,389000.00,4.00,1.75,2400.00,7700.00,1.50,0.00,0.00,4.00,7.00,1500.00,900.00,1927.00,0.00,98133.00,47.71,-122.33,1530.00,7700.00
1523089266.00,20140722T000000,447500.00,3.00,2.50,2320.00,15024.00,2.00,0.00,0.00,3.00,8.00,2320.00,0.00,1990.00,0.00,98045.00,47.48,-121.77,2300.00,15145.00
866400040.00,20141013T000000,540000.00,5.00,3.00,2570.00,5590.00,1.00,0.00,0.00,3.00,8.00,1580.00,990.00,2009.00,0.00,98034.00,47.73,-122.23,2020.00,10500.00
8092500150.00,20150428T000000,273500.00,4.00,2.75,1300.00,9638.00,1.00,0.00,0.00,2.00,7.00,1300.00,0.00,1983.00,0.00,98042.00,47.37,-122.11,1670.00,9638.00
5637200450.00,20141017T000000,257000.00,5.00,2.75,2930.00,10148.00,2.00,0.00,0.00,3.00,9.00,2930.00,0.00,2002.00,0.00,98059.00,47.49,-122.15,2930.00,8425.00
5126400230.00,20140524T000000,199000.00,2.00,1.00,720.00,7200.00,1.00,0.00,0.00,5.00,6.00,720.00,0.00,1943.00,0.00,98058.00,47.48,-122.18,970.00,8027.00
7137950720.00,20150304T000000,339100.00,4.00,2.50,2350.00,10655.00,2.00,0.00,0.00,3.00,8.00,2350.00,0.00,1992.00,0.00,98092.00,47.33,-122.17,2210.00,7028.00
1473120230.00,20141223T000000,435000.00,4.00,2.50,2940.00,7590.00,2.00,0.00,0.00,3.00,9.00,2940.00,0.00,1991.00,0.00,98058.00,47.43,-122.16,2550.00,8360.00
1604600085.00,20140711T000000,400000.00,3.00,2.50,2020.00,3000.00,1.00,0.00,0.00,4.00,6.00,1010.00,1010.00,1910.00,0.00,98118.00,47.56,-122.29,1670.00,3000.00
123079023.00,20141124T000000,356000.00,2.00,1.00,1430.00,365904.00,1.00,0.00,0.00,3.00,7.00,1010.00,420.00,1991.00,0.00,98065.00,47.51,-121.86,2300.00,253519.00
705000120.00,20150406T000000,395000.00,3.00,1.00,950.00,6951.00,1.00,0.00,0.00,4.00,7.00,950.00,0.00,1950.00,0.00,98125.00,47.73,-122.30,1410.00,7200.00
1930300410.00,20150304T000000,575000.00,2.00,1.00,1250.00,4320.00,1.00,0.00,0.00,4.00,7.00,850.00,400.00,1911.00,0.00,98103.00,47.65,-122.35,1520.00,4320.00
9393700065.00,20150423T000000,515000.00,3.00,1.75,1300.00,5120.00,1.50,0.00,0.00,4.00,6.00,1300.00,0.00,1925.00,0.00,98116.00,47.56,-122.39,1090.00,5124.00
6814600355.00,20140619T000000,618250.00,4.00,3.25,2520.00,3360.00,1.50,0.00,0.00,4.00,8.00,1550.00,970.00,1931.00,0.00,98115.00,47.68,-122.32,1730.00,3360.00
9477100620.00,20150219T000000,245000.00,3.00,1.50,1330.00,7125.00,2.00,0.00,0.00,3.00,7.00,1330.00,0.00,1968.00,0.00,98034.00,47.73,-122.19,1570.00,7350.00
6788203060.00,20141010T000000,690000.00,3.00,2.75,2480.00,3240.00,1.50,0.00,0.00,3.00,9.00,1890.00,590.00,1929.00,0.00,98112.00,47.64,-122.31,2160.00,3240.00
5706200360.00,20141106T000000,465000.00,5.00,2.25,3020.00,10010.00,1.00,0.00,0.00,3.00,7.00,1510.00,1510.00,1959.00,0.00,98027.00,47.52,-122.04,1760.00,10878.00
8732130730.00,20141120T000000,280000.00,3.00,1.75,1770.00,8240.00,1.00,0.00,0.00,4.00,7.00,1240.00,530.00,1978.00,0.00,98023.00,47.31,-122.38,2060.00,8250.00
4202400395.00,20150316T000000,285000.00,3.00,1.75,1930.00,6533.00,1.00,0.00,0.00,3.00,7.00,1230.00,700.00,1960.00,0.00,98055.00,47.49,-122.22,2030.00,5954.00
705700210.00,20150316T000000,320000.00,3.00,2.25,1650.00,7047.00,2.00,0.00,0.00,3.00,7.00,1650.00,0.00,1994.00,0.00,98038.00,47.38,-122.03,2010.00,7763.00
2817100040.00,20150213T000000,355000.00,4.00,3.00,2580.00,9601.00,2.00,0.00,0.00,4.00,7.00,2130.00,450.00,1992.00,0.00,98070.00,47.37,-122.43,1900.00,10092.00
686300880.00,20150427T000000,670000.00,3.00,2.00,2570.00,10078.00,1.50,0.00,0.00,3.00,8.00,2570.00,0.00,1965.00,0.00,98008.00,47.63,-122.12,2660.00,8013.00
8122100355.00,20140924T000000,550000.00,1.00,1.00,2880.00,7560.00,1.00,0.00,0.00,3.00,7.00,1440.00,1440.00,1925.00,2014.00,98126.00,47.54,-122.38,1400.00,5040.00
3797000145.00,20141015T000000,765000.00,4.00,2.75,2660.00,4500.00,1.50,0.00,0.00,5.00,8.00,1860.00,800.00,1909.00,0.00,98103.00,47.69,-122.35,1830.00,4000.00
1704900180.00,20141030T000000,430000.00,3.00,1.00,1560.00,5225.00,1.50,0.00,0.00,3.00,7.00,1260.00,300.00,1927.00,0.00,98118.00,47.56,-122.28,1560.00,5322.00
9241900150.00,20140827T000000,950000.00,3.00,2.50,3080.00,8448.00,2.00,0.00,2.00,3.00,9.00,3080.00,0.00,2000.00,0.00,98199.00,47.65,-122.39,2500.00,6400.00
5249803185.00,20141015T000000,525000.00,4.00,1.75,2540.00,7200.00,1.00,0.00,0.00,4.00,7.00,1270.00,1270.00,1947.00,0.00,98118.00,47.56,-122.27,1650.00,7200.00
1598600209.00,20141020T000000,300000.00,6.00,2.50,3080.00,8163.00,1.00,0.00,0.00,3.00,7.00,1580.00,1500.00,1985.00,0.00,98030.00,47.39,-122.22,1850.00,8658.00
3260810580.00,20150417T000000,345000.00,3.00,2.75,2190.00,7258.00,2.00,0.00,0.00,3.00,8.00,2190.00,0.00,2000.00,0.00,98003.00,47.35,-122.30,2190.00,8645.00
2423059060.00,20150420T000000,838000.00,3.00,3.75,2930.00,150945.00,2.00,0.00,0.00,3.00,8.00,2930.00,0.00,1972.00,2000.00,98058.00,47.47,-122.12,2070.00,43935.00
5461300150.00,20141211T000000,1795000.00,5.00,2.75,2880.00,20274.00,1.00,0.00,3.00,4.00,9.00,1660.00,1220.00,1959.00,0.00,98004.00,47.63,-122.22,3750.00,20220.00
3422059010.00,20150327T000000,390000.00,3.00,1.75,2160.00,98445.00,2.00,0.00,0.00,3.00,8.00,2160.00,0.00,1978.00,0.00,98042.00,47.35,-122.16,2004.00,44431.00
6795100330.00,20140625T000000,1150000.00,3.00,2.00,2110.00,18815.00,2.00,0.00,0.00,5.00,7.00,2110.00,0.00,1979.00,0.00,98075.00,47.58,-122.04,2690.00,21010.00
1776420150.00,20140723T000000,295000.00,4.00,2.25,1830.00,5720.00,2.00,0.00,0.00,3.00,7.00,1830.00,0.00,2003.00,0.00,98030.00,47.36,-122.18,1960.00,5754.00
3735900770.00,20141017T000000,775000.00,4.00,4.00,3180.00,7650.00,2.00,0.00,0.00,3.00,8.00,2530.00,650.00,1920.00,0.00,98115.00,47.69,-122.32,2000.00,4080.00
4123840210.00,20150318T000000,380000.00,3.00,2.50,1880.00,6047.00,2.00,0.00,0.00,3.00,8.00,1880.00,0.00,1993.00,0.00,98038.00,47.37,-122.04,2120.00,7188.00
5076700145.00,20150427T000000,550000.00,3.00,1.00,1140.00,8180.00,1.00,0.00,0.00,3.00,7.00,1140.00,0.00,1959.00,0.00,98005.00,47.59,-122.17,1510.00,8588.00
2482500040.00,20140717T000000,199900.00,5.00,1.75,1798.00,11232.00,1.00,0.00,0.00,3.00,7.00,1798.00,0.00,1967.00,0.00,98001.00,47.33,-122.29,1300.00,15582.00
2589300065.00,20140916T000000,329900.00,3.00,1.75,1670.00,5209.00,1.50,0.00,0.00,5.00,7.00,1670.00,0.00,1908.00,0.00,98118.00,47.54,-122.27,1990.00,4960.00
2332700081.00,20140901T000000,898000.00,3.00,2.25,2580.00,11060.00,1.00,0.00,0.00,3.00,8.00,2580.00,0.00,1964.00,0.00,98005.00,47.61,-122.16,2580.00,13868.00
9201000610.00,20140603T000000,875000.00,4.00,2.25,3720.00,12384.00,1.00,0.00,2.00,5.00,8.00,1860.00,1860.00,1970.00,0.00,98075.00,47.58,-122.07,3180.00,15541.00
2822049254.00,20140516T000000,375000.00,4.00,2.50,2790.00,7956.00,2.00,0.00,0.00,3.00,9.00,2790.00,0.00,2005.00,0.00,98198.00,47.37,-122.31,1660.00,8192.00
2310110120.00,20140808T000000,365000.00,3.00,2.50,2190.00,5091.00,2.00,0.00,0.00,3.00,8.00,2190.00,0.00,2004.00,0.00,98038.00,47.35,-122.04,2200.00,5948.00
2887700995.00,20140508T000000,530000.00,4.00,2.75,2280.00,2850.00,1.50,0.00,0.00,4.00,7.00,1540.00,740.00,1930.00,0.00,98115.00,47.69,-122.31,1680.00,3800.00
8651410120.00,20150318T000000,225500.00,3.00,1.00,1100.00,5200.00,1.00,0.00,0.00,4.00,6.00,1100.00,0.00,1969.00,0.00,98042.00,47.36,-122.08,920.00,5200.00
7399000580.00,20141117T000000,318000.00,4.00,2.25,2180.00,7000.00,1.00,0.00,0.00,3.00,8.00,1680.00,500.00,1969.00,0.00,98055.00,47.47,-122.19,2000.00,8000.00
7524950210.00,20150401T000000,910000.00,4.00,2.50,2770.00,9798.00,2.00,0.00,0.00,4.00,9.00,2770.00,0.00,1986.00,0.00,98027.00,47.56,-122.08,3040.00,11100.00
1021049057.00,20141008T000000,207000.00,3.00,1.00,1980.00,18730.00,1.00,0.00,0.00,4.00,7.00,1280.00,700.00,1943.00,0.00,98001.00,47.32,-122.28,1356.00,9450.00
824059042.00,20140530T000000,1886700.00,5.00,3.50,4180.00,17935.00,2.00,0.00,0.00,3.00,11.00,4180.00,0.00,2004.00,0.00,98004.00,47.59,-122.20,2950.00,13760.00
7525410120.00,20140905T000000,624500.00,6.00,3.00,3030.00,31920.00,1.00,0.00,0.00,4.00,8.00,1670.00,1360.00,1980.00,0.00,98075.00,47.58,-122.03,2890.00,35100.00
2770600841.00,20140604T000000,640000.00,3.00,2.50,1690.00,1553.00,2.50,0.00,0.00,3.00,8.00,1690.00,0.00,2007.00,0.00,98199.00,47.64,-122.39,1910.00,1553.00
2423069164.00,20150410T000000,500000.00,3.00,2.00,1990.00,65340.00,2.00,0.00,0.00,3.00,8.00,1990.00,0.00,1986.00,0.00,98027.00,47.47,-121.99,2120.00,59241.00
3876000120.00,20150304T000000,390000.00,5.00,1.75,2250.00,8970.00,1.00,0.00,0.00,4.00,7.00,1500.00,750.00,1966.00,0.00,98034.00,47.72,-122.19,1940.00,8710.00
3705000120.00,20140729T000000,284000.00,3.00,2.25,2080.00,2050.00,1.50,0.00,0.00,3.00,7.00,1550.00,530.00,2003.00,0.00,98042.00,47.42,-122.16,2080.00,2275.00
323069158.00,20140626T000000,620000.00,3.00,2.00,2460.00,41343.00,1.00,0.00,0.00,4.00,8.00,2460.00,0.00,1988.00,0.00,98027.00,47.51,-122.02,2500.00,53885.00
6669240230.00,20150317T000000,306000.00,3.00,2.50,2588.00,5702.00,2.00,0.00,0.00,3.00,8.00,2588.00,0.00,2008.00,0.00,98042.00,47.35,-122.15,2403.00,5703.00
7504400120.00,20140919T000000,495000.00,4.00,1.75,2570.00,12039.00,1.00,0.00,0.00,3.00,8.00,1910.00,660.00,1978.00,0.00,98074.00,47.63,-122.05,2200.00,12384.00
1038000040.00,20140605T000000,499950.00,3.00,2.50,2370.00,12753.00,2.00,0.00,0.00,3.00,7.00,2370.00,0.00,2001.00,0.00,98019.00,47.74,-121.98,2280.00,16808.00
9238450330.00,20141110T000000,330000.00,3.00,1.00,1070.00,10563.00,1.00,0.00,0.00,3.00,7.00,1070.00,0.00,1969.00,0.00,98072.00,47.77,-122.17,1840.00,9638.00
1982200330.00,20140513T000000,665000.00,3.00,2.00,1940.00,5820.00,1.50,0.00,0.00,5.00,7.00,1150.00,790.00,1944.00,0.00,98107.00,47.66,-122.36,990.00,3880.00
1732800175.00,20140630T000000,850000.00,3.00,2.50,2650.00,2387.00,2.00,0.00,0.00,3.00,8.00,1830.00,820.00,1920.00,0.00,98119.00,47.63,-122.36,1870.00,2216.00
8078350220.00,20140911T000000,599950.00,4.00,2.50,2290.00,6318.00,2.00,0.00,0.00,4.00,8.00,2290.00,0.00,1988.00,0.00,98029.00,47.57,-122.02,2150.00,7350.00
3990200065.00,20141022T000000,360000.00,4.00,2.50,2050.00,9143.00,2.00,0.00,0.00,3.00,8.00,2050.00,0.00,1992.00,0.00,98166.00,47.46,-122.36,1510.00,9484.00
3825311210.00,20140827T000000,699000.00,3.00,2.50,2680.00,5497.00,2.00,0.00,0.00,3.00,9.00,2680.00,0.00,2001.00,0.00,98052.00,47.70,-122.13,2780.00,5497.00
1862400087.00,20150313T000000,475000.00,3.00,1.75,1520.00,8100.00,1.00,0.00,0.00,5.00,6.00,760.00,760.00,1945.00,0.00,98117.00,47.70,-122.38,1040.00,8100.00
3522029124.00,20141203T000000,575000.00,3.00,2.00,2690.00,435600.00,2.00,0.00,0.00,3.00,8.00,2690.00,0.00,1992.00,0.00,98070.00,47.35,-122.52,1700.00,163350.00
1250200418.00,20140527T000000,345000.00,2.00,1.50,1180.00,844.00,2.00,0.00,0.00,3.00,7.00,990.00,190.00,2005.00,0.00,98144.00,47.60,-122.30,1170.00,1400.00
7967900150.00,20150430T000000,367950.00,4.00,2.50,3030.00,9500.00,2.00,0.00,0.00,3.00,8.00,3030.00,0.00,1989.00,0.00,98001.00,47.35,-122.29,2650.00,9500.00
5631501073.00,20140625T000000,374500.00,3.00,2.25,1400.00,11400.00,2.00,0.00,0.00,3.00,8.00,1400.00,0.00,1984.00,0.00,98028.00,47.74,-122.23,2180.00,9248.00
2826049197.00,20140804T000000,607500.00,4.00,2.50,3000.00,8100.00,2.00,0.00,0.00,3.00,8.00,3000.00,0.00,1992.00,0.00,98125.00,47.72,-122.31,1550.00,8100.00
1775920210.00,20140530T000000,374000.00,3.00,1.00,1200.00,9800.00,1.00,0.00,0.00,4.00,7.00,1200.00,0.00,1971.00,0.00,98072.00,47.74,-122.11,1220.00,10220.00
5272200035.00,20140903T000000,390000.00,3.00,1.00,1000.00,6947.00,1.00,0.00,0.00,3.00,7.00,1000.00,0.00,1947.00,0.00,98125.00,47.71,-122.32,1000.00,6947.00
9525100040.00,20150407T000000,705000.00,4.00,3.25,2740.00,5339.00,2.50,0.00,0.00,3.00,9.00,2740.00,0.00,2004.00,0.00,98103.00,47.67,-122.36,1770.00,4820.00
7853221010.00,20141029T000000,467000.00,3.00,2.50,1990.00,4978.00,2.00,0.00,0.00,3.00,8.00,1990.00,0.00,2004.00,0.00,98065.00,47.53,-121.86,2650.00,6816.00
2500600297.00,20140814T000000,243500.00,3.00,3.00,2110.00,7794.00,1.00,0.00,0.00,3.00,6.00,2110.00,0.00,1981.00,0.00,98198.00,47.40,-122.29,1330.00,10044.00
8562791010.00,20140707T000000,593000.00,3.00,2.75,1830.00,1850.00,2.00,0.00,0.00,3.00,10.00,1690.00,140.00,2011.00,0.00,98027.00,47.53,-122.07,2310.00,2680.00
3550800040.00,20141114T000000,223000.00,3.00,1.00,940.00,7980.00,1.00,0.00,0.00,3.00,6.00,940.00,0.00,1961.00,0.00,98146.00,47.51,-122.35,1050.00,7980.00
8857640210.00,20150420T000000,574000.00,4.00,2.50,2980.00,10179.00,2.00,0.00,2.00,3.00,9.00,2980.00,0.00,2003.00,0.00,98038.00,47.39,-122.03,2980.00,8828.00
8898700120.00,20140604T000000,400000.00,3.00,2.00,2260.00,11305.00,1.00,0.00,0.00,3.00,7.00,1130.00,1130.00,1986.00,0.00,98055.00,47.45,-122.20,2080.00,10248.00
1242700035.00,20141103T000000,772000.00,4.00,2.75,3470.00,70131.00,1.00,0.00,0.00,4.00,8.00,1750.00,1720.00,1962.00,0.00,98005.00,47.63,-122.18,2950.00,43560.00
7200001005.00,20150501T000000,593777.00,3.00,1.75,1510.00,10450.00,1.00,0.00,0.00,4.00,7.00,1510.00,0.00,1964.00,0.00,98052.00,47.68,-122.11,1310.00,9450.00
4174600072.00,20141223T000000,539500.00,4.00,3.50,2710.00,5722.00,2.00,0.00,0.00,4.00,8.00,2040.00,670.00,1997.00,0.00,98108.00,47.56,-122.30,2500.00,5722.00
3630060150.00,20150401T000000,550000.00,3.00,2.50,2080.00,2625.00,2.00,0.00,0.00,3.00,8.00,2080.00,0.00,2006.00,0.00,98029.00,47.55,-122.00,1760.00,2772.00
3348401490.00,20140630T000000,265000.00,2.00,2.00,1860.00,10856.00,1.00,0.00,0.00,3.00,8.00,1260.00,600.00,1952.00,0.00,98178.00,47.50,-122.27,1250.00,10008.00
7214810150.00,20141002T000000,428000.00,3.00,1.75,2120.00,9350.00,1.00,0.00,0.00,3.00,7.00,1280.00,840.00,1979.00,0.00,98072.00,47.76,-122.15,2200.00,9000.00
1566100450.00,20150428T000000,505000.00,3.00,2.00,1110.00,8375.00,1.00,0.00,0.00,5.00,7.00,1110.00,0.00,1951.00,0.00,98115.00,47.70,-122.30,1410.00,7734.00
7851990120.00,20140701T000000,925000.00,5.00,5.50,5190.00,12637.00,2.00,0.00,2.00,3.00,11.00,5190.00,0.00,2001.00,0.00,98065.00,47.54,-121.87,3840.00,12637.00
8937500040.00,20150102T000000,230000.00,3.00,1.75,1520.00,15344.00,1.00,0.00,0.00,3.00,8.00,1520.00,0.00,1968.00,0.00,98023.00,47.33,-122.37,2270.00,14981.00
1149600120.00,20140820T000000,695000.00,4.00,2.50,2650.00,9990.00,2.00,0.00,0.00,3.00,10.00,2650.00,0.00,1990.00,0.00,98029.00,47.56,-122.02,2710.00,8012.00
7853240040.00,20150414T000000,700000.00,4.00,2.75,3350.00,7857.00,2.00,0.00,2.00,3.00,9.00,3350.00,0.00,2004.00,0.00,98065.00,47.54,-121.86,3870.00,7886.00
7517500085.00,20150425T000000,712500.00,3.00,1.75,1770.00,2800.00,1.50,0.00,0.00,3.00,7.00,1770.00,0.00,1914.00,0.00,98103.00,47.66,-122.36,1630.00,3254.00
9527310180.00,20150403T000000,480000.00,3.00,2.50,2200.00,4692.00,2.00,0.00,0.00,3.00,8.00,2200.00,0.00,2005.00,0.00,98011.00,47.78,-122.17,2440.00,3833.00
3558900580.00,20140922T000000,470000.00,3.00,2.50,2000.00,8424.00,1.00,0.00,0.00,4.00,7.00,1300.00,700.00,1968.00,0.00,98034.00,47.71,-122.20,2110.00,8400.00
4046500180.00,20140724T000000,335000.00,3.00,1.75,1730.00,15003.00,1.00,0.00,0.00,3.00,7.00,1150.00,580.00,1980.00,0.00,98014.00,47.69,-121.92,1900.00,15483.00
6386300120.00,20150417T000000,270000.00,3.00,1.50,1300.00,7907.00,1.00,0.00,0.00,3.00,7.00,900.00,400.00,1970.00,0.00,98030.00,47.37,-122.22,1630.00,7600.00
3395350210.00,20150324T000000,810000.00,5.00,3.25,2950.00,67475.00,1.00,0.00,0.00,3.00,8.00,2530.00,420.00,1981.00,2004.00,98072.00,47.72,-122.12,2620.00,39820.00
9578080040.00,20140812T000000,589000.00,3.00,3.00,1720.00,954.00,3.00,0.00,0.00,3.00,8.00,1460.00,260.00,2006.00,0.00,98119.00,47.65,-122.36,1720.00,1294.00
5683500085.00,20140926T000000,415000.00,2.00,1.00,880.00,4558.00,1.00,0.00,0.00,3.00,7.00,880.00,0.00,1951.00,0.00,98115.00,47.68,-122.29,1370.00,5243.00
8645500360.00,20150311T000000,197000.00,4.00,2.25,1790.00,13200.00,1.00,0.00,0.00,3.00,7.00,1220.00,570.00,1979.00,0.00,98058.00,47.47,-122.19,1740.00,8950.00
4222310220.00,20140825T000000,235500.00,3.00,1.50,1380.00,7600.00,1.00,0.00,0.00,4.00,7.00,790.00,590.00,1971.00,0.00,98003.00,47.35,-122.31,1570.00,7904.00
2394600157.00,20150407T000000,460000.00,3.00,2.25,1530.00,1840.00,2.00,0.00,0.00,3.00,8.00,1240.00,290.00,2008.00,0.00,98144.00,47.59,-122.30,1800.00,3431.00
9238900085.00,20141029T000000,572500.00,5.00,1.75,2330.00,4947.00,1.00,0.00,0.00,4.00,8.00,1380.00,950.00,1955.00,0.00,98136.00,47.54,-122.39,2120.00,5605.00
2739200040.00,20140924T000000,302000.00,5.00,2.00,1540.00,9629.00,1.00,0.00,0.00,4.00,7.00,1540.00,0.00,1960.00,0.00,98059.00,47.49,-122.14,2260.00,9600.00
3893100456.00,20140813T000000,870000.00,3.00,2.50,3210.00,8630.00,2.00,0.00,0.00,4.00,10.00,2530.00,680.00,1990.00,0.00,98033.00,47.69,-122.19,2630.00,8630.00
1370803940.00,20141007T000000,485000.00,3.00,1.00,1130.00,5758.00,1.00,0.00,0.00,3.00,7.00,960.00,170.00,1939.00,0.00,98199.00,47.64,-122.40,1510.00,6000.00
4222200120.00,20150205T000000,240000.00,3.00,2.00,1460.00,7526.00,1.00,0.00,0.00,3.00,7.00,1460.00,0.00,1968.00,0.00,98003.00,47.35,-122.30,1580.00,7526.00
9477000120.00,20141022T000000,383000.00,3.00,1.75,1410.00,7215.00,1.00,0.00,0.00,3.00,7.00,1410.00,0.00,1967.00,0.00,98034.00,47.73,-122.19,1550.00,7600.00
7228501065.00,20140626T000000,750000.00,4.00,2.75,1750.00,5080.00,1.50,0.00,0.00,3.00,8.00,1750.00,0.00,1903.00,0.00,98122.00,47.61,-122.31,1700.00,4572.00
9266701085.00,20140603T000000,409950.00,2.00,1.75,1370.00,5125.00,1.00,0.00,0.00,5.00,6.00,1370.00,0.00,1944.00,0.00,98103.00,47.69,-122.35,1200.00,5100.00
985001082.00,20140521T000000,246000.00,3.00,1.50,1780.00,23819.00,1.00,0.00,0.00,3.00,7.00,1780.00,0.00,1953.00,0.00,98168.00,47.49,-122.31,1130.00,14450.00
8815400410.00,20150403T000000,860000.00,4.00,1.75,1890.00,4500.00,2.00,0.00,0.00,5.00,7.00,1490.00,400.00,1937.00,0.00,98115.00,47.68,-122.29,1890.00,5000.00
2459500210.00,20140507T000000,339950.00,3.00,2.25,1630.00,12295.00,2.00,0.00,0.00,4.00,7.00,1630.00,0.00,1985.00,0.00,98058.00,47.43,-122.16,1730.00,9948.00
1219000043.00,20140509T000000,315000.00,5.00,1.75,2320.00,8100.00,1.00,0.00,0.00,4.00,7.00,1160.00,1160.00,1956.00,0.00,98166.00,47.46,-122.34,1410.00,7271.00
4379400580.00,20140813T000000,698000.00,3.00,2.50,2580.00,4636.00,2.00,0.00,0.00,3.00,9.00,2580.00,0.00,2006.00,0.00,98074.00,47.62,-122.03,2480.00,4500.00
2159900120.00,20140822T000000,419000.00,2.00,2.50,1470.00,2034.00,2.00,0.00,0.00,4.00,8.00,1470.00,0.00,1985.00,0.00,98007.00,47.62,-122.15,1510.00,2055.00
1243100191.00,20150122T000000,372000.00,3.00,1.00,2298.00,10140.00,1.00,0.00,0.00,3.00,7.00,2298.00,0.00,1969.00,0.00,98052.00,47.69,-122.08,2580.00,24724.00
7852150530.00,20140911T000000,425000.00,3.00,2.50,1960.00,4709.00,2.00,0.00,0.00,3.00,7.00,1960.00,0.00,2003.00,0.00,98065.00,47.53,-121.87,1700.00,4444.00
7508700085.00,20140724T000000,386500.00,3.00,2.25,2950.00,8036.00,1.50,0.00,0.00,3.00,8.00,1950.00,1000.00,1963.00,0.00,98125.00,47.72,-122.31,2060.00,7200.00
8820903370.00,20141117T000000,348000.00,2.00,1.00,670.00,7312.00,1.00,0.00,0.00,3.00,5.00,670.00,0.00,1942.00,0.00,98125.00,47.71,-122.29,860.00,8242.00
1923000150.00,20150424T000000,754000.00,5.00,3.50,3020.00,15305.00,2.00,0.00,0.00,3.00,10.00,2230.00,790.00,1978.00,0.00,98040.00,47.56,-122.22,3680.00,14486.00
3920900220.00,20141215T000000,269950.00,4.00,3.00,2390.00,7309.00,2.00,0.00,0.00,4.00,7.00,2390.00,0.00,1944.00,1981.00,98002.00,47.29,-122.22,930.00,7308.00
8835700330.00,20141211T000000,891500.00,3.00,2.50,3090.00,20785.00,2.00,0.00,0.00,4.00,10.00,3090.00,0.00,1991.00,0.00,98075.00,47.56,-122.03,3400.00,7566.00
7338402160.00,20141009T000000,349950.00,4.00,1.75,1780.00,5000.00,1.00,0.00,0.00,5.00,7.00,890.00,890.00,1903.00,0.00,98108.00,47.53,-122.29,1860.00,5000.00
3223059141.00,20140509T000000,360000.00,2.00,1.00,1420.00,81892.00,1.00,0.00,0.00,3.00,7.00,1180.00,240.00,1956.00,0.00,98055.00,47.43,-122.20,1490.00,1863.00
524059052.00,20141209T000000,975000.00,4.00,2.25,2420.00,15482.00,2.00,0.00,0.00,4.00,8.00,2420.00,0.00,1925.00,1997.00,98004.00,47.59,-122.20,2870.00,13905.00
6145600865.00,20140505T000000,449250.00,4.00,2.00,1480.00,3844.00,1.50,0.00,0.00,5.00,7.00,1480.00,0.00,1928.00,0.00,98133.00,47.70,-122.35,1480.00,3844.00
2325400330.00,20141201T000000,350000.00,4.00,2.25,2190.00,3850.00,2.00,0.00,0.00,3.00,7.00,2190.00,0.00,2006.00,0.00,98059.00,47.49,-122.16,1900.00,3850.00
9530100085.00,20150401T000000,790000.00,4.00,1.75,1820.00,6137.00,1.50,0.00,3.00,4.00,7.00,1690.00,130.00,1911.00,0.00,98107.00,47.67,-122.36,2130.00,5100.00
3024059044.00,20140909T000000,990000.00,3.00,1.75,1810.00,24586.00,1.00,0.00,4.00,4.00,9.00,930.00,880.00,1983.00,0.00,98040.00,47.53,-122.22,3540.00,14200.00
5015000596.00,20141201T000000,834000.00,3.00,2.25,2550.00,4089.00,2.00,0.00,0.00,3.00,9.00,2550.00,0.00,1983.00,0.00,98112.00,47.63,-122.30,1680.00,4089.00
4443801285.00,20140814T000000,466950.00,3.00,1.00,1360.00,3880.00,1.00,0.00,0.00,3.00,7.00,1060.00,300.00,1963.00,0.00,98117.00,47.68,-122.39,1110.00,3880.00
3751606606.00,20140717T000000,262500.00,3.00,1.75,2259.00,26831.00,1.50,0.00,3.00,5.00,7.00,1491.00,768.00,1908.00,0.00,98001.00,47.27,-122.27,1980.00,15794.00
1829300210.00,20140506T000000,762300.00,4.00,2.50,3880.00,14550.00,2.00,0.00,0.00,3.00,10.00,3880.00,0.00,1987.00,0.00,98074.00,47.64,-122.04,3240.00,14045.00
2767601085.00,20150126T000000,733000.00,6.00,2.75,2730.00,5000.00,1.00,0.00,0.00,3.00,8.00,1780.00,950.00,1962.00,0.00,98107.00,47.68,-122.38,2090.00,5000.00
8832900155.00,20150414T000000,439000.00,4.00,2.50,2800.00,17279.00,1.00,0.00,2.00,3.00,7.00,1560.00,1240.00,1957.00,0.00,98028.00,47.76,-122.27,3060.00,13423.00
8805900065.00,20141112T000000,1160000.00,5.00,3.25,4290.00,7019.00,2.50,0.00,0.00,4.00,10.00,3590.00,700.00,1927.00,0.00,98112.00,47.64,-122.30,1920.00,4000.00
8635760040.00,20141008T000000,420000.00,3.00,2.50,1770.00,3993.00,2.00,0.00,0.00,3.00,8.00,1770.00,0.00,1999.00,0.00,98074.00,47.60,-122.02,1820.00,4046.00
8651540040.00,20140718T000000,549000.00,3.00,2.25,1920.00,10961.00,2.00,0.00,0.00,3.00,8.00,1920.00,0.00,1981.00,0.00,98074.00,47.64,-122.06,2000.00,10706.00
9818700455.00,20140826T000000,518000.00,4.00,2.50,2320.00,4000.00,1.50,0.00,0.00,5.00,8.00,1510.00,810.00,1905.00,0.00,98122.00,47.60,-122.30,1490.00,4500.00
924069210.00,20140603T000000,695000.00,4.00,2.50,2961.00,12146.00,2.00,0.00,0.00,3.00,9.00,2961.00,0.00,1998.00,0.00,98075.00,47.58,-122.05,2620.00,17749.00
1954430180.00,20150105T000000,485000.00,3.00,2.50,1680.00,7385.00,2.00,0.00,0.00,3.00,8.00,1680.00,0.00,1988.00,0.00,98074.00,47.62,-122.04,1970.00,7470.00
5111400081.00,20140603T000000,280000.00,3.00,1.75,1590.00,27200.00,1.50,0.00,0.00,4.00,6.00,1590.00,0.00,1926.00,0.00,98038.00,47.42,-122.05,1820.00,74052.00
5559200065.00,20150507T000000,306500.00,2.00,1.00,1420.00,16400.00,1.50,0.00,0.00,4.00,6.00,1420.00,0.00,1943.00,0.00,98023.00,47.32,-122.34,1900.00,16400.00
1266200120.00,20150321T000000,720000.00,2.00,1.00,1370.00,9460.00,1.00,0.00,0.00,3.00,6.00,1370.00,0.00,1950.00,0.00,98004.00,47.62,-122.19,1690.00,9930.00
8141310180.00,20141118T000000,277500.00,3.00,2.50,2620.00,4558.00,2.00,0.00,3.00,3.00,7.00,2620.00,0.00,2010.00,0.00,98022.00,47.19,-121.97,1670.00,4558.00
6102400166.00,20140905T000000,649000.00,3.00,2.00,1810.00,17006.00,2.00,1.00,4.00,3.00,8.00,1810.00,0.00,1913.00,1987.00,98166.00,47.47,-122.37,2180.00,24911.00
3126059023.00,20150303T000000,3395000.00,4.00,3.50,4730.00,47870.00,1.00,1.00,4.00,3.00,10.00,2940.00,1790.00,1954.00,0.00,98033.00,47.70,-122.22,3250.00,49346.00
408100150.00,20140514T000000,267800.00,2.00,1.00,700.00,6000.00,1.00,0.00,0.00,4.00,6.00,700.00,0.00,1949.00,0.00,98155.00,47.75,-122.32,920.00,6000.00
3905081520.00,20150325T000000,625000.00,4.00,2.75,2390.00,6979.00,2.00,0.00,0.00,3.00,8.00,2390.00,0.00,1993.00,0.00,98029.00,47.57,-122.00,2090.00,6321.00
9324800220.00,20140917T000000,600000.00,4.00,2.50,2070.00,8127.00,1.50,0.00,0.00,3.00,9.00,1590.00,480.00,1924.00,2003.00,98125.00,47.73,-122.29,2050.00,8131.00
3996900555.00,20141017T000000,395000.00,4.00,2.00,1780.00,8149.00,1.50,0.00,0.00,4.00,7.00,1780.00,0.00,1948.00,0.00,98155.00,47.75,-122.30,1180.00,8149.00
9456200450.00,20150427T000000,212000.00,4.00,2.50,1900.00,21780.00,1.50,0.00,0.00,3.00,7.00,1900.00,0.00,1940.00,1987.00,98198.00,47.38,-122.31,1240.00,9166.00
9165100330.00,20141212T000000,425000.00,2.00,1.00,1040.00,4040.00,1.00,0.00,0.00,3.00,7.00,940.00,100.00,1928.00,0.00,98117.00,47.68,-122.39,1420.00,4040.00
2877103615.00,20150511T000000,870000.00,4.00,1.75,2370.00,5000.00,1.50,0.00,2.00,3.00,8.00,1770.00,600.00,1919.00,0.00,98103.00,47.68,-122.36,2100.00,4550.00
7853210210.00,20150325T000000,420000.00,3.00,2.50,1970.00,3667.00,2.00,0.00,0.00,3.00,7.00,1970.00,0.00,2004.00,0.00,98065.00,47.53,-121.85,1970.00,3739.00
7524950540.00,20150403T000000,800000.00,4.00,2.25,2120.00,9921.00,2.00,0.00,0.00,3.00,8.00,2120.00,0.00,1981.00,0.00,98027.00,47.56,-122.08,1890.00,7845.00
200500410.00,20150506T000000,575000.00,3.00,2.50,1960.00,9535.00,2.00,0.00,0.00,3.00,8.00,1960.00,0.00,1989.00,0.00,98011.00,47.74,-122.22,2520.00,9206.00
9103000365.00,20140620T000000,915000.00,3.00,3.25,2660.00,4000.00,2.00,0.00,0.00,3.00,9.00,2170.00,490.00,2003.00,0.00,98122.00,47.62,-122.29,2660.00,4000.00
6076500220.00,20140903T000000,400000.00,3.00,2.25,1180.00,14258.00,2.00,0.00,0.00,3.00,7.00,1180.00,0.00,1987.00,0.00,98034.00,47.71,-122.24,1860.00,10390.00
1818800144.00,20140502T000000,750000.00,3.00,2.50,2390.00,6550.00,1.00,0.00,2.00,4.00,8.00,1440.00,950.00,1955.00,0.00,98116.00,47.57,-122.41,2010.00,6550.00
2569600150.00,20141103T000000,235000.00,3.00,1.00,1250.00,7592.00,1.00,0.00,0.00,5.00,7.00,1250.00,0.00,1961.00,0.00,98042.00,47.36,-122.11,1250.00,7592.00
3448000344.00,20141112T000000,599950.00,5.00,3.00,2600.00,13674.00,1.00,0.00,0.00,5.00,8.00,1300.00,1300.00,1967.00,0.00,98125.00,47.72,-122.30,2150.00,7800.00
7170200085.00,20150327T000000,481203.00,2.00,1.00,940.00,3800.00,1.00,0.00,0.00,3.00,7.00,940.00,0.00,1929.00,0.00,98115.00,47.68,-122.29,1680.00,3800.00
4094800120.00,20140619T000000,1815000.00,5.00,3.00,3880.00,13000.00,2.00,0.00,0.00,3.00,10.00,3880.00,0.00,1972.00,2003.00,98040.00,47.55,-122.23,3470.00,13701.00
2591010180.00,20140709T000000,379000.00,3.00,2.50,1530.00,2913.00,2.00,0.00,0.00,4.00,7.00,1530.00,0.00,1986.00,0.00,98033.00,47.69,-122.18,1370.00,3783.00
3052701135.00,20140626T000000,626000.00,3.00,1.75,2430.00,5000.00,2.00,0.00,0.00,4.00,7.00,1760.00,670.00,1945.00,0.00,98117.00,47.68,-122.37,1320.00,4062.00
625049281.00,20140521T000000,535000.00,2.00,1.00,1030.00,4841.00,1.00,0.00,0.00,3.00,7.00,920.00,110.00,1939.00,0.00,98103.00,47.69,-122.34,1530.00,4944.00
5427110040.00,20140609T000000,1225000.00,4.00,2.50,2740.00,16007.00,2.00,0.00,0.00,3.00,9.00,2740.00,0.00,1984.00,0.00,98039.00,47.64,-122.23,2760.00,16008.00
9528103443.00,20140724T000000,410000.00,2.00,1.50,1180.00,1034.00,2.00,0.00,0.00,3.00,7.00,1120.00,60.00,2001.00,0.00,98115.00,47.68,-122.32,1137.00,1034.00
7855800730.00,20150210T000000,940000.00,4.00,2.50,3090.00,9238.00,1.00,0.00,3.00,4.00,8.00,1680.00,1410.00,1967.00,0.00,98006.00,47.57,-122.16,2690.00,8500.00
395300650.00,20140721T000000,326250.00,3.00,1.00,1060.00,9663.00,1.00,0.00,0.00,3.00,7.00,1060.00,0.00,1967.00,0.00,98034.00,47.72,-122.23,1320.00,10162.00
7812800995.00,20140905T000000,200000.00,2.00,1.00,790.00,5985.00,1.00,0.00,0.00,3.00,6.00,790.00,0.00,1944.00,0.00,98178.00,47.49,-122.24,1030.00,5985.00
9541600355.00,20140813T000000,880000.00,4.00,2.50,3070.00,8250.00,1.00,0.00,0.00,5.00,8.00,2100.00,970.00,1958.00,0.00,98005.00,47.59,-122.17,2270.00,8800.00
774100355.00,20141103T000000,370000.00,2.00,2.00,2100.00,58488.00,2.00,0.00,0.00,3.00,9.00,2100.00,0.00,2005.00,0.00,98014.00,47.72,-121.40,1440.00,59346.00
2781280150.00,20140801T000000,190000.00,2.00,2.50,1100.00,1737.00,2.00,0.00,0.00,3.00,8.00,1100.00,0.00,2006.00,0.00,98055.00,47.45,-122.19,1610.00,2563.00
7338000150.00,20150129T000000,160000.00,2.00,1.00,1070.00,4200.00,1.00,0.00,0.00,4.00,6.00,1070.00,0.00,1983.00,0.00,98002.00,47.33,-122.22,1150.00,4200.00
6977000040.00,20140823T000000,625000.00,4.00,3.00,2190.00,12825.00,1.00,0.00,0.00,3.00,9.00,1520.00,670.00,1989.00,0.00,98034.00,47.71,-122.23,3050.00,4673.00
9558050230.00,20150507T000000,590000.00,4.00,3.50,3450.00,6873.00,2.00,0.00,0.00,3.00,10.00,2750.00,700.00,2004.00,0.00,98058.00,47.46,-122.12,3450.00,6873.00
1241500155.00,20140805T000000,575000.00,3.00,2.50,2070.00,3599.00,2.00,0.00,0.00,3.00,8.00,2070.00,0.00,1999.00,0.00,98033.00,47.67,-122.17,2070.00,6844.00
9266700256.00,20141013T000000,470000.00,2.00,1.00,1190.00,5200.00,1.00,0.00,0.00,5.00,7.00,1190.00,0.00,1912.00,0.00,98103.00,47.69,-122.35,1550.00,5100.00
2354300456.00,20150311T000000,130000.00,2.00,1.00,600.00,1500.00,1.00,0.00,0.00,4.00,4.00,600.00,0.00,1900.00,0.00,98027.00,47.53,-122.03,1130.00,6000.00
7789000120.00,20150421T000000,229000.00,3.00,1.00,940.00,8400.00,1.00,0.00,0.00,3.00,7.00,940.00,0.00,1958.00,0.00,98056.00,47.51,-122.17,1190.00,8400.00
3210200395.00,20140822T000000,279900.00,3.00,1.00,1280.00,12928.00,1.50,0.00,0.00,3.00,6.00,1280.00,0.00,1942.00,0.00,98023.00,47.32,-122.40,1610.00,19467.00
8658303065.00,20140519T000000,307000.00,3.00,1.00,1370.00,7500.00,1.00,0.00,0.00,3.00,7.00,1370.00,0.00,1960.00,0.00,98014.00,47.65,-121.92,1160.00,7500.00
4046601010.00,20141023T000000,399950.00,3.00,1.75,2450.00,15001.00,1.00,0.00,0.00,3.00,7.00,1980.00,470.00,1989.00,0.00,98014.00,47.70,-121.91,1790.00,15323.00
526059183.00,20140801T000000,405000.00,4.00,2.25,1970.00,15743.00,1.00,0.00,0.00,3.00,7.00,1370.00,600.00,1962.00,0.00,98011.00,47.77,-122.20,2390.00,11336.00
5056500210.00,20141007T000000,539950.00,4.00,2.75,2910.00,9000.00,1.00,0.00,0.00,4.00,8.00,2130.00,780.00,1966.00,0.00,98006.00,47.54,-122.18,1970.00,9000.00
6146600175.00,20141107T000000,129000.00,2.00,1.00,760.00,5240.00,1.00,0.00,0.00,3.00,6.00,760.00,0.00,1949.00,0.00,98032.00,47.39,-122.23,980.00,5080.00
6057700120.00,20140917T000000,340000.00,3.00,1.75,1270.00,8422.00,1.00,0.00,0.00,3.00,7.00,1270.00,0.00,1967.00,0.00,98011.00,47.76,-122.20,1470.00,8500.00
8651442060.00,20140611T000000,214950.00,3.00,1.75,1570.00,4875.00,1.00,0.00,0.00,4.00,7.00,1310.00,260.00,1977.00,0.00,98042.00,47.36,-122.09,1380.00,5200.00
7129301445.00,20140625T000000,450000.00,4.00,2.75,2310.00,5650.00,1.00,0.00,2.00,3.00,8.00,1330.00,980.00,1952.00,2012.00,98118.00,47.51,-122.25,2300.00,5650.00
7881500330.00,20150304T000000,515000.00,3.00,1.75,1900.00,5000.00,1.00,0.00,0.00,4.00,7.00,950.00,950.00,1925.00,0.00,98106.00,47.57,-122.36,1420.00,5000.00
1336800880.00,20140822T000000,1400000.00,4.00,2.25,3780.00,5160.00,2.00,0.00,0.00,4.00,9.00,2510.00,1270.00,1907.00,0.00,98112.00,47.63,-122.31,2740.00,5160.00
7147600220.00,20140626T000000,230000.00,3.00,1.00,1060.00,9946.00,1.00,0.00,0.00,4.00,7.00,1060.00,0.00,1956.00,0.00,98188.00,47.44,-122.28,1310.00,10619.00
2600030210.00,20140707T000000,681000.00,3.00,1.75,1880.00,10032.00,1.00,0.00,0.00,4.00,8.00,1880.00,0.00,1984.00,0.00,98006.00,47.55,-122.16,2430.00,9732.00
6303400150.00,20140929T000000,255000.00,3.00,1.00,1160.00,8636.00,1.00,0.00,0.00,3.00,6.00,1160.00,0.00,1923.00,0.00,98146.00,47.51,-122.36,1300.00,8636.00
9136103136.00,20150313T000000,580000.00,2.00,1.00,860.00,4013.00,1.00,0.00,0.00,3.00,7.00,860.00,0.00,1925.00,0.00,98103.00,47.67,-122.34,1490.00,4013.00
8898700880.00,20150317T000000,295000.00,2.00,2.00,1590.00,8000.00,1.00,0.00,0.00,3.00,7.00,910.00,680.00,1984.00,0.00,98055.00,47.46,-122.21,1590.00,8364.00
4318200360.00,20140730T000000,286000.00,2.00,1.00,1170.00,6543.00,1.00,0.00,0.00,3.00,7.00,1170.00,0.00,1913.00,0.00,98136.00,47.54,-122.39,1550.00,7225.00
6798100610.00,20150108T000000,425000.00,3.00,1.50,1190.00,8100.00,1.00,0.00,0.00,3.00,7.00,830.00,360.00,1947.00,0.00,98125.00,47.71,-122.31,1256.00,8100.00
7466900220.00,20141212T000000,170000.00,2.00,1.00,1300.00,11400.00,1.00,0.00,0.00,3.00,7.00,1300.00,0.00,1961.00,0.00,98003.00,47.35,-122.30,1360.00,9750.00
7435500085.00,20140528T000000,380000.00,3.00,2.00,1660.00,8281.00,1.00,0.00,0.00,3.00,7.00,1660.00,0.00,1949.00,0.00,98136.00,47.56,-122.38,1660.00,7559.00
7977200995.00,20150506T000000,506000.00,3.00,2.00,1160.00,6120.00,1.00,0.00,0.00,3.00,7.00,1160.00,0.00,1947.00,0.00,98115.00,47.69,-122.29,1150.00,5100.00
1862900360.00,20140922T000000,315000.00,3.00,2.50,1950.00,9618.00,2.00,0.00,0.00,3.00,7.00,1950.00,0.00,1992.00,0.00,98031.00,47.41,-122.18,1890.00,7133.00
7852040210.00,20140617T000000,449950.00,4.00,2.50,2470.00,3811.00,2.00,0.00,0.00,3.00,8.00,2470.00,0.00,1999.00,0.00,98065.00,47.54,-121.88,2400.00,4266.00
3343901961.00,20150331T000000,255000.00,3.00,1.00,1430.00,12420.00,1.00,0.00,0.00,3.00,7.00,1430.00,0.00,1964.00,0.00,98056.00,47.51,-122.19,1900.00,10350.00
3874010220.00,20140624T000000,289000.00,3.00,2.50,1970.00,9607.00,2.00,0.00,0.00,3.00,7.00,1090.00,880.00,1988.00,0.00,98001.00,47.35,-122.29,2020.00,9608.00
2724069103.00,20140828T000000,389000.00,3.00,1.75,1400.00,10018.00,1.00,0.00,0.00,4.00,7.00,1400.00,0.00,1962.00,0.00,98027.00,47.53,-122.03,1350.00,9300.00
1520069052.00,20140721T000000,327000.00,3.00,1.50,1510.00,344124.00,1.00,0.00,2.00,4.00,7.00,1510.00,0.00,1964.00,0.00,98022.00,47.22,-122.03,1750.00,169884.00
5316101075.00,20140926T000000,2885000.00,7.00,3.00,5350.00,14400.00,2.50,0.00,0.00,4.00,10.00,5020.00,330.00,1910.00,0.00,98112.00,47.63,-122.29,3050.00,7469.00
8113100150.00,20140714T000000,210000.00,3.00,1.00,920.00,6612.00,1.00,0.00,0.00,3.00,6.00,920.00,0.00,1948.00,0.00,98118.00,47.55,-122.28,1860.00,8424.00
3459900230.00,20141125T000000,1680000.00,4.00,3.75,7620.00,29536.00,2.00,0.00,3.00,3.00,11.00,5980.00,1640.00,2005.00,0.00,98006.00,47.56,-122.14,2840.00,20809.00
3955900150.00,20141229T000000,360000.00,4.00,2.50,2490.00,4751.00,2.00,0.00,0.00,3.00,7.00,2490.00,0.00,2001.00,0.00,98056.00,47.48,-122.19,2510.00,5233.00
7701960210.00,20150427T000000,875000.00,4.00,2.50,3030.00,16000.00,2.00,0.00,0.00,3.00,11.00,3030.00,0.00,1990.00,0.00,98077.00,47.71,-122.08,3670.00,16641.00
686450210.00,20141104T000000,550000.00,4.00,2.25,1650.00,7200.00,1.00,0.00,0.00,3.00,8.00,1650.00,0.00,1967.00,0.00,98008.00,47.64,-122.12,2180.00,7950.00
3451000442.00,20140717T000000,257500.00,3.00,1.50,1210.00,12500.00,1.00,0.00,0.00,3.00,7.00,1210.00,0.00,1962.00,0.00,98146.00,47.50,-122.35,1210.00,12500.00
5700003221.00,20141210T000000,1075000.00,4.00,2.75,2990.00,7389.00,1.50,0.00,0.00,4.00,8.00,2090.00,900.00,1923.00,0.00,98144.00,47.57,-122.28,2510.00,6157.00
8651402700.00,20141028T000000,202950.00,2.00,1.00,1060.00,5144.00,1.00,0.00,0.00,5.00,6.00,1060.00,0.00,1969.00,0.00,98042.00,47.36,-122.09,1130.00,5200.00
3526039101.00,20141030T000000,622000.00,4.00,1.75,2680.00,6120.00,1.00,0.00,0.00,5.00,8.00,1340.00,1340.00,1959.00,0.00,98117.00,47.70,-122.39,2320.00,6840.00
1136100072.00,20150213T000000,455000.00,4.00,1.75,1790.00,45738.00,1.00,0.00,0.00,3.00,8.00,1410.00,380.00,1976.00,0.00,98072.00,47.75,-122.13,1870.00,47480.00
2050100210.00,20141117T000000,805000.00,3.00,2.50,2690.00,17461.00,2.00,0.00,3.00,3.00,10.00,2690.00,0.00,1997.00,0.00,98074.00,47.65,-122.09,3610.00,16887.00
9141100210.00,20140908T000000,257000.00,2.00,1.00,770.00,9497.00,1.00,0.00,0.00,3.00,6.00,770.00,0.00,1950.00,0.00,98133.00,47.74,-122.35,1550.00,7532.00
1153000150.00,20140625T000000,744500.00,5.00,2.50,2700.00,16570.00,1.00,0.00,0.00,4.00,8.00,1750.00,950.00,1967.00,0.00,98005.00,47.61,-122.17,2570.00,11840.00
1245000438.00,20150413T000000,885000.00,4.00,2.50,2620.00,9157.00,2.00,0.00,0.00,3.00,8.00,2620.00,0.00,1996.00,0.00,98033.00,47.69,-122.20,2240.00,7405.00
1498300775.00,20140624T000000,355000.00,2.00,2.25,930.00,747.00,2.00,0.00,0.00,3.00,8.00,630.00,300.00,2007.00,0.00,98144.00,47.58,-122.32,940.00,6000.00
4051100230.00,20140820T000000,240000.00,3.00,1.00,1340.00,7000.00,1.00,0.00,0.00,4.00,7.00,1340.00,0.00,1978.00,0.00,98042.00,47.37,-122.15,1850.00,7904.00
121039038.00,20140819T000000,169000.00,3.00,1.50,1470.00,18459.00,2.00,0.00,0.00,4.00,6.00,1470.00,0.00,1916.00,0.00,98023.00,47.33,-122.36,1750.00,16074.00
1523550220.00,20150328T000000,639900.00,3.00,2.50,2330.00,4160.00,2.00,0.00,0.00,4.00,8.00,2330.00,0.00,1992.00,0.00,98052.00,47.64,-122.11,2940.00,4500.00
1622059095.00,20140604T000000,292000.00,3.00,1.75,1730.00,11325.00,1.00,0.00,0.00,5.00,7.00,1730.00,0.00,1972.00,0.00,98031.00,47.39,-122.18,2030.00,17859.00
7853220210.00,20140922T000000,563500.00,4.00,2.50,2780.00,7838.00,2.00,0.00,3.00,3.00,9.00,2780.00,0.00,2004.00,0.00,98065.00,47.53,-121.86,3160.00,7848.00
8682291510.00,20150126T000000,389000.00,2.00,2.00,1200.00,7131.00,1.00,0.00,0.00,3.00,8.00,1200.00,0.00,2006.00,0.00,98053.00,47.72,-122.02,1670.00,4601.00
7397300220.00,20140529T000000,2750000.00,4.00,3.25,4430.00,21000.00,2.00,0.00,0.00,3.00,10.00,4430.00,0.00,1952.00,2007.00,98039.00,47.64,-122.24,3930.00,20000.00
3764500230.00,20140821T000000,661000.00,3.00,2.00,1820.00,4418.00,2.00,0.00,0.00,4.00,8.00,1820.00,0.00,1994.00,0.00,98033.00,47.69,-122.19,1920.00,13402.00
8682260870.00,20140912T000000,344000.00,2.00,2.00,1300.00,4659.00,1.00,0.00,0.00,3.00,8.00,1300.00,0.00,2005.00,0.00,98053.00,47.71,-122.03,1640.00,4780.00
369000365.00,20150422T000000,510000.00,1.00,1.00,680.00,6600.00,1.00,0.00,0.00,3.00,5.00,480.00,200.00,1916.00,0.00,98199.00,47.66,-122.39,1170.00,5500.00
9238901020.00,20140916T000000,289000.00,2.00,1.00,780.00,4132.00,1.00,0.00,0.00,3.00,7.00,780.00,0.00,1942.00,0.00,98136.00,47.53,-122.39,1100.00,5100.00
3343901641.00,20140827T000000,365000.00,3.00,2.25,2430.00,7614.00,1.50,0.00,0.00,3.00,8.00,1900.00,530.00,1979.00,0.00,98056.00,47.51,-122.19,1720.00,11250.00
3024079057.00,20140730T000000,410000.00,3.00,1.50,1750.00,32500.00,1.00,0.00,0.00,4.00,7.00,1750.00,0.00,1966.00,0.00,98027.00,47.53,-121.96,1820.00,102801.00
7518507330.00,20140724T000000,535610.00,3.00,1.00,1610.00,5100.00,1.50,0.00,0.00,5.00,7.00,1010.00,600.00,1901.00,0.00,98117.00,47.68,-122.39,1270.00,5100.00
2968801510.00,20141113T000000,397950.00,4.00,1.75,2120.00,7620.00,2.00,0.00,0.00,3.00,8.00,2120.00,0.00,1971.00,2002.00,98166.00,47.46,-122.35,1820.00,7620.00
2822100175.00,20140827T000000,284000.00,3.00,1.75,1430.00,4850.00,1.00,0.00,0.00,3.00,7.00,930.00,500.00,1978.00,0.00,98108.00,47.55,-122.30,1430.00,4850.00
3826000385.00,20141217T000000,201000.00,4.00,1.50,1360.00,8100.00,1.50,0.00,0.00,3.00,7.00,1360.00,0.00,1962.00,0.00,98168.00,47.49,-122.31,1300.00,8100.00
2301400540.00,20141215T000000,734000.00,4.00,2.25,2530.00,5000.00,1.50,0.00,0.00,4.00,7.00,1690.00,840.00,1925.00,0.00,98117.00,47.68,-122.36,1530.00,5000.00
2111010760.00,20150108T000000,357500.00,5.00,3.00,3270.00,9146.00,2.00,0.00,0.00,3.00,7.00,3270.00,0.00,2002.00,0.00,98092.00,47.33,-122.17,3200.00,6300.00
23500220.00,20141015T000000,550120.00,5.00,2.50,2620.00,8050.00,1.00,0.00,0.00,3.00,8.00,1520.00,1100.00,1975.00,0.00,98052.00,47.69,-122.12,2030.00,7676.00
8001600150.00,20150310T000000,300000.00,3.00,1.50,1810.00,8232.00,1.00,0.00,0.00,3.00,8.00,1810.00,0.00,1988.00,0.00,98001.00,47.32,-122.27,2260.00,8491.00
9149000180.00,20140819T000000,374950.00,3.00,2.50,2120.00,9653.00,2.00,0.00,0.00,3.00,8.00,2120.00,0.00,1992.00,0.00,98030.00,47.38,-122.21,1780.00,9801.00
7525420150.00,20150413T000000,602500.00,4.00,1.75,2190.00,41000.00,2.00,0.00,0.00,3.00,8.00,2190.00,0.00,1980.00,0.00,98075.00,47.58,-122.03,2590.00,35370.00
1003000175.00,20141222T000000,221000.00,3.00,1.00,980.00,7606.00,1.00,0.00,0.00,3.00,7.00,980.00,0.00,1954.00,0.00,98188.00,47.44,-122.29,980.00,8125.00
2902200874.00,20150410T000000,920000.00,5.00,3.00,2230.00,4400.00,2.00,0.00,0.00,3.00,7.00,1730.00,500.00,1913.00,0.00,98102.00,47.64,-122.33,1280.00,1800.00
7131300032.00,20150306T000000,235000.00,4.00,2.00,1540.00,9279.00,1.00,0.00,0.00,3.00,7.00,1540.00,0.00,1955.00,0.00,98118.00,47.52,-122.27,1540.00,5110.00
3581100330.00,20140804T000000,375000.00,3.00,1.00,980.00,7296.00,1.00,0.00,0.00,3.00,7.00,980.00,0.00,1967.00,0.00,98034.00,47.73,-122.23,1280.00,7296.00
3629970870.00,20140827T000000,599000.00,4.00,2.50,2120.00,3640.00,2.00,0.00,0.00,3.00,8.00,2120.00,0.00,2005.00,0.00,98029.00,47.55,-122.00,2190.00,3640.00
2561360210.00,20140603T000000,562100.00,3.00,2.25,2090.00,12112.00,2.00,0.00,0.00,3.00,8.00,2090.00,0.00,1983.00,0.00,98052.00,47.70,-122.13,1760.00,12112.00
9828702245.00,20150316T000000,640000.00,3.00,2.50,1620.00,1377.00,2.00,0.00,0.00,3.00,8.00,1100.00,520.00,2009.00,0.00,98112.00,47.62,-122.30,1620.00,1251.00
8687800150.00,20141120T000000,294000.00,3.00,2.00,1650.00,11256.00,1.00,0.00,0.00,4.00,7.00,1250.00,400.00,1957.00,0.00,98168.00,47.47,-122.26,1860.00,11256.00
3825310760.00,20141229T000000,714000.00,4.00,2.50,3230.00,7766.00,2.00,0.00,0.00,3.00,9.00,3230.00,0.00,2005.00,0.00,98052.00,47.71,-122.13,3740.00,8344.00
7284900385.00,20140521T000000,970000.00,4.00,3.25,2790.00,5420.00,1.00,0.00,3.00,3.00,9.00,1130.00,1660.00,1963.00,2013.00,98177.00,47.77,-122.39,2530.00,7200.00
5702380770.00,20150428T000000,280000.00,4.00,2.25,1600.00,7916.00,2.00,0.00,0.00,3.00,7.00,1600.00,0.00,1991.00,0.00,98022.00,47.19,-121.98,1540.00,7242.00
2095600150.00,20141112T000000,260000.00,4.00,2.50,1790.00,4358.00,2.00,0.00,0.00,3.00,7.00,1790.00,0.00,1993.00,0.00,98031.00,47.40,-122.20,1790.00,4305.00
4166600230.00,20141119T000000,294000.00,3.00,1.50,2060.00,15050.00,1.50,0.00,0.00,4.00,7.00,2060.00,0.00,1938.00,0.00,98023.00,47.33,-122.37,1900.00,15674.00
3521059042.00,20140728T000000,255500.00,4.00,1.00,1370.00,41194.00,1.50,0.00,2.00,5.00,5.00,1370.00,0.00,1900.00,0.00,98092.00,47.27,-122.14,1590.00,84070.00
3625059043.00,20140904T000000,3300000.00,5.00,4.75,6200.00,13873.00,2.00,1.00,4.00,4.00,11.00,4440.00,1760.00,1989.00,0.00,98008.00,47.61,-122.11,2940.00,13525.00
1926069054.00,20140508T000000,450000.00,3.00,2.00,1510.00,43560.00,1.00,0.00,0.00,3.00,7.00,1510.00,0.00,1954.00,0.00,98077.00,47.72,-122.08,2060.00,67756.00
9238450150.00,20140512T000000,368000.00,3.00,1.00,1280.00,9898.00,1.00,0.00,0.00,3.00,7.00,1280.00,0.00,1968.00,0.00,98072.00,47.77,-122.16,1290.00,9625.00
8146200150.00,20141110T000000,830000.00,4.00,2.25,2180.00,11056.00,1.00,0.00,0.00,3.00,8.00,1370.00,810.00,1963.00,0.00,98004.00,47.60,-122.19,2090.00,8747.00
3841600220.00,20140715T000000,282500.00,2.00,1.75,1440.00,11210.00,1.00,0.00,0.00,4.00,6.00,1130.00,310.00,1935.00,0.00,98146.00,47.50,-122.35,1250.00,9381.00
943100683.00,20140502T000000,335000.00,3.00,2.25,1580.00,16215.00,1.00,0.00,0.00,4.00,7.00,1580.00,0.00,1978.00,0.00,98024.00,47.56,-121.90,1450.00,16215.00
952001765.00,20140707T000000,558000.00,2.00,2.00,1580.00,5750.00,1.00,0.00,0.00,5.00,6.00,790.00,790.00,1910.00,0.00,98116.00,47.57,-122.38,1580.00,5750.00
3744600704.00,20150224T000000,270000.00,4.00,1.50,1730.00,8505.00,1.50,0.00,0.00,4.00,7.00,1730.00,0.00,1961.00,0.00,98146.00,47.49,-122.35,1510.00,8505.00
1822059057.00,20140725T000000,152000.00,2.00,1.00,700.00,13500.00,1.00,0.00,0.00,3.00,4.00,700.00,0.00,1920.00,0.00,98031.00,47.39,-122.21,1600.00,10124.00
2126059219.00,20140617T000000,493000.00,4.00,1.75,2030.00,18295.00,1.50,0.00,0.00,4.00,7.00,2030.00,0.00,1975.00,0.00,98034.00,47.73,-122.18,1970.00,7307.00
4139400910.00,20140815T000000,740000.00,4.00,2.50,2500.00,10330.00,2.00,0.00,0.00,3.00,10.00,2500.00,0.00,1992.00,0.00,98006.00,47.56,-122.11,2710.00,8375.00
9808630210.00,20150313T000000,789800.00,3.00,2.50,2605.00,2216.00,2.00,0.00,2.00,3.00,9.00,2090.00,515.00,1979.00,0.00,98033.00,47.65,-122.20,2605.00,2300.00
2920700220.00,20150508T000000,275000.00,2.00,1.00,910.00,4191.00,1.00,0.00,0.00,3.00,6.00,910.00,0.00,1910.00,0.00,98117.00,47.69,-122.36,1480.00,6050.00
1338800365.00,20140507T000000,1500000.00,6.00,2.50,3560.00,6480.00,2.50,0.00,0.00,4.00,11.00,3560.00,0.00,1914.00,0.00,98112.00,47.63,-122.30,2780.00,6480.00
1175001135.00,20140929T000000,424000.00,3.00,1.75,1140.00,3395.00,1.00,0.00,0.00,5.00,7.00,620.00,520.00,1925.00,0.00,98107.00,47.67,-122.39,1480.00,3500.00
3867400180.00,20150327T000000,715000.00,2.00,1.00,1000.00,3513.00,1.00,0.00,4.00,4.00,5.00,1000.00,0.00,1914.00,0.00,98116.00,47.59,-122.39,1930.00,4920.00
7954300220.00,20140730T000000,600000.00,4.00,2.50,3010.00,7953.00,2.00,0.00,0.00,3.00,9.00,3010.00,0.00,2000.00,0.00,98056.00,47.52,-122.19,2670.00,6202.00
7784400035.00,20140813T000000,802000.00,2.00,1.75,2110.00,8700.00,1.00,0.00,4.00,4.00,9.00,1760.00,350.00,1960.00,0.00,98146.00,47.49,-122.37,2120.00,9500.00
4435600330.00,20140726T000000,165000.00,3.00,1.00,910.00,8700.00,1.00,0.00,0.00,4.00,6.00,910.00,0.00,1943.00,0.00,98188.00,47.45,-122.29,1090.00,8700.00
5016001285.00,20140609T000000,750000.00,4.00,3.25,2050.00,5000.00,2.00,0.00,0.00,4.00,8.00,1370.00,680.00,1987.00,0.00,98112.00,47.62,-122.30,1720.00,5000.00
6817800330.00,20140812T000000,405000.00,2.00,1.00,1090.00,10481.00,1.00,0.00,0.00,2.00,7.00,780.00,310.00,1981.00,0.00,98074.00,47.63,-122.03,1160.00,10533.00
8680500220.00,20141203T000000,521900.00,3.00,2.50,2100.00,12338.00,2.00,0.00,0.00,3.00,9.00,2100.00,0.00,1997.00,0.00,98072.00,47.74,-122.17,2320.00,6257.00
3211600650.00,20140722T000000,275000.00,3.00,1.00,1000.00,8018.00,1.00,0.00,0.00,3.00,7.00,1000.00,0.00,1969.00,0.00,98034.00,47.73,-122.20,1270.00,8000.00
4008400035.00,20141015T000000,600000.00,5.00,3.25,4410.00,58157.00,2.00,0.00,0.00,4.00,9.00,2330.00,2080.00,2001.00,0.00,98058.00,47.44,-122.11,2460.00,42565.00
2473002060.00,20140519T000000,442500.00,3.00,1.75,1800.00,10200.00,1.00,0.00,0.00,3.00,8.00,1800.00,0.00,1967.00,0.00,98058.00,47.45,-122.15,2140.00,10128.00
4059400515.00,20140909T000000,229950.00,2.00,1.00,920.00,7716.00,1.00,0.00,0.00,3.00,6.00,920.00,0.00,1944.00,0.00,98178.00,47.50,-122.24,1410.00,7128.00
2916610150.00,20150120T000000,274950.00,3.00,2.00,1410.00,7265.00,1.00,0.00,0.00,4.00,7.00,1410.00,0.00,1983.00,0.00,98042.00,47.37,-122.08,1390.00,8060.00
8887001215.00,20141107T000000,407185.00,3.00,1.75,1860.00,48076.00,1.50,0.00,0.00,4.00,8.00,1860.00,0.00,1929.00,0.00,98070.00,47.51,-122.46,1410.00,23066.00
3876313040.00,20140709T000000,468000.00,4.00,2.50,2100.00,8400.00,1.00,0.00,0.00,4.00,7.00,1240.00,860.00,1976.00,0.00,98072.00,47.74,-122.17,1980.00,8610.00
6021501320.00,20140930T000000,450000.00,2.00,1.00,1030.00,4365.00,1.00,0.00,0.00,3.00,7.00,1030.00,0.00,1942.00,0.00,98117.00,47.69,-122.39,1420.00,4268.00
2372800145.00,20141023T000000,219950.00,2.00,1.00,940.00,8997.00,1.00,0.00,0.00,5.00,7.00,940.00,0.00,1955.00,0.00,98022.00,47.20,-122.00,1110.00,9126.00
7120000210.00,20150122T000000,275000.00,2.00,2.50,1340.00,5995.00,2.00,0.00,0.00,3.00,7.00,1340.00,0.00,1989.00,0.00,98028.00,47.74,-122.23,1540.00,6616.00
1180003175.00,20150410T000000,229950.00,2.00,1.00,850.00,6000.00,1.00,0.00,0.00,3.00,6.00,850.00,0.00,1924.00,0.00,98178.00,47.50,-122.22,1100.00,6000.00
2902200915.00,20141125T000000,675000.00,3.00,1.75,2130.00,4400.00,1.00,0.00,0.00,3.00,7.00,1430.00,700.00,1922.00,0.00,98102.00,47.64,-122.33,1710.00,3300.00
2473530150.00,20150323T000000,412950.00,4.00,2.50,2430.00,6796.00,2.00,0.00,0.00,3.00,8.00,2430.00,0.00,1993.00,0.00,98058.00,47.45,-122.13,2450.00,8400.00
2366400150.00,20150429T000000,670000.00,5.00,2.25,2290.00,39000.00,2.00,0.00,0.00,3.00,8.00,2290.00,0.00,1979.00,0.00,98052.00,47.70,-122.12,2750.00,39900.00
4040800360.00,20140923T000000,420000.00,3.00,1.75,1230.00,10005.00,1.00,0.00,0.00,4.00,7.00,1230.00,0.00,1963.00,0.00,98008.00,47.62,-122.11,1530.00,8560.00
1269200150.00,20150113T000000,358000.00,3.00,1.50,1150.00,27319.00,1.00,0.00,0.00,4.00,6.00,1150.00,0.00,1976.00,0.00,98070.00,47.39,-122.45,1700.00,30691.00
9510970530.00,20150424T000000,680000.00,3.00,2.50,2120.00,3600.00,2.00,0.00,0.00,3.00,9.00,2120.00,0.00,2005.00,0.00,98052.00,47.66,-122.08,2540.00,4592.00
3856904825.00,20141104T000000,380000.00,2.00,1.00,980.00,3400.00,1.00,0.00,0.00,3.00,7.00,980.00,0.00,1923.00,0.00,98105.00,47.67,-122.32,1200.00,3420.00
326069101.00,20141205T000000,515000.00,3.00,2.50,2130.00,219978.00,2.00,0.00,0.00,3.00,8.00,2130.00,0.00,1986.00,0.00,98077.00,47.78,-122.03,3340.00,217800.00
254000175.00,20140819T000000,325000.00,2.00,1.00,1050.00,4800.00,1.00,0.00,0.00,4.00,7.00,1050.00,0.00,1969.00,0.00,98146.00,47.51,-122.39,1230.00,4800.00
8086000201.00,20141204T000000,875000.00,3.00,2.50,1820.00,6848.00,1.00,0.00,0.00,4.00,7.00,1820.00,0.00,1953.00,0.00,98004.00,47.63,-122.21,2080.00,11700.00
9284800085.00,20150420T000000,426000.00,3.00,2.50,2210.00,5750.00,2.00,0.00,0.00,3.00,7.00,1710.00,500.00,1914.00,2000.00,98106.00,47.55,-122.37,1350.00,5750.00
2287000330.00,20140915T000000,868500.00,5.00,2.50,2490.00,9639.00,1.00,0.00,0.00,4.00,8.00,1610.00,880.00,1959.00,0.00,98040.00,47.55,-122.22,2290.00,9958.00
2025760210.00,20140611T000000,657500.00,4.00,2.75,4140.00,24190.00,2.00,0.00,0.00,3.00,11.00,4140.00,0.00,2002.00,0.00,98092.00,47.31,-122.15,3950.00,24190.00
3330500085.00,20140918T000000,366000.00,2.00,1.00,1210.00,3090.00,1.00,0.00,0.00,3.00,6.00,860.00,350.00,1926.00,0.00,98118.00,47.55,-122.28,1210.00,3348.00
1231001225.00,20140916T000000,385000.00,2.00,1.00,1010.00,4000.00,1.00,0.00,0.00,3.00,6.00,1010.00,0.00,1911.00,0.00,98118.00,47.55,-122.27,1040.00,4000.00
984000650.00,20140908T000000,300000.00,4.00,2.00,2050.00,8750.00,1.00,0.00,0.00,3.00,7.00,1300.00,750.00,1967.00,0.00,98058.00,47.43,-122.17,2050.00,8750.00
1962200145.00,20150320T000000,810000.00,3.00,1.75,2060.00,3300.00,2.00,0.00,0.00,4.00,9.00,1500.00,560.00,1918.00,0.00,98102.00,47.65,-122.32,1830.00,3712.00
4074300150.00,20150417T000000,460000.00,4.00,1.75,1560.00,7200.00,1.00,0.00,0.00,3.00,6.00,860.00,700.00,1943.00,0.00,98115.00,47.70,-122.28,1420.00,7200.00
8665050220.00,20141021T000000,459000.00,3.00,2.50,1780.00,4000.00,2.00,0.00,0.00,4.00,8.00,1780.00,0.00,1995.00,0.00,98029.00,47.57,-122.00,1730.00,4000.00
2212700180.00,20150319T000000,260000.00,3.00,1.75,1460.00,10000.00,1.00,0.00,0.00,4.00,8.00,1460.00,0.00,1967.00,0.00,98092.00,47.34,-122.20,1930.00,14175.00
8077200360.00,20141112T000000,557865.00,4.00,2.50,3030.00,6813.00,2.00,0.00,0.00,3.00,9.00,3030.00,0.00,1987.00,0.00,98074.00,47.63,-122.03,2310.00,8682.00
8850000180.00,20150420T000000,295000.00,4.00,1.00,980.00,3000.00,1.50,0.00,0.00,4.00,7.00,980.00,0.00,1914.00,0.00,98144.00,47.59,-122.31,1525.00,3000.00
1643500072.00,20140905T000000,375000.00,4.00,2.25,1450.00,7245.00,1.00,0.00,0.00,5.00,7.00,1450.00,0.00,1950.00,1983.00,98133.00,47.76,-122.34,1660.00,7800.00
6065300330.00,20140620T000000,2110000.00,3.00,2.25,3230.00,17833.00,2.00,0.00,0.00,4.00,9.00,3230.00,0.00,1973.00,0.00,98006.00,47.57,-122.19,3690.00,17162.00
6149700191.00,20140819T000000,307300.00,2.00,2.00,1520.00,1020.00,3.00,0.00,0.00,3.00,7.00,1520.00,0.00,1999.00,0.00,98133.00,47.73,-122.34,1500.00,1245.00
1555200180.00,20140827T000000,225000.00,4.00,1.00,1410.00,7000.00,1.50,0.00,0.00,3.00,7.00,1410.00,0.00,1963.00,0.00,98032.00,47.38,-122.29,1540.00,7000.00
9407100720.00,20141107T000000,290000.00,3.00,1.75,1390.00,13200.00,2.00,0.00,0.00,3.00,7.00,1390.00,0.00,1979.00,0.00,98045.00,47.44,-121.77,1430.00,10725.00
5700000515.00,20141120T000000,690000.00,4.00,2.00,2230.00,5000.00,1.50,0.00,0.00,4.00,7.00,1510.00,720.00,1922.00,0.00,98144.00,47.58,-122.29,2140.00,5000.00
5451200530.00,20140705T000000,825000.00,4.00,2.25,2110.00,12653.00,2.00,0.00,0.00,4.00,8.00,2110.00,0.00,1972.00,0.00,98040.00,47.54,-122.23,2350.00,10980.00
868000530.00,20140702T000000,645000.00,3.00,1.75,2270.00,11472.00,1.00,0.00,0.00,4.00,7.00,1370.00,900.00,1956.00,0.00,98177.00,47.71,-122.37,2270.00,8340.00
1777600210.00,20150217T000000,590000.00,4.00,2.25,2530.00,10611.00,1.00,0.00,0.00,5.00,8.00,1320.00,1210.00,1977.00,0.00,98006.00,47.57,-122.13,2530.00,10125.00
7174800760.00,20140725T000000,667000.00,5.00,2.00,1900.00,5470.00,1.00,0.00,0.00,3.00,7.00,1180.00,720.00,1930.00,1965.00,98105.00,47.67,-122.30,1300.00,3250.00
8635750330.00,20140925T000000,664000.00,4.00,2.50,2390.00,8432.00,2.00,0.00,0.00,3.00,9.00,2390.00,0.00,1998.00,0.00,98074.00,47.60,-122.02,2710.00,7417.00
4058800925.00,20150428T000000,452100.00,4.00,2.50,3160.00,6540.00,1.00,0.00,3.00,3.00,8.00,1580.00,1580.00,1959.00,0.00,98178.00,47.50,-122.24,1990.00,7090.00
272000620.00,20141202T000000,290000.00,2.00,1.00,900.00,2728.00,2.00,0.00,0.00,3.00,7.00,900.00,0.00,1998.00,0.00,98144.00,47.59,-122.30,900.00,2728.00
7779200355.00,20150422T000000,950000.00,3.00,3.00,3610.00,17483.00,2.00,0.00,2.00,4.00,8.00,3610.00,0.00,1954.00,0.00,98146.00,47.49,-122.36,2230.00,12600.00
510000641.00,20150130T000000,662500.00,3.00,2.00,2070.00,4200.00,1.50,0.00,0.00,4.00,7.00,1670.00,400.00,1906.00,0.00,98103.00,47.66,-122.33,1490.00,4560.00
8835200230.00,20140702T000000,475000.00,4.00,2.50,1850.00,5444.00,2.00,0.00,0.00,5.00,7.00,1850.00,0.00,1981.00,0.00,98034.00,47.72,-122.16,1540.00,5000.00
8718500555.00,20140915T000000,450000.00,3.00,1.50,1440.00,9711.00,1.00,0.00,0.00,3.00,7.00,1140.00,300.00,1956.00,0.00,98028.00,47.74,-122.25,1590.00,9711.00
1722049154.00,20140707T000000,538250.00,3.00,2.25,2590.00,15229.00,2.00,0.00,3.00,3.00,8.00,2590.00,0.00,1984.00,0.00,98198.00,47.39,-122.33,2590.00,15229.00
6450304130.00,20140505T000000,329950.00,2.00,1.00,1140.00,5250.00,1.50,0.00,0.00,4.00,6.00,1140.00,0.00,1949.00,0.00,98133.00,47.73,-122.34,1450.00,5250.00
6908200155.00,20150122T000000,1103990.00,4.00,3.50,2760.00,5040.00,2.00,0.00,2.00,3.00,9.00,2760.00,0.00,1955.00,2005.00,98117.00,47.68,-122.40,2370.00,5760.00
1773101020.00,20141020T000000,307000.00,5.00,1.50,1310.00,4800.00,1.50,0.00,0.00,3.00,6.00,1110.00,200.00,1929.00,0.00,98106.00,47.55,-122.37,960.00,4800.00
1105000571.00,20140610T000000,433000.00,3.00,1.75,1870.00,7189.00,1.00,0.00,0.00,3.00,7.00,1270.00,600.00,1959.00,0.00,98118.00,47.54,-122.27,1780.00,6200.00
5153200666.00,20150114T000000,212000.00,3.00,2.25,1900.00,18000.00,1.00,0.00,0.00,4.00,7.00,1280.00,620.00,1968.00,0.00,98023.00,47.33,-122.35,1920.00,15000.00
7660100085.00,20140908T000000,750000.00,5.00,2.75,2860.00,6000.00,2.50,0.00,0.00,4.00,8.00,2380.00,480.00,1902.00,0.00,98144.00,47.59,-122.32,2240.00,6000.00
1843130530.00,20141125T000000,279000.00,3.00,2.00,1640.00,5650.00,1.00,0.00,0.00,3.00,7.00,1640.00,0.00,2003.00,0.00,98042.00,47.37,-122.13,2250.00,5488.00
7010700905.00,20140611T000000,476000.00,3.00,1.00,1140.00,5500.00,1.50,0.00,0.00,4.00,6.00,1140.00,0.00,1908.00,0.00,98199.00,47.66,-122.40,1690.00,4400.00
6790600790.00,20150326T000000,368000.00,5.00,1.75,2590.00,9394.00,1.00,0.00,0.00,4.00,7.00,1390.00,1200.00,1963.00,0.00,98198.00,47.39,-122.31,2580.00,9049.00
8651442520.00,20141015T000000,228950.00,4.00,3.00,2160.00,5200.00,1.00,0.00,0.00,3.00,7.00,1320.00,840.00,1978.00,0.00,98042.00,47.36,-122.09,1460.00,5144.00
2722059010.00,20140618T000000,568450.00,5.00,3.50,3260.00,58806.00,2.00,0.00,0.00,4.00,8.00,3260.00,0.00,1969.00,0.00,98042.00,47.37,-122.16,1810.00,17927.00
6884800210.00,20140605T000000,619000.00,4.00,1.75,1660.00,3800.00,1.50,0.00,0.00,3.00,7.00,1660.00,0.00,1926.00,0.00,98115.00,47.69,-122.31,1660.00,3767.00
7349600230.00,20140729T000000,275000.00,3.00,2.25,1640.00,6044.00,2.00,0.00,0.00,3.00,7.00,1640.00,0.00,1996.00,0.00,98002.00,47.28,-122.21,1600.00,7418.00
6699300210.00,20141027T000000,321500.00,4.00,2.50,2620.00,5457.00,2.00,0.00,0.00,3.00,8.00,2620.00,0.00,2003.00,0.00,98001.00,47.31,-122.27,2740.00,5816.00
7883607520.00,20140508T000000,230000.00,3.00,1.75,950.00,6000.00,1.00,0.00,0.00,3.00,6.00,790.00,160.00,1939.00,0.00,98108.00,47.53,-122.32,1360.00,6000.00
1450000210.00,20150128T000000,179500.00,3.00,1.00,900.00,8100.00,1.00,0.00,0.00,4.00,6.00,900.00,0.00,1959.00,0.00,98002.00,47.29,-122.22,1000.00,7830.00
1387301430.00,20140818T000000,460000.00,3.00,2.25,1650.00,7313.00,1.00,0.00,0.00,3.00,7.00,1220.00,430.00,1975.00,0.00,98011.00,47.74,-122.19,1690.00,7252.00
2517010230.00,20150226T000000,286000.00,3.00,2.50,1800.00,3980.00,2.00,0.00,0.00,3.00,7.00,1800.00,0.00,2006.00,0.00,98042.00,47.40,-122.16,2580.00,4307.00
9828201020.00,20141031T000000,427500.00,3.00,1.00,1480.00,4200.00,1.50,0.00,0.00,3.00,7.00,1480.00,0.00,1925.00,0.00,98122.00,47.61,-122.30,1460.00,3600.00
2461900175.00,20140522T000000,400000.00,3.00,1.00,1040.00,6250.00,1.00,0.00,0.00,3.00,7.00,1040.00,0.00,1942.00,0.00,98136.00,47.55,-122.39,1770.00,6250.00
8682250330.00,20140624T000000,675000.00,3.00,3.50,2300.00,5611.00,1.00,0.00,0.00,3.00,8.00,2300.00,0.00,2004.00,0.00,98053.00,47.71,-122.03,2170.00,5926.00
3031200230.00,20150226T000000,350000.00,3.00,1.00,2480.00,8906.00,1.00,0.00,0.00,3.00,7.00,1240.00,1240.00,1969.00,0.00,98118.00,47.54,-122.29,1800.00,8906.00
3824100166.00,20141122T000000,385000.00,4.00,1.75,1970.00,10358.00,1.00,0.00,0.00,3.00,8.00,1540.00,430.00,1977.00,0.00,98028.00,47.77,-122.26,1900.00,10358.00
7011201445.00,20140702T000000,525000.00,2.00,1.75,1530.00,3503.00,1.00,0.00,1.00,4.00,7.00,830.00,700.00,1916.00,0.00,98119.00,47.64,-122.37,1280.00,1531.00
7262200150.00,20150121T000000,315000.00,2.00,1.00,970.00,18557.00,1.00,0.00,0.00,3.00,6.00,970.00,0.00,1939.00,0.00,98146.00,47.51,-122.37,1150.00,7200.00
1623069023.00,20140729T000000,820000.00,4.00,2.50,2920.00,252648.00,2.00,0.00,0.00,3.00,10.00,2920.00,0.00,2002.00,0.00,98027.00,47.48,-122.05,2180.00,71874.00
7523700210.00,20150415T000000,205000.00,3.00,1.00,970.00,7700.00,1.00,0.00,0.00,4.00,7.00,970.00,0.00,1959.00,0.00,98032.00,47.38,-122.30,1160.00,8250.00
2915200210.00,20141205T000000,500000.00,2.00,1.00,680.00,5250.00,1.00,0.00,0.00,4.00,6.00,680.00,0.00,1922.00,0.00,98177.00,47.70,-122.36,1620.00,5461.00
3904990210.00,20140822T000000,599000.00,4.00,2.50,2640.00,6738.00,2.00,0.00,0.00,4.00,8.00,2640.00,0.00,1989.00,0.00,98029.00,47.58,-122.00,2180.00,5782.00
1333300145.00,20150304T000000,2225000.00,3.00,4.00,4200.00,30120.00,2.00,0.00,2.00,4.00,11.00,3600.00,600.00,1933.00,0.00,98112.00,47.64,-122.31,2760.00,12200.00
7461400360.00,20150421T000000,299000.00,1.00,2.50,1980.00,7521.00,1.00,0.00,0.00,4.00,7.00,1180.00,800.00,1979.00,0.00,98055.00,47.43,-122.19,1980.00,8000.00
7631200085.00,20140512T000000,947500.00,3.00,2.75,2980.00,27144.00,1.50,1.00,2.00,5.00,8.00,2180.00,800.00,1917.00,0.00,98166.00,47.45,-122.38,1890.00,12514.00
6145600040.00,20140623T000000,385000.00,3.00,3.25,1630.00,1677.00,3.00,0.00,0.00,3.00,8.00,1630.00,0.00,2007.00,0.00,98133.00,47.70,-122.35,1220.00,1677.00
6372000155.00,20140811T000000,639950.00,2.00,1.75,1780.00,4520.00,1.00,0.00,0.00,5.00,7.00,890.00,890.00,1925.00,0.00,98116.00,47.58,-122.40,1560.00,4520.00
6821600145.00,20141110T000000,824000.00,2.00,1.00,1210.00,8400.00,1.00,0.00,0.00,3.00,8.00,780.00,430.00,2000.00,0.00,98199.00,47.65,-122.39,1860.00,6000.00
7983100150.00,20140602T000000,199950.00,3.00,1.00,1010.00,7245.00,1.00,0.00,0.00,3.00,7.00,1010.00,0.00,1969.00,0.00,98003.00,47.33,-122.31,1300.00,8236.00
723000150.00,20150408T000000,1005000.00,3.00,2.50,2570.00,5000.00,1.00,0.00,0.00,4.00,8.00,1480.00,1090.00,1940.00,0.00,98105.00,47.66,-122.29,2420.00,5484.00
2493200155.00,20150403T000000,950000.00,4.00,2.25,2770.00,5320.00,2.00,0.00,1.00,3.00,9.00,2440.00,330.00,2013.00,0.00,98136.00,47.53,-122.39,2100.00,6011.00
2592210150.00,20140923T000000,822000.00,3.00,2.50,2290.00,9158.00,2.00,0.00,0.00,4.00,8.00,2290.00,0.00,1984.00,0.00,98006.00,47.55,-122.14,2210.00,9588.00
2595300210.00,20141106T000000,473600.00,4.00,1.50,1780.00,8400.00,1.00,0.00,0.00,3.00,7.00,1080.00,700.00,1969.00,0.00,98136.00,47.52,-122.39,1660.00,8400.00
3902100150.00,20150202T000000,490000.00,5.00,2.00,2150.00,4500.00,1.50,0.00,0.00,3.00,8.00,2150.00,0.00,1938.00,0.00,98116.00,47.56,-122.39,1300.00,4500.00
3329520410.00,20140505T000000,245000.00,3.00,1.75,1920.00,9306.00,1.00,0.00,0.00,3.00,7.00,1000.00,920.00,1984.00,0.00,98001.00,47.33,-122.27,1860.00,8458.00
4013800206.00,20140828T000000,199000.00,4.00,1.00,1220.00,11730.00,1.00,0.00,0.00,4.00,7.00,1220.00,0.00,1960.00,0.00,98001.00,47.32,-122.28,1270.00,9520.00
1370803460.00,20140507T000000,1340000.00,3.00,3.00,2960.00,5500.00,2.00,0.00,2.00,3.00,10.00,2440.00,520.00,1937.00,1990.00,98199.00,47.64,-122.40,2960.00,5876.00
4046600220.00,20141017T000000,418000.00,3.00,1.75,1500.00,19113.00,1.00,0.00,0.00,3.00,7.00,1500.00,0.00,1984.00,0.00,98014.00,47.70,-121.92,1820.00,18151.00
6190701484.00,20150311T000000,450000.00,7.00,3.50,2830.00,8625.00,1.00,0.00,0.00,4.00,8.00,1830.00,1000.00,1957.00,0.00,98133.00,47.75,-122.36,1570.00,8400.00
8016200530.00,20140718T000000,280000.00,3.00,2.50,1580.00,7000.00,2.00,0.00,0.00,3.00,8.00,1580.00,0.00,1992.00,0.00,98030.00,47.37,-122.17,2110.00,7062.00
6802210210.00,20150303T000000,273000.00,3.00,2.25,1230.00,11601.00,1.00,0.00,0.00,4.00,7.00,910.00,320.00,1992.00,0.00,98022.00,47.20,-121.99,1820.00,8465.00
4305600040.00,20140505T000000,549000.00,4.00,2.50,2910.00,6338.00,2.00,0.00,0.00,3.00,8.00,2910.00,0.00,2008.00,0.00,98059.00,47.48,-122.13,2500.00,5877.00
7856570150.00,20140625T000000,913888.00,5.00,2.25,2370.00,15512.00,2.00,0.00,0.00,4.00,9.00,2370.00,0.00,1981.00,0.00,98006.00,47.56,-122.15,2380.00,15100.00
7576200040.00,20140718T000000,689888.00,4.00,2.25,1930.00,3500.00,1.50,0.00,0.00,5.00,8.00,1540.00,390.00,1916.00,0.00,98122.00,47.62,-122.29,1800.00,5000.00
6300500183.00,20141212T000000,305000.00,4.00,2.00,1780.00,5043.00,1.00,0.00,0.00,3.00,7.00,870.00,910.00,1993.00,0.00,98133.00,47.70,-122.34,1350.00,5044.00
3204950120.00,20140529T000000,602500.00,4.00,2.50,2760.00,6850.00,2.00,0.00,0.00,3.00,9.00,2760.00,0.00,1999.00,0.00,98056.00,47.53,-122.19,2640.00,9803.00
7857004225.00,20150424T000000,355000.00,2.00,1.75,1620.00,3640.00,1.00,0.00,0.00,3.00,7.00,900.00,720.00,1929.00,0.00,98108.00,47.54,-122.30,1590.00,5538.00
7732400360.00,20140821T000000,756000.00,3.00,2.50,2160.00,7525.00,2.00,0.00,0.00,3.00,9.00,2160.00,0.00,1986.00,0.00,98052.00,47.66,-122.15,2470.00,7941.00
4388000120.00,20150423T000000,289950.00,4.00,2.25,2190.00,6906.00,1.00,0.00,0.00,4.00,7.00,1040.00,1150.00,1977.00,0.00,98023.00,47.32,-122.37,1250.00,6440.00
8653900150.00,20140505T000000,800000.00,3.00,2.50,3240.00,7857.00,2.00,0.00,0.00,3.00,10.00,3240.00,0.00,1994.00,0.00,98075.00,47.59,-122.04,2970.00,7857.00
3362400472.00,20141202T000000,403000.00,2.00,1.00,720.00,3255.00,1.00,0.00,0.00,4.00,6.00,720.00,0.00,1905.00,0.00,98103.00,47.68,-122.35,1430.00,3170.00
8857100180.00,20150413T000000,350000.00,3.00,2.25,1410.00,1340.00,2.00,0.00,0.00,3.00,8.00,1370.00,40.00,1967.00,0.00,98008.00,47.61,-122.11,1730.00,2748.00
8156600210.00,20150326T000000,1285000.00,5.00,3.50,2980.00,5100.00,2.00,0.00,0.00,3.00,10.00,2370.00,610.00,2015.00,0.00,98115.00,47.68,-122.30,1780.00,5100.00
4038700720.00,20140918T000000,525126.00,5.00,2.25,1950.00,8025.00,1.00,0.00,2.00,3.00,7.00,1150.00,800.00,1960.00,0.00,98008.00,47.62,-122.11,1780.00,8560.00
2634500085.00,20140812T000000,241450.00,3.00,1.00,1100.00,8138.00,1.00,0.00,0.00,3.00,7.00,1100.00,0.00,1949.00,0.00,98155.00,47.74,-122.33,1440.00,8131.00
1077100035.00,20150122T000000,320000.00,3.00,1.50,1400.00,9087.00,1.00,0.00,0.00,3.00,7.00,1400.00,0.00,1954.00,0.00,98133.00,47.77,-122.34,1490.00,8380.00
5466700360.00,20141023T000000,234000.00,4.00,2.00,1710.00,7455.00,1.00,0.00,0.00,3.00,7.00,1030.00,680.00,1975.00,0.00,98031.00,47.40,-122.17,1710.00,7350.00
1250201165.00,20141121T000000,441000.00,5.00,2.50,2000.00,3600.00,1.00,0.00,0.00,3.00,6.00,1150.00,850.00,1987.00,0.00,98144.00,47.60,-122.30,1410.00,3600.00
1250201165.00,20150317T000000,474500.00,5.00,2.50,2000.00,3600.00,1.00,0.00,0.00,3.00,6.00,1150.00,850.00,1987.00,0.00,98144.00,47.60,-122.30,1410.00,3600.00
4083301120.00,20150422T000000,705000.00,3.00,1.00,1440.00,2618.00,1.50,0.00,0.00,4.00,7.00,1440.00,0.00,1906.00,0.00,98103.00,47.66,-122.34,1850.00,3990.00
3905100610.00,20150409T000000,517500.00,4.00,2.50,1520.00,3370.00,2.00,0.00,0.00,3.00,8.00,1520.00,0.00,1994.00,0.00,98029.00,47.57,-122.00,1860.00,4486.00
4330600360.00,20140617T000000,142500.00,4.00,0.75,1440.00,13300.00,1.00,0.00,0.00,3.00,6.00,1440.00,0.00,1948.00,0.00,98166.00,47.48,-122.34,1460.00,11100.00
345700150.00,20141106T000000,310000.00,2.00,1.50,1010.00,10005.00,2.00,0.00,0.00,3.00,7.00,1010.00,0.00,1981.00,0.00,98056.00,47.51,-122.19,1210.00,7794.00
7732100150.00,20141028T000000,749500.00,4.00,2.50,2440.00,9727.00,2.00,0.00,0.00,3.00,9.00,2440.00,0.00,1987.00,0.00,98052.00,47.66,-122.13,2370.00,11503.00
5379800862.00,20150429T000000,360000.00,5.00,3.00,2480.00,7200.00,1.00,0.00,0.00,3.00,7.00,1560.00,920.00,1999.00,0.00,98188.00,47.46,-122.28,1910.00,9432.00
4396000180.00,20141121T000000,267500.00,3.00,1.00,1090.00,22080.00,1.00,0.00,0.00,5.00,7.00,1090.00,0.00,1967.00,0.00,98038.00,47.40,-121.96,1590.00,19457.00
1447600410.00,20141009T000000,290000.00,3.00,1.00,1480.00,32700.00,1.00,0.00,0.00,4.00,6.00,1380.00,100.00,1942.00,0.00,98168.00,47.49,-122.33,1500.00,22600.00
3325059177.00,20141105T000000,850000.00,5.00,2.50,2800.00,11325.00,1.00,0.00,0.00,4.00,8.00,1400.00,1400.00,1970.00,0.00,98005.00,47.62,-122.17,2510.00,13700.00
2652500155.00,20141029T000000,815000.00,4.00,1.75,1820.00,4500.00,1.50,0.00,0.00,3.00,8.00,1820.00,0.00,1921.00,0.00,98119.00,47.64,-122.36,1870.00,3600.00
824059305.00,20150108T000000,2200000.00,5.00,4.00,5840.00,11652.00,2.00,0.00,1.00,3.00,11.00,4410.00,1430.00,1988.00,0.00,98004.00,47.58,-122.20,3120.00,13639.00
5318101565.00,20140703T000000,1625000.00,4.00,3.25,2980.00,3600.00,2.00,0.00,0.00,3.00,9.00,2150.00,830.00,1999.00,0.00,98112.00,47.64,-122.28,2980.00,4800.00
2460600040.00,20140616T000000,175000.00,3.00,1.50,1220.00,7300.00,1.00,0.00,0.00,3.00,7.00,1220.00,0.00,1973.00,0.00,98001.00,47.33,-122.28,1260.00,7347.00
9527000040.00,20141002T000000,429950.00,3.00,1.75,1830.00,9758.00,1.00,0.00,0.00,3.00,8.00,1300.00,530.00,1977.00,0.00,98034.00,47.71,-122.23,1850.00,8000.00
2909300150.00,20140714T000000,675000.00,4.00,2.50,2900.00,5505.00,2.00,0.00,0.00,3.00,8.00,2900.00,0.00,2002.00,0.00,98074.00,47.61,-122.02,2970.00,5251.00
8078600330.00,20140708T000000,580000.00,3.00,2.25,1940.00,5980.00,1.00,0.00,0.00,3.00,7.00,1520.00,420.00,1987.00,0.00,98027.00,47.55,-122.08,1910.00,6309.00
4338800720.00,20150224T000000,240000.00,4.00,2.00,1750.00,7800.00,1.00,0.00,0.00,4.00,6.00,1750.00,0.00,1944.00,0.00,98166.00,47.48,-122.35,1270.00,7800.00
4016800120.00,20140820T000000,374000.00,3.00,2.50,1850.00,17808.00,1.00,0.00,0.00,4.00,8.00,1210.00,640.00,1982.00,0.00,98032.00,47.36,-122.27,2260.00,16754.00
2021201085.00,20141212T000000,862500.00,4.00,2.50,3220.00,4400.00,2.00,0.00,2.00,3.00,9.00,2180.00,1040.00,1937.00,0.00,98199.00,47.63,-122.39,3000.00,5000.00
1922059010.00,20150121T000000,140000.00,2.00,1.00,1080.00,6052.00,1.00,0.00,0.00,5.00,6.00,1080.00,0.00,1908.00,0.00,98030.00,47.39,-122.22,1810.00,7830.00
1133000385.00,20140530T000000,740000.00,5.00,3.75,3990.00,18897.00,2.00,0.00,0.00,3.00,8.00,3090.00,900.00,1937.00,2010.00,98125.00,47.72,-122.31,2080.00,9793.00
2397100155.00,20150224T000000,589000.00,3.00,1.75,920.00,3600.00,1.00,0.00,0.00,4.00,6.00,820.00,100.00,1904.00,0.00,98119.00,47.64,-122.37,1620.00,3600.00
7461420210.00,20150223T000000,275000.00,3.00,1.75,1290.00,9760.00,1.00,0.00,0.00,3.00,7.00,1290.00,0.00,1979.00,0.00,98058.00,47.43,-122.15,1410.00,8034.00
6204050040.00,20140711T000000,489900.00,4.00,2.50,2090.00,4196.00,2.00,0.00,0.00,3.00,8.00,2090.00,0.00,2006.00,0.00,98011.00,47.75,-122.19,2640.00,4503.00
4099100210.00,20140813T000000,545000.00,3.00,2.50,1900.00,3366.00,2.00,0.00,0.00,3.00,9.00,1900.00,0.00,1996.00,0.00,98033.00,47.67,-122.18,2500.00,3954.00
316000145.00,20150325T000000,235000.00,4.00,1.00,1360.00,7132.00,1.50,0.00,0.00,3.00,6.00,1360.00,0.00,1941.00,0.00,98168.00,47.51,-122.30,1280.00,7175.00
3331000455.00,20150217T000000,230000.00,3.00,1.00,1000.00,4000.00,1.50,0.00,0.00,4.00,6.00,1000.00,0.00,1915.00,0.00,98118.00,47.55,-122.29,1040.00,4240.00
9839300775.00,20140710T000000,655000.00,4.00,2.25,2170.00,4080.00,2.00,0.00,0.00,3.00,7.00,1920.00,250.00,1980.00,0.00,98122.00,47.61,-122.29,1890.00,4400.00
2320069107.00,20140822T000000,185000.00,2.00,1.00,820.00,16030.00,1.00,0.00,0.00,4.00,5.00,820.00,0.00,1923.00,0.00,98022.00,47.20,-122.00,1880.00,14046.00
2599001010.00,20150326T000000,196000.00,3.00,1.00,1090.00,7400.00,1.00,0.00,0.00,4.00,7.00,1090.00,0.00,1962.00,0.00,98092.00,47.29,-122.19,1140.00,8165.00
2193340120.00,20140604T000000,572000.00,3.00,2.25,1830.00,7897.00,1.00,0.00,0.00,4.00,8.00,1290.00,540.00,1986.00,0.00,98052.00,47.69,-122.10,1990.00,8306.00
7954310210.00,20150430T000000,615000.00,4.00,2.50,3010.00,6903.00,2.00,0.00,0.00,3.00,9.00,3010.00,0.00,2001.00,0.00,98056.00,47.52,-122.19,2860.00,6435.00
2425049107.00,20150305T000000,1950000.00,4.00,3.75,4150.00,17424.00,1.00,0.00,0.00,3.00,9.00,3130.00,1020.00,1963.00,2000.00,98039.00,47.64,-122.24,3930.00,21420.00
1338300555.00,20150320T000000,1225000.00,6.00,2.25,2930.00,4320.00,2.00,0.00,0.00,3.00,9.00,2130.00,800.00,1913.00,0.00,98112.00,47.63,-122.31,2860.00,4320.00
8944310330.00,20140819T000000,375000.00,3.00,2.50,1520.00,5649.00,2.00,0.00,0.00,4.00,7.00,1520.00,0.00,1989.00,0.00,98034.00,47.72,-122.16,1540.00,5000.00
2551500180.00,20140905T000000,295000.00,3.00,1.75,1250.00,9486.00,1.00,0.00,0.00,4.00,6.00,1250.00,0.00,1971.00,0.00,98070.00,47.43,-122.45,1270.00,9600.00
9212900180.00,20140625T000000,760000.00,4.00,2.50,2760.00,6000.00,2.00,0.00,0.00,5.00,7.00,2230.00,530.00,1942.00,0.00,98115.00,47.69,-122.30,1600.00,6000.00
2473460650.00,20150407T000000,347000.00,3.00,1.75,1330.00,7848.00,1.00,0.00,0.00,3.00,8.00,1330.00,0.00,1978.00,0.00,98058.00,47.45,-122.13,2110.00,8497.00
2856101755.00,20150504T000000,712000.00,3.00,2.00,1700.00,5100.00,1.50,0.00,0.00,4.00,7.00,1500.00,200.00,1924.00,0.00,98117.00,47.68,-122.39,1700.00,5100.00
3080000040.00,20140515T000000,495000.00,4.00,2.00,2050.00,4000.00,1.50,0.00,0.00,5.00,7.00,1210.00,840.00,1941.00,0.00,98144.00,47.58,-122.31,1310.00,4000.00
1224049080.00,20140620T000000,925000.00,4.00,2.00,3140.00,10437.00,1.00,0.00,0.00,4.00,8.00,2040.00,1100.00,1959.00,0.00,98040.00,47.58,-122.23,2010.00,10437.00
9547200835.00,20150402T000000,775000.00,3.00,1.00,2030.00,4080.00,1.50,0.00,0.00,4.00,7.00,1840.00,190.00,1908.00,0.00,98115.00,47.68,-122.31,2030.00,4080.00
4363700365.00,20140801T000000,429000.00,4.00,2.50,2100.00,7920.00,1.50,0.00,0.00,4.00,6.00,1400.00,700.00,1916.00,0.00,98126.00,47.53,-122.37,1230.00,7920.00
7683800212.00,20141218T000000,229000.00,3.00,1.00,1010.00,12705.00,1.00,0.00,0.00,4.00,7.00,1010.00,0.00,1959.00,0.00,98003.00,47.33,-122.30,1490.00,10200.00
1324079054.00,20140922T000000,400000.00,4.00,1.50,1980.00,113691.00,1.00,0.00,0.00,3.00,7.00,1980.00,0.00,1962.00,0.00,98024.00,47.56,-121.85,1980.00,89298.00
2141330360.00,20140729T000000,625000.00,4.00,2.25,2100.00,8290.00,2.00,0.00,0.00,4.00,8.00,2100.00,0.00,1978.00,0.00,98006.00,47.56,-122.13,2100.00,8290.00
6450302546.00,20141021T000000,130000.00,2.00,1.00,840.00,6654.00,1.00,0.00,0.00,3.00,7.00,840.00,0.00,1951.00,0.00,98133.00,47.73,-122.34,1350.00,5831.00
7972600676.00,20141104T000000,349000.00,3.00,1.75,1690.00,5080.00,1.00,0.00,0.00,3.00,7.00,1190.00,500.00,1976.00,0.00,98106.00,47.53,-122.35,1300.00,5080.00
922059161.00,20140922T000000,365000.00,3.00,2.00,2140.00,26600.00,1.00,0.00,0.00,4.00,7.00,2140.00,0.00,1983.00,0.00,98031.00,47.41,-122.17,2310.00,8783.00
2770601461.00,20150317T000000,487500.00,3.00,2.50,1810.00,1988.00,2.00,0.00,0.00,3.00,7.00,1350.00,460.00,1997.00,0.00,98199.00,47.65,-122.39,1600.00,1525.00
8079010230.00,20140603T000000,475000.00,3.00,2.50,2600.00,7210.00,2.00,0.00,0.00,3.00,8.00,2600.00,0.00,1989.00,0.00,98059.00,47.51,-122.15,2350.00,7225.00
5458800620.00,20140924T000000,685000.00,3.00,1.75,1650.00,8400.00,1.00,0.00,0.00,3.00,8.00,1470.00,180.00,1959.00,0.00,98040.00,47.58,-122.24,2020.00,7777.00
5318101075.00,20140811T000000,960000.00,3.00,1.75,2460.00,4800.00,1.00,0.00,0.00,4.00,7.00,1230.00,1230.00,1938.00,0.00,98112.00,47.63,-122.28,2860.00,4800.00
5430300120.00,20141113T000000,1100000.00,5.00,2.25,4320.00,7620.00,2.00,0.00,0.00,3.00,7.00,2880.00,1440.00,1973.00,2014.00,98115.00,47.68,-122.29,1880.00,7620.00
1442700360.00,20150320T000000,428000.00,3.00,2.25,2600.00,15000.00,2.00,0.00,0.00,3.00,9.00,2600.00,0.00,1978.00,0.00,98038.00,47.37,-122.06,2380.00,15000.00
5651010150.00,20150510T000000,435000.00,3.00,2.50,1930.00,5790.00,2.00,0.00,0.00,4.00,7.00,1930.00,0.00,1988.00,0.00,98011.00,47.77,-122.17,1790.00,4901.00
6908200021.00,20141028T000000,769950.00,3.00,2.00,2190.00,5400.00,1.00,0.00,2.00,5.00,7.00,1260.00,930.00,1952.00,0.00,98107.00,47.67,-122.40,2160.00,5400.00
2201500555.00,20140929T000000,385000.00,3.00,1.00,1420.00,10980.00,1.00,0.00,0.00,4.00,7.00,1200.00,220.00,1954.00,0.00,98006.00,47.57,-122.14,1630.00,9763.00
255550150.00,20141118T000000,352000.00,3.00,2.50,2090.00,3002.00,2.00,0.00,0.00,3.00,7.00,1670.00,420.00,2005.00,0.00,98019.00,47.75,-121.98,2090.00,3163.00
524069011.00,20140911T000000,622500.00,3.00,2.50,2290.00,14374.00,2.00,0.00,0.00,3.00,8.00,2290.00,0.00,1983.00,2012.00,98075.00,47.59,-122.07,2290.00,33450.00
7504010760.00,20150212T000000,660000.00,3.00,3.00,2470.00,11900.00,2.00,0.00,0.00,3.00,9.00,2290.00,180.00,1976.00,0.00,98074.00,47.64,-122.06,2590.00,11900.00
1788800610.00,20140902T000000,105000.00,3.00,1.00,840.00,8400.00,1.00,0.00,0.00,3.00,6.00,840.00,0.00,1959.00,0.00,98023.00,47.33,-122.34,840.00,9450.00
7192800145.00,20141202T000000,420000.00,2.00,1.00,2100.00,4480.00,1.00,0.00,0.00,5.00,7.00,1400.00,700.00,1908.00,0.00,98126.00,47.57,-122.37,1570.00,4400.00
5566100145.00,20140903T000000,499950.00,3.00,1.50,1360.00,11250.00,1.00,0.00,0.00,4.00,7.00,1360.00,0.00,1955.00,0.00,98006.00,47.57,-122.18,1440.00,11250.00
2024059052.00,20140814T000000,975000.00,6.00,3.00,3420.00,22421.00,1.00,0.00,0.00,5.00,9.00,2270.00,1150.00,1948.00,0.00,98006.00,47.55,-122.19,2430.00,15560.00
2436700540.00,20141001T000000,665000.00,3.00,2.75,1930.00,2960.00,1.50,0.00,0.00,5.00,7.00,1490.00,440.00,1929.00,0.00,98105.00,47.67,-122.29,2080.00,3760.00
7200001608.00,20140701T000000,540000.00,4.00,2.50,2180.00,10140.00,1.00,0.00,0.00,4.00,7.00,1180.00,1000.00,1968.00,0.00,98052.00,47.68,-122.11,1840.00,9375.00
5612100065.00,20140529T000000,400000.00,4.00,2.00,1670.00,12056.00,1.00,0.00,0.00,3.00,7.00,1670.00,0.00,1955.00,0.00,98028.00,47.74,-122.24,1860.00,12056.00
7785380150.00,20141215T000000,469950.00,4.00,2.75,2720.00,6427.00,1.00,0.00,0.00,3.00,8.00,1650.00,1070.00,2008.00,0.00,98146.00,47.49,-122.35,2720.00,8484.00
4178310040.00,20141016T000000,777000.00,4.00,2.50,3170.00,9900.00,2.00,0.00,0.00,4.00,8.00,3170.00,0.00,1979.00,0.00,98007.00,47.62,-122.15,2540.00,12400.00
1708400555.00,20140625T000000,346500.00,2.00,1.75,1610.00,6300.00,1.00,0.00,0.00,3.00,7.00,1010.00,600.00,1941.00,0.00,98108.00,47.55,-122.30,1370.00,5225.00
3629760330.00,20150311T000000,685000.00,3.00,2.50,2370.00,4950.00,2.00,0.00,0.00,3.00,8.00,2370.00,0.00,2003.00,0.00,98029.00,47.55,-122.01,2230.00,4950.00
5469501830.00,20140624T000000,396500.00,3.00,2.50,2590.00,18980.00,1.00,0.00,0.00,4.00,10.00,2590.00,0.00,1976.00,0.00,98042.00,47.38,-122.15,3110.00,14652.00
9829201058.00,20140504T000000,783500.00,3.00,2.50,2850.00,7130.00,2.00,0.00,0.00,3.00,10.00,1990.00,860.00,1980.00,0.00,98122.00,47.60,-122.29,2280.00,6459.00
1931300175.00,20140702T000000,575000.00,4.00,2.00,1660.00,4800.00,1.50,0.00,0.00,3.00,7.00,1660.00,0.00,1922.00,0.00,98103.00,47.66,-122.35,1660.00,4800.00
7237500360.00,20141106T000000,1500000.00,4.00,4.25,5550.00,12968.00,2.00,0.00,0.00,3.00,11.00,5550.00,0.00,2005.00,0.00,98059.00,47.53,-122.14,4750.00,13001.00
923000120.00,20150408T000000,515000.00,3.00,1.50,2200.00,7620.00,1.00,0.00,0.00,4.00,7.00,1130.00,1070.00,1942.00,0.00,98177.00,47.73,-122.36,2170.00,7672.00
1446800995.00,20140805T000000,300000.00,3.00,2.50,2020.00,6628.00,1.00,0.00,0.00,4.00,7.00,1250.00,770.00,1963.00,0.00,98168.00,47.49,-122.33,1540.00,9995.00
8732000410.00,20150114T000000,272000.00,3.00,1.50,1760.00,9600.00,1.00,0.00,0.00,4.00,7.00,1760.00,0.00,1966.00,0.00,98031.00,47.41,-122.20,1450.00,9600.00
7303100210.00,20140527T000000,355000.00,4.00,2.25,1810.00,4970.00,2.00,0.00,0.00,3.00,7.00,1810.00,0.00,2003.00,0.00,98059.00,47.50,-122.16,1810.00,4858.00
3348401622.00,20140731T000000,223000.00,3.00,2.00,1310.00,8440.00,1.00,0.00,0.00,5.00,6.00,1310.00,0.00,1951.00,0.00,98178.00,47.50,-122.27,1790.00,10775.00
3793501400.00,20140820T000000,397000.00,4.00,2.50,3000.00,8584.00,2.00,0.00,0.00,3.00,7.00,3000.00,0.00,2003.00,0.00,98038.00,47.37,-122.03,2610.00,7570.00
2872100385.00,20150318T000000,460000.00,2.00,2.00,1080.00,5000.00,1.00,0.00,0.00,5.00,6.00,1080.00,0.00,1923.00,0.00,98117.00,47.68,-122.39,1530.00,5000.00
1689400150.00,20150206T000000,848000.00,3.00,2.75,2170.00,2738.00,1.50,0.00,0.00,4.00,9.00,1550.00,620.00,1930.00,0.00,98109.00,47.64,-122.35,1170.00,1062.00
2887701251.00,20141007T000000,392800.00,2.00,1.00,740.00,4275.00,1.00,0.00,0.00,5.00,6.00,740.00,0.00,1924.00,0.00,98115.00,47.69,-122.31,1900.00,4275.00
3528000040.00,20141001T000000,1690000.00,3.00,3.25,5290.00,224442.00,2.00,0.00,0.00,4.00,11.00,4540.00,750.00,1988.00,0.00,98053.00,47.67,-122.05,3750.00,84936.00
3528000040.00,20150326T000000,1800000.00,3.00,3.25,5290.00,224442.00,2.00,0.00,0.00,4.00,11.00,4540.00,750.00,1988.00,0.00,98053.00,47.67,-122.05,3750.00,84936.00
3787000120.00,20150122T000000,577000.00,3.00,2.25,2370.00,7878.00,2.00,0.00,0.00,3.00,8.00,2370.00,0.00,1985.00,0.00,98034.00,47.73,-122.17,1870.00,7766.00
5693500760.00,20140707T000000,570000.00,3.00,1.00,1890.00,3330.00,1.50,0.00,0.00,4.00,7.00,1390.00,500.00,1901.00,0.00,98103.00,47.66,-122.35,1530.00,3330.00
8892900180.00,20140617T000000,250000.00,3.00,1.75,1160.00,6134.00,1.00,0.00,0.00,3.00,7.00,1160.00,0.00,1998.00,0.00,98002.00,47.34,-122.22,1330.00,6301.00
5458800330.00,20140904T000000,645000.00,4.00,1.75,1550.00,7350.00,1.50,0.00,0.00,4.00,8.00,1550.00,0.00,1958.00,0.00,98040.00,47.58,-122.24,1860.00,7350.00
1560930450.00,20141024T000000,567500.00,3.00,2.50,3090.00,67082.00,2.00,0.00,0.00,3.00,9.00,3090.00,0.00,1990.00,0.00,98038.00,47.40,-122.02,3650.00,62290.00
6699930360.00,20140722T000000,337000.00,4.00,2.50,2610.00,5240.00,2.00,0.00,0.00,3.00,8.00,2610.00,0.00,2004.00,0.00,98038.00,47.35,-122.04,2480.00,5240.00
1423900580.00,20140625T000000,280000.00,3.00,1.75,1230.00,8250.00,1.00,0.00,0.00,3.00,7.00,1230.00,0.00,1966.00,0.00,98058.00,47.45,-122.18,1250.00,8250.00
7338000730.00,20140728T000000,167000.00,3.00,1.50,1280.00,5547.00,2.00,0.00,0.00,4.00,6.00,1280.00,0.00,1985.00,0.00,98002.00,47.33,-122.22,1150.00,4500.00
4364700730.00,20140530T000000,280000.00,2.00,1.00,1880.00,7560.00,1.00,0.00,0.00,3.00,6.00,940.00,940.00,1919.00,0.00,98126.00,47.53,-122.37,1280.00,7560.00
7305300760.00,20141222T000000,317500.00,2.00,1.50,1220.00,8409.00,1.00,0.00,0.00,4.00,6.00,1220.00,0.00,1948.00,0.00,98155.00,47.75,-122.32,1130.00,8409.00
2488200455.00,20140703T000000,405500.00,2.00,2.75,1350.00,1252.00,2.00,0.00,0.00,3.00,8.00,1120.00,230.00,2006.00,0.00,98136.00,47.52,-122.39,1410.00,1265.00
318900120.00,20150123T000000,495000.00,4.00,2.50,2370.00,15336.00,2.00,0.00,0.00,3.00,8.00,2370.00,0.00,1995.00,0.00,98024.00,47.56,-121.90,2110.00,15925.00
7504110330.00,20150128T000000,691000.00,4.00,3.00,3040.00,11651.00,2.00,0.00,0.00,3.00,10.00,3040.00,0.00,1987.00,0.00,98074.00,47.63,-122.04,2540.00,11815.00
2222039011.00,20141103T000000,480000.00,5.00,1.75,2080.00,217800.00,1.00,0.00,0.00,5.00,7.00,2080.00,0.00,1963.00,0.00,98070.00,47.39,-122.40,1670.00,213008.00
6021502300.00,20150211T000000,549010.00,2.00,1.75,1560.00,4141.00,1.00,0.00,0.00,4.00,7.00,880.00,680.00,1942.00,0.00,98117.00,47.69,-122.38,1210.00,4141.00
3630110360.00,20150422T000000,750000.00,5.00,3.50,2980.00,5809.00,2.00,0.00,2.00,3.00,8.00,2980.00,0.00,2005.00,0.00,98029.00,47.55,-122.00,2120.00,3416.00
1529300410.00,20150224T000000,365000.00,2.00,1.00,870.00,5689.00,1.00,0.00,0.00,4.00,7.00,870.00,0.00,1948.00,0.00,98103.00,47.70,-122.35,1100.00,5711.00
2426049154.00,20150305T000000,412500.00,3.00,1.75,1660.00,10716.00,1.00,0.00,0.00,3.00,7.00,1100.00,560.00,1988.00,0.00,98034.00,47.73,-122.23,1630.00,7626.00
6204420180.00,20140603T000000,425000.00,3.00,2.25,1870.00,9000.00,1.00,0.00,0.00,3.00,7.00,1440.00,430.00,1978.00,0.00,98011.00,47.74,-122.20,1870.00,8640.00
8085400410.00,20150331T000000,920000.00,3.00,1.00,1410.00,9656.00,1.00,0.00,0.00,3.00,7.00,960.00,450.00,1953.00,0.00,98004.00,47.64,-122.21,2410.00,9384.00
8731980880.00,20141222T000000,340000.00,4.00,2.25,2180.00,8000.00,1.00,0.00,0.00,4.00,9.00,1630.00,550.00,1975.00,0.00,98023.00,47.32,-122.38,2310.00,8000.00
626049115.00,20141105T000000,405000.00,4.00,2.50,2620.00,8960.00,1.00,0.00,0.00,5.00,7.00,1520.00,1100.00,1955.00,0.00,98133.00,47.76,-122.34,1880.00,8960.00
6388910040.00,20150324T000000,537100.00,3.00,2.50,2450.00,7051.00,1.00,0.00,0.00,3.00,8.00,1870.00,580.00,1990.00,0.00,98056.00,47.53,-122.17,2450.00,8788.00
1748800120.00,20150318T000000,353500.00,4.00,2.50,3250.00,4650.00,2.00,0.00,0.00,3.00,8.00,3250.00,0.00,2007.00,0.00,98031.00,47.40,-122.20,2960.00,4650.00
4077800582.00,20140912T000000,522000.00,3.00,1.00,1150.00,7080.00,1.00,0.00,0.00,3.00,7.00,1150.00,0.00,1952.00,0.00,98125.00,47.71,-122.29,1490.00,7921.00
7202260210.00,20141010T000000,710000.00,4.00,2.75,2780.00,6978.00,2.00,0.00,0.00,3.00,8.00,2780.00,0.00,2001.00,0.00,98053.00,47.69,-122.04,2760.00,5460.00
5095600360.00,20150312T000000,329950.00,3.00,1.75,1360.00,13320.00,1.00,0.00,0.00,4.00,7.00,1360.00,0.00,1985.00,0.00,98059.00,47.46,-122.07,1580.00,13625.00
2607801120.00,20150420T000000,830000.00,5.00,2.50,2810.00,14207.00,1.00,0.00,3.00,3.00,9.00,1540.00,1270.00,1979.00,0.00,98008.00,47.57,-122.11,3190.00,14000.00
9542200610.00,20150219T000000,800500.00,4.00,2.50,1780.00,11130.00,1.00,0.00,0.00,5.00,8.00,1780.00,0.00,1962.00,0.00,98005.00,47.59,-122.18,2610.00,11130.00
8092000330.00,20140528T000000,168500.00,3.00,1.00,1100.00,10125.00,1.00,0.00,0.00,3.00,7.00,1100.00,0.00,1969.00,0.00,98042.00,47.37,-122.11,1570.00,10650.00
7852020790.00,20140627T000000,490000.00,3.00,2.50,2230.00,5348.00,2.00,0.00,0.00,3.00,8.00,2230.00,0.00,2000.00,0.00,98065.00,47.53,-121.87,2190.00,5205.00
6379500227.00,20141006T000000,579000.00,3.00,2.50,1710.00,1904.00,2.00,0.00,0.00,3.00,8.00,1140.00,570.00,2003.00,0.00,98116.00,47.58,-122.39,1260.00,1316.00
6790200180.00,20140603T000000,600000.00,4.00,2.50,2620.00,9873.00,2.00,0.00,0.00,3.00,8.00,2620.00,0.00,1987.00,0.00,98075.00,47.58,-122.05,2520.00,9935.00
1781500155.00,20140529T000000,445000.00,4.00,1.75,1990.00,4725.00,1.50,0.00,0.00,4.00,7.00,1190.00,800.00,1944.00,0.00,98126.00,47.53,-122.38,1240.00,4961.00
3424069154.00,20140624T000000,362500.00,4.00,1.75,1450.00,8450.00,1.00,0.00,0.00,3.00,7.00,1450.00,0.00,1960.00,0.00,98027.00,47.53,-122.03,1540.00,8450.00
1683500180.00,20140514T000000,234000.00,4.00,2.00,1630.00,9010.00,1.00,0.00,0.00,4.00,7.00,1050.00,580.00,1975.00,0.00,98092.00,47.32,-122.20,1670.00,7820.00
1523300180.00,20140709T000000,321500.00,1.00,1.00,730.00,1942.00,1.00,0.00,0.00,3.00,7.00,730.00,0.00,2008.00,0.00,98144.00,47.59,-122.30,1020.00,2183.00
1868901120.00,20140606T000000,660000.00,3.00,1.75,1980.00,3300.00,1.50,0.00,0.00,4.00,7.00,1140.00,840.00,1926.00,0.00,98115.00,47.67,-122.30,1590.00,5000.00
822059101.00,20140925T000000,319000.00,4.00,1.00,1730.00,36356.00,1.50,0.00,0.00,4.00,6.00,1730.00,0.00,1954.00,0.00,98031.00,47.41,-122.20,1380.00,14060.00
3421069020.00,20141020T000000,314000.00,3.00,1.75,1350.00,217852.00,1.00,0.00,0.00,3.00,8.00,1100.00,250.00,1953.00,0.00,98022.00,47.26,-122.03,2190.00,217800.00
2769602710.00,20141006T000000,517950.00,3.00,2.00,1410.00,5000.00,1.00,0.00,0.00,5.00,7.00,740.00,670.00,1908.00,0.00,98107.00,47.68,-122.36,1830.00,4000.00
6071300180.00,20140714T000000,525000.00,5.00,2.50,2360.00,10081.00,1.00,0.00,0.00,4.00,7.00,1180.00,1180.00,1961.00,0.00,98006.00,47.56,-122.18,2200.00,10461.00
3211101010.00,20150211T000000,319500.00,3.00,1.00,1190.00,8450.00,1.00,0.00,0.00,5.00,6.00,1190.00,0.00,1961.00,0.00,98059.00,47.48,-122.16,1660.00,8450.00
9471201175.00,20140506T000000,1580000.00,4.00,3.25,3760.00,10920.00,1.50,0.00,0.00,5.00,9.00,2400.00,1360.00,1950.00,0.00,98105.00,47.67,-122.26,3430.00,11050.00
2009003136.00,20140822T000000,325000.00,1.00,1.00,1220.00,12426.00,1.00,0.00,4.00,4.00,6.00,1220.00,0.00,1946.00,0.00,98198.00,47.40,-122.33,2770.00,22270.00
7574910220.00,20140731T000000,795000.00,4.00,2.50,2920.00,32219.00,2.00,0.00,0.00,5.00,10.00,2920.00,0.00,1995.00,0.00,98077.00,47.74,-122.04,3420.00,37206.00
1370801465.00,20140619T000000,850000.00,2.00,1.75,1590.00,5136.00,1.50,0.00,3.00,3.00,9.00,1320.00,270.00,1927.00,0.00,98199.00,47.64,-122.41,2520.00,5243.00
1245500730.00,20141208T000000,1010000.00,5.00,3.25,3510.00,10930.00,2.00,0.00,0.00,3.00,9.00,3510.00,0.00,2013.00,0.00,98033.00,47.69,-122.21,1970.00,7488.00
2767603591.00,20140804T000000,475000.00,3.00,2.50,1320.00,1310.00,3.00,0.00,0.00,3.00,8.00,1320.00,0.00,2006.00,0.00,98107.00,47.67,-122.38,1350.00,1250.00
8718500665.00,20140724T000000,375000.00,3.00,1.00,1610.00,11250.00,1.00,0.00,0.00,3.00,7.00,1090.00,520.00,1975.00,0.00,98028.00,47.74,-122.26,2040.00,10692.00
106000395.00,20140624T000000,405000.00,3.00,1.00,1410.00,8053.00,1.00,0.00,0.00,4.00,7.00,1410.00,0.00,1951.00,0.00,98177.00,47.70,-122.37,1170.00,8042.00
5538300120.00,20141015T000000,420000.00,4.00,2.50,2170.00,10500.00,1.00,0.00,0.00,3.00,7.00,1570.00,600.00,1962.00,0.00,98155.00,47.75,-122.30,1850.00,11127.00
9405800040.00,20141016T000000,775000.00,4.00,1.75,1890.00,4800.00,1.50,0.00,0.00,3.00,7.00,1390.00,500.00,1906.00,0.00,98119.00,47.64,-122.37,1890.00,4800.00
3630180450.00,20150407T000000,800000.00,4.00,2.75,3260.00,5000.00,2.00,0.00,0.00,3.00,9.00,3260.00,0.00,2007.00,0.00,98027.00,47.54,-122.00,3450.00,6218.00
8126300610.00,20150401T000000,436800.00,3.00,1.75,2080.00,12714.00,2.00,0.00,0.00,4.00,8.00,1540.00,540.00,1984.00,0.00,98052.00,47.71,-122.16,2080.00,12107.00
546000910.00,20141203T000000,620000.00,3.00,1.75,2040.00,4005.00,1.50,0.00,0.00,4.00,8.00,1740.00,300.00,1930.00,0.00,98117.00,47.69,-122.38,1380.00,4005.00
2268000180.00,20150325T000000,230000.00,3.00,1.00,1250.00,9035.00,1.00,0.00,0.00,4.00,7.00,1250.00,0.00,1970.00,0.00,98003.00,47.28,-122.30,1350.00,10425.00
3333002450.00,20140708T000000,165000.00,1.00,1.00,850.00,8050.00,1.00,0.00,0.00,2.00,6.00,850.00,0.00,1906.00,0.00,98118.00,47.54,-122.29,1590.00,5180.00
3333002450.00,20150122T000000,490000.00,1.00,1.00,850.00,8050.00,1.00,0.00,0.00,2.00,6.00,850.00,0.00,1906.00,0.00,98118.00,47.54,-122.29,1590.00,5180.00
6072000910.00,20140806T000000,480000.00,3.00,1.75,1600.00,8400.00,1.00,0.00,0.00,5.00,8.00,1600.00,0.00,1963.00,0.00,98006.00,47.55,-122.18,2210.00,8400.00
4113800330.00,20140606T000000,570000.00,3.00,2.50,2400.00,6975.00,2.00,0.00,0.00,3.00,9.00,2400.00,0.00,1993.00,0.00,98056.00,47.53,-122.18,2640.00,11172.00
3764500180.00,20150124T000000,615000.00,3.00,2.25,1870.00,4894.00,2.00,0.00,0.00,4.00,8.00,1750.00,120.00,1992.00,0.00,98033.00,47.69,-122.19,1920.00,5988.00
1326049170.00,20140924T000000,280000.00,3.00,1.00,1720.00,9605.00,1.00,0.00,0.00,3.00,7.00,860.00,860.00,1969.00,0.00,98028.00,47.74,-122.24,1720.00,9998.00
9238450210.00,20140623T000000,326000.00,3.00,1.00,1030.00,9834.00,1.00,0.00,0.00,3.00,7.00,1030.00,0.00,1969.00,0.00,98072.00,47.77,-122.16,1210.00,9875.00
2436700666.00,20150216T000000,550700.00,2.00,2.25,1190.00,1499.00,2.00,0.00,0.00,3.00,9.00,1100.00,90.00,2004.00,0.00,98105.00,47.67,-122.29,1430.00,1332.00
3043200035.00,20140701T000000,600000.00,2.00,1.00,910.00,2002.00,1.50,0.00,0.00,3.00,6.00,910.00,0.00,1900.00,0.00,98112.00,47.62,-122.31,1190.00,1208.00
1424069044.00,20140910T000000,450000.00,3.00,1.00,1290.00,47044.00,1.00,0.00,0.00,3.00,7.00,1150.00,140.00,1968.00,0.00,98029.00,47.57,-122.00,1960.00,49658.00
3037200141.00,20150309T000000,546000.00,2.00,2.25,1530.00,1324.00,2.00,0.00,0.00,3.00,8.00,1280.00,250.00,2010.00,0.00,98122.00,47.60,-122.31,1410.00,1689.00
1323089107.00,20150121T000000,585000.00,3.00,2.50,2330.00,33750.00,2.00,0.00,0.00,3.00,9.00,2330.00,0.00,1983.00,2001.00,98045.00,47.48,-121.72,2270.00,35000.00
8024201714.00,20141117T000000,489000.00,3.00,1.75,2090.00,7667.00,1.00,0.00,2.00,3.00,7.00,1200.00,890.00,1952.00,0.00,98115.00,47.70,-122.31,1480.00,7666.00
9829200325.00,20140617T000000,765000.00,3.00,2.00,1570.00,7000.00,2.00,0.00,2.00,4.00,8.00,1050.00,520.00,1971.00,0.00,98122.00,47.61,-122.29,1990.00,6675.00
723039189.00,20150102T000000,519000.00,3.00,1.75,1560.00,26099.00,1.00,0.00,3.00,4.00,8.00,1560.00,0.00,1973.00,0.00,98070.00,47.50,-122.47,1760.00,19687.00
1352300120.00,20140529T000000,262000.00,2.00,1.00,1500.00,4120.00,1.50,0.00,0.00,3.00,5.00,880.00,620.00,1928.00,0.00,98055.00,47.49,-122.20,1300.00,4120.00
5101404351.00,20140702T000000,550000.00,4.00,2.75,2160.00,5005.00,1.00,0.00,0.00,3.00,7.00,1430.00,730.00,1987.00,0.00,98115.00,47.70,-122.30,1770.00,5326.00
7211401485.00,20140606T000000,285000.00,2.00,1.00,780.00,5000.00,1.00,0.00,0.00,4.00,6.00,780.00,0.00,1943.00,0.00,98146.00,47.51,-122.36,1030.00,5000.00
5631500967.00,20150204T000000,476000.00,4.00,1.75,2340.00,17541.00,1.00,0.00,0.00,4.00,7.00,1360.00,980.00,1956.00,0.00,98028.00,47.75,-122.23,2250.00,9212.00
2425049061.00,20140825T000000,2200000.00,3.00,2.00,3570.00,30456.00,1.00,0.00,1.00,3.00,8.00,2070.00,1500.00,1946.00,1982.00,98039.00,47.64,-122.24,3570.00,27418.00
7518503065.00,20140623T000000,335000.00,1.00,1.00,720.00,5100.00,1.00,0.00,0.00,3.00,6.00,720.00,0.00,1907.00,0.00,98117.00,47.68,-122.38,1320.00,5100.00
1796000120.00,20141023T000000,510000.00,4.00,2.00,2990.00,102366.00,1.00,0.00,0.00,4.00,8.00,2990.00,0.00,1974.00,0.00,98092.00,47.31,-122.09,2820.00,57140.00
1922059197.00,20140918T000000,291000.00,3.00,2.25,1860.00,13939.00,1.00,0.00,0.00,4.00,7.00,1860.00,0.00,1961.00,0.00,98030.00,47.37,-122.22,1530.00,10018.00
7849201020.00,20140821T000000,335000.00,4.00,1.75,1950.00,13440.00,1.50,0.00,0.00,4.00,6.00,1950.00,0.00,1931.00,0.00,98065.00,47.52,-121.82,1300.00,7432.00
1126049103.00,20140829T000000,415000.00,3.00,1.50,1860.00,9003.00,1.00,0.00,0.00,3.00,7.00,1490.00,370.00,1955.00,0.00,98028.00,47.76,-122.26,2090.00,11574.00
65000085.00,20140708T000000,430000.00,3.00,2.00,1550.00,6039.00,1.00,0.00,0.00,5.00,7.00,830.00,720.00,1942.00,0.00,98126.00,47.54,-122.38,1330.00,6042.00
9211510410.00,20150407T000000,270000.00,3.00,1.75,1610.00,6205.00,1.00,0.00,0.00,4.00,7.00,1210.00,400.00,1979.00,0.00,98023.00,47.30,-122.38,1780.00,8056.00
2301400325.00,20150407T000000,760000.00,3.00,2.00,1810.00,4500.00,1.00,0.00,0.00,4.00,7.00,980.00,830.00,1906.00,0.00,98117.00,47.68,-122.36,1800.00,4500.00
7132300540.00,20150508T000000,450000.00,2.00,2.00,1730.00,4248.00,2.00,0.00,0.00,3.00,7.00,1730.00,0.00,1905.00,0.00,98144.00,47.59,-122.31,1380.00,4000.00
323059103.00,20150403T000000,425000.00,3.00,2.50,1230.00,23522.00,1.00,0.00,0.00,4.00,7.00,1230.00,0.00,1978.00,0.00,98059.00,47.52,-122.16,2340.00,23522.00
4083306705.00,20141121T000000,725000.00,4.00,2.50,2130.00,3420.00,1.50,0.00,0.00,4.00,7.00,1730.00,400.00,1916.00,0.00,98103.00,47.65,-122.34,1520.00,3420.00
1245001216.00,20140721T000000,700000.00,3.00,2.75,2190.00,11060.00,1.00,0.00,0.00,4.00,7.00,1610.00,580.00,1973.00,0.00,98033.00,47.69,-122.21,2020.00,8588.00
293760210.00,20140826T000000,998000.00,5.00,4.50,4130.00,10404.00,2.00,0.00,0.00,3.00,10.00,4130.00,0.00,2004.00,0.00,98029.00,47.56,-122.03,3890.00,11531.00
3782400040.00,20150508T000000,396000.00,3.00,2.25,1680.00,9766.00,2.00,0.00,0.00,3.00,7.00,1680.00,0.00,1989.00,0.00,98019.00,47.73,-121.98,1590.00,9757.00
2726049164.00,20140605T000000,547000.00,3.00,2.50,1480.00,8381.00,1.00,0.00,0.00,4.00,7.00,1480.00,0.00,1968.00,0.00,98125.00,47.71,-122.29,1710.00,8050.00
9183701085.00,20150415T000000,302000.00,4.00,1.50,1790.00,10200.00,1.00,0.00,0.00,4.00,8.00,1210.00,580.00,1963.00,0.00,98030.00,47.38,-122.23,1540.00,6600.00
1623300325.00,20141021T000000,999000.00,5.00,3.50,2810.00,2700.00,2.00,0.00,0.00,5.00,9.00,1900.00,910.00,1910.00,0.00,98117.00,47.68,-122.36,1510.00,3800.00
7987401010.00,20140703T000000,633000.00,4.00,2.50,2360.00,10000.00,1.00,0.00,3.00,3.00,8.00,1980.00,380.00,1977.00,0.00,98126.00,47.57,-122.37,2480.00,5000.00
2131200065.00,20141211T000000,265800.00,3.00,1.75,1460.00,7361.00,1.00,0.00,0.00,3.00,6.00,1460.00,0.00,1982.00,0.00,98019.00,47.74,-121.98,1460.00,7505.00
6141600065.00,20141016T000000,530000.00,3.00,2.25,2160.00,8114.00,1.00,0.00,0.00,3.00,8.00,1460.00,700.00,1960.00,0.00,98133.00,47.72,-122.35,2160.00,8000.00
1562100220.00,20150501T000000,605000.00,6.00,2.00,2610.00,9132.00,1.00,0.00,0.00,4.00,8.00,1320.00,1290.00,1965.00,0.00,98007.00,47.62,-122.14,2170.00,8000.00
7853300970.00,20150421T000000,489000.00,4.00,2.50,2170.00,4587.00,2.00,0.00,0.00,3.00,7.00,2170.00,0.00,2006.00,0.00,98065.00,47.54,-121.89,2170.00,5211.00
8687800065.00,20140702T000000,305000.00,2.00,1.00,2160.00,12960.00,1.00,0.00,0.00,3.00,7.00,1360.00,800.00,1968.00,0.00,98168.00,47.47,-122.26,2070.00,12960.00
1504800097.00,20140613T000000,513000.00,4.00,2.75,2020.00,7070.00,1.00,0.00,0.00,5.00,7.00,1010.00,1010.00,1958.00,0.00,98126.00,47.52,-122.38,1390.00,6000.00
3630160610.00,20140716T000000,765000.00,4.00,2.50,2980.00,5000.00,2.00,0.00,0.00,3.00,10.00,2980.00,0.00,2006.00,0.00,98027.00,47.54,-122.00,3140.00,5500.00
6852700477.00,20140916T000000,550000.00,2.00,1.50,1300.00,2970.00,1.00,0.00,0.00,3.00,7.00,990.00,310.00,1903.00,0.00,98102.00,47.62,-122.32,1700.00,3000.00
2592220040.00,20140724T000000,974350.00,4.00,2.50,3090.00,10730.00,2.00,0.00,0.00,5.00,8.00,2420.00,670.00,1985.00,0.00,98006.00,47.55,-122.14,2220.00,7875.00
7524950730.00,20150327T000000,653675.00,4.00,2.25,2280.00,7229.00,2.00,0.00,0.00,4.00,8.00,2280.00,0.00,1984.00,0.00,98027.00,47.56,-122.08,2320.00,7735.00
1545807920.00,20141015T000000,245000.00,3.00,1.75,1260.00,8614.00,1.00,0.00,0.00,4.00,7.00,1260.00,0.00,1985.00,0.00,98038.00,47.36,-122.06,1600.00,8614.00
3213200180.00,20150505T000000,700180.00,2.00,1.75,1530.00,4387.00,1.00,0.00,0.00,3.00,8.00,1020.00,510.00,1952.00,0.00,98115.00,47.67,-122.26,1870.00,5029.00
3577300040.00,20150430T000000,510000.00,3.00,2.50,1830.00,8133.00,1.00,0.00,0.00,3.00,8.00,1390.00,440.00,1996.00,0.00,98028.00,47.75,-122.25,2310.00,11522.00
2064800610.00,20141025T000000,390000.00,3.00,2.50,1610.00,10292.00,1.00,0.00,0.00,4.00,7.00,1190.00,420.00,1969.00,0.00,98056.00,47.53,-122.17,1940.00,8700.00
7215730120.00,20150504T000000,606500.00,3.00,2.50,2170.00,5500.00,2.00,0.00,0.00,3.00,8.00,2170.00,0.00,2000.00,0.00,98075.00,47.60,-122.02,2170.00,5862.00
629800540.00,20140909T000000,1500000.00,4.00,4.25,5020.00,26319.00,2.00,0.00,0.00,3.00,12.00,5020.00,0.00,1998.00,0.00,98074.00,47.60,-122.01,4930.00,26319.00
7575610760.00,20150507T000000,290000.00,3.00,2.25,1620.00,7772.00,2.00,0.00,0.00,4.00,8.00,1620.00,0.00,1988.00,0.00,98003.00,47.35,-122.30,1710.00,6455.00
104500730.00,20150224T000000,115000.00,3.00,1.75,1080.00,7942.00,1.00,0.00,0.00,3.00,7.00,1080.00,0.00,1981.00,0.00,98023.00,47.31,-122.36,1380.00,8244.00
8137500730.00,20140507T000000,500000.00,3.00,2.50,1940.00,37565.00,1.00,0.00,0.00,4.00,8.00,1940.00,0.00,1987.00,0.00,98027.00,47.48,-122.06,2560.00,37565.00
9543000205.00,20150413T000000,139950.00,0.00,0.00,844.00,4269.00,1.00,0.00,0.00,4.00,7.00,844.00,0.00,1913.00,0.00,98001.00,47.28,-122.25,1380.00,9600.00
3543900418.00,20140515T000000,580050.00,3.00,2.50,2360.00,4638.00,2.00,0.00,3.00,3.00,9.00,2360.00,0.00,1996.00,0.00,98115.00,47.68,-122.32,1620.00,4638.00
8929000230.00,20150306T000000,550000.00,3.00,2.50,2010.00,2261.00,2.00,0.00,0.00,3.00,8.00,1390.00,620.00,2014.00,0.00,98029.00,47.55,-122.00,1690.00,1899.00
2856100360.00,20150409T000000,465000.00,3.00,1.00,800.00,3060.00,1.50,0.00,0.00,4.00,6.00,800.00,0.00,1903.00,0.00,98117.00,47.68,-122.39,1180.00,3060.00
6413600276.00,20150324T000000,354950.00,3.00,1.00,970.00,5922.00,1.50,0.00,0.00,3.00,7.00,970.00,0.00,1949.00,0.00,98125.00,47.72,-122.32,1730.00,6128.00
8562720230.00,20141107T000000,980000.00,4.00,3.25,3720.00,7150.00,2.00,0.00,2.00,3.00,11.00,3720.00,0.00,2007.00,0.00,98027.00,47.54,-122.07,4040.00,7442.00
3579000410.00,20140905T000000,500000.00,3.00,2.25,2010.00,7447.00,2.00,0.00,0.00,3.00,8.00,2010.00,0.00,1985.00,0.00,98028.00,47.75,-122.25,2230.00,7846.00
3856904655.00,20150329T000000,667750.00,4.00,1.00,1430.00,4080.00,1.50,0.00,0.00,3.00,7.00,1430.00,0.00,1924.00,0.00,98105.00,47.67,-122.32,1760.00,4080.00
8832900360.00,20150428T000000,735000.00,3.00,1.75,2250.00,11520.00,1.00,0.00,1.00,3.00,8.00,2250.00,0.00,1956.00,0.00,98028.00,47.76,-122.27,2730.00,12445.00
4058200040.00,20140917T000000,361000.00,3.00,1.75,2130.00,8742.00,1.00,0.00,3.00,3.00,7.00,1330.00,800.00,1955.00,0.00,98178.00,47.51,-122.23,2380.00,7448.00
4178501020.00,20150105T000000,276750.00,3.00,2.00,1620.00,12482.00,1.00,0.00,0.00,4.00,7.00,1290.00,330.00,1989.00,0.00,98042.00,47.36,-122.09,1560.00,8499.00
8562790730.00,20140822T000000,760000.00,4.00,3.25,3140.00,3680.00,2.00,0.00,0.00,3.00,10.00,2310.00,830.00,2009.00,0.00,98027.00,47.53,-122.08,2620.00,2664.00
455000841.00,20140829T000000,475000.00,2.00,1.00,870.00,7975.00,1.00,0.00,2.00,3.00,7.00,870.00,0.00,1946.00,0.00,98107.00,47.67,-122.36,1080.00,5722.00
2154900330.00,20140827T000000,234000.00,4.00,2.50,1820.00,8217.00,1.00,0.00,0.00,3.00,7.00,1120.00,700.00,1987.00,0.00,98001.00,47.26,-122.24,1310.00,8217.00
8159610150.00,20141117T000000,234950.00,3.00,2.00,1510.00,9153.00,1.00,0.00,0.00,4.00,7.00,1510.00,0.00,1974.00,0.00,98001.00,47.34,-122.27,1780.00,9286.00
1545800730.00,20150222T000000,269950.00,2.00,1.75,1320.00,7540.00,1.00,0.00,0.00,3.00,7.00,1320.00,0.00,1968.00,0.00,98038.00,47.36,-122.05,1570.00,7540.00
3904980360.00,20150112T000000,495000.00,3.00,2.50,1800.00,7318.00,2.00,0.00,0.00,3.00,8.00,1800.00,0.00,1989.00,0.00,98029.00,47.57,-122.01,1800.00,5414.00
5100403321.00,20150318T000000,438000.00,2.00,1.00,1120.00,6380.00,1.00,0.00,0.00,3.00,7.00,1120.00,0.00,1942.00,1994.00,98115.00,47.70,-122.32,1230.00,6380.00
1326069151.00,20150224T000000,260000.00,3.00,1.75,2160.00,22702.00,1.00,0.00,0.00,4.00,7.00,2160.00,0.00,1981.00,0.00,98019.00,47.74,-121.98,1820.00,22687.00
629410180.00,20141208T000000,697000.00,4.00,2.50,3220.00,6399.00,2.00,0.00,0.00,3.00,9.00,3220.00,0.00,2004.00,0.00,98075.00,47.59,-121.99,2850.00,6399.00
7452500815.00,20150310T000000,212625.00,2.00,1.00,960.00,5000.00,1.00,0.00,0.00,3.00,6.00,960.00,0.00,1951.00,0.00,98126.00,47.52,-122.37,930.00,5000.00
6840701135.00,20141110T000000,593000.00,5.00,2.50,2640.00,4400.00,1.50,0.00,0.00,5.00,7.00,1840.00,800.00,1925.00,0.00,98122.00,47.61,-122.30,1720.00,4400.00
5104512060.00,20141212T000000,410000.00,4.00,3.00,2430.00,7243.00,2.00,0.00,0.00,3.00,8.00,2430.00,0.00,2003.00,0.00,98038.00,47.35,-122.02,2430.00,7084.00
2917200365.00,20140610T000000,445434.00,2.00,1.00,1470.00,7137.00,1.00,0.00,0.00,3.00,7.00,1020.00,450.00,1941.00,0.00,98103.00,47.70,-122.35,1470.00,7067.00
5151600040.00,20140911T000000,200126.00,3.00,2.50,2040.00,15463.00,1.00,0.00,0.00,3.00,8.00,1340.00,700.00,1968.00,0.00,98003.00,47.33,-122.32,2370.00,12672.00
2025700790.00,20140811T000000,290700.00,3.00,2.50,1670.00,6666.00,2.00,0.00,0.00,4.00,7.00,1670.00,0.00,1992.00,0.00,98038.00,47.35,-122.03,1370.00,6170.00
7686204675.00,20150129T000000,248000.00,4.00,1.00,1010.00,7515.00,1.00,0.00,0.00,4.00,6.00,1010.00,0.00,1955.00,0.00,98198.00,47.42,-122.32,1330.00,7515.00
126039305.00,20141013T000000,345000.00,1.00,1.00,540.00,10125.00,1.00,0.00,0.00,3.00,5.00,540.00,0.00,1961.00,0.00,98177.00,47.77,-122.36,1840.00,10125.00
1930300915.00,20140820T000000,525000.00,3.00,1.00,1240.00,4800.00,1.00,0.00,0.00,3.00,7.00,800.00,440.00,1951.00,0.00,98103.00,47.66,-122.35,1440.00,4800.00
9477100330.00,20141212T000000,400000.00,3.00,1.75,1510.00,8385.00,1.00,0.00,0.00,3.00,7.00,1510.00,0.00,1968.00,0.00,98034.00,47.73,-122.20,1570.00,7480.00
513000665.00,20150408T000000,532000.00,3.00,1.00,1820.00,5750.00,1.00,0.00,0.00,3.00,7.00,1120.00,700.00,1918.00,0.00,98116.00,47.58,-122.38,1500.00,5750.00
8581400450.00,20141028T000000,159995.00,2.00,1.00,1000.00,5026.00,1.00,0.00,0.00,5.00,5.00,760.00,240.00,1915.00,0.00,98002.00,47.30,-122.23,990.00,5026.00
1061500360.00,20141016T000000,287000.00,5.00,1.50,2040.00,11772.00,1.00,0.00,0.00,4.00,7.00,1030.00,1010.00,1963.00,0.00,98056.00,47.50,-122.17,1560.00,9435.00
1373800330.00,20150420T000000,1115000.00,4.00,2.50,3690.00,11191.00,1.00,0.00,3.00,4.00,10.00,2190.00,1500.00,1951.00,0.00,98199.00,47.64,-122.41,3460.00,8160.00
2597520790.00,20150423T000000,765000.00,3.00,2.50,2310.00,11993.00,2.00,0.00,0.00,3.00,9.00,2310.00,0.00,1988.00,0.00,98006.00,47.54,-122.14,2830.00,10031.00
2525300540.00,20141114T000000,185000.00,3.00,1.50,1090.00,9605.00,1.00,0.00,0.00,4.00,6.00,1090.00,0.00,1969.00,0.00,98038.00,47.36,-122.03,1160.00,10487.00
3797000035.00,20140521T000000,430000.00,3.00,1.00,1150.00,3000.00,1.00,0.00,0.00,5.00,6.00,1150.00,0.00,1906.00,0.00,98103.00,47.69,-122.35,1460.00,3200.00
3709600180.00,20140526T000000,346000.00,4.00,2.50,2100.00,3916.00,2.00,0.00,0.00,3.00,8.00,2100.00,0.00,2009.00,0.00,98058.00,47.43,-122.19,2100.00,3916.00
3902300210.00,20140715T000000,607000.00,4.00,2.75,2150.00,16728.00,1.00,0.00,0.00,4.00,8.00,1240.00,910.00,1982.00,0.00,98033.00,47.69,-122.18,2200.00,9257.00
2113700620.00,20140804T000000,417000.00,3.00,1.50,2500.00,6000.00,1.50,0.00,0.00,5.00,7.00,1730.00,770.00,1941.00,1984.00,98106.00,47.53,-122.35,1340.00,5000.00
5700003705.00,20140619T000000,930000.00,5.00,2.00,3530.00,9385.00,1.50,0.00,0.00,3.00,9.00,3530.00,0.00,1925.00,0.00,98144.00,47.58,-122.29,4100.00,9203.00
34001540.00,20150423T000000,573300.00,2.00,1.75,1290.00,6600.00,1.00,0.00,2.00,3.00,7.00,870.00,420.00,1951.00,0.00,98136.00,47.53,-122.39,2380.00,7370.00
2976800145.00,20150406T000000,260000.00,4.00,1.75,2010.00,10816.00,1.00,0.00,0.00,3.00,7.00,1410.00,600.00,1955.00,0.00,98178.00,47.50,-122.25,1610.00,9360.00
7549801385.00,20140612T000000,280000.00,1.00,0.75,420.00,6720.00,1.00,0.00,0.00,3.00,5.00,420.00,0.00,1922.00,0.00,98108.00,47.55,-122.31,1420.00,6720.00
9103000360.00,20141218T000000,825000.00,4.00,2.50,2180.00,4000.00,2.00,0.00,0.00,3.00,8.00,2180.00,0.00,1920.00,2005.00,98122.00,47.62,-122.29,2660.00,4000.00
7304300720.00,20140610T000000,307000.00,4.00,1.00,1150.00,8184.00,1.50,0.00,0.00,3.00,6.00,1150.00,0.00,1947.00,0.00,98155.00,47.74,-122.32,990.00,8184.00
1254200835.00,20140813T000000,595000.00,4.00,1.75,2000.00,5100.00,1.00,0.00,0.00,4.00,7.00,1130.00,870.00,1949.00,0.00,98117.00,47.68,-122.39,1540.00,5100.00
8562700410.00,20150415T000000,528000.00,5.00,1.75,2780.00,7786.00,1.00,0.00,0.00,3.00,8.00,1390.00,1390.00,1966.00,0.00,98052.00,47.67,-122.16,2130.00,7918.00
7558800620.00,20140822T000000,600000.00,2.00,1.75,1550.00,7764.00,1.00,1.00,4.00,4.00,8.00,1550.00,0.00,1965.00,1986.00,98070.00,47.36,-122.45,1690.00,11620.00
2122049038.00,20150302T000000,275000.00,2.00,1.00,2180.00,12875.00,1.00,0.00,0.00,3.00,7.00,1480.00,700.00,1959.00,0.00,98198.00,47.38,-122.30,1800.00,7447.00
2397101075.00,20140702T000000,782000.00,2.00,1.50,1570.00,3600.00,1.50,0.00,2.00,4.00,7.00,1320.00,250.00,1906.00,0.00,98119.00,47.64,-122.36,2140.00,3600.00
7695470120.00,20140808T000000,610000.00,3.00,2.50,2260.00,33042.00,1.00,0.00,0.00,3.00,9.00,1660.00,600.00,1986.00,0.00,98077.00,47.76,-122.09,2600.00,40115.00
4083304700.00,20141125T000000,488000.00,3.00,1.00,1600.00,3200.00,1.50,0.00,0.00,3.00,7.00,1600.00,0.00,1909.00,0.00,98103.00,47.65,-122.33,1860.00,3420.00
7857001225.00,20150403T000000,320000.00,3.00,1.00,1630.00,5000.00,1.00,0.00,0.00,3.00,7.00,930.00,700.00,1954.00,0.00,98108.00,47.55,-122.30,1630.00,5480.00
4356200210.00,20150318T000000,153500.00,3.00,1.00,890.00,4810.00,1.00,0.00,0.00,3.00,6.00,890.00,0.00,1910.00,0.00,98118.00,47.52,-122.27,1230.00,6057.00
3840700205.00,20150319T000000,414500.00,3.00,1.00,1350.00,9450.00,1.00,0.00,0.00,3.00,7.00,1350.00,0.00,1979.00,0.00,98034.00,47.72,-122.24,1460.00,9461.00
7739100155.00,20140804T000000,750000.00,5.00,1.75,2850.00,11860.00,1.00,0.00,0.00,3.00,9.00,2850.00,0.00,1951.00,0.00,98155.00,47.75,-122.28,2640.00,11604.00
1720069029.00,20150313T000000,349990.00,3.00,1.00,1350.00,165092.00,1.00,0.00,3.00,5.00,6.00,1350.00,0.00,1925.00,0.00,98022.00,47.22,-122.06,2300.00,211266.00
921049141.00,20141201T000000,645000.00,3.00,2.25,3280.00,79279.00,1.00,0.00,0.00,3.00,10.00,3280.00,0.00,2001.00,0.00,98003.00,47.32,-122.29,1860.00,24008.00
6909700205.00,20150406T000000,425000.00,2.00,1.00,1090.00,6000.00,1.00,0.00,0.00,3.00,7.00,1090.00,0.00,1922.00,0.00,98144.00,47.59,-122.29,1960.00,5000.00
2725069164.00,20140805T000000,785000.00,4.00,2.50,2990.00,9374.00,2.00,0.00,0.00,3.00,9.00,2990.00,0.00,2003.00,0.00,98074.00,47.63,-122.02,2440.00,8711.00
3523069060.00,20141107T000000,290000.00,3.00,1.75,1340.00,63597.00,1.00,0.00,0.00,4.00,7.00,1340.00,0.00,1963.00,0.00,98038.00,47.44,-122.01,1950.00,87120.00
3523069060.00,20150401T000000,415000.00,3.00,1.75,1340.00,63597.00,1.00,0.00,0.00,4.00,7.00,1340.00,0.00,1963.00,0.00,98038.00,47.44,-122.01,1950.00,87120.00
4302200790.00,20140814T000000,248500.00,2.00,1.00,720.00,5160.00,1.00,0.00,0.00,3.00,6.00,720.00,0.00,1949.00,0.00,98106.00,47.53,-122.36,990.00,5160.00
8899210610.00,20140723T000000,325000.00,3.00,2.50,2330.00,8627.00,1.00,0.00,0.00,4.00,7.00,1480.00,850.00,1980.00,0.00,98055.00,47.45,-122.21,1940.00,9607.00
5631500905.00,20140723T000000,272925.00,2.00,1.00,1280.00,5728.00,1.50,0.00,0.00,5.00,6.00,1280.00,0.00,1941.00,0.00,98028.00,47.75,-122.23,2480.00,9775.00
2770601530.00,20140826T000000,500000.00,2.00,2.25,1570.00,1269.00,2.00,0.00,0.00,3.00,9.00,1280.00,290.00,2015.00,0.00,98199.00,47.65,-122.39,1570.00,6000.00
7831800411.00,20141020T000000,250000.00,4.00,1.75,1510.00,5500.00,1.50,0.00,0.00,3.00,7.00,1510.00,0.00,1920.00,0.00,98106.00,47.54,-122.36,1320.00,6431.00
326049103.00,20140922T000000,470000.00,4.00,2.50,2470.00,8536.00,2.00,0.00,0.00,3.00,8.00,2470.00,0.00,2002.00,0.00,98155.00,47.77,-122.29,1690.00,8840.00
1231001115.00,20141001T000000,440000.00,2.00,1.00,1190.00,3400.00,1.00,0.00,0.00,4.00,7.00,990.00,200.00,1917.00,0.00,98118.00,47.55,-122.27,1180.00,4000.00
1041440360.00,20150105T000000,299999.00,4.00,2.50,1981.00,4828.00,2.00,0.00,0.00,3.00,8.00,1981.00,0.00,2013.00,0.00,98092.00,47.33,-122.17,1981.00,3783.00
5001700040.00,20150327T000000,255000.00,3.00,1.75,1590.00,7810.00,1.00,0.00,0.00,4.00,7.00,1590.00,0.00,1959.00,0.00,98002.00,47.29,-122.22,1470.00,7810.00
4037200665.00,20140813T000000,415950.00,3.00,1.75,1150.00,7700.00,1.00,0.00,0.00,3.00,7.00,1150.00,0.00,1957.00,0.00,98008.00,47.60,-122.12,1650.00,8000.00
5249802520.00,20140805T000000,402000.00,5.00,2.75,2160.00,7200.00,1.50,0.00,0.00,3.00,7.00,1220.00,940.00,1955.00,0.00,98118.00,47.56,-122.27,1900.00,7200.00
3585300410.00,20150424T000000,729000.00,3.00,1.50,1770.00,30689.00,1.00,0.00,4.00,3.00,9.00,1770.00,0.00,1953.00,0.00,98177.00,47.76,-122.37,2650.00,30280.00
1624049087.00,20140917T000000,635000.00,2.00,2.50,2470.00,8840.00,2.00,0.00,0.00,4.00,8.00,1780.00,690.00,2001.00,0.00,98108.00,47.57,-122.30,1940.00,8840.00
8121200530.00,20141008T000000,479000.00,3.00,2.50,1710.00,8998.00,2.00,0.00,0.00,3.00,8.00,1710.00,0.00,1982.00,0.00,98052.00,47.72,-122.11,1710.00,9859.00
6705120540.00,20141222T000000,462370.00,2.00,2.25,1860.00,2670.00,2.00,0.00,0.00,4.00,8.00,1860.00,0.00,1986.00,0.00,98006.00,47.54,-122.19,1860.00,2531.00
3353402390.00,20150501T000000,171500.00,3.00,1.00,1150.00,6480.00,1.50,0.00,0.00,4.00,5.00,1150.00,0.00,1946.00,0.00,98001.00,47.26,-122.26,1100.00,7300.00
6190000035.00,20140715T000000,925000.00,5.00,3.00,3850.00,9457.00,2.00,0.00,0.00,4.00,9.00,2910.00,940.00,1963.00,0.00,98177.00,47.73,-122.36,2830.00,9608.00
1313000220.00,20140513T000000,675000.00,5.00,3.00,3410.00,9600.00,1.00,0.00,0.00,4.00,8.00,1870.00,1540.00,1968.00,0.00,98052.00,47.64,-122.10,2390.00,9679.00
921059161.00,20140623T000000,320000.00,4.00,1.50,1890.00,43560.00,1.00,0.00,0.00,4.00,8.00,1890.00,0.00,1974.00,0.00,98092.00,47.33,-122.17,2376.00,5820.00
1823069279.00,20140520T000000,499950.00,5.00,3.50,3200.00,43560.00,2.00,0.00,0.00,3.00,7.00,3200.00,0.00,1989.00,0.00,98059.00,47.48,-122.09,2730.00,43560.00
826059152.00,20141117T000000,435000.00,5.00,1.00,2170.00,65340.00,1.50,0.00,0.00,4.00,7.00,1670.00,500.00,1930.00,0.00,98011.00,47.76,-122.20,3170.00,12884.00
4136930360.00,20140605T000000,359800.00,4.00,2.50,2390.00,6426.00,2.00,0.00,0.00,3.00,9.00,2390.00,0.00,1999.00,0.00,98092.00,47.26,-122.22,2520.00,6700.00
7697870530.00,20140507T000000,239900.00,3.00,2.00,1410.00,7566.00,1.00,0.00,0.00,3.00,7.00,1410.00,0.00,1985.00,0.00,98030.00,47.37,-122.18,1570.00,7210.00
1024000109.00,20140710T000000,295000.00,2.00,1.00,740.00,4459.00,1.00,0.00,2.00,3.00,5.00,740.00,0.00,1915.00,0.00,98116.00,47.57,-122.41,1490.00,4700.00
5112800234.00,20150304T000000,380000.00,3.00,2.50,2150.00,25705.00,1.50,0.00,0.00,3.00,6.00,2150.00,0.00,1980.00,2009.00,98058.00,47.45,-122.09,1850.00,20160.00
8122101115.00,20150421T000000,435000.00,4.00,2.50,2180.00,6500.00,2.00,0.00,0.00,3.00,7.00,1410.00,770.00,1945.00,0.00,98126.00,47.54,-122.37,920.00,6500.00
6933600540.00,20140820T000000,508000.00,2.00,1.00,820.00,5040.00,1.00,0.00,0.00,3.00,7.00,820.00,0.00,1953.00,0.00,98199.00,47.65,-122.39,1730.00,5760.00
6169900790.00,20140620T000000,2400000.00,6.00,4.50,5480.00,10800.00,2.00,0.00,3.00,4.00,9.00,4430.00,1050.00,1999.00,0.00,98119.00,47.63,-122.37,2970.00,7200.00
8001210120.00,20140916T000000,234500.00,4.00,2.50,1960.00,7875.00,1.00,0.00,0.00,3.00,7.00,1220.00,740.00,1978.00,0.00,98001.00,47.34,-122.27,2030.00,7650.00
1931300870.00,20140528T000000,355000.00,2.00,1.00,1270.00,3200.00,1.00,0.00,0.00,4.00,7.00,960.00,310.00,1920.00,0.00,98103.00,47.66,-122.35,1410.00,1320.00
8651441210.00,20140801T000000,230000.00,3.00,2.00,1710.00,5200.00,1.00,0.00,0.00,5.00,7.00,1030.00,680.00,1977.00,0.00,98042.00,47.37,-122.09,1390.00,5200.00
1217000481.00,20150211T000000,345000.00,3.00,1.75,1930.00,9000.00,1.00,0.00,1.00,4.00,7.00,1150.00,780.00,1951.00,0.00,98166.00,47.45,-122.35,1590.00,9000.00
7925100271.00,20140520T000000,430000.00,3.00,1.75,1200.00,4500.00,1.00,0.00,0.00,5.00,7.00,1200.00,0.00,1906.00,0.00,98108.00,47.56,-122.32,1340.00,4500.00
1233100366.00,20141215T000000,500000.00,3.00,1.50,1680.00,17409.00,1.00,0.00,0.00,3.00,7.00,1680.00,0.00,1962.00,0.00,98033.00,47.68,-122.18,1680.00,9101.00
9250900124.00,20150505T000000,378000.00,4.00,1.00,1300.00,6075.00,1.00,0.00,0.00,5.00,7.00,1300.00,0.00,1954.00,0.00,98133.00,47.77,-122.35,1450.00,7320.00
7852050220.00,20140808T000000,345000.00,3.00,2.50,1540.00,3237.00,2.00,0.00,0.00,3.00,7.00,1540.00,0.00,1999.00,0.00,98065.00,47.53,-121.88,1780.00,3411.00
9297301520.00,20150329T000000,410000.00,2.00,1.75,870.00,4000.00,1.00,0.00,0.00,3.00,6.00,870.00,0.00,1941.00,0.00,98126.00,47.57,-122.38,1420.00,4000.00
8615800325.00,20140822T000000,750000.00,2.00,2.25,1890.00,5400.00,2.00,0.00,0.00,5.00,8.00,1610.00,280.00,1905.00,0.00,98105.00,47.67,-122.31,2820.00,4860.00
9512500610.00,20150122T000000,485000.00,4.00,1.75,2050.00,8913.00,1.00,0.00,0.00,3.00,7.00,1330.00,720.00,1968.00,0.00,98052.00,47.67,-122.15,1290.00,8550.00
4311700120.00,20150317T000000,105000.00,3.00,1.00,880.00,18109.00,1.00,0.00,0.00,4.00,6.00,880.00,0.00,1970.00,0.00,98042.00,47.36,-122.10,940.00,11193.00
1930301325.00,20150423T000000,1025000.00,3.00,2.75,2780.00,4000.00,2.00,0.00,2.00,5.00,8.00,1960.00,820.00,1904.00,0.00,98103.00,47.66,-122.36,1490.00,4800.00
3888100133.00,20141014T000000,360000.00,3.00,1.00,1160.00,10988.00,1.00,0.00,0.00,3.00,7.00,1160.00,0.00,1965.00,0.00,98033.00,47.68,-122.17,1670.00,51376.00
9510900610.00,20141030T000000,294000.00,5.00,2.75,2300.00,7600.00,1.00,0.00,0.00,4.00,7.00,1400.00,900.00,1969.00,0.00,98023.00,47.31,-122.37,1750.00,8500.00
5469502060.00,20141009T000000,400000.00,4.00,2.50,3140.00,12792.00,2.00,0.00,0.00,4.00,9.00,3140.00,0.00,1977.00,0.00,98042.00,47.39,-122.16,2510.00,12792.00
2946002914.00,20150102T000000,325000.00,3.00,1.75,2300.00,6200.00,1.00,0.00,0.00,4.00,7.00,1150.00,1150.00,1970.00,0.00,98198.00,47.42,-122.32,1740.00,6600.00
7856640180.00,20140904T000000,770000.00,3.00,2.50,2900.00,23550.00,1.00,0.00,0.00,3.00,10.00,1490.00,1410.00,1987.00,0.00,98006.00,47.57,-122.15,2900.00,19604.00
6204200180.00,20140709T000000,443000.00,3.00,2.25,1920.00,8223.00,2.00,0.00,0.00,4.00,7.00,1920.00,0.00,1989.00,0.00,98011.00,47.74,-122.20,1940.00,7274.00
5145100180.00,20140917T000000,325000.00,3.00,1.00,1150.00,7486.00,1.00,0.00,0.00,3.00,7.00,1150.00,0.00,1970.00,0.00,98034.00,47.73,-122.22,1510.00,7486.00
3905090410.00,20150123T000000,760000.00,4.00,2.50,3120.00,8792.00,2.00,0.00,0.00,4.00,9.00,3120.00,0.00,1992.00,0.00,98029.00,47.57,-121.99,2150.00,7688.00
5363200180.00,20140515T000000,640000.00,4.00,2.00,2560.00,7798.00,1.00,0.00,0.00,4.00,7.00,1890.00,670.00,1947.00,0.00,98115.00,47.69,-122.30,1330.00,7798.00
8806900040.00,20150406T000000,415000.00,3.00,2.00,1410.00,4303.00,1.50,0.00,0.00,4.00,7.00,1410.00,0.00,1900.00,0.00,98108.00,47.55,-122.32,1660.00,4326.00
3674400035.00,20140512T000000,156000.00,3.00,1.00,970.00,8580.00,1.00,0.00,0.00,3.00,7.00,970.00,0.00,1959.00,0.00,98003.00,47.34,-122.31,1430.00,11907.00
6648150150.00,20140922T000000,996000.00,3.00,3.25,3620.00,8131.00,2.00,0.00,0.00,4.00,10.00,2730.00,890.00,1988.00,0.00,98040.00,47.58,-122.21,2040.00,3776.00
9266700175.00,20150327T000000,415000.00,2.00,1.00,880.00,5100.00,1.00,0.00,0.00,4.00,7.00,880.00,0.00,1941.00,0.00,98103.00,47.69,-122.35,980.00,5100.00
3678900450.00,20140926T000000,615000.00,3.00,1.75,1900.00,3783.00,1.50,0.00,0.00,5.00,7.00,1110.00,790.00,1927.00,0.00,98144.00,47.57,-122.32,1530.00,5098.00
9526600210.00,20141007T000000,717000.00,4.00,2.50,2540.00,4241.00,2.00,0.00,0.00,3.00,8.00,2540.00,0.00,2009.00,0.00,98052.00,47.71,-122.11,3010.00,4929.00
631000040.00,20150331T000000,548000.00,4.00,1.75,1690.00,7794.00,1.00,0.00,0.00,3.00,7.00,1090.00,600.00,1968.00,0.00,98033.00,47.69,-122.20,1380.00,7325.00
2026049122.00,20150401T000000,425000.00,3.00,1.50,1120.00,6653.00,1.00,0.00,0.00,4.00,7.00,1120.00,0.00,1937.00,0.00,98133.00,47.73,-122.33,1580.00,7355.00
7523850150.00,20141027T000000,325250.00,4.00,2.75,2130.00,9339.00,1.00,0.00,0.00,3.00,7.00,1330.00,800.00,1991.00,0.00,98198.00,47.38,-122.32,2090.00,7628.00
2326059080.00,20140801T000000,1225000.00,3.00,2.50,3420.00,79279.00,2.00,0.00,0.00,3.00,11.00,3420.00,0.00,1990.00,0.00,98052.00,47.72,-122.13,4240.00,40500.00
3211700035.00,20140625T000000,557500.00,3.00,1.75,1900.00,11165.00,1.00,0.00,0.00,4.00,7.00,1900.00,0.00,1959.00,0.00,98008.00,47.58,-122.12,2030.00,11165.00
9365700385.00,20140714T000000,1260500.00,4.00,2.50,3730.00,16950.00,2.00,0.00,0.00,3.00,10.00,3730.00,0.00,1990.00,0.00,98040.00,47.57,-122.23,3200.00,16950.00
2734100736.00,20140910T000000,249950.00,3.00,3.00,1790.00,2003.00,2.00,0.00,0.00,3.00,7.00,1480.00,310.00,2006.00,0.00,98108.00,47.54,-122.32,1220.00,4000.00
5029460180.00,20140916T000000,260000.00,4.00,2.75,2250.00,7345.00,1.00,0.00,0.00,4.00,8.00,1320.00,930.00,1984.00,0.00,98023.00,47.29,-122.37,1800.00,6950.00
632000065.00,20140611T000000,1989000.00,3.00,2.50,2880.00,13500.00,1.00,0.00,4.00,5.00,8.00,1520.00,1360.00,1950.00,0.00,98004.00,47.63,-122.22,3710.00,20486.00
6821101765.00,20140621T000000,442900.00,4.00,1.75,1780.00,2788.00,1.00,0.00,0.00,4.00,6.00,890.00,890.00,1943.00,0.00,98199.00,47.65,-122.40,1760.00,5664.00
7525050150.00,20140613T000000,475000.00,3.00,2.25,1580.00,12177.00,1.00,0.00,0.00,3.00,7.00,1200.00,380.00,1981.00,0.00,98074.00,47.63,-122.05,1660.00,11374.00
2591780180.00,20140813T000000,365000.00,5.00,2.75,3260.00,9253.00,2.00,0.00,0.00,3.00,8.00,3260.00,0.00,2004.00,0.00,98042.00,47.37,-122.07,2770.00,8067.00
4027700666.00,20150426T000000,780000.00,4.00,2.50,3180.00,9603.00,2.00,0.00,2.00,3.00,9.00,3180.00,0.00,2002.00,0.00,98155.00,47.77,-122.28,2440.00,15261.00
4083300620.00,20150227T000000,930000.00,3.00,1.75,2460.00,4240.00,1.00,0.00,0.00,4.00,7.00,1230.00,1230.00,1925.00,0.00,98103.00,47.66,-122.34,1700.00,4240.00
2303900035.00,20140611T000000,2888000.00,5.00,6.25,8670.00,64033.00,2.00,0.00,4.00,3.00,13.00,6120.00,2550.00,1965.00,2003.00,98177.00,47.73,-122.37,4140.00,81021.00
6300500515.00,20140818T000000,350000.00,3.00,1.00,1020.00,4980.00,1.00,0.00,0.00,4.00,7.00,850.00,170.00,1941.00,0.00,98133.00,47.70,-122.34,970.00,4980.00
6163900952.00,20141218T000000,357500.00,3.00,1.75,1630.00,9403.00,1.00,0.00,0.00,3.00,7.00,1630.00,0.00,1983.00,0.00,98155.00,47.76,-122.32,1430.00,8461.00
5631500369.00,20140521T000000,520000.00,4.00,2.50,3290.00,11446.00,2.00,0.00,0.00,3.00,8.00,3290.00,0.00,1992.00,0.00,98028.00,47.74,-122.23,2050.00,11933.00
9558010230.00,20140509T000000,330000.00,4.00,2.50,1940.00,3784.00,2.00,0.00,0.00,3.00,8.00,1940.00,0.00,2003.00,0.00,98058.00,47.45,-122.12,1940.00,4499.00
9407102245.00,20140604T000000,310000.00,3.00,2.00,1350.00,11150.00,1.00,0.00,0.00,3.00,7.00,1110.00,240.00,1995.00,0.00,98045.00,47.45,-121.78,1290.00,10043.00
1430800191.00,20150213T000000,279000.00,3.00,1.00,1110.00,6060.00,1.00,0.00,0.00,3.00,6.00,1110.00,0.00,1949.00,0.00,98166.00,47.47,-122.35,1480.00,8100.00
7635801371.00,20140725T000000,540000.00,4.00,1.50,2993.00,19400.00,2.00,0.00,0.00,4.00,7.00,2233.00,760.00,1921.00,0.00,98166.00,47.47,-122.37,2060.00,15100.00
2215450150.00,20140530T000000,322000.00,4.00,2.50,2280.00,7200.00,2.00,0.00,0.00,3.00,8.00,2280.00,0.00,1994.00,0.00,98030.00,47.38,-122.21,2250.00,7200.00
7146400040.00,20150312T000000,380000.00,5.00,3.25,3800.00,15500.00,1.00,0.00,0.00,3.00,7.00,2490.00,1310.00,1965.00,0.00,98032.00,47.39,-122.28,2000.00,13980.00
7635800180.00,20150428T000000,320000.00,2.00,1.00,850.00,8400.00,1.00,0.00,0.00,4.00,6.00,850.00,0.00,1941.00,0.00,98166.00,47.47,-122.36,1280.00,8400.00
114100297.00,20140922T000000,400000.00,3.00,1.75,1560.00,8456.00,1.00,0.00,0.00,5.00,7.00,1560.00,0.00,1970.00,0.00,98028.00,47.78,-122.25,2230.00,13109.00
6145601510.00,20140822T000000,412000.00,3.00,1.00,1000.00,3844.00,1.00,0.00,0.00,5.00,7.00,900.00,100.00,1928.00,0.00,98133.00,47.70,-122.35,1000.00,3920.00
9550200155.00,20150407T000000,887200.00,3.00,1.00,1400.00,5100.00,1.50,0.00,0.00,3.00,7.00,1400.00,0.00,1900.00,0.00,98103.00,47.67,-122.33,1740.00,3060.00
8122100905.00,20140624T000000,395000.00,4.00,1.75,1540.00,5120.00,1.00,0.00,0.00,5.00,6.00,770.00,770.00,1943.00,0.00,98126.00,47.54,-122.37,1080.00,5120.00
2025069025.00,20150429T000000,895000.00,4.00,3.00,3570.00,10273.00,1.50,0.00,3.00,3.00,9.00,2630.00,940.00,1935.00,2007.00,98074.00,47.64,-122.08,3640.00,15324.00
5595900210.00,20141119T000000,195000.00,2.00,1.00,800.00,5280.00,1.00,0.00,0.00,5.00,6.00,800.00,0.00,1918.00,0.00,98022.00,47.21,-122.00,1240.00,7670.00
3157600325.00,20140620T000000,390000.00,3.00,1.00,1160.00,3750.00,1.50,0.00,0.00,3.00,7.00,1160.00,0.00,1910.00,0.00,98106.00,47.57,-122.36,1530.00,3750.00
1432400120.00,20141111T000000,165000.00,3.00,1.00,1010.00,7690.00,1.00,0.00,0.00,4.00,6.00,1010.00,0.00,1958.00,0.00,98058.00,47.45,-122.18,1010.00,7619.00
1432400120.00,20150508T000000,255000.00,3.00,1.00,1010.00,7690.00,1.00,0.00,0.00,4.00,6.00,1010.00,0.00,1958.00,0.00,98058.00,47.45,-122.18,1010.00,7619.00
3811000230.00,20150316T000000,589000.00,4.00,2.25,2390.00,57599.00,2.00,0.00,0.00,3.00,8.00,2390.00,0.00,1981.00,0.00,98053.00,47.67,-122.07,2390.00,38186.00
8665050770.00,20140619T000000,505000.00,3.00,2.50,1610.00,4611.00,2.00,0.00,0.00,3.00,8.00,1610.00,0.00,1996.00,0.00,98029.00,47.57,-122.00,1730.00,4461.00
2976800360.00,20150223T000000,335750.00,3.00,3.00,2400.00,7260.00,1.00,0.00,0.00,3.00,7.00,1440.00,960.00,1955.00,0.00,98178.00,47.50,-122.25,1060.00,7200.00
871001484.00,20150115T000000,719000.00,3.00,1.75,1800.00,5816.00,1.00,0.00,0.00,5.00,7.00,900.00,900.00,1947.00,0.00,98199.00,47.65,-122.41,1650.00,5816.00
9528104910.00,20140909T000000,796000.00,4.00,3.25,2110.00,3000.00,2.00,0.00,0.00,3.00,8.00,2110.00,0.00,2001.00,0.00,98115.00,47.68,-122.33,1780.00,4000.00
6929602721.00,20150408T000000,95000.00,2.00,1.00,960.00,7000.00,1.00,0.00,0.00,3.00,4.00,960.00,0.00,1918.00,0.00,98198.00,47.39,-122.31,1850.00,8120.00
7203600530.00,20140529T000000,525000.00,3.00,3.00,2600.00,5238.00,1.50,0.00,3.00,3.00,9.00,1890.00,710.00,1989.00,0.00,98198.00,47.34,-122.33,2220.00,4853.00
2206500395.00,20140515T000000,417000.00,3.00,1.50,1340.00,10224.00,1.00,0.00,0.00,4.00,7.00,1340.00,0.00,1956.00,0.00,98006.00,47.58,-122.16,1340.00,10440.00
9277200180.00,20150420T000000,410000.00,3.00,1.00,1410.00,5000.00,1.00,0.00,0.00,3.00,6.00,980.00,430.00,1925.00,0.00,98116.00,47.58,-122.40,1410.00,5000.00
6672900220.00,20150112T000000,984000.00,4.00,2.25,2390.00,12292.00,1.00,0.00,0.00,5.00,9.00,2390.00,0.00,1962.00,0.00,98040.00,47.55,-122.22,2870.00,12337.00
1139000072.00,20150403T000000,325000.00,2.00,1.50,1180.00,834.00,3.00,0.00,0.00,3.00,8.00,1180.00,0.00,2009.00,0.00,98133.00,47.71,-122.36,1180.00,1207.00
7229900975.00,20140507T000000,314950.00,3.00,1.00,1040.00,16986.00,1.00,0.00,0.00,4.00,7.00,1040.00,0.00,1968.00,0.00,98059.00,47.48,-122.10,1660.00,16986.00
5631500594.00,20140923T000000,350000.00,3.00,2.25,1840.00,9929.00,1.00,0.00,0.00,3.00,7.00,1200.00,640.00,1987.00,0.00,98028.00,47.74,-122.24,1710.00,9929.00
6861700156.00,20141027T000000,1045000.00,4.00,2.25,2630.00,4000.00,2.00,0.00,0.00,5.00,9.00,1810.00,820.00,1909.00,0.00,98102.00,47.64,-122.32,2370.00,4700.00
6388930620.00,20140710T000000,657000.00,4.00,2.50,2640.00,25038.00,2.00,0.00,0.00,4.00,8.00,2640.00,0.00,1995.00,0.00,98056.00,47.53,-122.17,2630.00,16668.00
2887970040.00,20150408T000000,234950.00,2.00,2.50,1720.00,3132.00,2.00,0.00,0.00,3.00,8.00,1720.00,0.00,1999.00,0.00,98042.00,47.37,-122.16,1740.00,4220.00
726049213.00,20150320T000000,410000.00,4.00,1.75,2320.00,7500.00,1.00,0.00,0.00,3.00,7.00,1220.00,1100.00,1955.00,0.00,98133.00,47.76,-122.34,2230.00,7500.00
442000210.00,20150417T000000,625000.00,3.00,1.75,1840.00,5664.00,2.00,0.00,0.00,3.00,7.00,1270.00,570.00,1948.00,0.00,98115.00,47.69,-122.28,1480.00,5664.00
5525400530.00,20150423T000000,706000.00,5.00,2.50,2890.00,15891.00,2.00,0.00,0.00,3.00,9.00,2890.00,0.00,1990.00,0.00,98059.00,47.53,-122.16,2590.00,10556.00
6093000065.00,20140519T000000,485000.00,3.00,1.75,2200.00,7706.00,2.00,0.00,2.00,3.00,7.00,2200.00,0.00,1908.00,1988.00,98198.00,47.39,-122.33,1170.00,70973.00
7519000085.00,20141002T000000,685000.00,4.00,2.75,1660.00,5150.00,1.50,0.00,0.00,5.00,7.00,1280.00,380.00,1928.00,0.00,98117.00,47.68,-122.36,1490.00,4017.00
2525310220.00,20141016T000000,242050.00,3.00,2.50,2170.00,9900.00,1.00,0.00,0.00,3.00,7.00,1690.00,480.00,1980.00,0.00,98038.00,47.36,-122.03,1420.00,10614.00
3630120970.00,20140922T000000,770000.00,3.00,3.25,3310.00,5000.00,2.00,0.00,0.00,3.00,9.00,3310.00,0.00,2006.00,0.00,98029.00,47.56,-122.00,2670.00,4907.00
1232001985.00,20150428T000000,557000.00,2.00,1.50,1450.00,3840.00,1.00,0.00,0.00,3.00,7.00,950.00,500.00,1947.00,0.00,98117.00,47.68,-122.38,1450.00,3840.00
3422049158.00,20140711T000000,246000.00,3.00,1.75,1440.00,11325.00,1.00,0.00,0.00,4.00,8.00,1440.00,0.00,1966.00,0.00,98001.00,47.35,-122.28,1440.00,20000.00
2501600150.00,20150310T000000,194000.00,4.00,2.00,1760.00,7700.00,1.00,0.00,0.00,4.00,7.00,1760.00,0.00,1962.00,0.00,98003.00,47.33,-122.32,1870.00,7316.00
3326059254.00,20141124T000000,720000.00,3.00,2.50,3170.00,7187.00,2.00,0.00,0.00,3.00,9.00,3170.00,0.00,2005.00,0.00,98033.00,47.69,-122.17,2790.00,7336.00
2624049103.00,20150325T000000,449000.00,2.00,1.00,1250.00,4576.00,1.00,0.00,0.00,3.00,6.00,1040.00,210.00,1925.00,0.00,98118.00,47.54,-122.27,1550.00,5000.00
1525069095.00,20140619T000000,925000.00,4.00,2.50,3280.00,209088.00,2.00,0.00,0.00,3.00,10.00,3280.00,0.00,1994.00,0.00,98053.00,47.66,-122.02,2460.00,39498.00
4077800455.00,20150326T000000,570000.00,4.00,3.00,2460.00,10401.00,1.00,0.00,0.00,5.00,7.00,1700.00,760.00,1947.00,0.00,98125.00,47.71,-122.29,1470.00,7727.00
968000120.00,20141112T000000,395000.00,3.00,2.00,1470.00,10125.00,1.00,0.00,0.00,4.00,7.00,1470.00,0.00,1962.00,0.00,98011.00,47.78,-122.22,1440.00,10125.00
629000704.00,20140729T000000,1000000.00,4.00,2.00,1780.00,15648.00,1.50,0.00,0.00,5.00,8.00,1780.00,0.00,1918.00,0.00,98004.00,47.58,-122.20,2320.00,14963.00
7129300175.00,20140701T000000,406000.00,4.00,1.00,1580.00,8475.00,1.50,0.00,2.00,4.00,7.00,1580.00,0.00,1928.00,0.00,98178.00,47.51,-122.25,1700.00,5650.00
2887703186.00,20141023T000000,574800.00,3.00,1.50,1630.00,2946.00,1.50,0.00,0.00,4.00,8.00,1630.00,0.00,1932.00,0.00,98115.00,47.69,-122.31,1550.00,3800.00
3832500790.00,20150420T000000,309000.00,4.00,2.00,2240.00,9240.00,1.00,0.00,0.00,3.00,7.00,1120.00,1120.00,1968.00,0.00,98032.00,47.37,-122.29,2040.00,8250.00
2423069170.00,20140603T000000,770000.00,3.00,2.50,2430.00,54059.00,2.00,0.00,0.00,3.00,10.00,2430.00,0.00,1987.00,0.00,98027.00,47.47,-121.99,2910.00,49658.00
225039029.00,20150317T000000,525000.00,3.00,1.50,1940.00,5625.00,1.00,0.00,0.00,4.00,7.00,1440.00,500.00,1941.00,0.00,98117.00,47.68,-122.39,1460.00,5500.00
7852180650.00,20140718T000000,419000.00,3.00,2.50,1970.00,4058.00,2.00,0.00,0.00,3.00,7.00,1970.00,0.00,2004.00,0.00,98065.00,47.53,-121.85,2340.00,4067.00
5422500220.00,20150411T000000,479000.00,4.00,2.50,2050.00,6705.00,1.00,0.00,0.00,4.00,7.00,1230.00,820.00,1973.00,0.00,98034.00,47.72,-122.22,1610.00,7292.00
8649400790.00,20150113T000000,160000.00,3.00,1.00,1340.00,18552.00,1.50,0.00,0.00,4.00,5.00,1340.00,0.00,1935.00,0.00,98014.00,47.71,-121.33,960.00,15141.00
2473001210.00,20140916T000000,333000.00,4.00,1.75,1880.00,9880.00,1.00,0.00,0.00,4.00,8.00,1880.00,0.00,1967.00,0.00,98058.00,47.46,-122.15,1880.00,9600.00
9485700175.00,20140930T000000,310000.00,2.00,1.00,860.00,12160.00,1.00,0.00,0.00,4.00,6.00,860.00,0.00,1921.00,0.00,98106.00,47.53,-122.36,1010.00,7611.00
7694800180.00,20150205T000000,666000.00,3.00,2.50,2140.00,2868.00,2.00,0.00,0.00,3.00,8.00,1770.00,370.00,2007.00,0.00,98052.00,47.67,-122.13,2140.00,2527.00
7936500109.00,20140725T000000,2230000.00,3.00,3.00,3620.00,28064.00,2.00,1.00,4.00,5.00,10.00,2370.00,1250.00,1977.00,0.00,98136.00,47.55,-122.40,2550.00,34713.00
104560540.00,20140917T000000,310000.00,4.00,2.75,2370.00,7320.00,2.00,0.00,0.00,3.00,7.00,2370.00,0.00,1989.00,0.00,98023.00,47.31,-122.36,1960.00,7320.00
8161000220.00,20141227T000000,350000.00,3.00,2.50,1860.00,21876.00,2.00,0.00,0.00,3.00,8.00,1860.00,0.00,1992.00,0.00,98014.00,47.65,-121.90,2450.00,21876.00
2487200775.00,20140512T000000,610000.00,4.00,3.00,2110.00,5000.00,1.50,0.00,2.00,4.00,7.00,1640.00,470.00,1930.00,0.00,98136.00,47.52,-122.39,1380.00,5000.00
3905030330.00,20141008T000000,564800.00,3.00,2.25,1990.00,8501.00,2.00,0.00,0.00,3.00,8.00,1990.00,0.00,1991.00,0.00,98029.00,47.57,-122.00,2090.00,6459.00
2881700522.00,20150421T000000,438000.00,3.00,2.25,1820.00,9150.00,1.00,0.00,0.00,3.00,7.00,1320.00,500.00,1961.00,0.00,98133.00,47.74,-122.33,1780.00,8055.00
7856620870.00,20140813T000000,855000.00,3.00,2.00,3120.00,9400.00,1.00,0.00,0.00,5.00,9.00,1820.00,1300.00,1978.00,0.00,98006.00,47.56,-122.15,2770.00,9500.00
179001046.00,20140508T000000,229000.00,3.00,2.50,1190.00,3000.00,2.00,0.00,0.00,3.00,7.00,1190.00,0.00,2002.00,0.00,98178.00,47.49,-122.28,1190.00,3000.00
7562100065.00,20140725T000000,260000.00,3.00,2.00,1170.00,5450.00,1.00,0.00,0.00,5.00,6.00,1170.00,0.00,1902.00,0.00,98118.00,47.53,-122.27,1340.00,6384.00
6891800360.00,20140918T000000,609000.00,3.00,2.50,2630.00,10131.00,2.00,0.00,0.00,3.00,9.00,2630.00,0.00,1989.00,0.00,98028.00,47.77,-122.26,2800.00,10123.00
7211400760.00,20140528T000000,277000.00,4.00,1.00,1450.00,6250.00,1.00,0.00,0.00,3.00,6.00,990.00,460.00,1964.00,0.00,98146.00,47.51,-122.36,1440.00,4000.00
123039207.00,20141209T000000,283000.00,4.00,2.00,2100.00,8160.00,1.00,0.00,0.00,3.00,7.00,1200.00,900.00,1959.00,0.00,98106.00,47.51,-122.37,1140.00,8160.00
3426049124.00,20150318T000000,334000.00,2.00,1.75,1680.00,8367.00,1.00,0.00,0.00,3.00,6.00,840.00,840.00,1914.00,0.00,98115.00,47.70,-122.29,1830.00,6720.00
4222500410.00,20150226T000000,267000.00,4.00,1.75,2000.00,7350.00,1.00,0.00,0.00,3.00,7.00,1100.00,900.00,1963.00,0.00,98003.00,47.34,-122.30,1720.00,7350.00
6716700325.00,20140714T000000,385000.00,3.00,1.00,1030.00,3000.00,1.00,0.00,0.00,3.00,7.00,830.00,200.00,1924.00,0.00,98115.00,47.68,-122.32,1830.00,3000.00
431500155.00,20141024T000000,640000.00,5.00,1.75,2020.00,6565.00,1.00,0.00,0.00,3.00,8.00,1120.00,900.00,1956.00,0.00,98115.00,47.68,-122.28,2020.00,6552.00
626059220.00,20150506T000000,532500.00,4.00,2.00,2220.00,23750.00,1.00,0.00,0.00,3.00,7.00,2220.00,0.00,1963.00,0.00,98011.00,47.78,-122.21,2650.00,21167.00
1328340540.00,20140523T000000,335000.00,4.00,2.50,1750.00,8476.00,1.00,0.00,0.00,4.00,7.00,1240.00,510.00,1983.00,0.00,98058.00,47.44,-122.14,1660.00,7875.00
9269200120.00,20141030T000000,415000.00,3.00,2.50,1710.00,4920.00,2.00,0.00,0.00,3.00,7.00,1710.00,0.00,1990.00,0.00,98126.00,47.53,-122.38,1500.00,4920.00
2225059170.00,20140917T000000,1098000.00,6.00,3.25,3560.00,107362.00,1.50,0.00,0.00,4.00,8.00,2760.00,800.00,1963.00,0.00,98005.00,47.64,-122.15,3210.00,35001.00
8835900220.00,20140828T000000,1442500.00,2.00,2.50,2720.00,16637.00,1.00,0.00,3.00,3.00,10.00,2160.00,560.00,1953.00,0.00,98118.00,47.55,-122.26,2880.00,7320.00
3192000085.00,20140807T000000,180000.00,3.00,1.00,1010.00,10215.00,1.00,0.00,0.00,3.00,6.00,1010.00,0.00,1955.00,0.00,98146.00,47.49,-122.35,1320.00,10245.00
5104520610.00,20140714T000000,335000.00,4.00,2.50,1830.00,4500.00,2.00,0.00,0.00,3.00,7.00,1830.00,0.00,2004.00,0.00,98038.00,47.35,-122.01,2080.00,5100.00
3530210180.00,20140723T000000,835000.00,4.00,3.00,4480.00,42717.00,2.00,0.00,0.00,3.00,9.00,4480.00,0.00,1987.00,0.00,98077.00,47.77,-122.09,3140.00,41632.00
6840701225.00,20141003T000000,592500.00,4.00,1.50,2080.00,4400.00,1.50,0.00,0.00,3.00,7.00,2080.00,0.00,1925.00,0.00,98122.00,47.61,-122.30,1680.00,4400.00
7979900210.00,20140808T000000,418900.00,3.00,1.50,1470.00,11112.00,1.00,0.00,0.00,3.00,7.00,1470.00,0.00,1954.00,0.00,98155.00,47.75,-122.29,1460.00,11407.00
3343901183.00,20140709T000000,340000.00,3.00,1.00,1600.00,7324.00,1.00,0.00,0.00,4.00,7.00,1600.00,0.00,1958.00,0.00,98056.00,47.51,-122.19,1430.00,7249.00
5249804825.00,20140702T000000,545000.00,3.00,2.00,1340.00,7200.00,1.50,0.00,0.00,4.00,7.00,1340.00,0.00,1923.00,0.00,98118.00,47.56,-122.27,1630.00,5760.00
1234000704.00,20150403T000000,1378000.00,5.00,3.50,3680.00,8680.00,2.00,0.00,0.00,3.00,9.00,3680.00,0.00,2003.00,0.00,98033.00,47.66,-122.20,2020.00,8847.00
646910150.00,20150326T000000,183750.00,3.00,2.50,1770.00,3451.00,2.00,0.00,0.00,3.00,7.00,1770.00,0.00,2004.00,0.00,98055.00,47.43,-122.20,1490.00,2138.00
9407001320.00,20140522T000000,295000.00,4.00,2.00,980.00,10640.00,1.00,0.00,0.00,5.00,7.00,980.00,0.00,1978.00,0.00,98045.00,47.45,-121.77,1230.00,9750.00
9527000180.00,20140711T000000,625000.00,4.00,3.00,2530.00,5625.00,1.00,0.00,0.00,3.00,8.00,1470.00,1060.00,1976.00,0.00,98034.00,47.71,-122.23,1840.00,7070.00
7225000155.00,20140609T000000,290000.00,4.00,3.00,2390.00,4500.00,2.00,0.00,0.00,3.00,7.00,2390.00,0.00,1974.00,0.00,98055.00,47.49,-122.20,1320.00,4500.00
3622069103.00,20150123T000000,760000.00,4.00,2.50,3600.00,155509.00,2.00,0.00,0.00,3.00,9.00,3600.00,0.00,2004.00,0.00,98010.00,47.35,-121.99,3410.00,34412.00
3345100286.00,20150219T000000,560000.00,4.00,2.50,3270.00,24750.00,1.00,0.00,0.00,4.00,8.00,1690.00,1580.00,1979.00,0.00,98056.00,47.52,-122.18,1520.00,13480.00
203100910.00,20140923T000000,475000.00,5.00,2.50,2300.00,28480.00,2.00,0.00,0.00,3.00,6.00,2300.00,0.00,1994.00,0.00,98053.00,47.64,-121.96,1880.00,26720.00
1257201530.00,20140513T000000,620000.00,3.00,1.00,1710.00,4050.00,1.50,0.00,0.00,3.00,7.00,1710.00,0.00,1909.00,0.00,98103.00,47.67,-122.33,1790.00,4896.00
3083000365.00,20150508T000000,330000.00,4.00,2.00,1170.00,4000.00,1.00,0.00,0.00,3.00,7.00,1170.00,0.00,1955.00,0.00,98144.00,47.58,-122.31,1720.00,4000.00
1245000865.00,20150408T000000,620000.00,3.00,2.25,1990.00,6256.00,1.00,0.00,0.00,3.00,7.00,1390.00,600.00,1960.00,0.00,98033.00,47.69,-122.21,2080.00,9300.00
5104220120.00,20150107T000000,320000.00,4.00,1.75,1710.00,10480.00,1.50,0.00,0.00,4.00,6.00,1710.00,0.00,1969.00,0.00,98059.00,47.47,-122.14,1750.00,10480.00
9828701608.00,20140915T000000,525000.00,3.00,2.50,1740.00,2350.00,2.00,0.00,0.00,3.00,8.00,1120.00,620.00,1996.00,0.00,98112.00,47.62,-122.30,1750.00,3802.00
98020410.00,20140721T000000,802500.00,4.00,3.75,3320.00,8030.00,2.00,0.00,0.00,3.00,10.00,3320.00,0.00,2005.00,0.00,98075.00,47.58,-121.97,3740.00,8030.00
3416601021.00,20140926T000000,569500.00,4.00,1.00,1960.00,3194.00,2.00,0.00,0.00,3.00,7.00,1960.00,0.00,1907.00,0.00,98144.00,47.60,-122.30,1870.00,4200.00
3052700610.00,20141216T000000,850000.00,6.00,3.50,2820.00,5400.00,1.00,0.00,0.00,3.00,8.00,1620.00,1200.00,1958.00,0.00,98117.00,47.68,-122.37,1560.00,2276.00
8818400155.00,20150405T000000,630000.00,3.00,1.00,1590.00,4080.00,1.50,0.00,0.00,3.00,7.00,1590.00,0.00,1922.00,0.00,98105.00,47.66,-122.33,1570.00,4080.00
8562901830.00,20140805T000000,454800.00,4.00,2.25,2490.00,10720.00,1.00,0.00,1.00,4.00,7.00,1400.00,1090.00,1979.00,0.00,98074.00,47.61,-122.06,3080.00,10720.00
8651430870.00,20150303T000000,177000.00,3.00,1.00,870.00,5200.00,1.00,0.00,0.00,5.00,6.00,870.00,0.00,1969.00,0.00,98042.00,47.37,-122.08,870.00,5200.00
721049207.00,20140619T000000,275000.00,3.00,1.75,1860.00,15681.00,1.00,0.00,0.00,4.00,7.00,1860.00,0.00,1971.00,0.00,98023.00,47.32,-122.34,1860.00,22979.00
3463400330.00,20150416T000000,460000.00,3.00,2.00,2930.00,29136.00,2.00,0.00,0.00,3.00,8.00,2240.00,690.00,1990.00,0.00,98010.00,47.31,-122.04,2110.00,29362.00
6003500995.00,20140617T000000,729000.00,3.00,1.00,1580.00,3840.00,2.00,0.00,0.00,3.00,8.00,1580.00,0.00,1908.00,0.00,98102.00,47.62,-122.32,1680.00,2624.00
4139430910.00,20141021T000000,935000.00,4.00,3.25,4110.00,15488.00,2.00,0.00,2.00,3.00,11.00,4110.00,0.00,1995.00,0.00,98006.00,47.55,-122.12,4190.00,14973.00
1232000915.00,20140509T000000,481450.00,3.00,2.00,1410.00,4800.00,1.00,0.00,0.00,3.00,7.00,1410.00,0.00,1940.00,0.00,98117.00,47.69,-122.38,1190.00,3840.00
1954700365.00,20150317T000000,860000.00,3.00,2.00,2090.00,4190.00,1.50,0.00,0.00,4.00,8.00,1490.00,600.00,1930.00,0.00,98122.00,47.62,-122.28,2090.00,6270.00
8074200175.00,20141106T000000,274000.00,3.00,1.75,1400.00,8364.00,1.00,0.00,0.00,4.00,7.00,1400.00,0.00,1958.00,0.00,98056.00,47.49,-122.18,1210.00,8160.00
6821101762.00,20140605T000000,499000.00,3.00,3.50,1690.00,1432.00,2.00,0.00,0.00,3.00,7.00,1360.00,330.00,2008.00,0.00,98199.00,47.65,-122.40,1650.00,2788.00
1774230180.00,20140917T000000,696500.00,5.00,2.25,3210.00,61419.00,1.50,0.00,0.00,3.00,8.00,3210.00,0.00,1979.00,0.00,98077.00,47.76,-122.09,2820.00,48351.00
2051200506.00,20150413T000000,390000.00,3.00,1.00,1190.00,85226.00,1.50,0.00,0.00,5.00,5.00,1190.00,0.00,1935.00,0.00,98070.00,47.37,-122.46,1360.00,46960.00
7851200040.00,20141216T000000,265000.00,3.00,1.00,960.00,9748.00,1.00,0.00,0.00,3.00,5.00,960.00,0.00,1922.00,0.00,98065.00,47.53,-121.82,1600.00,9958.00
4027701326.00,20140709T000000,470000.00,4.00,2.25,2380.00,17199.00,2.00,0.00,0.00,3.00,8.00,1530.00,850.00,1979.00,0.00,98028.00,47.77,-122.27,2280.00,11529.00
923049110.00,20150129T000000,168500.00,2.00,1.00,1020.00,7742.00,1.00,0.00,0.00,4.00,6.00,1020.00,0.00,1935.00,1978.00,98168.00,47.50,-122.30,1510.00,7742.00
3329500730.00,20141111T000000,220000.00,3.00,1.75,1290.00,8250.00,1.00,0.00,0.00,3.00,7.00,1290.00,0.00,1983.00,0.00,98001.00,47.34,-122.27,1410.00,7823.00
5476800201.00,20141020T000000,295000.00,3.00,2.00,1830.00,17321.00,1.00,0.00,0.00,4.00,7.00,1100.00,730.00,1948.00,0.00,98178.00,47.51,-122.27,1450.00,10706.00
4139910180.00,20150114T000000,1475000.00,5.00,4.00,4770.00,31570.00,2.00,0.00,0.00,3.00,12.00,4770.00,0.00,1990.00,0.00,98006.00,47.55,-122.12,4520.00,32070.00
7278100515.00,20140821T000000,1295000.00,2.00,2.50,2910.00,19449.00,2.00,1.00,4.00,5.00,9.00,1940.00,970.00,1985.00,0.00,98177.00,47.77,-122.39,2540.00,23598.00
9353300220.00,20150408T000000,285000.00,3.00,1.00,950.00,10723.00,1.00,0.00,0.00,4.00,6.00,950.00,0.00,1959.00,0.00,98059.00,47.49,-122.13,1520.00,10723.00
5253300173.00,20141022T000000,294950.00,3.00,1.00,1160.00,8950.00,1.00,0.00,0.00,3.00,7.00,1160.00,0.00,1968.00,0.00,98133.00,47.75,-122.34,1210.00,8193.00
98000150.00,20150102T000000,1465000.00,4.00,4.00,4930.00,22093.00,2.00,0.00,3.00,3.00,12.00,4930.00,0.00,2004.00,0.00,98075.00,47.59,-121.97,4630.00,18889.00
8608900205.00,20150403T000000,565500.00,3.00,1.75,1780.00,5850.00,1.00,0.00,0.00,5.00,7.00,980.00,800.00,1944.00,0.00,98116.00,47.56,-122.39,1550.00,5850.00
2895200150.00,20141013T000000,230000.00,3.00,2.00,1410.00,10625.00,1.00,0.00,0.00,3.00,7.00,1410.00,0.00,1980.00,0.00,98042.00,47.36,-122.12,1410.00,9744.00
621069057.00,20150323T000000,569950.00,4.00,3.50,2700.00,443440.00,1.50,0.00,0.00,3.00,8.00,2700.00,0.00,1948.00,1997.00,98042.00,47.33,-122.10,3210.00,298182.00
8712100760.00,20140924T000000,721000.00,2.00,1.50,1790.00,4250.00,1.00,0.00,0.00,3.00,7.00,920.00,870.00,1915.00,2014.00,98112.00,47.64,-122.30,1910.00,4250.00
255520180.00,20141218T000000,565000.00,3.00,2.50,4040.00,8653.00,2.00,0.00,0.00,3.00,9.00,2900.00,1140.00,2006.00,0.00,98019.00,47.74,-121.98,3360.00,8653.00
1025059186.00,20140917T000000,438000.00,3.00,1.75,1990.00,9885.00,1.00,0.00,0.00,4.00,7.00,1030.00,960.00,1978.00,0.00,98052.00,47.67,-122.16,1560.00,10000.00
797000330.00,20150402T000000,369900.00,3.00,1.75,2150.00,19127.00,1.00,0.00,0.00,3.00,7.00,1650.00,500.00,1978.00,0.00,98168.00,47.51,-122.32,1550.00,15000.00
6403510410.00,20140905T000000,405000.00,4.00,2.50,1850.00,9136.00,2.00,0.00,0.00,3.00,8.00,1850.00,0.00,1997.00,0.00,98059.00,47.49,-122.16,1930.00,7873.00
4324210120.00,20140527T000000,282000.00,3.00,2.50,1680.00,15711.00,1.00,0.00,0.00,3.00,7.00,1240.00,440.00,1994.00,0.00,98031.00,47.42,-122.17,1420.00,8588.00
6381500450.00,20141104T000000,380950.00,2.00,1.00,1430.00,7819.00,1.00,0.00,0.00,3.00,7.00,1110.00,320.00,1944.00,0.00,98125.00,47.73,-122.30,1380.00,7473.00
7609700065.00,20140630T000000,349810.00,3.00,1.00,960.00,8855.00,1.00,0.00,0.00,4.00,7.00,960.00,0.00,1958.00,0.00,98155.00,47.77,-122.33,1250.00,8855.00
6192410760.00,20140526T000000,690000.00,4.00,2.50,2700.00,8810.00,2.00,0.00,0.00,3.00,9.00,2700.00,0.00,2004.00,0.00,98052.00,47.70,-122.12,2730.00,5100.00
441000065.00,20150505T000000,653000.00,2.00,1.50,1290.00,5141.00,1.00,0.00,0.00,4.00,7.00,1050.00,240.00,1947.00,0.00,98115.00,47.69,-122.29,1290.00,5406.00
9238510220.00,20141028T000000,526500.00,3.00,2.50,1860.00,43170.00,2.00,0.00,0.00,3.00,8.00,1860.00,0.00,1986.00,0.00,98072.00,47.77,-122.14,2270.00,40835.00
293760150.00,20141017T000000,1040000.00,4.00,3.50,4320.00,8490.00,2.00,0.00,0.00,3.00,10.00,3280.00,1040.00,2005.00,0.00,98029.00,47.56,-122.03,4030.00,11008.00
3331001765.00,20140923T000000,335000.00,3.00,1.00,2130.00,3825.00,1.50,0.00,0.00,3.00,7.00,2130.00,0.00,1917.00,0.00,98118.00,47.55,-122.28,1780.00,5150.00
1423069077.00,20140915T000000,570000.00,2.00,1.75,2870.00,102366.00,2.00,0.00,2.00,4.00,8.00,1770.00,1100.00,1994.00,0.00,98027.00,47.48,-122.00,2960.00,108900.00
8123450450.00,20150310T000000,1080000.00,5.00,3.50,3740.00,11340.00,2.00,0.00,0.00,3.00,10.00,3740.00,0.00,2013.00,0.00,98052.00,47.66,-122.14,2040.00,8715.00
1795910360.00,20140922T000000,475000.00,3.00,2.50,2130.00,8022.00,2.00,0.00,0.00,3.00,8.00,2130.00,0.00,1985.00,0.00,98052.00,47.73,-122.11,2130.00,7605.00
7883603965.00,20150212T000000,315000.00,4.00,2.00,1210.00,4250.00,1.00,0.00,0.00,4.00,7.00,1210.00,0.00,1941.00,0.00,98108.00,47.53,-122.32,1210.00,6000.00
7937600087.00,20141209T000000,405000.00,6.00,2.00,2800.00,29985.00,1.00,0.00,0.00,5.00,7.00,1400.00,1400.00,1954.00,0.00,98058.00,47.44,-122.08,1980.00,29985.00
3396820150.00,20140506T000000,562000.00,5.00,2.25,3040.00,8111.00,2.00,0.00,0.00,3.00,8.00,3040.00,0.00,1984.00,0.00,98052.00,47.72,-122.10,2020.00,8304.00
3654800040.00,20150424T000000,295000.00,3.00,2.50,1570.00,6932.00,2.00,0.00,0.00,3.00,7.00,1570.00,0.00,1993.00,0.00,98038.00,47.39,-122.05,1570.00,6271.00
8039900360.00,20140708T000000,383000.00,3.00,2.25,2090.00,15000.00,1.00,0.00,0.00,3.00,7.00,2090.00,0.00,1961.00,0.00,98045.00,47.49,-121.78,1690.00,14400.00
3876540410.00,20150413T000000,242000.00,3.00,2.25,1690.00,7292.00,1.00,0.00,0.00,3.00,7.00,1250.00,440.00,1985.00,0.00,98003.00,47.26,-122.30,1670.00,7747.00
7230300610.00,20150403T000000,352500.00,3.00,1.50,1470.00,17577.00,1.00,0.00,0.00,5.00,7.00,1470.00,0.00,1967.00,0.00,98059.00,47.47,-122.12,2300.00,13832.00
1180005280.00,20140723T000000,239950.00,4.00,1.00,1460.00,6000.00,1.00,0.00,0.00,4.00,7.00,730.00,730.00,1941.00,0.00,98178.00,47.50,-122.22,1190.00,6000.00
714000210.00,20140903T000000,998000.00,4.00,2.50,3030.00,6820.00,2.00,0.00,0.00,3.00,9.00,2530.00,500.00,1947.00,2000.00,98105.00,47.67,-122.27,2070.00,6820.00
3902100205.00,20150417T000000,515000.00,3.00,1.75,1190.00,4500.00,1.00,0.00,0.00,3.00,6.00,1190.00,0.00,1922.00,2012.00,98116.00,47.56,-122.39,1820.00,4500.00
9285800790.00,20150406T000000,590000.00,5.00,1.00,1840.00,6710.00,1.50,0.00,0.00,3.00,7.00,1840.00,0.00,1920.00,0.00,98126.00,47.57,-122.38,1410.00,4880.00
1922000180.00,20150402T000000,1160000.00,4.00,3.75,3560.00,13959.00,2.00,0.00,0.00,4.00,9.00,3560.00,0.00,1972.00,0.00,98040.00,47.56,-122.21,3320.00,11834.00
6121800065.00,20141104T000000,289000.00,3.00,1.75,1580.00,9750.00,1.00,0.00,0.00,5.00,7.00,1580.00,0.00,1954.00,0.00,98148.00,47.43,-122.33,1460.00,9750.00
4427100145.00,20150323T000000,424000.00,3.00,1.50,1230.00,7200.00,1.00,0.00,0.00,3.00,7.00,1230.00,0.00,1953.00,0.00,98125.00,47.73,-122.31,1400.00,6240.00
7227800065.00,20141016T000000,199000.00,4.00,2.00,1440.00,9477.00,1.00,0.00,0.00,3.00,5.00,1440.00,0.00,1943.00,0.00,98056.00,47.51,-122.18,1440.00,9546.00
7853220330.00,20141006T000000,730000.00,4.00,3.50,4420.00,7902.00,2.00,0.00,0.00,3.00,10.00,3350.00,1070.00,2004.00,0.00,98065.00,47.53,-121.86,3440.00,7851.00
1430800258.00,20140527T000000,244000.00,3.00,1.00,910.00,5250.00,1.00,0.00,0.00,4.00,6.00,910.00,0.00,1971.00,0.00,98166.00,47.47,-122.35,1650.00,10442.00
7454001075.00,20140618T000000,240000.00,2.00,1.00,670.00,10920.00,1.00,0.00,0.00,3.00,6.00,670.00,0.00,1942.00,0.00,98146.00,47.51,-122.37,900.00,7425.00
4038500210.00,20150422T000000,797000.00,4.00,2.75,2650.00,8610.00,2.00,0.00,0.00,3.00,8.00,2650.00,0.00,1959.00,2007.00,98008.00,47.62,-122.12,1680.00,8316.00
2310040230.00,20140520T000000,350000.00,4.00,2.25,2220.00,6953.00,2.00,0.00,0.00,4.00,8.00,2220.00,0.00,1999.00,0.00,98038.00,47.35,-122.04,2240.00,6716.00
1727500230.00,20141119T000000,415000.00,3.00,1.75,1640.00,6435.00,1.00,0.00,0.00,3.00,7.00,1190.00,450.00,1972.00,0.00,98034.00,47.72,-122.22,1770.00,6930.00
3874900205.00,20150414T000000,378510.00,2.00,1.00,770.00,5185.00,1.00,0.00,0.00,3.00,7.00,770.00,0.00,1947.00,0.00,98126.00,47.55,-122.38,1260.00,6550.00
269000085.00,20140708T000000,1195000.00,4.00,3.50,3960.00,6654.00,2.00,0.00,0.00,3.00,10.00,2850.00,1110.00,2006.00,0.00,98199.00,47.65,-122.39,2840.00,6400.00
7972602510.00,20141006T000000,379900.00,2.00,1.50,1140.00,7620.00,1.00,0.00,0.00,4.00,6.00,1140.00,0.00,1925.00,0.00,98106.00,47.53,-122.35,1300.00,7620.00
7202340720.00,20140520T000000,620000.00,3.00,2.50,2480.00,9041.00,2.00,0.00,0.00,3.00,7.00,2480.00,0.00,2004.00,0.00,98053.00,47.68,-122.04,2480.00,6500.00
1254201106.00,20140829T000000,524500.00,3.00,1.50,1580.00,3172.00,1.00,0.00,0.00,4.00,8.00,900.00,680.00,1946.00,0.00,98117.00,47.68,-122.39,1580.00,5000.00
7349650330.00,20140609T000000,270000.00,4.00,2.75,1990.00,7252.00,1.00,0.00,0.00,3.00,7.00,1270.00,720.00,1999.00,0.00,98002.00,47.28,-122.20,2100.00,7535.00
9211520150.00,20140528T000000,236000.00,4.00,2.25,1830.00,9485.00,1.00,0.00,0.00,4.00,7.00,1200.00,630.00,1989.00,0.00,98023.00,47.30,-122.39,1730.00,10109.00
3438501020.00,20141105T000000,308500.00,2.00,2.00,840.00,14564.00,1.50,0.00,0.00,5.00,6.00,840.00,0.00,1942.00,0.00,98106.00,47.55,-122.36,1430.00,7920.00
5460900120.00,20141208T000000,989900.00,5.00,2.25,3320.00,11350.00,1.00,0.00,0.00,5.00,8.00,1660.00,1660.00,1963.00,0.00,98040.00,47.57,-122.21,3320.00,11085.00
7459810210.00,20141002T000000,299000.00,4.00,2.25,2050.00,26000.00,2.00,0.00,0.00,4.00,8.00,2050.00,0.00,1977.00,0.00,98042.00,47.34,-122.06,2330.00,31100.00
4032500035.00,20140913T000000,295000.00,2.00,1.75,1560.00,43748.00,2.00,0.00,0.00,3.00,8.00,1560.00,0.00,1967.00,2000.00,98065.00,47.57,-121.68,1000.00,24602.00
8018600880.00,20140611T000000,110000.00,2.00,1.00,800.00,15000.00,1.00,0.00,0.00,3.00,6.00,800.00,0.00,1927.00,0.00,98168.00,47.49,-122.32,1170.00,15000.00
2807100156.00,20140703T000000,295950.00,2.00,1.00,1190.00,6200.00,1.00,0.00,0.00,3.00,7.00,1190.00,0.00,1948.00,0.00,98133.00,47.76,-122.34,1470.00,7800.00
2112700845.00,20140528T000000,270000.00,3.00,1.75,1300.00,4127.00,1.00,0.00,0.00,4.00,6.00,650.00,650.00,1918.00,1953.00,98106.00,47.54,-122.35,1420.00,4000.00
3022079087.00,20140521T000000,712000.00,4.00,2.50,3400.00,247421.00,2.00,0.00,0.00,3.00,9.00,3400.00,0.00,2001.00,0.00,98010.00,47.36,-121.97,3180.00,222156.00
2767603577.00,20150506T000000,475000.00,2.00,1.50,1170.00,1250.00,3.00,0.00,0.00,3.00,8.00,1170.00,0.00,2000.00,0.00,98107.00,47.67,-122.38,1310.00,1308.00
3955900220.00,20150317T000000,410000.00,4.00,2.50,2510.00,5258.00,2.00,0.00,0.00,3.00,7.00,2510.00,0.00,2001.00,0.00,98056.00,47.48,-122.19,2570.00,5119.00
3761100276.00,20150313T000000,588000.00,4.00,2.25,2510.00,19550.00,1.00,0.00,0.00,4.00,9.00,1810.00,700.00,1977.00,0.00,98034.00,47.70,-122.24,2450.00,19250.00
6979970150.00,20141212T000000,420000.00,3.00,2.50,2390.00,3903.00,2.00,0.00,0.00,3.00,8.00,1970.00,420.00,2006.00,0.00,98072.00,47.75,-122.17,2390.00,3431.00
8857640410.00,20150119T000000,355000.00,4.00,2.25,2200.00,3404.00,2.00,0.00,0.00,3.00,8.00,2200.00,0.00,2005.00,0.00,98038.00,47.39,-122.03,2200.00,3449.00
6052400175.00,20140623T000000,446000.00,2.00,1.00,2550.00,21675.00,1.00,0.00,1.00,4.00,7.00,1610.00,940.00,1958.00,0.00,98198.00,47.40,-122.32,2030.00,10591.00
2525059077.00,20140520T000000,765000.00,4.00,2.25,2560.00,12100.00,1.00,0.00,0.00,4.00,8.00,1760.00,800.00,1976.00,0.00,98052.00,47.63,-122.11,2240.00,12100.00
5040800120.00,20140527T000000,967500.00,3.00,3.75,3250.00,5797.00,2.00,0.00,2.00,4.00,8.00,2370.00,880.00,1951.00,0.00,98199.00,47.65,-122.41,1840.00,5797.00
8682262380.00,20140905T000000,381000.00,2.00,2.00,1340.00,4447.00,1.00,0.00,0.00,3.00,8.00,1340.00,0.00,2004.00,0.00,98053.00,47.72,-122.03,1350.00,4458.00
2521059060.00,20150501T000000,490000.00,3.00,2.25,2840.00,107157.00,2.00,0.00,0.00,4.00,9.00,2840.00,0.00,1983.00,0.00,98092.00,47.28,-122.12,2600.00,215622.00
7526800040.00,20140827T000000,716000.00,4.00,2.25,2480.00,9780.00,1.00,0.00,0.00,4.00,8.00,1900.00,580.00,1975.00,0.00,98052.00,47.64,-122.10,2640.00,9780.00
4104900150.00,20150414T000000,605000.00,5.00,3.50,3060.00,8862.00,2.00,0.00,0.00,3.00,8.00,3060.00,0.00,1989.00,0.00,98056.00,47.53,-122.19,2680.00,8398.00
5409800120.00,20140919T000000,312200.00,4.00,2.50,2910.00,8596.00,2.00,0.00,0.00,3.00,8.00,2910.00,0.00,2004.00,0.00,98003.00,47.26,-122.30,2770.00,8602.00
2423039122.00,20140718T000000,327000.00,4.00,1.00,1900.00,9000.00,1.00,0.00,0.00,4.00,7.00,1290.00,610.00,1948.00,0.00,98166.00,47.46,-122.36,1950.00,10800.00
6143600555.00,20140609T000000,229950.00,4.00,1.75,1300.00,21000.00,1.00,0.00,0.00,4.00,7.00,1300.00,0.00,1969.00,0.00,98001.00,47.31,-122.29,2120.00,9920.00
5029451010.00,20140711T000000,160000.00,3.00,1.50,1480.00,7000.00,1.00,0.00,0.00,3.00,7.00,1000.00,480.00,1980.00,0.00,98023.00,47.29,-122.37,1470.00,7022.00
6649500040.00,20140812T000000,255000.00,3.00,1.00,1250.00,9472.00,1.00,0.00,0.00,4.00,6.00,1250.00,0.00,1972.00,0.00,98059.00,47.50,-122.15,1590.00,9600.00
2922700155.00,20141125T000000,530000.00,4.00,2.50,2000.00,4700.00,1.50,0.00,0.00,4.00,7.00,1220.00,780.00,1944.00,0.00,98117.00,47.69,-122.37,1560.00,4700.00
422049203.00,20141024T000000,239000.00,3.00,1.50,1330.00,6540.00,1.00,0.00,0.00,3.00,7.00,900.00,430.00,1971.00,0.00,98188.00,47.42,-122.29,1400.00,11500.00
5412200180.00,20150228T000000,285000.00,3.00,2.25,1840.00,6214.00,1.00,0.00,0.00,4.00,7.00,1270.00,570.00,1983.00,0.00,98031.00,47.40,-122.19,1840.00,6214.00
6338000032.00,20140827T000000,537000.00,4.00,2.00,1560.00,7104.00,1.50,0.00,0.00,3.00,7.00,1140.00,420.00,1945.00,0.00,98105.00,47.67,-122.28,1850.00,7105.00
8161000210.00,20140814T000000,530000.00,3.00,2.50,3150.00,21893.00,2.00,0.00,0.00,3.00,9.00,3150.00,0.00,2006.00,0.00,98014.00,47.65,-121.90,2280.00,21886.00
5028600360.00,20140725T000000,213675.00,3.00,2.25,1560.00,6013.00,2.00,0.00,0.00,3.00,7.00,1560.00,0.00,1990.00,0.00,98023.00,47.29,-122.35,1640.00,6290.00
1952000150.00,20140506T000000,530000.00,5.00,2.50,2910.00,9636.00,1.00,0.00,0.00,4.00,7.00,1690.00,1220.00,1964.00,0.00,98008.00,47.58,-122.12,2830.00,10385.00
9510920040.00,20150305T000000,780000.00,3.00,2.50,2940.00,15875.00,2.00,0.00,0.00,3.00,10.00,2940.00,0.00,1994.00,0.00,98075.00,47.59,-122.02,2980.00,15875.00
9834200411.00,20141113T000000,390000.00,3.00,1.00,950.00,3621.00,1.00,0.00,0.00,4.00,6.00,950.00,0.00,1947.00,0.00,98144.00,47.58,-122.29,1540.00,4080.00
2960900040.00,20140521T000000,450000.00,2.00,1.00,1200.00,4000.00,1.00,0.00,0.00,3.00,7.00,1070.00,130.00,1940.00,0.00,98126.00,47.58,-122.38,1770.00,4000.00
1112000035.00,20150311T000000,420000.00,2.00,1.00,1000.00,5375.00,1.00,0.00,0.00,3.00,7.00,1000.00,0.00,1953.00,0.00,98118.00,47.54,-122.27,1380.00,5000.00
1982200790.00,20150127T000000,550000.00,3.00,2.00,1490.00,3880.00,1.00,0.00,0.00,3.00,7.00,1490.00,0.00,1959.00,0.00,98107.00,47.66,-122.36,1490.00,3880.00
3361401011.00,20150219T000000,110000.00,2.00,1.00,600.00,6120.00,1.00,0.00,0.00,3.00,5.00,600.00,0.00,1943.00,0.00,98168.00,47.50,-122.32,1060.00,6120.00
1695900150.00,20140528T000000,700000.00,2.00,1.75,2320.00,5500.00,1.50,0.00,2.00,3.00,8.00,1720.00,600.00,1925.00,2000.00,98144.00,47.59,-122.29,2380.00,5000.00
1240100065.00,20150424T000000,807500.00,4.00,2.50,3190.00,24170.00,2.00,0.00,0.00,3.00,10.00,3190.00,0.00,2002.00,0.00,98074.00,47.62,-122.05,2110.00,26321.00
421049254.00,20141002T000000,179000.00,2.00,1.00,990.00,8760.00,1.00,0.00,0.00,3.00,7.00,990.00,0.00,1977.00,0.00,98003.00,47.33,-122.31,1560.00,11880.00
9412400220.00,20140710T000000,1612500.00,4.00,2.75,5470.00,18200.00,2.00,1.00,4.00,3.00,11.00,3730.00,1740.00,1992.00,0.00,98118.00,47.53,-122.26,3620.00,15100.00
1726069060.00,20150409T000000,655000.00,4.00,2.75,2890.00,46609.00,2.00,0.00,0.00,4.00,9.00,2890.00,0.00,1981.00,0.00,98077.00,47.75,-122.06,2880.00,68824.00
6150200040.00,20150316T000000,472500.00,3.00,2.00,1790.00,6800.00,1.00,0.00,0.00,4.00,7.00,1240.00,550.00,1964.00,0.00,98133.00,47.73,-122.34,1470.00,6800.00
7300400150.00,20141027T000000,299000.00,4.00,2.50,2350.00,6958.00,2.00,0.00,0.00,3.00,9.00,2350.00,0.00,1998.00,0.00,98092.00,47.33,-122.17,2480.00,6395.00
2621730220.00,20140514T000000,740000.00,4.00,2.50,3430.00,10157.00,2.00,0.00,0.00,3.00,10.00,3430.00,0.00,2000.00,0.00,98034.00,47.72,-122.16,3480.00,10157.00
4122700040.00,20141010T000000,860000.00,3.00,1.75,2600.00,15064.00,1.00,0.00,0.00,4.00,8.00,1700.00,900.00,1967.00,0.00,98004.00,47.64,-122.20,2940.00,14984.00
9161100730.00,20140701T000000,620000.00,4.00,3.00,2130.00,6325.00,1.00,0.00,0.00,5.00,7.00,1440.00,690.00,1948.00,0.00,98116.00,47.57,-122.40,1240.00,6325.00
9357001010.00,20141010T000000,410000.00,3.00,1.75,1660.00,5987.00,1.00,0.00,0.00,3.00,7.00,960.00,700.00,1982.00,0.00,98146.00,47.51,-122.38,1510.00,6000.00
8643000210.00,20150304T000000,343000.00,5.00,3.50,2473.00,9282.00,2.00,0.00,1.00,5.00,7.00,2473.00,0.00,1963.00,0.00,98198.00,47.40,-122.31,2040.00,10920.00
9828701739.00,20140617T000000,465000.00,2.00,2.75,1430.00,1425.00,2.00,0.00,0.00,3.00,7.00,995.00,435.00,2006.00,0.00,98112.00,47.62,-122.30,1500.00,1749.00
3204400040.00,20150304T000000,273950.00,3.00,2.25,1570.00,3109.00,2.00,0.00,0.00,3.00,8.00,1570.00,0.00,2002.00,0.00,98092.00,47.33,-122.19,1680.00,3590.00
3342103282.00,20141017T000000,825000.00,2.00,1.00,1240.00,42247.00,1.00,0.00,1.00,4.00,7.00,1240.00,0.00,1915.00,0.00,98056.00,47.52,-122.20,1550.00,12459.00
2420069604.00,20150330T000000,255000.00,3.00,2.50,1720.00,6200.00,2.00,0.00,0.00,3.00,7.00,1720.00,0.00,2014.00,0.00,98022.00,47.21,-121.99,1710.00,9520.00
8078050040.00,20140908T000000,250000.00,3.00,2.00,1140.00,11161.00,1.00,0.00,0.00,4.00,7.00,1140.00,0.00,1998.00,0.00,98022.00,47.21,-122.01,1720.00,8587.00
7663700150.00,20140822T000000,635000.00,4.00,3.25,2690.00,7200.00,2.00,0.00,3.00,3.00,9.00,1720.00,970.00,1978.00,0.00,98155.00,47.73,-122.29,2400.00,8845.00
4167700210.00,20140826T000000,240000.00,3.00,1.75,1520.00,9600.00,1.00,0.00,0.00,3.00,8.00,1520.00,0.00,1966.00,0.00,98023.00,47.33,-122.37,2060.00,9600.00
2423020180.00,20150507T000000,670000.00,4.00,2.25,2040.00,7031.00,2.00,0.00,0.00,3.00,8.00,2040.00,0.00,2012.00,0.00,98033.00,47.70,-122.17,1670.00,7031.00
2824600180.00,20141024T000000,713414.00,3.00,2.50,2830.00,6000.00,1.00,0.00,3.00,3.00,9.00,1730.00,1100.00,1954.00,0.00,98126.00,47.58,-122.38,2040.00,5300.00
2013801086.00,20150513T000000,245000.00,3.00,1.50,1340.00,7391.00,1.00,0.00,0.00,4.00,7.00,1340.00,0.00,1966.00,0.00,98198.00,47.38,-122.32,1300.00,7391.00
4022900150.00,20141209T000000,600000.00,4.00,2.50,2520.00,10850.00,1.00,0.00,0.00,4.00,8.00,1680.00,840.00,1968.00,0.00,98155.00,47.78,-122.28,2590.00,10800.00
3295710150.00,20141015T000000,270000.00,3.00,2.50,1660.00,5550.00,2.00,0.00,0.00,3.00,7.00,1660.00,0.00,2002.00,0.00,98198.00,47.38,-122.30,1810.00,5550.00
9476200035.00,20141120T000000,190000.00,2.00,1.00,880.00,6900.00,1.00,0.00,0.00,3.00,6.00,880.00,0.00,1943.00,0.00,98056.00,47.49,-122.19,1060.00,8000.00
1937300180.00,20140606T000000,435000.00,3.00,2.00,980.00,5000.00,1.00,0.00,0.00,3.00,6.00,980.00,0.00,1940.00,0.00,98144.00,47.60,-122.31,1970.00,3025.00
4226900211.00,20141023T000000,560000.00,4.00,1.00,1360.00,5814.00,1.50,0.00,0.00,2.00,6.00,1360.00,0.00,1900.00,0.00,98122.00,47.60,-122.31,1010.00,5814.00
424069018.00,20140905T000000,998000.00,3.00,3.75,3710.00,34412.00,2.00,0.00,0.00,3.00,10.00,2910.00,800.00,1978.00,0.00,98075.00,47.59,-122.04,2390.00,34412.00
6684500040.00,20141202T000000,725000.00,3.00,1.00,940.00,8377.00,1.00,0.00,0.00,4.00,7.00,940.00,0.00,1952.00,0.00,98004.00,47.60,-122.20,1710.00,6900.00
8948500065.00,20141124T000000,210000.00,2.00,1.00,970.00,8874.00,1.00,0.00,0.00,3.00,7.00,970.00,0.00,1968.00,0.00,98056.00,47.49,-122.18,1340.00,8175.00
1972201960.00,20140825T000000,513000.00,3.00,2.25,1500.00,1312.00,3.00,0.00,0.00,3.00,8.00,1500.00,0.00,2007.00,0.00,98103.00,47.65,-122.35,1500.00,1282.00
7436200040.00,20141105T000000,290000.00,5.00,2.50,2780.00,9652.00,1.00,0.00,0.00,4.00,8.00,1390.00,1390.00,1967.00,0.00,98001.00,47.34,-122.27,1790.00,9652.00
3835502815.00,20140925T000000,1260000.00,3.00,2.50,3110.00,9930.00,1.00,0.00,1.00,3.00,8.00,1640.00,1470.00,1954.00,0.00,98039.00,47.61,-122.23,3650.00,14399.00
8856960540.00,20140620T000000,330000.00,3.00,2.25,1860.00,11227.00,2.00,0.00,0.00,3.00,7.00,1860.00,0.00,1995.00,0.00,98038.00,47.39,-122.03,1820.00,8800.00
1432400065.00,20140605T000000,189000.00,3.00,1.00,1010.00,7560.00,1.00,0.00,0.00,3.00,6.00,1010.00,0.00,1958.00,0.00,98058.00,47.45,-122.18,1170.00,7560.00
4370700065.00,20150504T000000,907500.00,3.00,2.25,2850.00,6281.00,2.00,0.00,2.00,4.00,7.00,1900.00,950.00,1947.00,0.00,98115.00,47.69,-122.33,1680.00,7006.00
1725079047.00,20141104T000000,410000.00,3.00,2.25,2280.00,200811.00,1.00,0.00,0.00,3.00,7.00,2280.00,0.00,1978.00,0.00,98014.00,47.65,-121.94,2280.00,206038.00
7855000325.00,20150220T000000,1050000.00,4.00,3.00,3080.00,10757.00,2.00,0.00,3.00,5.00,8.00,3080.00,0.00,1961.00,0.00,98006.00,47.57,-122.16,2810.00,10757.00
2826049098.00,20141204T000000,622100.00,4.00,2.50,2280.00,14290.00,1.50,0.00,0.00,4.00,7.00,1510.00,770.00,1942.00,0.00,98125.00,47.71,-122.30,2140.00,9890.00
3750603685.00,20140723T000000,250000.00,3.00,1.50,2030.00,14400.00,1.00,0.00,0.00,4.00,7.00,1310.00,720.00,1969.00,0.00,98001.00,47.26,-122.29,1330.00,14400.00
1797500230.00,20140818T000000,1180000.00,4.00,3.00,2570.00,4000.00,2.00,0.00,0.00,3.00,8.00,1750.00,820.00,1909.00,2014.00,98115.00,47.67,-122.31,1970.00,4000.00
3459600330.00,20150209T000000,925000.00,3.00,2.75,3640.00,10300.00,1.00,0.00,0.00,4.00,9.00,2060.00,1580.00,1979.00,0.00,98006.00,47.56,-122.15,3110.00,10625.00
546001020.00,20150218T000000,554000.00,3.00,2.00,1760.00,4046.00,1.00,0.00,0.00,3.00,7.00,960.00,800.00,1931.00,0.00,98117.00,47.69,-122.38,1500.00,4046.00
7227502507.00,20140709T000000,545000.00,3.00,2.50,2760.00,17377.00,2.00,0.00,0.00,3.00,9.00,2760.00,0.00,2002.00,0.00,98056.00,47.49,-122.19,1940.00,8504.00
326049060.00,20140909T000000,660000.00,3.00,2.50,2650.00,11250.00,2.00,0.00,0.00,3.00,9.00,2650.00,0.00,2005.00,0.00,98155.00,47.76,-122.29,2200.00,10013.00
1525059261.00,20150505T000000,1900000.00,5.00,4.50,5160.00,44315.00,2.00,0.00,0.00,3.00,12.00,5160.00,0.00,1996.00,0.00,98005.00,47.66,-122.15,4760.00,44315.00
7399300120.00,20140502T000000,260000.00,4.00,2.00,1480.00,8625.00,1.00,0.00,0.00,4.00,7.00,1480.00,0.00,1974.00,0.00,98055.00,47.46,-122.19,2130.00,8502.00
7812801590.00,20141030T000000,219900.00,3.00,1.00,860.00,6664.00,1.00,0.00,0.00,3.00,6.00,860.00,0.00,1944.00,0.00,98178.00,47.49,-122.25,1150.00,6857.00
6699930530.00,20150325T000000,373500.00,4.00,2.50,2610.00,4978.00,2.00,0.00,0.00,3.00,8.00,2610.00,0.00,2004.00,0.00,98038.00,47.34,-122.04,2470.00,5024.00
1523069151.00,20140711T000000,380000.00,2.00,1.00,1470.00,81021.00,1.00,0.00,0.00,4.00,6.00,1470.00,0.00,1949.00,0.00,98027.00,47.48,-122.03,2600.00,69696.00
7525950180.00,20140701T000000,1060000.00,4.00,2.50,4570.00,16015.00,2.00,0.00,2.00,3.00,11.00,4570.00,0.00,1990.00,0.00,98074.00,47.62,-122.07,4490.00,17668.00
3623500408.00,20150330T000000,2600000.00,3.00,3.00,3410.00,16015.00,2.00,1.00,4.00,4.00,10.00,2220.00,1190.00,1973.00,0.00,98040.00,47.57,-122.24,3760.00,16572.00
7312200120.00,20140723T000000,450000.00,3.00,2.25,1760.00,10013.00,2.00,0.00,0.00,4.00,8.00,1760.00,0.00,1983.00,0.00,98056.00,47.53,-122.19,1810.00,9768.00
4123810210.00,20140716T000000,379950.00,3.00,1.75,2040.00,12065.00,1.00,0.00,0.00,3.00,8.00,2040.00,0.00,1987.00,0.00,98038.00,47.38,-122.04,2010.00,11717.00
3902600150.00,20140820T000000,834800.00,3.00,3.50,3470.00,4171.00,3.00,0.00,0.00,3.00,9.00,3470.00,0.00,2008.00,0.00,98034.00,47.71,-122.23,3430.00,4268.00
9126101201.00,20140916T000000,365000.00,2.00,1.00,680.00,4800.00,1.00,0.00,0.00,3.00,6.00,680.00,0.00,1917.00,0.00,98122.00,47.61,-122.30,1610.00,4800.00
2423029009.00,20140617T000000,465000.00,2.00,2.00,1494.00,19271.00,2.00,1.00,4.00,3.00,7.00,1494.00,0.00,1943.00,1997.00,98070.00,47.47,-122.50,1494.00,43583.00
3300701285.00,20140730T000000,452000.00,3.00,1.50,1250.00,4000.00,1.00,0.00,0.00,3.00,7.00,1250.00,0.00,1955.00,0.00,98117.00,47.69,-122.38,1030.00,4000.00
2391601445.00,20150304T000000,840000.00,3.00,3.00,3570.00,6250.00,2.00,0.00,2.00,3.00,10.00,2710.00,860.00,1985.00,0.00,98116.00,47.56,-122.40,2550.00,7596.00
7625701175.00,20141103T000000,465000.00,4.00,2.00,2000.00,6250.00,1.50,0.00,0.00,3.00,7.00,1480.00,520.00,1930.00,0.00,98136.00,47.55,-122.39,1110.00,6250.00
1843130360.00,20150507T000000,295000.00,3.00,2.50,2030.00,4867.00,2.00,0.00,0.00,3.00,7.00,2030.00,0.00,2003.00,0.00,98042.00,47.37,-122.13,2030.00,5000.00
6150700264.00,20150224T000000,396000.00,3.00,1.00,1390.00,6160.00,1.00,0.00,0.00,4.00,7.00,1390.00,0.00,1949.00,0.00,98133.00,47.73,-122.34,1230.00,6160.00
3226049080.00,20150224T000000,397000.00,2.00,1.00,1030.00,12350.00,1.50,0.00,0.00,3.00,7.00,1030.00,0.00,1942.00,0.00,98115.00,47.70,-122.32,1790.00,6900.00
7889602020.00,20140819T000000,240000.00,3.00,1.00,1280.00,9000.00,1.50,0.00,0.00,4.00,6.00,1280.00,0.00,1954.00,0.00,98146.00,47.49,-122.34,1430.00,4500.00
3613600150.00,20150105T000000,300523.00,3.00,2.50,2370.00,6840.00,2.00,0.00,0.00,3.00,9.00,2370.00,0.00,1987.00,0.00,98119.00,47.65,-122.37,1590.00,4400.00
3599600276.00,20141106T000000,215500.00,3.00,2.00,1380.00,9000.00,2.00,0.00,0.00,2.00,7.00,1380.00,0.00,1946.00,1982.00,98001.00,47.26,-122.25,1460.00,9732.00
2193320210.00,20140805T000000,552500.00,5.00,3.00,2320.00,7229.00,1.00,0.00,0.00,4.00,8.00,1370.00,950.00,1986.00,0.00,98052.00,47.70,-122.10,2090.00,7554.00
9117100040.00,20140828T000000,375000.00,5.00,1.50,2050.00,9360.00,1.00,0.00,0.00,3.00,7.00,1520.00,530.00,1968.00,0.00,98055.00,47.44,-122.20,1840.00,9383.00
522039106.00,20140606T000000,160000.00,3.00,1.00,1210.00,103237.00,1.00,0.00,0.00,2.00,6.00,1210.00,0.00,1918.00,1960.00,98070.00,47.42,-122.45,1880.00,40510.00
2424059018.00,20140612T000000,1070000.00,4.00,2.50,3270.00,35445.00,2.00,0.00,0.00,3.00,11.00,3270.00,0.00,1989.00,0.00,98006.00,47.55,-122.12,4180.00,32130.00
1959700540.00,20141104T000000,952000.00,3.00,2.50,2450.00,4400.00,2.00,0.00,0.00,4.00,9.00,1800.00,650.00,1922.00,0.00,98102.00,47.64,-122.32,2220.00,5500.00
2767900355.00,20140627T000000,523460.00,5.00,1.75,1890.00,5000.00,1.50,0.00,0.00,3.00,7.00,1090.00,800.00,1906.00,0.00,98107.00,47.67,-122.37,1610.00,5000.00
1310820150.00,20140812T000000,305950.00,4.00,2.50,2007.00,4968.00,2.00,0.00,0.00,3.00,9.00,2007.00,0.00,2009.00,0.00,98092.00,47.33,-122.19,2189.00,5852.00
6802200230.00,20150209T000000,220000.00,3.00,2.50,1430.00,9044.00,2.00,0.00,0.00,3.00,7.00,1430.00,0.00,1991.00,0.00,98022.00,47.20,-121.99,1580.00,8624.00
3421049044.00,20150409T000000,289000.00,2.00,1.75,2056.00,52333.00,1.00,0.00,0.00,4.00,7.00,1048.00,1008.00,1980.00,0.00,98001.00,47.26,-122.29,2220.00,6458.00
4036400040.00,20150209T000000,648000.00,5.00,2.50,2210.00,10772.00,1.00,0.00,2.00,3.00,9.00,1430.00,780.00,1964.00,0.00,98155.00,47.74,-122.29,2720.00,9858.00
1193000450.00,20150410T000000,825000.00,5.00,1.75,2330.00,6000.00,1.50,0.00,0.00,3.00,8.00,2080.00,250.00,1937.00,0.00,98199.00,47.65,-122.39,2150.00,6000.00
3819800580.00,20141204T000000,400000.00,4.00,2.00,2070.00,10800.00,2.00,0.00,0.00,3.00,7.00,2070.00,0.00,1982.00,0.00,98011.00,47.73,-122.24,1880.00,10800.00
6873000120.00,20140512T000000,420000.00,2.00,2.50,1480.00,1369.00,3.00,0.00,0.00,3.00,7.00,1480.00,0.00,2009.00,0.00,98052.00,47.68,-122.12,1390.00,1337.00
9830200230.00,20150120T000000,389000.00,2.00,1.75,1160.00,4848.00,2.00,0.00,1.00,4.00,7.00,1160.00,0.00,1949.00,0.00,98118.00,47.54,-122.27,1990.00,7440.00
2301400276.00,20140908T000000,865000.00,4.00,2.50,2520.00,4950.00,2.00,0.00,0.00,3.00,8.00,2520.00,0.00,1906.00,2002.00,98117.00,47.68,-122.36,1810.00,3500.00
5153200150.00,20141203T000000,345000.00,2.00,1.00,1770.00,16660.00,1.00,0.00,3.00,3.00,8.00,1220.00,550.00,1957.00,0.00,98023.00,47.33,-122.35,2790.00,20504.00
1465400120.00,20150326T000000,700000.00,3.00,2.50,3110.00,123710.00,2.00,0.00,0.00,3.00,8.00,2430.00,680.00,1995.00,0.00,98038.00,47.39,-122.00,2420.00,92782.00
8121200620.00,20150416T000000,550000.00,3.00,2.50,1680.00,10455.00,2.00,0.00,0.00,3.00,8.00,1680.00,0.00,1982.00,0.00,98052.00,47.72,-122.11,1860.00,10063.00
324000530.00,20140708T000000,201500.00,3.00,1.00,1320.00,5000.00,1.50,0.00,0.00,3.00,7.00,1320.00,0.00,1912.00,0.00,98116.00,47.57,-122.39,1320.00,4179.00
324000530.00,20150323T000000,459000.00,3.00,1.00,1320.00,5000.00,1.50,0.00,0.00,3.00,7.00,1320.00,0.00,1912.00,0.00,98116.00,47.57,-122.39,1320.00,4179.00
1328320760.00,20141218T000000,327000.00,3.00,2.50,1810.00,7350.00,1.00,0.00,0.00,3.00,8.00,1310.00,500.00,1984.00,0.00,98058.00,47.44,-122.13,2240.00,7350.00
3626039268.00,20140516T000000,540000.00,1.00,1.00,1140.00,6700.00,1.50,0.00,0.00,3.00,7.00,1140.00,0.00,1920.00,0.00,98103.00,47.70,-122.36,1350.00,6700.00
3585900665.00,20140606T000000,805000.00,5.00,2.50,4600.00,19831.00,1.00,0.00,3.00,3.00,9.00,2300.00,2300.00,1956.00,2015.00,98177.00,47.76,-122.38,2890.00,19831.00
7625701830.00,20141023T000000,521000.00,3.00,2.00,1840.00,6000.00,1.00,0.00,0.00,4.00,6.00,1840.00,0.00,1908.00,1944.00,98136.00,47.55,-122.39,2010.00,6000.00
3524049042.00,20140527T000000,375000.00,3.00,1.50,2000.00,7294.00,1.00,0.00,0.00,3.00,7.00,1520.00,480.00,1965.00,0.00,98118.00,47.53,-122.27,2000.00,6000.00
9211500150.00,20150117T000000,235000.00,3.00,1.75,1480.00,6592.00,1.00,0.00,0.00,4.00,7.00,1080.00,400.00,1978.00,0.00,98023.00,47.30,-122.38,1660.00,7150.00
7760400880.00,20140929T000000,240000.00,4.00,2.50,2040.00,11841.00,2.00,0.00,0.00,3.00,7.00,2040.00,0.00,1994.00,0.00,98042.00,47.37,-122.07,1730.00,8808.00
686450330.00,20140915T000000,575000.00,4.00,2.25,2060.00,12155.00,1.00,0.00,0.00,4.00,8.00,2060.00,0.00,1968.00,0.00,98008.00,47.64,-122.12,2360.00,8625.00
2617900035.00,20141201T000000,1520000.00,6.00,3.50,3720.00,11690.00,2.00,0.00,0.00,3.00,10.00,3720.00,0.00,2003.00,0.00,98040.00,47.57,-122.23,3030.00,11686.00
7936800150.00,20140702T000000,394500.00,4.00,2.50,3002.00,6042.00,2.00,0.00,0.00,3.00,8.00,3002.00,0.00,2004.00,0.00,98055.00,47.42,-122.19,2566.00,6390.00
8651441750.00,20140515T000000,174950.00,3.00,1.00,1060.00,5200.00,1.00,0.00,0.00,5.00,6.00,1060.00,0.00,1970.00,0.00,98042.00,47.36,-122.09,1380.00,5200.00
3664500133.00,20141117T000000,383000.00,4.00,2.00,1830.00,21183.00,1.00,0.00,0.00,4.00,7.00,1060.00,770.00,1966.00,0.00,98059.00,47.48,-122.13,1950.00,6120.00
1823069213.00,20140505T000000,249950.00,3.00,2.00,1550.00,15040.00,1.00,0.00,0.00,4.00,6.00,1550.00,0.00,1958.00,0.00,98059.00,47.49,-122.10,1510.00,41416.00
7525211520.00,20150318T000000,431000.00,3.00,2.50,1690.00,2752.00,2.00,0.00,0.00,3.00,8.00,1690.00,0.00,1979.00,0.00,98052.00,47.63,-122.11,1690.00,2855.00
4034900065.00,20140530T000000,459900.00,3.00,1.75,2580.00,11000.00,1.00,0.00,0.00,4.00,7.00,1290.00,1290.00,1951.00,0.00,98006.00,47.56,-122.18,2280.00,17643.00
2558690150.00,20140707T000000,475000.00,5.00,2.50,2510.00,8050.00,1.00,0.00,0.00,4.00,7.00,1490.00,1020.00,1977.00,0.00,98034.00,47.72,-122.17,1840.00,8471.00
5016001325.00,20140516T000000,605000.00,3.00,2.25,1290.00,2500.00,2.00,0.00,0.00,4.00,8.00,1290.00,0.00,1987.00,0.00,98112.00,47.62,-122.30,1700.00,3750.00
1311800220.00,20150218T000000,234950.00,4.00,2.00,1450.00,7560.00,1.00,0.00,0.00,3.00,7.00,1450.00,0.00,1967.00,0.00,98001.00,47.34,-122.28,1430.00,7560.00
4128000020.00,20140613T000000,419000.00,4.00,2.50,2690.00,7947.00,2.00,0.00,0.00,3.00,8.00,2690.00,0.00,1993.00,0.00,98058.00,47.42,-122.15,2160.00,8328.00
1125059071.00,20140522T000000,910000.00,4.00,3.25,3340.00,10890.00,1.50,0.00,0.00,3.00,9.00,2240.00,1100.00,1963.00,2000.00,98052.00,47.67,-122.14,2880.00,9794.00
3274850130.00,20141203T000000,392000.00,4.00,2.50,2600.00,8921.00,2.00,0.00,0.00,3.00,8.00,2600.00,0.00,1991.00,0.00,98058.00,47.44,-122.18,2550.00,8683.00
1925069099.00,20140825T000000,915000.00,3.00,2.50,3140.00,9808.00,2.00,0.00,0.00,3.00,9.00,2500.00,640.00,2001.00,0.00,98052.00,47.64,-122.10,2370.00,10014.00
3395050050.00,20141114T000000,630000.00,3.00,3.25,3800.00,13995.00,2.00,0.00,3.00,3.00,9.00,3800.00,0.00,1983.00,0.00,98011.00,47.77,-122.20,2480.00,8434.00
4058800500.00,20140710T000000,416100.00,4.00,1.75,2320.00,5490.00,1.00,0.00,3.00,3.00,8.00,1160.00,1160.00,1956.00,0.00,98178.00,47.51,-122.24,2240.00,7200.00
1311600020.00,20140821T000000,285000.00,4.00,2.50,2360.00,7350.00,1.00,0.00,0.00,4.00,7.00,1440.00,920.00,1965.00,0.00,98001.00,47.34,-122.28,1450.00,7305.00
8679400130.00,20150506T000000,353000.00,4.00,1.50,1100.00,9600.00,1.00,0.00,0.00,4.00,6.00,1100.00,0.00,1960.00,0.00,98033.00,47.70,-122.18,1100.00,9630.00
9485760050.00,20140826T000000,297950.00,3.00,2.00,1390.00,5127.00,1.00,0.00,0.00,3.00,8.00,1390.00,0.00,1990.00,0.00,98055.00,47.45,-122.21,1960.00,5019.00
4055700920.00,20141007T000000,750000.00,2.00,2.00,2180.00,21392.00,2.00,0.00,0.00,3.00,8.00,2180.00,0.00,1934.00,1979.00,98034.00,47.72,-122.25,2890.00,22000.00
8673400177.00,20150402T000000,525000.00,3.00,3.00,1730.00,1074.00,3.50,0.00,0.00,3.00,8.00,1730.00,0.00,2006.00,0.00,98107.00,47.67,-122.39,1370.00,1185.00
3500100089.00,20140715T000000,495000.00,5.00,1.75,2760.00,18112.00,1.00,0.00,0.00,3.00,8.00,1510.00,1250.00,1968.00,0.00,98155.00,47.74,-122.30,1720.00,8482.00
8730600050.00,20140825T000000,710000.00,3.00,1.75,2430.00,11448.00,1.00,0.00,1.00,5.00,7.00,1620.00,810.00,1949.00,0.00,98117.00,47.70,-122.39,2140.00,8144.00
3755100005.00,20140730T000000,310000.00,3.00,2.00,2010.00,12950.00,1.00,0.00,0.00,3.00,8.00,2010.00,0.00,1953.00,0.00,98034.00,47.72,-122.23,1490.00,10181.00
8651442880.00,20140516T000000,205000.00,5.00,1.75,1730.00,5200.00,1.00,0.00,0.00,4.00,7.00,1050.00,680.00,1978.00,0.00,98042.00,47.36,-122.09,1350.00,5200.00
1720069075.00,20150508T000000,530000.00,3.00,3.00,2450.00,211266.00,1.50,0.00,3.00,3.00,8.00,2450.00,0.00,2004.00,0.00,98022.00,47.22,-122.07,2300.00,263492.00
4309700190.00,20140724T000000,725000.00,4.00,2.50,3300.00,28433.00,2.00,0.00,0.00,3.00,9.00,3300.00,0.00,1998.00,0.00,98059.00,47.51,-122.11,3550.00,26386.00
3972300169.00,20141125T000000,195000.00,2.00,1.00,720.00,9520.00,1.00,0.00,0.00,4.00,6.00,720.00,0.00,1947.00,0.00,98155.00,47.77,-122.32,1450.00,8612.00
6817810190.00,20140701T000000,401000.00,3.00,2.00,1240.00,11172.00,1.00,0.00,0.00,3.00,7.00,1000.00,240.00,1984.00,0.00,98074.00,47.64,-122.04,1330.00,14102.00
7855400630.00,20140922T000000,1030000.00,5.00,2.50,3050.00,8200.00,1.00,0.00,4.00,4.00,8.00,1650.00,1400.00,1962.00,0.00,98006.00,47.56,-122.16,2970.00,8792.00
1163400020.00,20150403T000000,251000.00,3.00,1.50,1590.00,21600.00,1.50,0.00,0.00,4.00,7.00,1590.00,0.00,1971.00,0.00,98022.00,47.22,-121.97,1780.00,21600.00
7214400095.00,20141027T000000,667500.00,3.00,2.00,2040.00,4841.00,1.00,0.00,0.00,4.00,7.00,1020.00,1020.00,1949.00,0.00,98115.00,47.68,-122.30,1600.00,4841.00
6799300130.00,20140623T000000,300000.00,4.00,2.50,1840.00,5550.00,2.00,0.00,0.00,3.00,8.00,1840.00,0.00,2004.00,0.00,98031.00,47.39,-122.18,2030.00,5500.00
4376800010.00,20140814T000000,610000.00,4.00,2.25,1960.00,9021.00,2.00,0.00,0.00,4.00,8.00,1960.00,0.00,1973.00,0.00,98052.00,47.63,-122.10,1960.00,9975.00
2125059163.00,20140703T000000,1042030.00,4.00,5.00,4110.00,43560.00,2.00,0.00,0.00,4.00,11.00,4110.00,0.00,1978.00,0.00,98005.00,47.64,-122.18,3650.00,43995.00
1770000460.00,20141203T000000,430000.00,3.00,2.25,1830.00,19965.00,1.00,0.00,0.00,3.00,8.00,1400.00,430.00,1976.00,0.00,98072.00,47.74,-122.09,1830.00,17250.00
1125079088.00,20150402T000000,455000.00,2.00,1.00,1330.00,92782.00,1.00,0.00,0.00,2.00,6.00,1330.00,0.00,1950.00,0.00,98014.00,47.66,-121.87,1280.00,168141.00
1842300050.00,20140702T000000,600000.00,5.00,2.00,2190.00,9072.00,1.00,0.00,0.00,5.00,7.00,1110.00,1080.00,1965.00,0.00,98052.00,47.67,-122.15,1660.00,8327.00
9828702156.00,20150219T000000,638000.00,3.00,3.25,1720.00,1587.00,2.50,0.00,2.00,3.00,9.00,1410.00,310.00,2004.00,0.00,98122.00,47.62,-122.30,1490.00,1620.00
7625702155.00,20141014T000000,561000.00,3.00,1.75,1710.00,5000.00,1.00,0.00,0.00,4.00,7.00,1360.00,350.00,1918.00,0.00,98136.00,47.55,-122.39,1490.00,6250.00
585000095.00,20141216T000000,625000.00,3.00,2.50,2180.00,5000.00,1.00,0.00,0.00,4.00,8.00,1240.00,940.00,1977.00,0.00,98116.00,47.58,-122.40,2000.00,5000.00
3903200050.00,20150324T000000,263950.00,3.00,1.75,1700.00,11613.00,1.00,0.00,0.00,5.00,7.00,1180.00,520.00,1977.00,0.00,98092.00,47.29,-122.19,1500.00,12377.00
8563080020.00,20141028T000000,740000.00,3.00,2.50,2960.00,9350.00,2.00,0.00,2.00,4.00,9.00,2960.00,0.00,1978.00,0.00,98008.00,47.62,-122.09,2960.00,11745.00
5379805475.00,20140609T000000,234999.00,3.00,1.00,1330.00,8912.00,1.00,0.00,0.00,3.00,6.00,1330.00,0.00,1948.00,0.00,98188.00,47.45,-122.27,1200.00,8913.00
9558050780.00,20150414T000000,380000.00,4.00,2.50,1940.00,3200.00,2.00,0.00,0.00,3.00,8.00,1940.00,0.00,2004.00,0.00,98058.00,47.46,-122.12,1900.00,3200.00
3782400190.00,20140812T000000,329500.00,3.00,2.25,1500.00,9656.00,1.00,0.00,0.00,3.00,7.00,1170.00,330.00,1989.00,0.00,98019.00,47.73,-121.98,1690.00,9656.00
1423069063.00,20140711T000000,464950.00,4.00,2.50,2230.00,64438.00,1.00,0.00,0.00,4.00,7.00,1230.00,1000.00,1978.00,0.00,98027.00,47.48,-122.01,2230.00,71002.00
2926049504.00,20150402T000000,500000.00,3.00,2.25,1700.00,9008.00,1.00,0.00,0.00,3.00,8.00,1340.00,360.00,1985.00,0.00,98125.00,47.72,-122.32,2340.00,8003.00
126039252.00,20140709T000000,415000.00,4.00,1.50,1840.00,11367.00,1.50,0.00,0.00,4.00,7.00,1840.00,0.00,1950.00,0.00,98177.00,47.77,-122.36,1690.00,9800.00
2622029073.00,20140905T000000,437500.00,3.00,2.25,2100.00,205603.00,2.00,0.00,0.00,3.00,8.00,2100.00,0.00,1983.00,0.00,98070.00,47.37,-122.51,2396.00,187308.00
9187200345.00,20140709T000000,599000.00,7.00,2.50,2580.00,5750.00,1.00,0.00,0.00,4.00,7.00,1880.00,700.00,1901.00,0.00,98122.00,47.60,-122.29,2280.00,5750.00
2621760480.00,20141014T000000,367000.00,4.00,2.50,2350.00,8182.00,2.00,0.00,0.00,3.00,8.00,2350.00,0.00,1997.00,0.00,98042.00,47.37,-122.11,2330.00,7000.00
7986401205.00,20150425T000000,530000.00,2.00,1.00,760.00,3000.00,1.00,0.00,0.00,3.00,6.00,760.00,0.00,1922.00,0.00,98107.00,47.66,-122.36,1630.00,3600.00
4447300137.00,20140604T000000,989000.00,5.00,3.50,3280.00,4000.00,2.00,0.00,0.00,3.00,9.00,2440.00,840.00,2003.00,0.00,98117.00,47.69,-122.40,1980.00,4000.00
2147300050.00,20140822T000000,462600.00,3.00,2.00,1320.00,4000.00,1.00,0.00,0.00,4.00,6.00,1020.00,300.00,1940.00,0.00,98118.00,47.55,-122.26,2410.00,6212.00
4458300190.00,20150424T000000,875000.00,3.00,2.50,1690.00,10592.00,1.00,0.00,0.00,3.00,8.00,1690.00,0.00,1973.00,2009.00,98040.00,47.58,-122.23,2260.00,9945.00
3751606785.00,20140722T000000,335000.00,3.00,2.25,2060.00,47318.00,1.00,0.00,2.00,4.00,8.00,1600.00,460.00,1976.00,0.00,98001.00,47.28,-122.27,1870.00,19663.00
4287400005.00,20140731T000000,393000.00,4.00,2.00,1450.00,5456.00,1.00,0.00,0.00,5.00,7.00,1450.00,0.00,1951.00,0.00,98108.00,47.54,-122.30,980.00,6100.00
6613000715.00,20140721T000000,1340000.00,4.00,3.00,2760.00,4905.00,2.00,0.00,1.00,4.00,9.00,1840.00,920.00,1938.00,0.00,98105.00,47.66,-122.27,3200.00,5424.00
7702010050.00,20150323T000000,590000.00,3.00,2.50,2830.00,5788.00,2.00,0.00,0.00,3.00,9.00,2830.00,0.00,2001.00,0.00,98028.00,47.76,-122.24,2500.00,5802.00
2770602360.00,20150421T000000,671000.00,4.00,2.75,1890.00,1475.00,2.00,0.00,0.00,3.00,9.00,1200.00,690.00,2015.00,0.00,98199.00,47.65,-122.38,1650.00,1682.00
9551201155.00,20140728T000000,925000.00,3.00,3.25,2610.00,4500.00,1.50,0.00,0.00,4.00,9.00,1660.00,950.00,1909.00,0.00,98103.00,47.67,-122.34,2110.00,4500.00
1823049242.00,20141006T000000,245000.00,3.00,2.25,1900.00,7250.00,1.00,0.00,0.00,3.00,7.00,1250.00,650.00,1967.00,0.00,98146.00,47.49,-122.34,1560.00,9420.00
1513800170.00,20150402T000000,392500.00,3.00,1.00,930.00,6572.00,1.00,0.00,0.00,3.00,7.00,930.00,0.00,1952.00,0.00,98115.00,47.69,-122.30,960.00,5840.00
4027700396.00,20140828T000000,505000.00,4.00,2.00,2730.00,12000.00,1.00,0.00,0.00,4.00,8.00,1410.00,1320.00,1998.00,0.00,98155.00,47.77,-122.27,2730.00,9039.00
7203210170.00,20140819T000000,702000.00,4.00,2.50,2650.00,6240.00,2.00,0.00,0.00,3.00,8.00,2650.00,0.00,2013.00,0.00,98053.00,47.69,-122.02,2640.00,6524.00
3013300895.00,20140718T000000,337000.00,2.00,1.00,1010.00,4000.00,1.00,0.00,0.00,3.00,7.00,1010.00,0.00,1947.00,0.00,98136.00,47.53,-122.38,1480.00,4366.00
5608010050.00,20141229T000000,920000.00,4.00,2.50,3550.00,10233.00,2.00,0.00,0.00,3.00,9.00,3550.00,0.00,1996.00,0.00,98027.00,47.55,-122.10,3310.00,9157.00
6370000005.00,20140827T000000,495500.00,3.00,1.75,2130.00,6360.00,1.00,0.00,0.00,3.00,7.00,1720.00,410.00,1959.00,0.00,98125.00,47.71,-122.30,1540.00,6361.00
1922059102.00,20140924T000000,245000.00,2.00,1.75,1840.00,7230.00,1.00,0.00,0.00,3.00,7.00,1570.00,270.00,1938.00,0.00,98030.00,47.38,-122.23,1282.00,6769.00
6738700005.00,20140529T000000,395000.00,2.00,1.00,1320.00,1824.00,1.50,0.00,0.00,4.00,6.00,1320.00,0.00,1909.00,0.00,98144.00,47.59,-122.29,1320.00,4000.00
1138020020.00,20150217T000000,335000.00,3.00,1.00,990.00,6315.00,1.00,0.00,0.00,3.00,7.00,990.00,0.00,1970.00,0.00,98034.00,47.71,-122.21,1450.00,6702.00
5437820250.00,20141110T000000,187000.00,2.00,1.75,1020.00,10346.00,1.00,0.00,0.00,4.00,6.00,1020.00,0.00,1983.00,0.00,98022.00,47.20,-122.00,1160.00,8610.00
7923700020.00,20141121T000000,450000.00,4.00,2.00,1570.00,7320.00,1.00,0.00,0.00,4.00,7.00,1570.00,0.00,1960.00,0.00,98007.00,47.60,-122.14,1530.00,8800.00
293600080.00,20140617T000000,280000.00,4.00,2.25,1930.00,7207.00,1.00,0.00,0.00,4.00,7.00,1360.00,570.00,1988.00,0.00,98030.00,47.38,-122.18,1760.00,7207.00
3627800050.00,20140715T000000,1375000.00,5.00,4.00,3760.00,22763.00,1.00,0.00,3.00,4.00,11.00,1910.00,1850.00,1969.00,0.00,98040.00,47.53,-122.22,3730.00,11201.00
4047200950.00,20140609T000000,265000.00,2.00,1.00,1000.00,31505.00,1.00,0.00,0.00,3.00,6.00,1000.00,0.00,1960.00,0.00,98019.00,47.77,-121.90,1560.00,22597.00
5458800425.00,20150423T000000,795000.00,3.00,1.75,1930.00,9600.00,1.00,0.00,0.00,3.00,8.00,1930.00,0.00,1958.00,0.00,98040.00,47.57,-122.24,2350.00,9840.00
2887700826.00,20140529T000000,510000.00,3.00,1.50,2240.00,3800.00,2.00,0.00,0.00,3.00,8.00,1370.00,870.00,1929.00,0.00,98115.00,47.69,-122.31,1690.00,4275.00
7856700920.00,20140628T000000,699900.00,4.00,2.50,2190.00,11500.00,1.00,0.00,0.00,4.00,8.00,1430.00,760.00,1972.00,0.00,98006.00,47.57,-122.15,2580.00,9700.00
627300190.00,20140812T000000,839000.00,4.00,2.75,2400.00,12469.00,1.00,0.00,2.00,4.00,8.00,1760.00,640.00,1958.00,0.00,98008.00,47.59,-122.11,2400.00,10400.00
5634500182.00,20140715T000000,396000.00,4.00,1.75,1970.00,12409.00,1.00,0.00,0.00,4.00,7.00,1220.00,750.00,1968.00,0.00,98028.00,47.75,-122.24,1690.00,10720.00
2472950170.00,20150507T000000,365000.00,3.00,2.25,2860.00,8458.00,2.00,0.00,0.00,3.00,7.00,2860.00,0.00,1983.00,0.00,98058.00,47.43,-122.15,1760.00,8458.00
9557300190.00,20140711T000000,440000.00,3.00,2.25,1900.00,7225.00,1.00,0.00,0.00,3.00,8.00,1220.00,680.00,1970.00,0.00,98008.00,47.64,-122.11,1900.00,7399.00
2314300170.00,20141104T000000,405000.00,4.00,2.50,2090.00,6667.00,2.00,0.00,0.00,3.00,8.00,2090.00,0.00,1997.00,0.00,98058.00,47.46,-122.15,2250.00,6165.00
7547300050.00,20140515T000000,295000.00,3.00,1.50,850.00,2500.00,1.00,0.00,0.00,3.00,7.00,850.00,0.00,1986.00,0.00,98106.00,47.57,-122.36,850.00,5000.00
7985400089.00,20140515T000000,275000.00,4.00,2.50,1840.00,1562.00,2.00,0.00,0.00,3.00,7.00,1400.00,440.00,2004.00,0.00,98106.00,47.53,-122.36,1840.00,1766.00
322059049.00,20141003T000000,295000.00,2.00,1.00,820.00,288367.00,1.00,0.00,0.00,3.00,6.00,820.00,0.00,1930.00,1986.00,98042.00,47.42,-122.17,1580.00,8154.00
2344300170.00,20140815T000000,1500000.00,5.00,3.50,4370.00,12240.00,2.00,0.00,0.00,3.00,11.00,3270.00,1100.00,1990.00,0.00,98004.00,47.58,-122.20,2980.00,12800.00
11501330.00,20140902T000000,795000.00,3.00,3.50,3190.00,10223.00,2.00,0.00,0.00,3.00,10.00,2560.00,630.00,1994.00,0.00,98052.00,47.70,-122.10,3120.00,9735.00
7300200290.00,20140506T000000,650000.00,5.00,3.50,3480.00,36615.00,2.00,0.00,0.00,4.00,8.00,2490.00,990.00,1983.00,0.00,98075.00,47.57,-122.05,2540.00,35910.00
4331000595.00,20140910T000000,260000.00,3.00,1.00,1690.00,13184.00,1.00,0.00,0.00,4.00,7.00,1690.00,0.00,1959.00,0.00,98166.00,47.48,-122.34,1130.00,13451.00
7853340660.00,20140806T000000,382000.00,2.00,2.50,1650.00,2710.00,2.00,0.00,2.00,3.00,8.00,1650.00,0.00,2008.00,0.00,98065.00,47.52,-121.88,1760.00,2992.00
7525570020.00,20150421T000000,790100.00,4.00,2.50,2590.00,9341.00,2.00,0.00,0.00,3.00,8.00,2590.00,0.00,1985.00,0.00,98052.00,47.65,-122.11,2280.00,9510.00
6306100190.00,20140521T000000,220000.00,4.00,2.50,2160.00,8005.00,2.00,0.00,0.00,3.00,7.00,2160.00,0.00,1993.00,0.00,98001.00,47.27,-122.23,1790.00,8016.00
1424059142.00,20140605T000000,799000.00,4.00,3.50,3500.00,8547.00,2.00,0.00,0.00,3.00,9.00,2500.00,1000.00,1994.00,0.00,98006.00,47.56,-122.13,2350.00,10270.00
5700003810.00,20140723T000000,1480000.00,4.00,2.25,3920.00,7200.00,2.00,0.00,0.00,3.00,10.00,3120.00,800.00,1928.00,0.00,98144.00,47.57,-122.28,3400.00,7200.00
2595650170.00,20140609T000000,367300.00,4.00,2.75,2190.00,14937.00,2.00,0.00,0.00,3.00,8.00,2190.00,0.00,1993.00,0.00,98001.00,47.35,-122.27,1920.00,11360.00
9530100225.00,20150409T000000,805000.00,4.00,2.00,1890.00,4500.00,1.50,0.00,0.00,3.00,7.00,1490.00,400.00,1907.00,1993.00,98103.00,47.67,-122.36,1640.00,4010.00
3856901760.00,20141215T000000,730000.00,2.00,1.00,1860.00,3400.00,1.00,0.00,0.00,3.00,7.00,1010.00,850.00,1920.00,0.00,98105.00,47.67,-122.33,1540.00,3997.00
1387301350.00,20141123T000000,402000.00,3.00,2.00,1720.00,7704.00,1.00,0.00,0.00,4.00,7.00,1160.00,560.00,1969.00,0.00,98011.00,47.74,-122.20,1620.00,7600.00
7974200822.00,20140530T000000,750000.00,4.00,2.75,2600.00,4674.00,1.00,0.00,0.00,3.00,8.00,1560.00,1040.00,1976.00,0.00,98115.00,47.68,-122.29,2600.00,6099.00
8039900130.00,20140730T000000,458000.00,3.00,1.50,1570.00,12196.00,1.00,0.00,0.00,4.00,7.00,1570.00,0.00,1972.00,0.00,98045.00,47.49,-121.79,1740.00,12196.00
4139460290.00,20140828T000000,898000.00,3.00,2.50,3530.00,9753.00,2.00,0.00,0.00,3.00,10.00,3530.00,0.00,1997.00,0.00,98006.00,47.55,-122.10,3220.00,9234.00
8078520280.00,20150323T000000,308000.00,4.00,2.50,1960.00,5642.00,2.00,0.00,0.00,3.00,7.00,1960.00,0.00,1998.00,0.00,98092.00,47.32,-122.19,1870.00,5250.00
8691510290.00,20150506T000000,385000.00,3.00,2.50,2230.00,8296.00,2.00,0.00,0.00,3.00,7.00,2230.00,0.00,2004.00,0.00,98058.00,47.44,-122.12,2480.00,5940.00
4217400680.00,20141006T000000,1020000.00,4.00,3.00,2720.00,4800.00,1.50,0.00,0.00,5.00,8.00,1790.00,930.00,1928.00,0.00,98105.00,47.66,-122.28,2260.00,4800.00
1336800670.00,20141229T000000,1425000.00,5.00,3.00,2840.00,6240.00,2.00,0.00,0.00,5.00,9.00,2440.00,400.00,1905.00,0.00,98112.00,47.63,-122.31,2940.00,6000.00
1545801850.00,20140723T000000,240000.00,3.00,1.75,1260.00,7362.00,1.00,0.00,0.00,3.00,7.00,1260.00,0.00,1984.00,0.00,98038.00,47.36,-122.05,1530.00,7232.00
6386600170.00,20141001T000000,217000.00,3.00,1.50,1860.00,8505.00,1.00,0.00,0.00,4.00,7.00,1860.00,0.00,1967.00,0.00,98023.00,47.31,-122.37,1810.00,8262.00
1373800170.00,20140630T000000,972000.00,4.00,1.75,2010.00,6300.00,1.00,0.00,2.00,5.00,8.00,1610.00,400.00,1937.00,0.00,98199.00,47.65,-122.41,3290.00,6300.00
1394300005.00,20140507T000000,361280.00,2.00,1.00,820.00,6400.00,1.00,0.00,0.00,4.00,7.00,820.00,0.00,1944.00,0.00,98126.00,47.55,-122.38,1490.00,6400.00
7011201087.00,20140804T000000,385000.00,3.00,1.75,1220.00,1450.00,1.00,0.00,0.00,3.00,6.00,620.00,600.00,1905.00,0.00,98119.00,47.64,-122.37,1660.00,2960.00
1623069071.00,20141105T000000,475000.00,3.00,2.50,2220.00,60984.00,2.00,0.00,0.00,4.00,8.00,2220.00,0.00,1987.00,0.00,98027.00,47.48,-122.05,1930.00,55333.00
1982200480.00,20150402T000000,724950.00,4.00,2.50,2860.00,3638.00,1.50,0.00,2.00,5.00,7.00,1720.00,1140.00,1924.00,0.00,98107.00,47.66,-122.36,1760.00,3880.00
8089510170.00,20141027T000000,935000.00,5.00,4.50,4230.00,9701.00,2.00,0.00,0.00,3.00,10.00,4230.00,0.00,1999.00,0.00,98006.00,47.54,-122.13,4130.00,12253.00
5560000480.00,20140908T000000,169950.00,3.00,1.00,840.00,8470.00,1.00,0.00,0.00,4.00,6.00,840.00,0.00,1961.00,0.00,98023.00,47.33,-122.34,840.00,8450.00
6308000010.00,20141208T000000,585000.00,3.00,2.50,2290.00,5089.00,2.00,0.00,0.00,3.00,9.00,2290.00,0.00,2001.00,0.00,98006.00,47.54,-122.17,2290.00,7984.00
6308000010.00,20150423T000000,585000.00,3.00,2.50,2290.00,5089.00,2.00,0.00,0.00,3.00,9.00,2290.00,0.00,2001.00,0.00,98006.00,47.54,-122.17,2290.00,7984.00
4136960010.00,20150327T000000,480000.00,5.00,3.50,3480.00,12821.00,2.00,0.00,2.00,3.00,10.00,2890.00,590.00,2004.00,0.00,98092.00,47.26,-122.22,3400.00,9870.00
8665900168.00,20141105T000000,635000.00,4.00,2.50,4260.00,36360.00,1.50,0.00,0.00,4.00,8.00,4100.00,160.00,1935.00,0.00,98155.00,47.76,-122.30,2430.00,17888.00
8691510170.00,20150204T000000,368750.00,3.00,2.50,2230.00,5717.00,2.00,0.00,0.00,3.00,7.00,2230.00,0.00,2004.00,0.00,98058.00,47.44,-122.12,2230.00,5194.00
9187200095.00,20141202T000000,432500.00,6.00,2.00,3080.00,5500.00,2.00,0.00,0.00,1.00,7.00,3080.00,0.00,1900.00,0.00,98122.00,47.60,-122.30,1830.00,5000.00
4221260050.00,20140903T000000,589000.00,3.00,2.50,2250.00,4337.00,2.00,0.00,0.00,3.00,8.00,2250.00,0.00,2004.00,0.00,98075.00,47.59,-122.02,2250.00,4721.00
8562740480.00,20150414T000000,840000.00,4.00,3.25,3160.00,6327.00,2.00,0.00,0.00,3.00,9.00,2280.00,880.00,2004.00,0.00,98027.00,47.54,-122.07,3160.00,5946.00
6806100250.00,20150305T000000,316500.00,3.00,2.50,1770.00,3873.00,2.00,0.00,0.00,3.00,7.00,1770.00,0.00,2005.00,0.00,98058.00,47.46,-122.14,2280.00,4330.00
7853300280.00,20150213T000000,536000.00,4.00,2.50,2880.00,8833.00,2.00,0.00,0.00,3.00,7.00,2880.00,0.00,2006.00,0.00,98065.00,47.54,-121.89,2570.00,5234.00
6446200190.00,20150420T000000,563750.00,4.00,2.75,2690.00,25000.00,1.00,0.00,0.00,3.00,8.00,1750.00,940.00,1978.00,0.00,98029.00,47.55,-122.03,2640.00,28250.00
4222310010.00,20141226T000000,152500.00,4.00,1.00,1730.00,7350.00,1.50,0.00,0.00,4.00,6.00,1730.00,0.00,1970.00,0.00,98003.00,47.35,-122.31,1440.00,7752.00
4222310010.00,20150420T000000,267950.00,4.00,1.00,1730.00,7350.00,1.50,0.00,0.00,4.00,6.00,1730.00,0.00,1970.00,0.00,98003.00,47.35,-122.31,1440.00,7752.00
4054550010.00,20150413T000000,1640000.00,5.00,4.00,4780.00,118047.00,2.00,0.00,0.00,3.00,11.00,4780.00,0.00,1994.00,0.00,98077.00,47.72,-122.05,4040.00,31760.00
1440700190.00,20140623T000000,269950.00,4.00,2.50,2540.00,8400.00,2.00,0.00,0.00,5.00,7.00,2540.00,0.00,1977.00,0.00,98032.00,47.38,-122.28,1600.00,8050.00
5569620050.00,20140721T000000,731688.00,4.00,3.00,2630.00,5772.00,2.00,0.00,0.00,3.00,9.00,2630.00,0.00,2006.00,0.00,98052.00,47.70,-122.13,3460.00,6158.00
1840200080.00,20141203T000000,240000.00,3.00,1.50,1890.00,9000.00,1.00,0.00,0.00,3.00,7.00,1190.00,700.00,1959.00,0.00,98188.00,47.44,-122.27,2060.00,9000.00
9268200585.00,20140903T000000,555950.00,2.00,1.00,1220.00,5040.00,1.00,0.00,0.00,3.00,7.00,1220.00,0.00,1961.00,0.00,98117.00,47.70,-122.36,1420.00,5040.00
7454000585.00,20150427T000000,289000.00,2.00,1.00,710.00,6300.00,1.00,0.00,0.00,3.00,6.00,710.00,0.00,1942.00,0.00,98126.00,47.52,-122.37,740.00,6300.00
7504021310.00,20140506T000000,525000.00,3.00,2.50,2970.00,11985.00,1.00,0.00,0.00,3.00,9.00,1770.00,1200.00,1995.00,0.00,98074.00,47.64,-122.05,2990.00,12049.00
7504021310.00,20141204T000000,745000.00,3.00,2.50,2970.00,11985.00,1.00,0.00,0.00,3.00,9.00,1770.00,1200.00,1995.00,0.00,98074.00,47.64,-122.05,2990.00,12049.00
8024201795.00,20141117T000000,397000.00,2.00,1.00,1000.00,7664.00,1.00,0.00,2.00,3.00,7.00,1000.00,0.00,1939.00,0.00,98115.00,47.70,-122.31,1570.00,6350.00
8638500170.00,20150422T000000,233000.00,3.00,1.00,1980.00,8505.00,1.00,0.00,0.00,3.00,7.00,1030.00,950.00,1965.00,0.00,98106.00,47.54,-122.35,1830.00,8505.00
5437400630.00,20141016T000000,625000.00,4.00,2.25,1920.00,8259.00,2.00,0.00,0.00,4.00,8.00,1920.00,0.00,1979.00,0.00,98027.00,47.56,-122.09,2030.00,8910.00
9264000010.00,20140729T000000,535000.00,3.00,2.00,2740.00,23505.00,2.00,0.00,4.00,3.00,10.00,2740.00,0.00,1988.00,0.00,98001.00,47.32,-122.26,2800.00,16400.00
3832600080.00,20150504T000000,270000.00,3.00,2.25,1740.00,7345.00,1.00,0.00,0.00,3.00,7.00,1380.00,360.00,1973.00,0.00,98032.00,47.37,-122.29,1770.00,8250.00
9477001350.00,20140722T000000,360000.00,3.00,1.75,1300.00,7770.00,1.00,0.00,0.00,3.00,7.00,1300.00,0.00,1967.00,0.00,98034.00,47.73,-122.19,1520.00,7600.00
809001060.00,20140513T000000,1105000.00,4.00,1.50,2740.00,4000.00,2.00,0.00,0.00,5.00,9.00,1930.00,810.00,1905.00,0.00,98109.00,47.63,-122.35,1680.00,4000.00
2771604120.00,20141111T000000,970000.00,4.00,1.75,4060.00,4000.00,2.00,0.00,3.00,3.00,10.00,2890.00,1170.00,1953.00,1995.00,98199.00,47.64,-122.39,1860.00,4000.00
9541800190.00,20141010T000000,915000.00,5.00,2.50,3490.00,18850.00,1.00,0.00,4.00,4.00,9.00,1840.00,1650.00,1958.00,0.00,98005.00,47.60,-122.18,2690.00,11625.00
4038400130.00,20140711T000000,412000.00,4.00,1.75,1430.00,10500.00,1.00,0.00,0.00,4.00,7.00,1130.00,300.00,1960.00,0.00,98007.00,47.61,-122.13,2070.00,8640.00
1253200290.00,20150212T000000,265000.00,4.00,1.75,1860.00,9112.00,1.00,0.00,0.00,4.00,7.00,1110.00,750.00,1963.00,0.00,98032.00,47.38,-122.28,1570.00,9112.00
2558650130.00,20140916T000000,426000.00,4.00,2.25,2120.00,7700.00,1.00,0.00,0.00,4.00,7.00,1490.00,630.00,1976.00,0.00,98034.00,47.72,-122.17,1890.00,8203.00
8732190170.00,20141210T000000,266000.00,4.00,2.25,1860.00,12693.00,1.00,0.00,0.00,3.00,8.00,1140.00,720.00,1978.00,0.00,98023.00,47.31,-122.40,1950.00,8740.00
1703400585.00,20141215T000000,325000.00,3.00,2.00,2330.00,4950.00,1.50,0.00,0.00,3.00,6.00,1430.00,900.00,1900.00,0.00,98118.00,47.56,-122.29,1160.00,5115.00
1250202115.00,20150120T000000,615000.00,3.00,1.75,1670.00,5100.00,1.00,0.00,2.00,5.00,7.00,990.00,680.00,1954.00,0.00,98144.00,47.59,-122.29,2140.00,4452.00
9264911150.00,20150423T000000,310000.00,3.00,1.75,2130.00,7140.00,1.00,0.00,0.00,3.00,8.00,1580.00,550.00,1979.00,0.00,98023.00,47.31,-122.34,2180.00,7906.00
7696300080.00,20140914T000000,340000.00,4.00,1.75,1900.00,7313.00,1.00,0.00,0.00,3.00,7.00,1900.00,0.00,1973.00,0.00,98034.00,47.73,-122.23,1420.00,7384.00
1931300010.00,20150501T000000,562500.00,2.00,1.00,1170.00,2800.00,1.50,0.00,0.00,4.00,5.00,1170.00,0.00,1905.00,0.00,98103.00,47.66,-122.35,1660.00,4996.00
2771602425.00,20140721T000000,447000.00,2.00,1.00,980.00,1600.00,2.00,0.00,0.00,3.00,8.00,980.00,0.00,2010.00,0.00,98119.00,47.64,-122.38,1180.00,1600.00
2210500010.00,20140930T000000,2450000.00,7.00,4.25,4670.00,23115.00,2.00,0.00,2.00,3.00,11.00,4670.00,0.00,1992.00,0.00,98039.00,47.62,-122.23,3240.00,13912.00
1253200170.00,20140520T000000,250000.00,4.00,1.50,2500.00,6300.00,1.00,0.00,0.00,4.00,7.00,1500.00,1000.00,1961.00,0.00,98032.00,47.38,-122.28,1720.00,8925.00
6646200420.00,20150102T000000,633000.00,4.00,2.50,2020.00,8044.00,2.00,0.00,0.00,3.00,8.00,2020.00,0.00,1990.00,0.00,98074.00,47.62,-122.04,2320.00,7328.00
8822901024.00,20150423T000000,310000.00,3.00,2.00,1290.00,886.00,3.00,0.00,0.00,3.00,7.00,1290.00,0.00,2004.00,0.00,98125.00,47.72,-122.30,1270.00,1152.00
1323089056.00,20141110T000000,439000.00,2.00,1.75,1620.00,113862.00,1.50,0.00,0.00,3.00,7.00,1620.00,0.00,1995.00,0.00,98045.00,47.48,-121.72,1560.00,54806.00
3629950010.00,20140820T000000,470000.00,3.00,3.25,1710.00,2381.00,2.00,0.00,0.00,3.00,8.00,1360.00,350.00,2003.00,0.00,98029.00,47.55,-122.00,1420.00,1163.00
7889100020.00,20150414T000000,270000.00,3.00,2.50,1720.00,8550.00,1.00,0.00,0.00,4.00,7.00,1720.00,0.00,1968.00,0.00,98002.00,47.28,-122.21,1460.00,8550.00
7212680020.00,20141219T000000,299500.00,3.00,1.75,1820.00,8813.00,2.00,0.00,0.00,3.00,7.00,1820.00,0.00,1994.00,0.00,98003.00,47.26,-122.30,1780.00,7349.00
2222049108.00,20140918T000000,227000.00,3.00,1.00,1130.00,10018.00,1.00,0.00,0.00,4.00,6.00,1130.00,0.00,1954.00,0.00,98032.00,47.37,-122.28,1770.00,7700.00
7129303070.00,20140820T000000,735000.00,4.00,2.75,3040.00,2415.00,2.00,1.00,4.00,3.00,8.00,3040.00,0.00,1966.00,0.00,98118.00,47.52,-122.26,2620.00,2433.00
6744700424.00,20140626T000000,537000.00,3.00,3.00,2410.00,7479.00,2.00,0.00,2.00,3.00,7.00,2410.00,0.00,1942.00,1988.00,98155.00,47.74,-122.29,2610.00,7479.00
1727000680.00,20141209T000000,699000.00,4.00,2.50,2440.00,14470.00,1.00,0.00,0.00,4.00,9.00,1660.00,780.00,1970.00,0.00,98005.00,47.64,-122.17,2810.00,15564.00
3226049134.00,20140902T000000,330000.00,2.00,1.00,800.00,4533.00,1.00,0.00,0.00,3.00,6.00,600.00,200.00,1929.00,0.00,98115.00,47.70,-122.33,1720.00,6800.00
1760600009.00,20140829T000000,229000.00,3.00,1.00,1030.00,7800.00,1.00,0.00,0.00,3.00,7.00,1030.00,0.00,1954.00,0.00,98168.00,47.47,-122.32,1630.00,12664.00
3352400351.00,20141121T000000,200000.00,3.00,1.00,1480.00,5600.00,1.00,0.00,0.00,4.00,6.00,940.00,540.00,1947.00,0.00,98178.00,47.50,-122.27,1350.00,11100.00
8563000250.00,20140812T000000,522500.00,3.00,1.75,1710.00,9707.00,1.00,0.00,0.00,4.00,8.00,1710.00,0.00,1966.00,0.00,98008.00,47.62,-122.11,1820.00,8700.00
1370800680.00,20150324T000000,1295000.00,3.00,2.75,3450.00,5350.00,1.50,0.00,3.00,4.00,9.00,2590.00,860.00,1925.00,0.00,98199.00,47.64,-122.41,2910.00,5350.00
2726049034.00,20141110T000000,2000000.00,3.00,3.25,2610.00,16387.00,2.00,1.00,4.00,3.00,9.00,2610.00,0.00,2006.00,0.00,98125.00,47.72,-122.28,2590.00,12958.00
3623059027.00,20141022T000000,200000.00,2.00,0.75,780.00,55764.00,1.00,0.00,0.00,4.00,4.00,780.00,0.00,1945.00,0.00,98058.00,47.44,-122.11,1620.00,30847.00
3205500020.00,20150408T000000,352000.00,3.00,1.75,1260.00,7200.00,1.00,0.00,0.00,3.00,7.00,1260.00,0.00,1971.00,0.00,98034.00,47.72,-122.18,1460.00,7200.00
8924100305.00,20150325T000000,855000.00,4.00,3.00,2590.00,6250.00,2.00,0.00,2.00,3.00,9.00,2240.00,350.00,1964.00,0.00,98115.00,47.68,-122.27,2260.00,6780.00
7524300020.00,20140820T000000,267000.00,3.00,2.50,1580.00,12250.00,2.00,0.00,0.00,3.00,8.00,1580.00,0.00,1993.00,0.00,98198.00,47.38,-122.32,1560.00,9900.00
2436200715.00,20140506T000000,484000.00,2.00,1.75,1660.00,6000.00,1.00,0.00,0.00,3.00,7.00,1160.00,500.00,1942.00,0.00,98105.00,47.66,-122.29,1660.00,4000.00
5469501850.00,20140629T000000,402000.00,4.00,2.75,2950.00,15540.00,1.00,0.00,0.00,4.00,8.00,2120.00,830.00,1974.00,0.00,98042.00,47.38,-122.15,2840.00,17136.00
9187200275.00,20150420T000000,905000.00,4.00,2.25,2240.00,5000.00,2.00,0.00,0.00,3.00,8.00,1770.00,470.00,1900.00,2014.00,98122.00,47.60,-122.30,2120.00,5000.00
274000020.00,20140808T000000,274000.00,4.00,1.75,1940.00,7500.00,1.00,0.00,0.00,4.00,7.00,1720.00,220.00,1966.00,0.00,98030.00,47.37,-122.22,2000.00,9000.00
6151800225.00,20150409T000000,475000.00,3.00,1.75,1850.00,26445.00,1.00,0.00,0.00,4.00,7.00,1850.00,0.00,1962.00,1977.00,98010.00,47.34,-122.05,2110.00,23280.00
8924600020.00,20141114T000000,1535000.00,4.00,4.50,5770.00,10050.00,1.00,0.00,3.00,5.00,9.00,3160.00,2610.00,1949.00,0.00,98115.00,47.68,-122.28,2950.00,6700.00
4003000285.00,20140504T000000,628000.00,4.00,2.00,2280.00,6010.00,1.00,0.00,0.00,3.00,7.00,1140.00,1140.00,1900.00,0.00,98122.00,47.60,-122.29,2240.00,6200.00
290000095.00,20140617T000000,675000.00,6.00,1.75,2740.00,6360.00,1.00,0.00,3.00,3.00,8.00,1370.00,1370.00,1953.00,0.00,98146.00,47.51,-122.39,2150.00,6600.00
1565930130.00,20141104T000000,429900.00,4.00,3.25,3760.00,4675.00,2.00,0.00,0.00,3.00,8.00,2740.00,1020.00,2007.00,0.00,98038.00,47.39,-122.05,3280.00,4033.00
6123000225.00,20140625T000000,260000.00,3.00,1.50,1580.00,8184.00,1.00,0.00,0.00,3.00,7.00,1140.00,440.00,1954.00,0.00,98148.00,47.43,-122.33,1540.00,9476.00
4385700285.00,20140903T000000,690000.00,3.00,1.75,1600.00,4400.00,1.00,0.00,0.00,3.00,7.00,1030.00,570.00,1941.00,0.00,98112.00,47.63,-122.28,2150.00,4000.00
2469000010.00,20150323T000000,1081000.00,4.00,2.25,2100.00,12172.00,1.00,0.00,0.00,5.00,9.00,2100.00,0.00,1961.00,0.00,98040.00,47.55,-122.23,2400.00,10713.00
5205000020.00,20150409T000000,360000.00,4.00,2.50,2610.00,7333.00,2.00,0.00,0.00,3.00,8.00,2610.00,0.00,1988.00,0.00,98003.00,47.27,-122.29,2280.00,9033.00
461002890.00,20140619T000000,499000.00,3.00,1.75,1840.00,5000.00,1.00,0.00,0.00,4.00,7.00,920.00,920.00,1910.00,0.00,98117.00,47.68,-122.38,1220.00,5000.00
1823059030.00,20140818T000000,159000.00,3.00,1.00,1320.00,6534.00,1.00,0.00,0.00,3.00,7.00,1320.00,0.00,1952.00,0.00,98055.00,47.48,-122.22,2140.00,7405.00
8848400020.00,20150327T000000,430000.00,3.00,1.75,1540.00,8100.00,1.00,0.00,0.00,4.00,7.00,940.00,600.00,1947.00,0.00,98133.00,47.75,-122.35,1840.00,8100.00
4122500095.00,20150413T000000,1050000.00,5.00,2.75,2520.00,18625.00,1.00,0.00,0.00,3.00,8.00,1660.00,860.00,1959.00,0.00,98004.00,47.64,-122.21,3000.00,16624.00
2597300020.00,20141113T000000,725000.00,5.00,2.50,3780.00,20000.00,1.00,0.00,1.00,4.00,9.00,1890.00,1890.00,1978.00,0.00,98155.00,47.76,-122.27,2840.00,19908.00
2788400020.00,20140710T000000,150000.00,3.00,1.00,1200.00,9527.00,1.00,0.00,0.00,3.00,7.00,1200.00,0.00,1959.00,0.00,98168.00,47.51,-122.32,1510.00,9457.00
7856610130.00,20140721T000000,840000.00,4.00,2.25,2720.00,8712.00,2.00,0.00,0.00,4.00,9.00,2720.00,0.00,1976.00,0.00,98006.00,47.56,-122.15,2470.00,8714.00
3303860460.00,20150415T000000,499000.00,4.00,2.50,3100.00,5700.00,2.00,0.00,0.00,3.00,9.00,3100.00,0.00,2011.00,0.00,98038.00,47.37,-122.06,3060.00,6000.00
2112700920.00,20141014T000000,285000.00,3.00,1.75,1630.00,4000.00,1.00,0.00,0.00,3.00,7.00,1100.00,530.00,1968.00,0.00,98106.00,47.54,-122.35,1300.00,4000.00
6880210020.00,20150308T000000,340000.00,4.00,2.50,1910.00,7201.00,1.00,0.00,0.00,3.00,7.00,1210.00,700.00,1987.00,0.00,98198.00,47.39,-122.32,1690.00,7554.00
6139100101.00,20150505T000000,405100.00,4.00,2.00,1580.00,7300.00,1.00,0.00,0.00,4.00,7.00,1580.00,0.00,1955.00,0.00,98155.00,47.76,-122.33,1180.00,9450.00
7202330920.00,20140807T000000,464000.00,3.00,2.50,1690.00,4898.00,2.00,0.00,0.00,3.00,7.00,1690.00,0.00,2003.00,0.00,98053.00,47.68,-122.04,2220.00,4933.00
8146300020.00,20140529T000000,723000.00,4.00,2.25,1960.00,8680.00,1.00,0.00,0.00,4.00,8.00,1290.00,670.00,1959.00,0.00,98004.00,47.61,-122.19,2160.00,8680.00
7418000130.00,20141211T000000,430000.00,8.00,3.25,4300.00,10441.00,2.00,0.00,0.00,4.00,8.00,2800.00,1500.00,1979.00,0.00,98059.00,47.48,-122.13,1780.00,10457.00
9276200635.00,20150430T000000,645000.00,3.00,1.75,1840.00,4255.00,1.00,0.00,0.00,3.00,7.00,940.00,900.00,1907.00,2005.00,98116.00,47.58,-122.39,1600.00,4255.00
251610020.00,20150508T000000,1580000.00,4.00,2.75,3480.00,19991.00,2.00,0.00,2.00,4.00,10.00,2630.00,850.00,1979.00,0.00,98004.00,47.64,-122.21,3770.00,20271.00
8825900020.00,20140811T000000,925000.00,5.00,3.00,2710.00,4200.00,2.00,0.00,0.00,3.00,7.00,1890.00,820.00,1919.00,2014.00,98115.00,47.68,-122.31,2150.00,4200.00
3856903495.00,20140709T000000,759000.00,4.00,1.75,2100.00,4750.00,1.00,0.00,0.00,3.00,7.00,1340.00,760.00,1975.00,0.00,98103.00,47.67,-122.33,1700.00,4125.00
6382500020.00,20140805T000000,690000.00,4.00,2.00,1760.00,7800.00,1.00,0.00,0.00,3.00,8.00,1760.00,0.00,1954.00,0.00,98117.00,47.69,-122.38,1950.00,7800.00
522059352.00,20150326T000000,358800.00,4.00,2.50,2155.00,8140.00,2.00,0.00,0.00,3.00,8.00,2155.00,0.00,1996.00,0.00,98031.00,47.42,-122.20,2155.00,7245.00
1778500595.00,20150413T000000,683000.00,5.00,1.50,1720.00,4000.00,1.50,0.00,0.00,3.00,7.00,1520.00,200.00,1925.00,0.00,98112.00,47.62,-122.29,2280.00,4000.00
4083300595.00,20141208T000000,650000.00,3.00,1.00,1430.00,4240.00,1.50,0.00,0.00,3.00,7.00,1430.00,0.00,1924.00,0.00,98103.00,47.66,-122.34,1660.00,4240.00
2100200020.00,20141209T000000,288000.00,5.00,2.75,2790.00,4807.00,1.50,0.00,0.00,4.00,7.00,2140.00,650.00,1949.00,0.00,98002.00,47.31,-122.22,1056.00,4807.00
2597500840.00,20140707T000000,209950.00,3.00,1.50,1180.00,7300.00,1.00,0.00,0.00,4.00,7.00,1180.00,0.00,1968.00,0.00,98002.00,47.29,-122.20,2030.00,8424.00
7935000595.00,20141008T000000,939000.00,3.00,3.50,2450.00,9248.00,2.00,0.00,4.00,3.00,8.00,1960.00,490.00,1933.00,1993.00,98136.00,47.55,-122.40,2620.00,10207.00
7857003318.00,20140816T000000,320000.00,3.00,1.00,1330.00,5850.00,1.00,0.00,0.00,3.00,7.00,930.00,400.00,1954.00,0.00,98108.00,47.55,-122.30,1440.00,5850.00
9211520020.00,20140822T000000,283748.00,3.00,2.25,1940.00,9560.00,2.00,0.00,0.00,3.00,7.00,1940.00,0.00,1989.00,0.00,98023.00,47.30,-122.39,1800.00,9560.00
1460000080.00,20140731T000000,370000.00,3.00,2.25,1600.00,7620.00,1.00,0.00,0.00,3.00,7.00,1280.00,320.00,1987.00,0.00,98011.00,47.77,-122.21,1600.00,8215.00
3444120130.00,20150327T000000,399950.00,4.00,2.75,3210.00,41689.00,1.00,0.00,0.00,4.00,8.00,1610.00,1600.00,1989.00,0.00,98042.00,47.35,-122.06,2100.00,41384.00
908000010.00,20141212T000000,360000.00,5.00,2.50,2880.00,6902.00,1.00,0.00,0.00,3.00,8.00,1680.00,1200.00,1976.00,2007.00,98058.00,47.43,-122.14,2080.00,5586.00
3123800080.00,20141112T000000,365000.00,2.00,1.50,1160.00,8060.00,1.00,0.00,0.00,4.00,7.00,1160.00,0.00,1950.00,0.00,98136.00,47.51,-122.39,1500.00,8060.00
8641500345.00,20141219T000000,396900.00,3.00,2.00,1360.00,3120.00,2.00,0.00,0.00,3.00,7.00,1360.00,0.00,1989.00,0.00,98115.00,47.69,-122.31,1360.00,3120.00
3717000250.00,20150422T000000,321000.00,3.00,2.50,2014.00,4500.00,2.00,0.00,0.00,3.00,7.00,2014.00,0.00,2005.00,0.00,98001.00,47.34,-122.26,2014.00,4500.00
7697860130.00,20150106T000000,245000.00,3.00,2.00,1440.00,7008.00,1.00,0.00,0.00,3.00,7.00,1440.00,0.00,1985.00,0.00,98030.00,47.37,-122.18,1680.00,7200.00
9169100130.00,20141007T000000,502000.00,2.00,1.00,1570.00,4704.00,1.50,0.00,1.00,3.00,8.00,1570.00,0.00,1931.00,0.00,98136.00,47.53,-122.39,1820.00,4704.00
2944500470.00,20140605T000000,257000.00,4.00,2.75,2330.00,7642.00,1.00,0.00,0.00,3.00,8.00,1800.00,530.00,1990.00,0.00,98023.00,47.29,-122.37,2320.00,7933.00
7424110130.00,20140515T000000,423000.00,4.00,1.75,1880.00,7303.00,1.00,0.00,0.00,3.00,7.00,1010.00,870.00,1976.00,0.00,98034.00,47.71,-122.20,1710.00,7200.00
4037000635.00,20150327T000000,485000.00,4.00,2.25,1850.00,9911.00,1.00,0.00,0.00,4.00,7.00,1850.00,0.00,1957.00,0.00,98008.00,47.60,-122.12,1650.00,8670.00
2141500020.00,20141217T000000,500000.00,4.00,2.50,2230.00,8560.00,2.00,0.00,0.00,3.00,8.00,2230.00,0.00,2002.00,0.00,98059.00,47.49,-122.14,2400.00,7756.00
952000725.00,20141021T000000,442000.00,2.00,1.00,990.00,4313.00,1.50,0.00,2.00,4.00,6.00,990.00,0.00,1917.00,0.00,98126.00,47.57,-122.38,1480.00,5750.00
9550204620.00,20150512T000000,475000.00,3.00,1.75,1720.00,3825.00,1.50,0.00,0.00,3.00,7.00,1720.00,0.00,1925.00,0.00,98105.00,47.67,-122.33,2000.00,3825.00
6891800250.00,20150406T000000,625000.00,4.00,2.25,3230.00,9935.00,2.00,0.00,0.00,3.00,8.00,3230.00,0.00,1986.00,0.00,98028.00,47.77,-122.26,2820.00,9722.00
7812801850.00,20141015T000000,194000.00,3.00,1.00,1180.00,6050.00,1.00,0.00,0.00,3.00,6.00,820.00,360.00,1944.00,0.00,98178.00,47.49,-122.25,1070.00,6050.00
7504180170.00,20140707T000000,410000.00,3.00,2.25,1450.00,19206.00,2.00,0.00,0.00,3.00,7.00,1450.00,0.00,1989.00,0.00,98074.00,47.62,-122.05,1710.00,21485.00
686800080.00,20140612T000000,1034500.00,4.00,2.50,2370.00,10858.00,2.00,0.00,0.00,3.00,9.00,2370.00,0.00,2003.00,0.00,98004.00,47.63,-122.19,2510.00,21673.00
7853300290.00,20150324T000000,490000.00,4.00,2.50,2570.00,6157.00,2.00,0.00,0.00,3.00,7.00,2570.00,0.00,2006.00,0.00,98065.00,47.54,-121.89,2060.00,5292.00
7905380380.00,20141209T000000,348500.00,4.00,1.75,1870.00,7575.00,1.00,0.00,0.00,3.00,7.00,1480.00,390.00,1972.00,0.00,98034.00,47.72,-122.22,1670.00,7575.00
1972202320.00,20150427T000000,380000.00,3.00,1.00,1220.00,3000.00,1.50,0.00,0.00,3.00,6.00,1220.00,0.00,1901.00,0.00,98103.00,47.65,-122.35,1350.00,3000.00
1710400007.00,20141211T000000,660000.00,3.00,2.00,1770.00,2150.00,3.00,0.00,0.00,3.00,8.00,1770.00,0.00,1999.00,0.00,98122.00,47.61,-122.31,2010.00,3200.00
2985800225.00,20150401T000000,525000.00,3.00,1.00,1500.00,6800.00,1.00,0.00,0.00,3.00,7.00,1500.00,0.00,1943.00,0.00,98105.00,47.67,-122.27,1500.00,6800.00
1721059069.00,20140717T000000,235000.00,3.00,2.00,1110.00,8724.00,1.00,0.00,0.00,4.00,7.00,1110.00,0.00,1990.00,0.00,98002.00,47.31,-122.21,1390.00,7750.00
7852160170.00,20150422T000000,1210000.00,4.00,3.75,4980.00,18069.00,2.00,0.00,3.00,3.00,11.00,4980.00,0.00,2006.00,0.00,98065.00,47.53,-121.86,4080.00,14577.00
626049102.00,20150324T000000,397950.00,4.00,1.75,2360.00,8116.00,1.00,0.00,0.00,4.00,7.00,1180.00,1180.00,1916.00,1970.00,98133.00,47.76,-122.34,1670.00,8160.00
7349660050.00,20141118T000000,268000.00,3.00,1.75,1600.00,7711.00,1.00,0.00,0.00,3.00,7.00,1600.00,0.00,1999.00,0.00,98002.00,47.28,-122.20,2100.00,7711.00
1231000660.00,20140521T000000,525000.00,3.00,1.00,1450.00,4000.00,1.00,0.00,1.00,4.00,8.00,950.00,500.00,1948.00,0.00,98118.00,47.56,-122.27,1880.00,4000.00
9558900010.00,20141006T000000,549950.00,3.00,2.50,2680.00,5860.00,2.00,0.00,0.00,3.00,8.00,2680.00,0.00,2001.00,0.00,98011.00,47.76,-122.22,2680.00,5860.00
3897100170.00,20140827T000000,370000.00,3.00,1.75,1150.00,6600.00,1.50,0.00,0.00,4.00,6.00,1150.00,0.00,1970.00,0.00,98033.00,47.67,-122.19,1530.00,6600.00
1150700170.00,20140926T000000,299000.00,4.00,2.25,1870.00,6693.00,2.00,0.00,0.00,3.00,7.00,1870.00,0.00,1996.00,0.00,98003.00,47.28,-122.30,1650.00,6518.00
2769600305.00,20150115T000000,715000.00,6.00,2.75,3400.00,5000.00,2.00,0.00,2.00,3.00,8.00,2860.00,540.00,1977.00,0.00,98107.00,47.67,-122.36,1800.00,5000.00
3876001330.00,20150424T000000,430000.00,4.00,1.50,1810.00,7200.00,1.00,0.00,0.00,3.00,7.00,1810.00,0.00,1966.00,0.00,98034.00,47.72,-122.19,2060.00,7200.00
984220290.00,20150210T000000,345000.00,3.00,1.75,1860.00,7191.00,1.00,0.00,0.00,4.00,7.00,1260.00,600.00,1975.00,0.00,98058.00,47.43,-122.17,1850.00,7490.00
3616600250.00,20140527T000000,1600000.00,3.00,3.25,3790.00,19000.00,2.00,0.00,4.00,3.00,10.00,3790.00,0.00,1985.00,0.00,98177.00,47.72,-122.37,2740.00,18628.00
1529200480.00,20140518T000000,534640.00,3.00,2.50,2130.00,3500.00,1.00,0.00,0.00,4.00,8.00,1210.00,920.00,1994.00,0.00,98072.00,47.74,-122.16,2030.00,3710.00
2533300680.00,20141007T000000,1225000.00,3.00,2.50,2860.00,4500.00,2.00,0.00,2.00,3.00,8.00,1980.00,880.00,1915.00,0.00,98119.00,47.65,-122.37,2310.00,4500.00
6752600130.00,20150413T000000,351000.00,4.00,2.50,2370.00,7274.00,2.00,0.00,0.00,3.00,7.00,2370.00,0.00,1997.00,0.00,98031.00,47.40,-122.17,2090.00,7656.00
9332800020.00,20140715T000000,745000.00,4.00,2.25,2290.00,10409.00,2.00,0.00,0.00,3.00,8.00,2290.00,0.00,1972.00,0.00,98005.00,47.64,-122.17,2040.00,10409.00
1121000095.00,20141105T000000,320000.00,2.00,1.00,1120.00,5329.00,1.00,0.00,1.00,3.00,6.00,750.00,370.00,1929.00,0.00,98126.00,47.54,-122.38,1530.00,5330.00
6751500285.00,20140731T000000,555700.00,3.00,2.00,1810.00,12420.00,1.00,0.00,0.00,4.00,7.00,1810.00,0.00,1957.00,0.00,98008.00,47.59,-122.13,2230.00,12330.00
1310370020.00,20140708T000000,690000.00,4.00,2.50,3220.00,35400.00,2.00,0.00,0.00,3.00,9.00,3220.00,0.00,1991.00,0.00,98072.00,47.75,-122.11,3050.00,35252.00
4019300680.00,20141231T000000,449000.00,3.00,1.75,1660.00,9697.00,1.00,0.00,0.00,4.00,7.00,1660.00,0.00,1952.00,0.00,98155.00,47.76,-122.29,2060.00,20624.00
4408100095.00,20140502T000000,308500.00,2.00,1.00,850.00,6174.00,1.00,0.00,0.00,4.00,7.00,850.00,0.00,1950.00,0.00,98155.00,47.74,-122.33,1100.00,6174.00
8944460020.00,20150305T000000,340000.00,4.00,2.50,2665.00,5868.00,2.00,0.00,0.00,3.00,9.00,2665.00,0.00,2006.00,0.00,98030.00,47.38,-122.19,2665.00,6092.00
8824900020.00,20150327T000000,937750.00,4.00,2.75,2580.00,3560.00,1.50,0.00,0.00,5.00,7.00,1710.00,870.00,1917.00,0.00,98115.00,47.68,-122.30,1980.00,3800.00
7135520780.00,20140506T000000,725126.00,4.00,2.50,3200.00,12369.00,2.00,0.00,0.00,3.00,10.00,3200.00,0.00,1998.00,0.00,98059.00,47.53,-122.14,3770.00,12960.00
179001101.00,20150105T000000,135000.00,3.00,1.00,840.00,3000.00,1.00,0.00,0.00,3.00,5.00,840.00,0.00,1943.00,0.00,98178.00,47.49,-122.28,1010.00,6000.00
4177100005.00,20150403T000000,635000.00,4.00,2.50,2970.00,7961.00,1.00,0.00,0.00,3.00,8.00,2020.00,950.00,1969.00,0.00,98125.00,47.71,-122.29,1410.00,7959.00
910000104.00,20140806T000000,245500.00,2.00,1.00,790.00,7500.00,1.00,0.00,0.00,3.00,6.00,790.00,0.00,1950.00,0.00,98011.00,47.76,-122.20,1970.00,8970.00
3353400840.00,20141202T000000,230000.00,6.00,1.50,2140.00,36509.00,1.50,0.00,0.00,4.00,8.00,2140.00,0.00,1903.00,1979.00,98001.00,47.27,-122.25,1710.00,12000.00
8964800050.00,20150304T000000,1770000.00,3.00,2.50,2580.00,14603.00,1.00,0.00,2.00,4.00,9.00,2580.00,0.00,1951.00,0.00,98004.00,47.62,-122.21,2410.00,14347.00
726049217.00,20141110T000000,425000.00,5.00,2.50,2180.00,7875.00,1.00,0.00,0.00,4.00,7.00,1200.00,980.00,1955.00,0.00,98133.00,47.75,-122.34,1840.00,5105.00
2926049376.00,20150420T000000,220000.00,2.00,1.00,1060.00,10423.00,1.50,0.00,0.00,3.00,7.00,1060.00,0.00,1965.00,0.00,98125.00,47.71,-122.31,2240.00,10200.00
5589300715.00,20140829T000000,370000.00,3.00,2.00,1860.00,9100.00,1.50,0.00,0.00,3.00,8.00,1860.00,0.00,1939.00,2006.00,98155.00,47.75,-122.30,1620.00,9519.00
7229900285.00,20140917T000000,390000.00,3.00,2.00,1840.00,16815.00,1.00,0.00,0.00,5.00,7.00,960.00,880.00,1972.00,0.00,98059.00,47.48,-122.11,1810.00,16732.00
2722059215.00,20140603T000000,239000.00,3.00,1.75,1340.00,16480.00,1.00,0.00,0.00,4.00,7.00,1340.00,0.00,1968.00,0.00,98042.00,47.36,-122.16,1520.00,10451.00
2473372040.00,20150102T000000,345000.00,4.00,2.25,2320.00,7350.00,2.00,0.00,0.00,3.00,8.00,2320.00,0.00,1973.00,0.00,98058.00,47.45,-122.13,2170.00,7350.00
3546000630.00,20140826T000000,289000.00,3.00,2.50,2110.00,8304.00,1.00,0.00,0.00,4.00,7.00,2110.00,0.00,1985.00,0.00,98030.00,47.36,-122.17,1680.00,7508.00
7888400500.00,20150508T000000,285000.00,5.00,1.50,1840.00,8050.00,1.50,0.00,0.00,4.00,7.00,1840.00,0.00,1962.00,0.00,98198.00,47.37,-122.31,1690.00,8151.00
1823049182.00,20140915T000000,147400.00,3.00,2.00,1080.00,9225.00,1.00,0.00,0.00,2.00,7.00,1080.00,0.00,1955.00,0.00,98146.00,47.48,-122.35,1410.00,9840.00
8712100020.00,20150127T000000,600000.00,2.00,1.00,1290.00,4636.00,1.00,0.00,0.00,3.00,7.00,1290.00,0.00,1924.00,0.00,98112.00,47.64,-122.30,1940.00,4635.00
7961500010.00,20140806T000000,245000.00,3.00,2.25,2210.00,10794.00,1.00,0.00,0.00,3.00,7.00,1540.00,670.00,1967.00,0.00,98178.00,47.49,-122.22,2230.00,10753.00
7961500010.00,20150304T000000,520000.00,3.00,2.25,2210.00,10794.00,1.00,0.00,0.00,3.00,7.00,1540.00,670.00,1967.00,0.00,98178.00,47.49,-122.22,2230.00,10753.00
2424400130.00,20140518T000000,352500.00,3.00,2.25,1410.00,14110.00,1.00,0.00,2.00,3.00,7.00,1170.00,240.00,1987.00,0.00,98065.00,47.53,-121.76,1560.00,18336.00
9406510130.00,20150505T000000,448000.00,5.00,3.50,3740.00,24684.00,2.00,0.00,0.00,3.00,9.00,2760.00,980.00,1998.00,0.00,98038.00,47.38,-122.06,2880.00,26023.00
3832700250.00,20140929T000000,270000.00,4.00,2.75,2440.00,7150.00,1.00,0.00,0.00,3.00,7.00,1200.00,1240.00,1963.00,1985.00,98032.00,47.37,-122.28,1790.00,7150.00
809000525.00,20140826T000000,872500.00,3.00,2.50,2040.00,6000.00,1.00,0.00,0.00,3.00,8.00,1840.00,200.00,1951.00,0.00,98109.00,47.63,-122.35,1820.00,4920.00
1370800225.00,20150318T000000,2152500.00,4.00,3.25,3840.00,6214.00,1.50,0.00,3.00,4.00,10.00,2590.00,1250.00,1939.00,0.00,98199.00,47.64,-122.41,3280.00,5915.00
3388100020.00,20140812T000000,225000.00,3.00,1.50,1660.00,7221.00,1.00,0.00,0.00,3.00,7.00,980.00,680.00,1962.00,0.00,98168.00,47.50,-122.32,1770.00,8083.00
2770604615.00,20141121T000000,735000.00,4.00,2.00,1640.00,6000.00,1.50,0.00,0.00,4.00,9.00,1640.00,0.00,1911.00,0.00,98119.00,47.65,-122.38,1900.00,6000.00
3754700420.00,20150401T000000,375000.00,3.00,1.00,1310.00,8400.00,1.00,0.00,0.00,3.00,7.00,1310.00,0.00,1972.00,1989.00,98034.00,47.73,-122.20,1680.00,8000.00
6669020290.00,20141023T000000,169000.00,3.00,1.75,1720.00,9775.00,1.00,0.00,0.00,3.00,8.00,1720.00,0.00,1978.00,0.00,98032.00,47.37,-122.29,1970.00,8400.00
6669020290.00,20150304T000000,279950.00,3.00,1.75,1720.00,9775.00,1.00,0.00,0.00,3.00,8.00,1720.00,0.00,1978.00,0.00,98032.00,47.37,-122.29,1970.00,8400.00
5493110020.00,20150116T000000,1950000.00,4.00,2.75,4020.00,18745.00,2.00,0.00,4.00,4.00,10.00,2830.00,1190.00,1989.00,0.00,98004.00,47.60,-122.21,3150.00,20897.00
6064800470.00,20140805T000000,310000.00,3.00,2.25,1960.00,2345.00,2.00,0.00,0.00,3.00,7.00,1750.00,210.00,2003.00,0.00,98118.00,47.54,-122.29,1760.00,1958.00
9304400010.00,20140730T000000,975000.00,4.00,2.50,3240.00,35083.00,2.00,0.00,0.00,4.00,9.00,3240.00,0.00,1978.00,0.00,98005.00,47.63,-122.15,3340.00,24501.00
5566100170.00,20141029T000000,650000.00,10.00,2.00,3610.00,11914.00,2.00,0.00,0.00,4.00,7.00,3010.00,600.00,1958.00,0.00,98006.00,47.57,-122.18,2040.00,11914.00
3025049028.00,20141216T000000,930000.00,2.00,1.50,1800.00,4500.00,1.00,0.00,2.00,3.00,7.00,1000.00,800.00,1942.00,0.00,98109.00,47.63,-122.35,2270.00,3840.00
2848700095.00,20150402T000000,412000.00,4.00,1.50,1960.00,5000.00,1.00,0.00,0.00,3.00,7.00,980.00,980.00,1912.00,0.00,98106.00,47.57,-122.36,1300.00,5000.00
2172000894.00,20150417T000000,225000.00,3.00,1.00,1250.00,10200.00,1.00,0.00,0.00,3.00,6.00,1250.00,0.00,1965.00,0.00,98178.00,47.49,-122.26,1800.00,8283.00
3034200660.00,20140619T000000,507000.00,3.00,2.50,2120.00,7201.00,2.00,0.00,0.00,3.00,8.00,2120.00,0.00,2003.00,0.00,98133.00,47.72,-122.34,1930.00,7206.00
3304700130.00,20150128T000000,1755000.00,4.00,4.00,3860.00,67953.00,2.00,0.00,2.00,4.00,12.00,3860.00,0.00,1927.00,0.00,98177.00,47.75,-122.38,4410.00,128066.00
6661200080.00,20141117T000000,230000.00,3.00,2.50,1340.00,3011.00,2.00,0.00,0.00,3.00,7.00,1340.00,0.00,1995.00,0.00,98038.00,47.38,-122.04,1060.00,3232.00
8835800480.00,20150223T000000,316000.00,1.00,2.00,1780.00,188465.00,2.00,0.00,0.00,3.00,10.00,1780.00,0.00,2001.00,0.00,98045.00,47.45,-121.77,1780.00,21094.00
7853430660.00,20140910T000000,616200.00,5.00,3.25,3920.00,4832.00,2.00,0.00,0.00,3.00,9.00,3030.00,890.00,2014.00,0.00,98065.00,47.52,-121.89,2660.00,4832.00
7511200020.00,20140829T000000,509900.00,3.00,1.75,1690.00,53578.00,1.00,0.00,0.00,3.00,8.00,1690.00,0.00,1984.00,0.00,98053.00,47.65,-122.05,2290.00,52707.00
2597670080.00,20150316T000000,370000.00,4.00,2.50,2570.00,7753.00,2.00,0.00,0.00,3.00,8.00,2570.00,0.00,1987.00,0.00,98058.00,47.42,-122.16,2140.00,7615.00
2423010130.00,20150306T000000,619100.00,3.00,1.75,1870.00,7030.00,1.00,0.00,0.00,3.00,7.00,1870.00,0.00,1977.00,0.00,98033.00,47.70,-122.17,1820.00,7500.00
2927600415.00,20140821T000000,805000.00,3.00,2.25,2860.00,11250.00,1.00,0.00,1.00,5.00,8.00,2290.00,570.00,1956.00,0.00,98166.00,47.45,-122.37,2030.00,11250.00
2770604665.00,20150202T000000,612125.00,2.00,1.50,1670.00,6000.00,1.00,0.00,0.00,3.00,7.00,1090.00,580.00,1950.00,0.00,98119.00,47.65,-122.37,1670.00,6000.00
425049181.00,20140912T000000,350000.00,2.00,1.50,1070.00,937.00,3.00,0.00,0.00,3.00,8.00,1070.00,0.00,2003.00,0.00,98115.00,47.68,-122.30,1100.00,3200.00
3223059217.00,20141104T000000,225000.00,2.00,1.00,940.00,15000.00,1.00,0.00,0.00,3.00,7.00,940.00,0.00,1960.00,0.00,98055.00,47.43,-122.20,1450.00,15000.00
6669240130.00,20141022T000000,335000.00,3.00,2.50,2588.00,5701.00,2.00,0.00,0.00,3.00,8.00,2588.00,0.00,2008.00,0.00,98042.00,47.34,-122.15,2389.00,5702.00
3303960080.00,20150331T000000,972800.00,5.00,3.25,3500.00,10457.00,2.00,0.00,0.00,3.00,11.00,3500.00,0.00,2001.00,0.00,98059.00,47.52,-122.16,3500.00,11734.00
2413910190.00,20150202T000000,500000.00,3.00,1.75,1690.00,48096.00,1.00,0.00,0.00,3.00,7.00,1690.00,0.00,1973.00,0.00,98053.00,47.67,-122.06,2070.00,35160.00
9185700285.00,20141223T000000,2200000.00,4.00,3.75,3790.00,7200.00,2.00,0.00,0.00,3.00,10.00,2530.00,1260.00,1931.00,0.00,98112.00,47.63,-122.29,3250.00,7200.00
4040800050.00,20141119T000000,415000.00,3.00,1.50,1090.00,8400.00,1.00,0.00,0.00,4.00,7.00,1090.00,0.00,1966.00,0.00,98008.00,47.62,-122.12,1320.00,8400.00
3438500742.00,20140826T000000,399000.00,3.00,3.00,2240.00,10479.00,2.00,0.00,0.00,4.00,7.00,1710.00,530.00,1950.00,0.00,98106.00,47.55,-122.36,1530.00,5244.00
2326300010.00,20140520T000000,376000.00,2.00,1.00,1150.00,4000.00,1.00,0.00,0.00,3.00,7.00,1150.00,0.00,1947.00,0.00,98199.00,47.66,-122.39,1150.00,4288.00
4322200050.00,20141217T000000,340000.00,3.00,2.00,1870.00,3378.00,1.00,0.00,0.00,3.00,7.00,1120.00,750.00,1913.00,0.00,98136.00,47.54,-122.39,1870.00,1872.00
6403510130.00,20141114T000000,490000.00,5.00,2.75,2990.00,7200.00,2.00,0.00,0.00,3.00,8.00,2990.00,0.00,1997.00,0.00,98059.00,47.50,-122.16,2710.00,7620.00
4307340130.00,20140622T000000,374000.00,4.00,2.50,2580.00,6260.00,2.00,0.00,0.00,3.00,7.00,2580.00,0.00,2004.00,0.00,98056.00,47.49,-122.19,2160.00,3600.00
7237600130.00,20150326T000000,852000.00,4.00,1.00,2220.00,3588.00,1.50,0.00,0.00,4.00,7.00,1470.00,750.00,1927.00,0.00,98115.00,47.69,-122.31,1740.00,3588.00
5706300020.00,20141125T000000,473000.00,3.00,2.25,1620.00,12309.00,2.00,0.00,0.00,3.00,7.00,1620.00,0.00,1987.00,0.00,98074.00,47.62,-122.03,2030.00,13963.00
6446200050.00,20150504T000000,540000.00,3.00,1.75,2590.00,25992.00,1.00,0.00,0.00,3.00,8.00,1970.00,620.00,1968.00,0.00,98029.00,47.55,-122.03,2590.00,29250.00
7744500020.00,20140826T000000,431000.00,2.00,2.00,1390.00,12530.00,1.00,0.00,0.00,3.00,8.00,970.00,420.00,1959.00,0.00,98155.00,47.75,-122.29,1940.00,12530.00
3971700635.00,20150506T000000,435000.00,4.00,3.00,2270.00,7245.00,1.00,0.00,0.00,3.00,7.00,1410.00,860.00,1979.00,0.00,98155.00,47.77,-122.32,1740.00,7571.00
3625059109.00,20140508T000000,1051000.00,4.00,3.00,2920.00,33976.00,1.00,0.00,3.00,5.00,8.00,1460.00,1460.00,1964.00,0.00,98008.00,47.62,-122.10,2970.00,15210.00
6379500216.00,20140513T000000,450000.00,3.00,2.75,1250.00,892.00,2.00,0.00,0.00,3.00,8.00,1040.00,210.00,2010.00,0.00,98116.00,47.58,-122.39,1250.00,1296.00
1123049027.00,20150319T000000,157500.00,3.00,1.00,1100.00,27008.00,1.00,0.00,0.00,3.00,6.00,960.00,140.00,1935.00,0.00,98178.00,47.50,-122.25,1280.00,8890.00
1938400010.00,20141217T000000,244000.00,3.00,1.75,1500.00,7475.00,1.00,0.00,0.00,4.00,8.00,1500.00,0.00,1976.00,0.00,98023.00,47.32,-122.37,1940.00,7475.00
3204900010.00,20150211T000000,550000.00,3.00,2.50,2800.00,10603.00,2.00,0.00,0.00,3.00,9.00,2800.00,0.00,2001.00,0.00,98011.00,47.75,-122.20,2580.00,10603.00
6979900010.00,20140905T000000,975000.00,4.00,2.50,3420.00,183387.00,2.00,0.00,0.00,3.00,10.00,3420.00,0.00,2000.00,0.00,98053.00,47.63,-121.97,2260.00,34613.00
1422069069.00,20150205T000000,426500.00,4.00,2.75,2100.00,88426.00,1.00,0.00,0.00,3.00,6.00,2100.00,0.00,1990.00,0.00,98038.00,47.40,-122.01,2150.00,63162.00
9834200305.00,20140716T000000,350000.00,3.00,1.00,1790.00,3876.00,1.50,0.00,0.00,5.00,7.00,1090.00,700.00,1904.00,0.00,98144.00,47.58,-122.29,1360.00,4080.00
9834200305.00,20150210T000000,615000.00,3.00,1.00,1790.00,3876.00,1.50,0.00,0.00,5.00,7.00,1090.00,700.00,1904.00,0.00,98144.00,47.58,-122.29,1360.00,4080.00
3396820010.00,20150223T000000,542000.00,3.00,2.25,2220.00,12056.00,2.00,0.00,0.00,3.00,8.00,2220.00,0.00,1985.00,0.00,98052.00,47.71,-122.10,2320.00,12025.00
1929300415.00,20141119T000000,710000.00,4.00,1.75,2000.00,6000.00,1.00,0.00,3.00,5.00,7.00,1000.00,1000.00,1956.00,0.00,98109.00,47.64,-122.35,2610.00,4377.00
8001600130.00,20150501T000000,289950.00,3.00,2.50,1770.00,9450.00,1.00,0.00,0.00,3.00,8.00,1770.00,0.00,1988.00,0.00,98001.00,47.32,-122.27,2200.00,8582.00
3835500585.00,20141016T000000,1900000.00,4.00,2.75,4280.00,12668.00,2.00,0.00,0.00,3.00,9.00,3900.00,380.00,1947.00,2008.00,98004.00,47.62,-122.22,3590.00,12670.00
7518505910.00,20141119T000000,528000.00,2.00,1.00,1260.00,5100.00,1.50,0.00,0.00,4.00,7.00,1120.00,140.00,1925.00,0.00,98117.00,47.68,-122.38,1260.00,5100.00
7518505610.00,20150325T000000,471000.00,2.00,1.00,840.00,5100.00,1.00,0.00,0.00,4.00,7.00,840.00,0.00,1949.00,0.00,98117.00,47.68,-122.38,1550.00,5100.00
5412100920.00,20141203T000000,250000.00,4.00,2.75,1830.00,6643.00,2.00,0.00,0.00,3.00,8.00,1830.00,0.00,2001.00,0.00,98001.00,47.26,-122.29,2400.00,6472.00
2329700440.00,20141027T000000,155000.00,3.00,1.50,970.00,8400.00,1.00,0.00,0.00,3.00,7.00,970.00,0.00,1966.00,0.00,98003.00,47.33,-122.33,1230.00,8400.00
923000413.00,20140818T000000,515000.00,4.00,1.50,1740.00,8160.00,1.50,0.00,0.00,4.00,7.00,1400.00,340.00,1946.00,0.00,98177.00,47.72,-122.36,1600.00,8160.00
9406521150.00,20150305T000000,336600.00,3.00,2.25,1654.00,8464.00,2.00,0.00,0.00,3.00,7.00,1654.00,0.00,1995.00,0.00,98038.00,47.36,-122.03,1975.00,8515.00
810000080.00,20150310T000000,915000.00,3.00,2.25,2390.00,2750.00,2.00,0.00,0.00,5.00,8.00,1580.00,810.00,1925.00,0.00,98109.00,47.63,-122.35,2200.00,5160.00
3762900130.00,20140715T000000,350000.00,2.00,1.75,1080.00,7242.00,2.00,0.00,0.00,4.00,7.00,1080.00,0.00,1984.00,0.00,98034.00,47.71,-122.24,1800.00,7321.00
1651800010.00,20140702T000000,1300000.00,4.00,1.75,2610.00,21600.00,1.00,0.00,0.00,4.00,8.00,2610.00,0.00,1966.00,0.00,98004.00,47.62,-122.23,2920.00,20330.00
3876500290.00,20150305T000000,175000.00,3.00,1.00,1070.00,6164.00,1.00,0.00,0.00,3.00,7.00,1070.00,0.00,1967.00,0.00,98001.00,47.34,-122.29,1320.00,7920.00
4443800545.00,20150330T000000,545000.00,2.00,2.00,1430.00,3880.00,1.00,0.00,0.00,4.00,7.00,1430.00,0.00,1949.00,0.00,98117.00,47.68,-122.39,1430.00,3880.00
9218400050.00,20141227T000000,475000.00,4.00,3.00,2400.00,5400.00,2.00,0.00,2.00,4.00,7.00,1600.00,800.00,1965.00,0.00,98178.00,47.51,-122.26,2400.00,5400.00
1023059108.00,20150430T000000,390000.00,2.00,1.00,670.00,11505.00,1.00,0.00,0.00,3.00,5.00,670.00,0.00,2003.00,0.00,98059.00,47.50,-122.16,2180.00,11505.00
2787250190.00,20140717T000000,645000.00,4.00,2.50,2860.00,14000.00,2.00,0.00,0.00,3.00,8.00,2860.00,0.00,1995.00,0.00,98019.00,47.73,-121.97,2650.00,14564.00
4019301205.00,20141202T000000,410000.00,3.00,1.50,2270.00,8187.00,1.00,0.00,0.00,4.00,8.00,1420.00,850.00,1954.00,0.00,98155.00,47.76,-122.28,2020.00,14092.00
2607760190.00,20150331T000000,480000.00,4.00,2.50,2180.00,9861.00,2.00,0.00,2.00,3.00,8.00,2180.00,0.00,1997.00,0.00,98045.00,47.48,-121.80,2390.00,9761.00
1250203135.00,20140701T000000,725000.00,3.00,1.75,1860.00,6000.00,2.00,0.00,2.00,4.00,8.00,1860.00,0.00,1959.00,0.00,98144.00,47.60,-122.29,3030.00,7119.00
1424069069.00,20140522T000000,1150000.00,6.00,4.50,6040.00,219542.00,2.00,0.00,0.00,3.00,11.00,4100.00,1940.00,1996.00,0.00,98029.00,47.56,-122.00,2010.00,32362.00
7304301300.00,20140702T000000,300000.00,2.00,1.00,1010.00,11919.00,1.00,0.00,0.00,3.00,6.00,1010.00,0.00,1947.00,0.00,98155.00,47.75,-122.32,1220.00,11240.00
8835400290.00,20150309T000000,752000.00,4.00,2.50,2570.00,8178.00,1.00,0.00,2.00,3.00,8.00,1710.00,860.00,1961.00,0.00,98118.00,47.55,-122.26,2050.00,7500.00
3630030440.00,20140923T000000,585000.00,4.00,2.50,1950.00,3720.00,2.00,0.00,0.00,3.00,8.00,1950.00,0.00,2004.00,0.00,98029.00,47.55,-122.00,1720.00,3720.00
1088000050.00,20150213T000000,678700.00,3.00,1.75,1970.00,10548.00,1.00,0.00,0.00,4.00,8.00,1300.00,670.00,1973.00,0.00,98033.00,47.67,-122.18,2500.00,8548.00
7504010480.00,20150417T000000,603000.00,4.00,2.25,2110.00,11155.00,2.00,0.00,0.00,3.00,9.00,2110.00,0.00,1975.00,0.00,98074.00,47.64,-122.06,2660.00,11900.00
8644500010.00,20150320T000000,715000.00,3.00,1.75,1650.00,7276.00,1.50,0.00,4.00,4.00,7.00,1150.00,500.00,1928.00,0.00,98117.00,47.70,-122.40,2300.00,8088.00
1326059142.00,20141028T000000,1395000.00,4.00,3.00,3520.00,128502.00,2.00,0.00,2.00,4.00,10.00,3520.00,0.00,1981.00,0.00,98072.00,47.74,-122.12,3260.00,79714.00
3754501205.00,20150429T000000,1085000.00,3.00,2.50,2840.00,7500.00,2.00,0.00,3.00,3.00,11.00,2840.00,0.00,1997.00,0.00,98034.00,47.70,-122.22,2580.00,5918.00
7625701900.00,20150222T000000,467500.00,2.00,1.75,1490.00,4800.00,1.00,0.00,0.00,4.00,7.00,750.00,740.00,1918.00,0.00,98136.00,47.55,-122.39,1400.00,6000.00
1926049398.00,20141013T000000,359000.00,3.00,2.25,1650.00,7218.00,1.00,0.00,0.00,3.00,7.00,1230.00,420.00,1985.00,0.00,98133.00,47.72,-122.34,1690.00,7459.00
6372000190.00,20140826T000000,745000.00,4.00,2.00,1960.00,4520.00,1.00,0.00,0.00,3.00,8.00,960.00,1000.00,1922.00,2001.00,98116.00,47.58,-122.41,1680.00,4520.00
3622059088.00,20140513T000000,450000.00,3.00,2.25,2450.00,42180.00,1.00,0.00,0.00,4.00,7.00,2450.00,0.00,1978.00,2000.00,98042.00,47.35,-122.11,1440.00,42180.00
809003105.00,20150408T000000,935000.00,3.00,2.00,1720.00,2000.00,1.50,0.00,0.00,3.00,8.00,1060.00,660.00,1910.00,2000.00,98109.00,47.64,-122.35,1590.00,4000.00
8956000250.00,20140903T000000,615000.00,3.00,2.50,1980.00,3128.00,2.00,0.00,0.00,3.00,8.00,1890.00,90.00,2009.00,0.00,98027.00,47.55,-122.02,2160.00,2240.00
1241500351.00,20140929T000000,1031000.00,3.00,2.50,4110.00,35741.00,2.00,0.00,0.00,3.00,7.00,4110.00,0.00,1976.00,0.00,98033.00,47.66,-122.17,2710.00,8865.00
7457400250.00,20150106T000000,283500.00,4.00,2.50,1990.00,5577.00,2.00,0.00,0.00,3.00,7.00,1990.00,0.00,1999.00,0.00,98092.00,47.32,-122.19,2020.00,6400.00
6154900130.00,20141202T000000,340000.00,2.00,1.00,860.00,7102.00,1.00,0.00,0.00,3.00,6.00,860.00,0.00,1947.00,0.00,98177.00,47.70,-122.37,1450.00,7102.00
1853500130.00,20150225T000000,370000.00,4.00,2.50,2320.00,9264.00,2.00,0.00,0.00,3.00,8.00,2320.00,0.00,1994.00,0.00,98188.00,47.44,-122.27,2320.00,9129.00
1854750010.00,20140820T000000,1150000.00,3.00,2.50,4190.00,9624.00,2.00,0.00,0.00,3.00,10.00,4190.00,0.00,1999.00,0.00,98006.00,47.56,-122.13,3650.00,8321.00
9320500080.00,20140510T000000,265000.00,4.00,1.00,1940.00,9533.00,1.00,0.00,0.00,3.00,7.00,1080.00,860.00,1962.00,0.00,98031.00,47.41,-122.21,1940.00,8839.00
7228500415.00,20140826T000000,480000.00,4.00,2.25,2520.00,2370.00,2.00,0.00,0.00,3.00,8.00,1690.00,830.00,1908.00,0.00,98122.00,47.61,-122.30,1530.00,2370.00
3142600130.00,20140617T000000,667500.00,3.00,2.00,1880.00,3800.00,1.00,0.00,0.00,5.00,7.00,1030.00,850.00,1927.00,0.00,98115.00,47.68,-122.31,1700.00,3800.00
629000605.00,20150227T000000,1398000.00,3.00,2.50,2910.00,10044.00,2.00,0.00,0.00,4.00,10.00,2910.00,0.00,1989.00,0.00,98004.00,47.58,-122.20,2420.00,12287.00
5536100005.00,20140808T000000,2300000.00,7.00,4.75,5310.00,8816.00,2.00,0.00,0.00,3.00,10.00,3650.00,1660.00,2013.00,0.00,98004.00,47.62,-122.21,2920.00,10610.00
3990000050.00,20140616T000000,465000.00,3.00,2.25,2670.00,7500.00,1.00,0.00,0.00,4.00,7.00,1640.00,1030.00,1966.00,0.00,98166.00,47.46,-122.35,1970.00,9598.00
1320069249.00,20141020T000000,192500.00,1.00,1.00,470.00,63737.00,1.00,0.00,2.00,5.00,5.00,470.00,0.00,1924.00,0.00,98022.00,47.22,-121.98,1350.00,46762.00
9357000635.00,20150323T000000,345000.00,3.00,1.00,1060.00,5600.00,1.00,0.00,0.00,4.00,6.00,760.00,300.00,1943.00,0.00,98146.00,47.51,-122.38,1310.00,5600.00
2207200635.00,20140602T000000,439800.00,3.00,1.50,1120.00,6900.00,1.00,0.00,0.00,5.00,7.00,1120.00,0.00,1956.00,0.00,98007.00,47.60,-122.13,1300.00,7000.00
3798000130.00,20140725T000000,468000.00,4.00,1.75,2250.00,8580.00,1.00,0.00,0.00,4.00,7.00,1330.00,920.00,1958.00,0.00,98011.00,47.76,-122.20,2250.00,10032.00
2680700010.00,20140724T000000,775000.00,4.00,2.50,2070.00,8473.00,1.00,0.00,0.00,4.00,8.00,1250.00,820.00,1976.00,0.00,98033.00,47.66,-122.19,2070.00,9499.00
3066200440.00,20140608T000000,684680.00,4.00,2.25,2370.00,9360.00,2.00,0.00,0.00,4.00,8.00,2370.00,0.00,1979.00,0.00,98052.00,47.65,-122.12,2370.00,9720.00
3293400020.00,20150116T000000,910000.00,4.00,3.50,3570.00,27699.00,2.00,0.00,0.00,3.00,11.00,3570.00,0.00,1990.00,0.00,98052.00,47.72,-122.10,3800.00,35880.00
2425049063.00,20140911T000000,3640900.00,4.00,3.25,4830.00,22257.00,2.00,1.00,4.00,4.00,11.00,4830.00,0.00,1990.00,0.00,98039.00,47.64,-122.24,3820.00,25582.00
114101426.00,20140617T000000,375000.00,3.00,1.75,1160.00,22470.00,1.00,0.00,0.00,4.00,7.00,1160.00,0.00,1976.00,0.00,98028.00,47.76,-122.23,1940.00,15999.00
100500020.00,20140911T000000,250000.00,3.00,2.50,1610.00,6600.00,2.00,0.00,0.00,3.00,7.00,1610.00,0.00,1994.00,0.00,98003.00,47.28,-122.30,1660.00,7689.00
1732800780.00,20150212T000000,3065000.00,5.00,3.00,4150.00,7500.00,2.50,0.00,4.00,5.00,11.00,3510.00,640.00,1909.00,0.00,98119.00,47.63,-122.36,2250.00,4050.00
7955050250.00,20141125T000000,442500.00,4.00,2.25,1840.00,7575.00,1.00,0.00,0.00,4.00,7.00,1390.00,450.00,1973.00,0.00,98034.00,47.73,-122.20,1820.00,7500.00
3521059134.00,20140523T000000,900000.00,3.00,3.50,4080.00,217697.00,1.50,0.00,3.00,3.00,10.00,4080.00,0.00,2000.00,0.00,98092.00,47.26,-122.14,2710.00,217790.00
6908200006.00,20140919T000000,699000.00,3.00,2.00,1820.00,4080.00,2.00,0.00,2.00,3.00,8.00,1820.00,0.00,1937.00,1987.00,98107.00,47.67,-122.40,2160.00,5400.00
4012800010.00,20140506T000000,360000.00,4.00,2.00,2680.00,18768.00,1.00,0.00,0.00,5.00,8.00,2680.00,0.00,1965.00,0.00,98001.00,47.32,-122.28,1230.00,15750.00
629800660.00,20140909T000000,1675000.00,4.00,4.75,4790.00,25412.00,2.00,0.00,0.00,3.00,12.00,4790.00,0.00,1999.00,0.00,98074.00,47.60,-122.01,3830.00,16314.00
425059024.00,20150129T000000,675000.00,5.00,2.00,2420.00,21000.00,1.50,0.00,0.00,3.00,8.00,2420.00,0.00,1966.00,0.00,98033.00,47.68,-122.17,1940.00,8085.00
8911000425.00,20140918T000000,345000.00,2.00,1.00,1130.00,8081.00,1.00,0.00,0.00,4.00,7.00,1130.00,0.00,1921.00,0.00,98133.00,47.71,-122.36,1220.00,7800.00
3438502066.00,20150408T000000,229000.00,4.00,1.00,1320.00,5000.00,1.50,0.00,0.00,3.00,7.00,1320.00,0.00,1928.00,0.00,98106.00,47.55,-122.36,1640.00,5164.00
3022039069.00,20150326T000000,300000.00,3.00,1.00,1290.00,12415.00,1.50,0.00,0.00,3.00,6.00,1290.00,0.00,1908.00,0.00,98070.00,47.37,-122.46,1620.00,12415.00
1862400471.00,20140820T000000,392500.00,3.00,3.25,1600.00,1289.00,3.00,0.00,0.00,3.00,8.00,1600.00,0.00,1998.00,0.00,98117.00,47.70,-122.38,1600.00,1376.00
7518505851.00,20140616T000000,552000.00,3.00,1.00,1120.00,2300.00,1.00,0.00,0.00,4.00,7.00,820.00,300.00,1912.00,0.00,98117.00,47.68,-122.38,1430.00,5100.00
5101408678.00,20141120T000000,457000.00,2.00,1.75,2060.00,7192.00,1.00,0.00,0.00,3.00,7.00,1420.00,640.00,1940.00,0.00,98125.00,47.70,-122.32,1860.00,7140.00
3296900130.00,20141007T000000,518000.00,4.00,2.50,2830.00,13760.00,2.00,0.00,0.00,3.00,8.00,2830.00,0.00,1993.00,0.00,98019.00,47.73,-121.97,2350.00,14029.00
9513900050.00,20140812T000000,237000.00,3.00,2.00,1210.00,6634.00,1.00,0.00,0.00,4.00,7.00,1210.00,0.00,1985.00,0.00,98031.00,47.41,-122.19,1560.00,7200.00
2624089022.00,20150314T000000,399950.00,3.00,2.25,1560.00,11997.00,1.00,0.00,0.00,3.00,7.00,1260.00,300.00,1988.00,0.00,98065.00,47.54,-121.74,1820.00,36590.00
4024100670.00,20150506T000000,605000.00,3.00,2.25,2260.00,17114.00,2.00,0.00,0.00,3.00,7.00,2260.00,0.00,1990.00,0.00,98155.00,47.75,-122.30,2360.00,14893.00
1862910050.00,20140722T000000,295000.00,4.00,2.50,1850.00,8198.00,2.00,0.00,0.00,3.00,7.00,1850.00,0.00,1993.00,0.00,98031.00,47.41,-122.19,1850.00,7924.00
8651720420.00,20150428T000000,513000.00,4.00,2.50,1930.00,8040.00,1.00,0.00,0.00,3.00,7.00,1380.00,550.00,1978.00,0.00,98034.00,47.73,-122.22,2080.00,7200.00
2619920170.00,20141001T000000,772500.00,4.00,2.50,3230.00,4290.00,2.00,0.00,0.00,3.00,9.00,3230.00,0.00,2004.00,0.00,98033.00,47.69,-122.16,3220.00,5083.00
2619920170.00,20141219T000000,765000.00,4.00,2.50,3230.00,4290.00,2.00,0.00,0.00,3.00,9.00,3230.00,0.00,2004.00,0.00,98033.00,47.69,-122.16,3220.00,5083.00
225039069.00,20141010T000000,696950.00,4.00,2.75,2450.00,5376.00,1.50,0.00,0.00,4.00,7.00,1550.00,900.00,1920.00,0.00,98117.00,47.69,-122.40,1920.00,5264.00
3878900525.00,20150213T000000,329000.00,3.00,1.00,1200.00,5650.00,1.50,0.00,0.00,3.00,7.00,1200.00,0.00,1928.00,0.00,98178.00,47.51,-122.25,1610.00,5650.00
7137970130.00,20141218T000000,339999.00,3.00,2.50,2360.00,8093.00,2.00,0.00,0.00,3.00,8.00,2360.00,0.00,1995.00,0.00,98092.00,47.33,-122.17,1860.00,6762.00
6632300122.00,20140714T000000,364500.00,3.00,1.00,1060.00,9506.00,1.00,0.00,0.00,3.00,7.00,1060.00,0.00,1959.00,0.00,98125.00,47.73,-122.31,1520.00,8469.00
2770602135.00,20140514T000000,607500.00,5.00,1.75,2220.00,6000.00,1.50,0.00,0.00,3.00,7.00,1420.00,800.00,1923.00,0.00,98199.00,47.65,-122.38,1550.00,1715.00
3584800010.00,20150408T000000,550000.00,3.00,1.00,880.00,6664.00,1.00,0.00,0.00,3.00,6.00,880.00,0.00,1961.00,0.00,98033.00,47.69,-122.20,1690.00,6564.00
8950500250.00,20150421T000000,479900.00,4.00,2.00,2510.00,9750.00,1.00,0.00,0.00,3.00,8.00,1630.00,880.00,1960.00,0.00,98028.00,47.74,-122.23,1980.00,9750.00
7011201306.00,20150212T000000,1120280.00,4.00,4.00,2530.00,1774.00,3.00,0.00,2.00,3.00,9.00,2100.00,430.00,2013.00,0.00,98119.00,47.64,-122.37,2160.00,2400.00
4438400020.00,20140512T000000,192000.00,2.00,1.00,700.00,10540.00,1.00,0.00,0.00,3.00,6.00,700.00,0.00,1953.00,0.00,98166.00,47.44,-122.34,890.00,10540.00
8651440250.00,20150413T000000,250000.00,3.00,2.00,1500.00,5200.00,1.00,0.00,0.00,3.00,7.00,1060.00,440.00,1977.00,0.00,98042.00,47.37,-122.09,1640.00,5200.00
203900920.00,20140715T000000,340000.00,3.00,2.00,1130.00,9879.00,2.00,0.00,0.00,3.00,6.00,1130.00,0.00,1996.00,0.00,98053.00,47.64,-121.96,1900.00,14907.00
2458400345.00,20141028T000000,340000.00,3.00,2.00,1420.00,6060.00,1.00,0.00,0.00,5.00,7.00,830.00,590.00,1942.00,0.00,98146.00,47.51,-122.37,1420.00,6360.00
6664000130.00,20141013T000000,635250.00,3.00,2.25,2210.00,22040.00,1.00,0.00,0.00,5.00,8.00,1510.00,700.00,1976.00,0.00,98004.00,47.59,-122.19,2470.00,14258.00
2685600005.00,20150407T000000,324800.00,2.00,1.00,1170.00,5043.00,1.00,0.00,0.00,3.00,6.00,880.00,290.00,1949.00,0.00,98108.00,47.55,-122.30,1430.00,5692.00
40000362.00,20140506T000000,78000.00,2.00,1.00,780.00,16344.00,1.00,0.00,0.00,1.00,5.00,780.00,0.00,1942.00,0.00,98168.00,47.47,-122.28,1700.00,10387.00
3582700130.00,20150409T000000,400000.00,4.00,1.75,1770.00,12875.00,1.00,0.00,0.00,3.00,8.00,1770.00,0.00,1988.00,0.00,98028.00,47.74,-122.25,2150.00,12875.00
3013300980.00,20150506T000000,640500.00,3.00,1.00,1070.00,4505.00,1.00,0.00,2.00,4.00,7.00,1070.00,0.00,1919.00,0.00,98136.00,47.53,-122.38,1380.00,4505.00
2597000130.00,20150430T000000,570000.00,3.00,2.00,1930.00,10929.00,1.00,0.00,0.00,3.00,8.00,1260.00,670.00,1964.00,0.00,98155.00,47.77,-122.27,2030.00,8750.00
6169900545.00,20140625T000000,1330000.00,3.00,1.50,1940.00,2885.00,1.50,0.00,2.00,3.00,8.00,1940.00,0.00,1900.00,0.00,98119.00,47.63,-122.37,2550.00,3600.00
1328340630.00,20150403T000000,330490.00,3.00,2.75,1440.00,7350.00,1.00,0.00,0.00,4.00,7.00,1040.00,400.00,1980.00,0.00,98058.00,47.44,-122.14,1510.00,7350.00
705730280.00,20140819T000000,325000.00,3.00,2.50,1740.00,5267.00,2.00,0.00,0.00,3.00,7.00,1740.00,0.00,1999.00,0.00,98038.00,47.38,-122.02,2180.00,5000.00
705730280.00,20150421T000000,335000.00,3.00,2.50,1740.00,5267.00,2.00,0.00,0.00,3.00,7.00,1740.00,0.00,1999.00,0.00,98038.00,47.38,-122.02,2180.00,5000.00
5379805910.00,20141113T000000,314000.00,5.00,2.75,2210.00,13500.00,1.00,0.00,0.00,5.00,7.00,1460.00,750.00,1963.00,0.00,98188.00,47.45,-122.28,1590.00,10850.00
2887700091.00,20140923T000000,625000.00,4.00,2.00,2190.00,3622.00,1.50,0.00,0.00,5.00,8.00,1990.00,200.00,1925.00,0.00,98115.00,47.69,-122.31,1450.00,3082.00
7732410420.00,20140617T000000,809000.00,3.00,2.50,2590.00,7720.00,2.00,0.00,0.00,3.00,9.00,2590.00,0.00,1988.00,0.00,98007.00,47.66,-122.15,2600.00,9490.00
7806500290.00,20140818T000000,535000.00,3.00,2.50,2790.00,19485.00,2.00,0.00,0.00,3.00,9.00,2790.00,0.00,1990.00,0.00,98059.00,47.47,-122.12,2580.00,17859.00
1565600130.00,20140821T000000,275000.00,5.00,1.75,2180.00,9178.00,1.00,0.00,0.00,3.00,7.00,1140.00,1040.00,1963.00,0.00,98188.00,47.44,-122.28,2140.00,9261.00
2473100280.00,20150417T000000,358000.00,4.00,2.75,2580.00,11900.00,1.00,0.00,0.00,4.00,7.00,1620.00,960.00,1967.00,0.00,98058.00,47.45,-122.16,1570.00,9375.00
3826000460.00,20150313T000000,297975.00,3.00,2.25,2820.00,8100.00,1.00,0.00,0.00,4.00,7.00,1720.00,1100.00,1947.00,0.00,98168.00,47.49,-122.30,1040.00,8100.00
1823069088.00,20150504T000000,492000.00,2.00,1.75,1300.00,22239.00,1.00,0.00,0.00,4.00,7.00,1300.00,0.00,1945.00,1986.00,98059.00,47.48,-122.09,1300.00,14810.00
1901600095.00,20140626T000000,210000.00,2.00,1.00,720.00,8040.00,1.00,0.00,0.00,3.00,6.00,720.00,0.00,1943.00,0.00,98166.00,47.47,-122.36,2300.00,9500.00
9285800020.00,20140827T000000,622500.00,3.00,2.50,2260.00,4550.00,1.50,0.00,0.00,4.00,7.00,1380.00,880.00,1928.00,0.00,98126.00,47.57,-122.38,1870.00,4582.00
3383900048.00,20141022T000000,550000.00,3.00,2.50,1550.00,1092.00,3.00,0.00,0.00,3.00,8.00,1390.00,160.00,2004.00,0.00,98102.00,47.64,-122.32,1550.00,1079.00
1423700680.00,20150226T000000,190000.00,3.00,1.75,1390.00,7700.00,1.00,0.00,0.00,5.00,7.00,1390.00,0.00,1965.00,0.00,98058.00,47.46,-122.18,1260.00,7700.00
9264930980.00,20140728T000000,340000.00,4.00,2.50,2380.00,9362.00,2.00,0.00,0.00,3.00,8.00,2380.00,0.00,2000.00,0.00,98023.00,47.31,-122.35,2190.00,9840.00
3825311190.00,20140725T000000,678000.00,3.00,2.50,2640.00,5964.00,2.00,0.00,0.00,3.00,9.00,2640.00,0.00,2003.00,0.00,98052.00,47.70,-122.13,2680.00,5211.00
9122500080.00,20150428T000000,275000.00,5.00,2.00,2260.00,11970.00,1.00,0.00,0.00,4.00,7.00,1250.00,1010.00,1962.00,0.00,98031.00,47.39,-122.22,1950.00,11970.00
1189000130.00,20140915T000000,493000.00,3.00,2.75,1720.00,6720.00,1.00,0.00,0.00,4.00,7.00,1270.00,450.00,1947.00,0.00,98122.00,47.61,-122.30,1690.00,3248.00
3347400525.00,20141216T000000,147000.00,3.00,1.00,1070.00,14000.00,1.00,0.00,0.00,3.00,7.00,1070.00,0.00,1960.00,0.00,98178.00,47.50,-122.28,920.00,12500.00
8091411100.00,20150204T000000,334000.00,3.00,2.25,2000.00,7225.00,2.00,0.00,0.00,4.00,7.00,2000.00,0.00,1985.00,0.00,98030.00,47.35,-122.17,1950.00,7464.00
4384000020.00,20140703T000000,605000.00,4.00,2.50,2800.00,10786.00,1.00,0.00,0.00,3.00,8.00,1420.00,1380.00,1970.00,0.00,98008.00,47.60,-122.12,2140.00,10788.00
321059132.00,20150427T000000,365000.00,3.00,1.75,1450.00,61419.00,1.00,0.00,0.00,4.00,8.00,1450.00,0.00,1976.00,0.00,98092.00,47.33,-122.16,2256.00,82328.00
1016000080.00,20141125T000000,345000.00,3.00,1.00,1620.00,10610.00,1.00,0.00,0.00,4.00,6.00,1620.00,0.00,1958.00,0.00,98059.00,47.47,-122.13,1680.00,10795.00
3585900305.00,20141030T000000,999000.00,3.00,2.50,2710.00,23292.00,1.00,0.00,4.00,3.00,9.00,2080.00,630.00,1956.00,0.00,98177.00,47.76,-122.37,2430.00,20000.00
2922701305.00,20150402T000000,470000.00,2.00,1.75,1520.00,4220.00,1.00,0.00,0.00,4.00,7.00,840.00,680.00,1910.00,0.00,98117.00,47.69,-122.37,1120.00,5700.00
8123500050.00,20140624T000000,599000.00,5.00,2.75,2730.00,22572.00,1.00,0.00,0.00,3.00,7.00,2080.00,650.00,1968.00,1992.00,98075.00,47.60,-122.04,2260.00,15458.00
5547500050.00,20140917T000000,255000.00,3.00,2.25,1740.00,10378.00,1.00,0.00,0.00,5.00,7.00,1740.00,0.00,1977.00,0.00,98042.00,47.38,-122.09,1420.00,10167.00
5469700020.00,20150206T000000,295000.00,4.00,1.75,1800.00,28650.00,1.00,0.00,0.00,4.00,7.00,1800.00,0.00,1975.00,0.00,98031.00,47.39,-122.17,1800.00,5234.00
9358400080.00,20140627T000000,550000.00,4.00,3.50,4150.00,16197.00,2.00,0.00,0.00,3.00,10.00,4150.00,0.00,2006.00,0.00,98003.00,47.34,-122.18,3618.00,15210.00
1257200050.00,20140731T000000,1305000.00,5.00,3.50,3270.00,4080.00,2.00,0.00,0.00,3.00,9.00,2180.00,1090.00,2011.00,0.00,98115.00,47.68,-122.33,1410.00,4080.00
1180005220.00,20150505T000000,225000.00,2.00,1.00,1070.00,6000.00,1.00,0.00,0.00,4.00,5.00,1070.00,0.00,1922.00,0.00,98178.00,47.50,-122.23,1910.00,6000.00
9536600010.00,20141223T000000,520000.00,4.00,0.75,1960.00,8277.00,1.00,1.00,4.00,4.00,7.00,1320.00,640.00,1923.00,1986.00,98198.00,47.36,-122.33,1940.00,8402.00
6140100022.00,20140826T000000,345000.00,3.00,3.25,1600.00,1882.00,2.00,0.00,0.00,3.00,8.00,1360.00,240.00,2000.00,0.00,98133.00,47.72,-122.36,1390.00,1379.00
6140100095.00,20140520T000000,475000.00,4.00,1.75,1650.00,7775.00,1.00,0.00,0.00,4.00,7.00,1150.00,500.00,1950.00,0.00,98133.00,47.72,-122.35,1390.00,7200.00
4037800020.00,20141008T000000,497500.00,5.00,1.50,2170.00,8610.00,1.00,0.00,0.00,4.00,7.00,1230.00,940.00,1959.00,0.00,98008.00,47.61,-122.13,1670.00,8610.00
322069180.00,20141120T000000,649500.00,3.00,3.00,3730.00,383328.00,1.50,0.00,0.00,4.00,9.00,2230.00,1500.00,1990.00,0.00,98038.00,47.43,-122.03,1940.00,217800.00
9348700020.00,20140825T000000,734500.00,4.00,2.75,3280.00,6845.00,2.00,0.00,0.00,3.00,10.00,3280.00,0.00,2003.00,0.00,98052.00,47.70,-122.11,3280.00,7467.00
7414200010.00,20141218T000000,276000.00,3.00,1.00,870.00,8040.00,1.00,0.00,0.00,3.00,7.00,870.00,0.00,1953.00,0.00,98177.00,47.70,-122.37,1440.00,8040.00
7849200635.00,20140630T000000,235000.00,2.00,1.00,900.00,28800.00,1.00,0.00,0.00,1.00,6.00,900.00,0.00,1928.00,0.00,98065.00,47.52,-121.82,1360.00,7200.00
1524800005.00,20140812T000000,325000.00,2.00,1.00,1400.00,10800.00,1.00,0.00,0.00,4.00,7.00,1400.00,0.00,1974.00,0.00,98011.00,47.77,-122.21,1560.00,11280.00
8045600130.00,20140528T000000,425000.00,4.00,2.75,1680.00,9545.00,1.00,0.00,0.00,4.00,7.00,1080.00,600.00,1979.00,0.00,98028.00,47.74,-122.24,1890.00,9545.00
5559200170.00,20150430T000000,307000.00,4.00,2.00,2390.00,23972.00,2.00,0.00,0.00,3.00,7.00,1720.00,670.00,1949.00,0.00,98023.00,47.32,-122.34,1950.00,22750.00
5700000275.00,20140528T000000,635000.00,3.00,2.50,2300.00,5500.00,1.50,0.00,0.00,4.00,8.00,2000.00,300.00,1921.00,0.00,98144.00,47.58,-122.29,2100.00,5000.00
3224900130.00,20140514T000000,223000.00,3.00,1.75,1340.00,7473.00,1.00,0.00,0.00,4.00,7.00,1340.00,0.00,1973.00,0.00,98002.00,47.31,-122.21,1510.00,8240.00
4397010480.00,20150413T000000,425000.00,3.00,2.75,2600.00,10874.00,2.00,0.00,0.00,3.00,9.00,2600.00,0.00,1994.00,0.00,98042.00,47.38,-122.15,2800.00,11504.00
2310000250.00,20150506T000000,190000.00,3.00,2.25,1640.00,7730.00,1.00,0.00,0.00,4.00,7.00,1220.00,420.00,1989.00,0.00,98038.00,47.36,-122.04,1560.00,7566.00
8731902340.00,20140918T000000,275000.00,4.00,1.75,1960.00,6177.00,1.00,0.00,0.00,4.00,8.00,1960.00,0.00,1967.00,0.00,98023.00,47.31,-122.38,2010.00,8162.00
3630000080.00,20140606T000000,450000.00,3.00,2.50,1480.00,1961.00,2.00,0.00,0.00,3.00,8.00,1480.00,0.00,2005.00,0.00,98029.00,47.55,-122.00,1400.00,1138.00
4139900050.00,20140519T000000,1468000.00,4.00,3.25,5010.00,34460.00,2.00,0.00,0.00,3.00,12.00,5010.00,0.00,1988.00,0.00,98006.00,47.55,-122.13,4760.00,34460.00
9191200380.00,20141222T000000,550000.00,4.00,2.00,1540.00,5000.00,1.50,0.00,0.00,4.00,7.00,1540.00,0.00,1913.00,0.00,98105.00,47.67,-122.30,1790.00,4000.00
930000415.00,20141204T000000,835000.00,4.00,2.75,4030.00,10240.00,2.00,0.00,2.00,3.00,8.00,3310.00,720.00,1943.00,1994.00,98177.00,47.72,-122.37,2490.00,7680.00
5450300020.00,20140618T000000,900000.00,6.00,3.00,3020.00,13783.00,2.00,0.00,0.00,3.00,8.00,3020.00,0.00,1952.00,2002.00,98040.00,47.57,-122.23,1720.00,13500.00
8898700440.00,20141124T000000,290000.00,2.00,2.00,1590.00,9375.00,1.00,0.00,0.00,3.00,7.00,910.00,680.00,1983.00,0.00,98055.00,47.46,-122.21,1560.00,8524.00
1238501188.00,20140808T000000,1035000.00,4.00,2.50,2910.00,9131.00,2.00,0.00,0.00,3.00,10.00,2910.00,0.00,2014.00,0.00,98033.00,47.68,-122.19,1880.00,11212.00
644210020.00,20150105T000000,780000.00,4.00,2.50,3020.00,15164.00,1.00,0.00,0.00,4.00,8.00,1730.00,1290.00,1976.00,0.00,98004.00,47.59,-122.19,2600.00,11556.00
3066200460.00,20141218T000000,572500.00,3.00,2.00,2290.00,11200.00,2.00,0.00,0.00,3.00,9.00,2290.00,0.00,1979.00,0.00,98052.00,47.65,-122.12,2250.00,10000.00
3422049088.00,20150324T000000,389000.00,3.00,1.75,2180.00,9220.00,1.00,0.00,0.00,4.00,7.00,1090.00,1090.00,1938.00,0.00,98001.00,47.35,-122.29,2050.00,22400.00
6433000050.00,20140821T000000,350000.00,4.00,1.75,2740.00,10086.00,1.00,0.00,0.00,3.00,7.00,1440.00,1300.00,1972.00,0.00,98168.00,47.51,-122.33,1710.00,9840.00
7215410430.00,20140728T000000,476000.00,4.00,2.50,2740.00,33158.00,2.00,0.00,0.00,3.00,9.00,2740.00,0.00,1993.00,0.00,98042.00,47.33,-122.07,2740.00,36074.00
5316100255.00,20140904T000000,1046250.00,2.00,3.00,2330.00,3600.00,2.00,0.00,0.00,5.00,10.00,1870.00,460.00,1927.00,1979.00,98112.00,47.63,-122.28,2950.00,7200.00
2413300980.00,20141217T000000,287000.00,3.00,2.25,2300.00,7200.00,1.00,0.00,0.00,4.00,8.00,1550.00,750.00,1978.00,0.00,98003.00,47.32,-122.33,2000.00,7350.00
1175000280.00,20141107T000000,707500.00,4.00,4.00,1550.00,6596.00,1.50,0.00,0.00,5.00,7.00,1550.00,0.00,1907.00,0.00,98107.00,47.67,-122.40,1830.00,4850.00
7304300420.00,20140801T000000,464500.00,4.00,2.50,1750.00,11381.00,1.00,0.00,0.00,4.00,7.00,1610.00,140.00,1947.00,0.00,98155.00,47.74,-122.32,1080.00,11375.00
59000250.00,20141203T000000,720000.00,3.00,1.50,2180.00,5000.00,1.00,0.00,3.00,4.00,8.00,1090.00,1090.00,1941.00,0.00,98116.00,47.58,-122.40,2070.00,5000.00
1441300130.00,20141224T000000,319000.00,3.00,2.50,1610.00,8544.00,2.00,0.00,0.00,5.00,7.00,1610.00,0.00,1994.00,0.00,98038.00,47.37,-122.05,1840.00,8190.00
1075100050.00,20140916T000000,330000.00,3.00,1.00,1570.00,9136.00,1.00,0.00,0.00,3.00,7.00,1570.00,0.00,1953.00,0.00,98133.00,47.77,-122.34,1380.00,9127.00
7972000010.00,20140520T000000,120750.00,3.00,1.75,1140.00,9628.00,1.00,0.00,0.00,4.00,7.00,1140.00,0.00,1969.00,0.00,98023.00,47.29,-122.37,1510.00,9633.00
7972000010.00,20141021T000000,195000.00,3.00,1.75,1140.00,9628.00,1.00,0.00,0.00,4.00,7.00,1140.00,0.00,1969.00,0.00,98023.00,47.29,-122.37,1510.00,9633.00
5113400364.00,20150126T000000,650000.00,4.00,1.50,2480.00,6383.00,1.00,0.00,0.00,3.00,7.00,1380.00,1100.00,1946.00,0.00,98119.00,47.64,-122.37,1440.00,6000.00
5076900010.00,20140513T000000,530000.00,3.00,1.75,1690.00,8190.00,1.00,0.00,0.00,4.00,8.00,1690.00,0.00,1958.00,0.00,98005.00,47.59,-122.17,1840.00,8705.00
3526039193.00,20150407T000000,825000.00,4.00,3.00,2910.00,8027.00,1.00,0.00,0.00,5.00,8.00,1800.00,1110.00,1970.00,0.00,98117.00,47.69,-122.39,2390.00,7660.00
7905380280.00,20140822T000000,436000.00,4.00,2.00,1600.00,15044.00,1.00,0.00,0.00,3.00,7.00,1600.00,0.00,1972.00,0.00,98034.00,47.72,-122.22,1660.00,8102.00
7936500221.00,20150114T000000,658000.00,2.00,1.00,1010.00,14244.00,1.00,1.00,4.00,1.00,5.00,1010.00,0.00,1926.00,0.00,98136.00,47.55,-122.40,1820.00,15792.00
5100404761.00,20140813T000000,547500.00,3.00,2.00,1850.00,9570.00,1.00,0.00,0.00,4.00,7.00,950.00,900.00,1940.00,0.00,98115.00,47.70,-122.32,1430.00,6380.00
510000050.00,20141203T000000,762000.00,3.00,1.75,2150.00,2527.00,2.00,0.00,0.00,4.00,8.00,1400.00,750.00,1906.00,0.00,98103.00,47.66,-122.33,1610.00,3663.00
7148700050.00,20150126T000000,340000.00,3.00,1.75,2650.00,7378.00,1.00,0.00,0.00,3.00,7.00,1460.00,1190.00,1952.00,0.00,98155.00,47.75,-122.32,1600.00,7616.00
3271800185.00,20141121T000000,880000.00,4.00,1.75,2510.00,5800.00,1.00,0.00,2.00,4.00,9.00,1830.00,680.00,1953.00,0.00,98199.00,47.65,-122.41,2190.00,5800.00
2652501470.00,20140521T000000,1220000.00,4.00,2.50,3240.00,3600.00,2.00,0.00,0.00,3.00,9.00,2060.00,1180.00,2008.00,0.00,98109.00,47.64,-122.36,1820.00,3600.00
1568100920.00,20150408T000000,1950000.00,4.00,2.50,3440.00,14554.00,2.00,1.00,4.00,3.00,8.00,2170.00,1270.00,2012.00,0.00,98155.00,47.74,-122.29,3170.00,11810.00
7738500185.00,20140923T000000,382500.00,3.00,2.00,1150.00,6249.00,1.00,0.00,0.00,3.00,7.00,1150.00,0.00,1952.00,2006.00,98155.00,47.75,-122.28,2470.00,7751.00
9133600130.00,20150105T000000,344500.00,3.00,1.75,1890.00,9535.00,1.00,0.00,0.00,3.00,7.00,1210.00,680.00,1976.00,0.00,98055.00,47.49,-122.22,2040.00,11108.00
3298720010.00,20150412T000000,375000.00,4.00,2.75,1430.00,7403.00,1.00,0.00,0.00,3.00,7.00,1030.00,400.00,1982.00,0.00,98106.00,47.53,-122.34,1480.00,7663.00
2856101479.00,20140701T000000,276000.00,1.00,0.75,370.00,1801.00,1.00,0.00,0.00,5.00,5.00,370.00,0.00,1923.00,0.00,98117.00,47.68,-122.39,1340.00,5000.00
5710610250.00,20140701T000000,500000.00,5.00,3.25,3130.00,12087.00,2.00,0.00,0.00,3.00,8.00,2180.00,950.00,1975.00,0.00,98027.00,47.53,-122.05,2410.00,10350.00
163000010.00,20140702T000000,330000.00,4.00,2.50,2105.00,6093.00,2.00,0.00,0.00,3.00,8.00,2105.00,0.00,2003.00,0.00,98042.00,47.35,-122.15,1930.00,8022.00
1062100095.00,20140822T000000,328000.00,3.00,1.00,890.00,5965.00,1.00,0.00,0.00,3.00,7.00,890.00,0.00,1950.00,0.00,98155.00,47.75,-122.28,1930.00,7500.00
1437900020.00,20150225T000000,450000.00,3.00,1.50,1340.00,7200.00,1.00,0.00,0.00,3.00,7.00,1340.00,0.00,1972.00,0.00,98034.00,47.72,-122.19,1730.00,8820.00
8073000585.00,20140715T000000,840500.00,4.00,2.25,2290.00,12174.00,1.00,1.00,4.00,3.00,7.00,1490.00,800.00,1948.00,0.00,98178.00,47.51,-122.25,2290.00,9379.00
3342700491.00,20140814T000000,679000.00,3.00,2.50,2770.00,9350.00,2.00,0.00,3.00,3.00,8.00,2770.00,0.00,1957.00,2000.00,98056.00,47.53,-122.20,2660.00,9695.00
3395800305.00,20140605T000000,270000.00,3.00,1.50,1890.00,9450.00,1.00,0.00,0.00,3.00,7.00,1090.00,800.00,1957.00,0.00,98146.00,47.48,-122.34,1470.00,8100.00
2923500010.00,20150114T000000,757500.00,5.00,2.25,3160.00,8065.00,2.00,0.00,0.00,3.00,8.00,3160.00,0.00,1977.00,0.00,98027.00,47.57,-122.09,2540.00,7917.00
3629970680.00,20141112T000000,524950.00,2.00,2.50,1830.00,2856.00,2.00,0.00,0.00,3.00,7.00,1830.00,0.00,2005.00,0.00,98029.00,47.55,-122.00,1850.00,2667.00
2408800130.00,20140723T000000,424900.00,4.00,2.75,2950.00,49658.00,1.00,0.00,0.00,4.00,8.00,2950.00,0.00,1960.00,1998.00,98010.00,47.36,-121.92,1720.00,54672.00
2204500480.00,20150107T000000,551100.00,3.00,1.00,1430.00,8640.00,1.00,0.00,0.00,5.00,7.00,1430.00,0.00,1954.00,0.00,98006.00,47.57,-122.15,1430.00,9840.00
7708000010.00,20141107T000000,421000.00,3.00,2.00,1420.00,12655.00,1.00,0.00,0.00,5.00,7.00,1420.00,0.00,1968.00,0.00,98056.00,47.53,-122.19,2020.00,9655.00
2639400020.00,20140801T000000,635000.00,4.00,1.75,2460.00,7560.00,2.00,0.00,0.00,4.00,8.00,2460.00,0.00,1952.00,0.00,98177.00,47.73,-122.37,2760.00,8918.00
7883604095.00,20141209T000000,255000.00,3.00,1.00,1340.00,6120.00,1.50,0.00,0.00,4.00,7.00,1340.00,0.00,1920.00,0.00,98108.00,47.53,-122.32,1260.00,6000.00
3055800020.00,20150310T000000,419950.00,4.00,1.00,1530.00,7920.00,1.00,0.00,0.00,3.00,7.00,1030.00,500.00,1955.00,0.00,98166.00,47.45,-122.36,1690.00,7920.00
7195800009.00,20141210T000000,325000.00,6.00,3.00,2650.00,12870.00,1.00,0.00,0.00,4.00,7.00,2650.00,0.00,1977.00,0.00,98022.00,47.21,-121.99,1450.00,8668.00
8946750170.00,20150421T000000,281000.00,4.00,2.25,1677.00,3600.00,2.00,0.00,0.00,3.00,7.00,1677.00,0.00,2012.00,0.00,98092.00,47.32,-122.18,1677.00,3600.00
5603700095.00,20140610T000000,655275.00,3.00,1.75,2050.00,11856.00,1.00,0.00,0.00,3.00,7.00,1460.00,590.00,1962.00,0.00,98006.00,47.57,-122.16,2670.00,11856.00
8819900170.00,20140825T000000,861000.00,3.00,2.00,2520.00,3959.00,1.00,0.00,0.00,5.00,8.00,1270.00,1250.00,1931.00,0.00,98105.00,47.67,-122.29,1660.00,3959.00
3999300290.00,20141016T000000,850000.00,3.00,3.50,2620.00,11148.00,2.00,0.00,4.00,4.00,9.00,2060.00,560.00,1977.00,0.00,98008.00,47.58,-122.12,2590.00,10796.00
2791500280.00,20141119T000000,246000.00,3.00,2.50,1650.00,6675.00,1.00,0.00,0.00,3.00,8.00,1290.00,360.00,1990.00,0.00,98023.00,47.29,-122.37,1880.00,6675.00
8820903560.00,20141216T000000,380000.00,2.00,1.00,700.00,4836.00,1.00,0.00,0.00,4.00,6.00,700.00,0.00,1926.00,0.00,98125.00,47.71,-122.29,1190.00,7050.00
4401200460.00,20141020T000000,813000.00,4.00,2.50,3430.00,7508.00,2.00,0.00,0.00,3.00,10.00,3430.00,0.00,1998.00,0.00,98052.00,47.69,-122.11,3110.00,8741.00
3394100020.00,20141120T000000,990000.00,4.00,2.50,3140.00,11049.00,2.00,0.00,0.00,3.00,10.00,3140.00,0.00,1988.00,0.00,98004.00,47.58,-122.19,2750.00,11049.00
2880100795.00,20141105T000000,650000.00,3.00,2.50,2350.00,3750.00,2.00,0.00,0.00,3.00,7.00,1740.00,610.00,2003.00,0.00,98117.00,47.68,-122.37,1590.00,4700.00
104560280.00,20140522T000000,273000.00,4.00,3.00,1990.00,6180.00,2.00,0.00,0.00,3.00,7.00,1990.00,0.00,1990.00,0.00,98023.00,47.31,-122.36,1910.00,6180.00
2133010290.00,20140724T000000,398000.00,4.00,2.50,2050.00,14724.00,2.00,0.00,0.00,3.00,7.00,2050.00,0.00,1989.00,0.00,98019.00,47.73,-121.97,1920.00,12841.00
1723049008.00,20140822T000000,200000.00,2.00,1.00,930.00,8665.00,1.00,0.00,0.00,4.00,6.00,930.00,0.00,1938.00,0.00,98168.00,47.48,-122.32,1630.00,12375.00
8146100095.00,20140515T000000,839000.00,3.00,1.00,1230.00,12305.00,1.00,0.00,0.00,3.00,7.00,1230.00,0.00,1955.00,1990.00,98004.00,47.61,-122.20,2100.00,7960.00
7715800430.00,20141104T000000,502000.00,3.00,2.50,1870.00,9135.00,1.00,0.00,0.00,3.00,7.00,1250.00,620.00,1984.00,0.00,98074.00,47.63,-122.06,1550.00,9100.00
9510900630.00,20140617T000000,305000.00,3.00,2.25,2110.00,7665.00,1.00,0.00,0.00,4.00,7.00,1360.00,750.00,1973.00,0.00,98023.00,47.31,-122.37,1660.00,8436.00
9414610020.00,20140618T000000,574950.00,5.00,3.25,3160.00,10000.00,2.00,0.00,0.00,4.00,8.00,3160.00,0.00,1980.00,0.00,98027.00,47.52,-122.05,2130.00,10000.00
1160000255.00,20140818T000000,311000.00,3.00,1.00,1120.00,8631.00,1.00,0.00,0.00,3.00,7.00,1120.00,0.00,1942.00,0.00,98125.00,47.71,-122.31,1350.00,7714.00
777100005.00,20141122T000000,1650000.00,3.00,2.25,2750.00,6203.00,1.00,1.00,4.00,5.00,7.00,1620.00,1130.00,1959.00,0.00,98074.00,47.62,-122.07,2570.00,7009.00
3205100130.00,20140506T000000,387000.00,3.00,1.00,1230.00,9568.00,1.00,0.00,0.00,5.00,7.00,1230.00,0.00,1962.00,0.00,98056.00,47.54,-122.18,1270.00,9575.00
2929600020.00,20140805T000000,375000.00,3.00,1.50,1190.00,20672.00,1.50,0.00,3.00,3.00,7.00,1190.00,0.00,1948.00,0.00,98166.00,47.45,-122.36,2150.00,16239.00
2420069242.00,20140925T000000,175000.00,2.00,1.00,740.00,3434.00,1.00,0.00,0.00,5.00,6.00,740.00,0.00,1920.00,0.00,98022.00,47.21,-121.99,1160.00,6000.00
5009600010.00,20140612T000000,248000.00,4.00,2.50,1770.00,5855.00,2.00,0.00,0.00,3.00,7.00,1770.00,0.00,2003.00,0.00,98038.00,47.35,-122.05,1790.00,5679.00
2414600255.00,20150403T000000,336750.00,4.00,2.25,1720.00,7803.00,1.00,0.00,0.00,3.00,8.00,1350.00,370.00,1955.00,0.00,98146.00,47.51,-122.34,1720.00,7803.00
9359300250.00,20140604T000000,685000.00,4.00,2.50,2770.00,45514.00,2.00,0.00,0.00,4.00,9.00,2770.00,0.00,1989.00,0.00,98077.00,47.78,-122.09,2940.00,49495.00
3629980920.00,20140715T000000,645000.00,4.00,2.75,2330.00,3917.00,2.00,0.00,0.00,3.00,9.00,2330.00,0.00,2004.00,0.00,98029.00,47.55,-121.99,2620.00,4400.00
6679001060.00,20141218T000000,279000.00,3.00,2.50,1660.00,7388.00,2.00,0.00,0.00,3.00,7.00,1660.00,0.00,2003.00,0.00,98038.00,47.39,-122.03,2240.00,6228.00
1702900664.00,20150416T000000,479000.00,2.00,2.50,1730.00,1037.00,3.50,0.00,0.00,3.00,8.00,1730.00,0.00,2008.00,0.00,98118.00,47.56,-122.29,1280.00,1026.00
928000020.00,20150128T000000,466000.00,3.00,2.25,1880.00,7279.00,1.00,0.00,0.00,3.00,7.00,1280.00,600.00,1962.00,0.00,98155.00,47.76,-122.32,2020.00,8274.00
705710290.00,20150420T000000,361500.00,4.00,2.75,2190.00,6740.00,2.00,0.00,0.00,3.00,7.00,2190.00,0.00,1995.00,0.00,98038.00,47.38,-122.03,1950.00,7150.00
8155830020.00,20141202T000000,404000.00,3.00,1.75,1720.00,7202.00,1.00,0.00,0.00,3.00,7.00,1720.00,0.00,1995.00,0.00,98056.00,47.50,-122.19,1720.00,7625.00
9378700190.00,20150316T000000,319000.00,4.00,3.25,2360.00,8344.00,2.00,0.00,0.00,3.00,8.00,2360.00,0.00,1990.00,0.00,98058.00,47.44,-122.13,1860.00,8410.00
5104200420.00,20150316T000000,320000.00,3.00,1.50,1490.00,10132.00,1.00,0.00,0.00,4.00,6.00,1490.00,0.00,1969.00,0.00,98059.00,47.48,-122.15,1720.00,9915.00
9550202140.00,20141117T000000,1311000.00,4.00,3.75,3490.00,5625.00,2.00,0.00,0.00,3.00,9.00,2610.00,880.00,2014.00,0.00,98103.00,47.67,-122.33,1940.00,5000.00
7855300460.00,20140923T000000,1000000.00,3.00,2.75,2370.00,8900.00,1.00,0.00,4.00,4.00,9.00,1670.00,700.00,1971.00,0.00,98006.00,47.56,-122.16,2840.00,8956.00
9346960050.00,20141107T000000,660000.00,4.00,2.50,2290.00,9120.00,2.00,0.00,0.00,4.00,8.00,2290.00,0.00,1977.00,0.00,98006.00,47.56,-122.13,2290.00,9120.00
2254501440.00,20150421T000000,546000.00,4.00,3.00,1790.00,3600.00,1.50,0.00,0.00,3.00,8.00,1790.00,0.00,1901.00,0.00,98122.00,47.61,-122.31,1770.00,3119.00
3732800525.00,20140709T000000,300000.00,4.00,1.75,1820.00,5015.00,1.00,0.00,0.00,4.00,6.00,1190.00,630.00,1926.00,0.00,98108.00,47.56,-122.31,1530.00,9130.00
2525059134.00,20141016T000000,500000.00,2.00,1.50,1760.00,12000.00,1.00,0.00,0.00,4.00,7.00,1760.00,0.00,1964.00,0.00,98052.00,47.63,-122.11,2200.00,12088.00
8562891100.00,20140910T000000,381500.00,4.00,2.50,2430.00,5556.00,2.00,0.00,0.00,4.00,8.00,2430.00,0.00,2003.00,0.00,98042.00,47.38,-122.13,2430.00,5556.00
4094800380.00,20150427T000000,990000.00,3.00,2.25,2630.00,12899.00,2.00,0.00,0.00,4.00,9.00,2630.00,0.00,1966.00,0.00,98040.00,47.55,-122.23,3140.00,15320.00
5104530680.00,20150116T000000,278226.00,4.00,2.50,2390.00,4639.00,2.00,0.00,0.00,3.00,8.00,2390.00,0.00,2006.00,0.00,98038.00,47.35,-122.00,2390.00,4521.00
2917200675.00,20150127T000000,340000.00,2.00,1.75,1500.00,4158.00,1.00,0.00,0.00,4.00,7.00,1220.00,280.00,1947.00,0.00,98103.00,47.70,-122.35,1270.00,4081.00
8732030440.00,20140813T000000,305000.00,4.00,2.50,2510.00,12000.00,1.00,0.00,0.00,3.00,8.00,1520.00,990.00,1977.00,0.00,98023.00,47.31,-122.38,2210.00,8320.00
7779200275.00,20140613T000000,760000.00,4.00,2.50,2420.00,10285.00,1.00,0.00,4.00,3.00,8.00,1700.00,720.00,1958.00,0.00,98146.00,47.49,-122.36,2540.00,9900.00
6121800050.00,20141029T000000,195000.00,4.00,1.50,2170.00,9948.00,2.00,0.00,0.00,3.00,7.00,2170.00,0.00,1952.00,0.00,98148.00,47.43,-122.33,1500.00,9750.00
5652601155.00,20150415T000000,564000.00,4.00,1.75,1960.00,6138.00,1.00,0.00,0.00,4.00,7.00,1260.00,700.00,1960.00,0.00,98115.00,47.70,-122.30,2000.00,7057.00
3261020080.00,20141224T000000,539500.00,4.00,2.25,2280.00,8550.00,1.00,0.00,0.00,3.00,8.00,1660.00,620.00,1977.00,0.00,98034.00,47.70,-122.23,2590.00,9500.00
4060000020.00,20140918T000000,299980.00,4.00,1.50,1580.00,10230.00,1.00,0.00,0.00,3.00,6.00,790.00,790.00,1945.00,2008.00,98178.00,47.50,-122.25,1130.00,6955.00
5468730280.00,20141013T000000,290000.00,4.00,2.50,1850.00,5674.00,2.00,0.00,0.00,3.00,7.00,1850.00,0.00,1993.00,0.00,98042.00,47.35,-122.14,1750.00,6875.00
7304301045.00,20150203T000000,257000.00,2.00,1.00,770.00,11084.00,1.00,0.00,0.00,4.00,6.00,770.00,0.00,1947.00,0.00,98155.00,47.75,-122.32,1010.00,11084.00
4077800507.00,20140821T000000,518500.00,4.00,3.00,2120.00,5520.00,1.50,0.00,0.00,3.00,8.00,1420.00,700.00,1985.00,0.00,98125.00,47.71,-122.29,2020.00,8700.00
1041500020.00,20140908T000000,657000.00,4.00,2.75,3060.00,35380.00,1.00,0.00,0.00,3.00,9.00,1810.00,1250.00,1982.00,0.00,98074.00,47.62,-122.04,1980.00,10425.00
1423089134.00,20140815T000000,590000.00,3.00,2.25,2680.00,41250.00,2.00,0.00,0.00,3.00,7.00,2680.00,0.00,1984.00,0.00,98045.00,47.48,-121.75,1940.00,47044.00
3992700048.00,20140718T000000,526000.00,4.00,1.75,2220.00,6350.00,1.00,0.00,0.00,3.00,7.00,1110.00,1110.00,1959.00,0.00,98125.00,47.71,-122.29,1950.00,8100.00
2172000285.00,20150323T000000,254500.00,2.00,1.00,1150.00,11250.00,1.00,0.00,0.00,3.00,6.00,1150.00,0.00,1920.00,0.00,98178.00,47.49,-122.26,1100.00,11400.00
8813400345.00,20150414T000000,575000.00,2.00,1.00,980.00,3663.00,1.00,0.00,0.00,5.00,7.00,980.00,0.00,1909.00,0.00,98105.00,47.66,-122.29,1620.00,3706.00
5487300020.00,20150121T000000,464550.00,3.00,1.50,1690.00,10500.00,1.00,0.00,0.00,4.00,7.00,1690.00,0.00,1967.00,0.00,98033.00,47.70,-122.17,1570.00,10500.00
7201800280.00,20140715T000000,409950.00,3.00,1.75,1320.00,6030.00,1.00,0.00,0.00,4.00,7.00,1320.00,0.00,1969.00,0.00,98052.00,47.70,-122.13,1840.00,6565.00
8856000545.00,20140507T000000,100000.00,2.00,1.00,910.00,22000.00,1.00,0.00,0.00,3.00,6.00,910.00,0.00,1956.00,0.00,98001.00,47.28,-122.25,1326.00,9891.00
567000380.00,20150302T000000,365000.00,2.00,1.50,820.00,1270.00,2.00,0.00,0.00,3.00,7.00,820.00,0.00,2009.00,0.00,98144.00,47.59,-122.30,1130.00,1201.00
1450100020.00,20150209T000000,208000.00,3.00,1.00,1300.00,7420.00,1.00,0.00,0.00,4.00,6.00,1300.00,0.00,1960.00,0.00,98002.00,47.29,-122.22,1250.00,7420.00
7950302995.00,20141110T000000,497950.00,4.00,2.50,1950.00,3000.00,2.00,0.00,0.00,3.00,7.00,1550.00,400.00,1998.00,0.00,98118.00,47.57,-122.28,1540.00,4300.00
1446110020.00,20140910T000000,405000.00,5.00,3.50,3672.00,9742.00,2.00,0.00,0.00,3.00,9.00,3006.00,666.00,2006.00,0.00,98092.00,47.33,-122.19,2140.00,9118.00
8914100080.00,20150311T000000,568000.00,3.00,2.50,2740.00,22499.00,2.00,0.00,0.00,3.00,9.00,2740.00,0.00,1994.00,0.00,98058.00,47.46,-122.15,2710.00,22499.00
3333000655.00,20150511T000000,334000.00,2.00,1.00,890.00,6000.00,1.00,0.00,0.00,3.00,6.00,890.00,0.00,1941.00,0.00,98118.00,47.54,-122.28,1090.00,5900.00
8019201061.00,20150115T000000,235000.00,3.00,2.00,1090.00,8400.00,1.00,0.00,0.00,4.00,6.00,1090.00,0.00,1961.00,0.00,98168.00,47.49,-122.32,1100.00,10850.00
8570900328.00,20140603T000000,295000.00,2.00,1.00,1170.00,10621.00,1.00,0.00,0.00,3.00,7.00,1170.00,0.00,1963.00,0.00,98045.00,47.50,-121.78,1340.00,9832.00
5631500947.00,20150122T000000,610000.00,4.00,3.00,2600.00,29539.00,1.00,0.00,0.00,3.00,8.00,2600.00,0.00,1994.00,0.00,98028.00,47.75,-122.23,1810.00,11600.00
254000020.00,20140605T000000,453500.00,4.00,1.75,2000.00,6032.00,1.00,0.00,2.00,3.00,7.00,1300.00,700.00,1959.00,0.00,98146.00,47.51,-122.39,1930.00,6032.00
1929300305.00,20140623T000000,1220000.00,4.00,3.75,3520.00,3944.00,1.50,0.00,0.00,5.00,8.00,2200.00,1320.00,1913.00,0.00,98109.00,47.64,-122.35,2310.00,4725.00
4202400078.00,20150128T000000,175000.00,2.00,1.00,1410.00,7000.00,1.00,0.00,0.00,3.00,7.00,1410.00,0.00,1968.00,0.00,98055.00,47.49,-122.22,1540.00,6000.00
4202400078.00,20150428T000000,335000.00,2.00,1.00,1410.00,7000.00,1.00,0.00,0.00,3.00,7.00,1410.00,0.00,1968.00,0.00,98055.00,47.49,-122.22,1540.00,6000.00
2968800010.00,20140904T000000,275000.00,3.00,1.50,1950.00,7620.00,1.00,0.00,0.00,4.00,7.00,1010.00,940.00,1956.00,0.00,98166.00,47.46,-122.35,1850.00,7620.00
2880100675.00,20140514T000000,400000.00,2.00,1.00,980.00,2130.00,1.00,0.00,0.00,4.00,6.00,860.00,120.00,1918.00,0.00,98117.00,47.68,-122.37,980.00,2800.00
1024000050.00,20140718T000000,915000.00,3.00,2.75,3390.00,7000.00,1.00,0.00,3.00,4.00,8.00,1740.00,1650.00,1979.00,0.00,98116.00,47.57,-122.41,1770.00,6500.00
6072400280.00,20140619T000000,619850.00,4.00,2.50,2270.00,9247.00,1.00,0.00,0.00,5.00,8.00,1500.00,770.00,1972.00,0.00,98006.00,47.56,-122.18,2270.00,9163.00
2329600280.00,20150202T000000,225900.00,3.00,1.00,1510.00,8800.00,1.00,0.00,0.00,4.00,7.00,1010.00,500.00,1963.00,0.00,98003.00,47.33,-122.33,1290.00,8470.00
6822100050.00,20140918T000000,525000.00,2.00,1.50,960.00,7200.00,1.00,0.00,0.00,3.00,7.00,960.00,0.00,1910.00,1987.00,98199.00,47.65,-122.40,1550.00,6000.00
1420400130.00,20141226T000000,215000.00,4.00,2.25,1900.00,9600.00,1.00,0.00,0.00,4.00,7.00,1900.00,0.00,1967.00,0.00,98031.00,47.42,-122.20,2040.00,9600.00
7732400280.00,20140514T000000,802000.00,3.00,2.50,2580.00,13096.00,2.00,0.00,0.00,3.00,9.00,2580.00,0.00,1986.00,0.00,98052.00,47.66,-122.14,2580.00,7988.00
4397000500.00,20140630T000000,330000.00,4.00,2.50,2340.00,11784.00,2.00,0.00,0.00,3.00,9.00,2340.00,0.00,1997.00,0.00,98042.00,47.38,-122.15,2250.00,10760.00
9560700010.00,20140801T000000,549800.00,3.00,2.25,1580.00,11680.00,1.00,0.00,0.00,4.00,7.00,1580.00,0.00,1958.00,0.00,98005.00,47.59,-122.17,2270.00,10948.00
6131600285.00,20141024T000000,195500.00,4.00,1.00,1230.00,8636.00,1.50,0.00,0.00,4.00,6.00,1230.00,0.00,1954.00,0.00,98002.00,47.32,-122.22,1168.00,8316.00
8956500020.00,20140818T000000,338000.00,3.00,2.50,1590.00,7819.00,2.00,0.00,0.00,3.00,7.00,1590.00,0.00,1992.00,0.00,98055.00,47.44,-122.20,1790.00,7733.00
624069108.00,20140812T000000,3200000.00,4.00,3.25,7000.00,28206.00,1.00,1.00,4.00,4.00,12.00,3500.00,3500.00,1991.00,0.00,98075.00,47.59,-122.09,4913.00,14663.00
1727500280.00,20140820T000000,480000.00,4.00,2.25,1770.00,7000.00,1.00,0.00,0.00,5.00,7.00,1770.00,0.00,1972.00,0.00,98034.00,47.72,-122.22,1780.00,6500.00
4029400080.00,20150406T000000,383000.00,4.00,2.50,1850.00,8310.00,1.00,0.00,0.00,3.00,7.00,1200.00,650.00,1962.00,0.00,98155.00,47.77,-122.29,1840.00,10080.00
2873000920.00,20150331T000000,257000.00,3.00,1.75,1430.00,7210.00,1.00,0.00,0.00,3.00,7.00,1430.00,0.00,1975.00,0.00,98031.00,47.42,-122.17,1220.00,7777.00
1402900460.00,20150223T000000,335000.00,4.00,2.75,2190.00,9209.00,2.00,0.00,0.00,4.00,8.00,2190.00,0.00,1996.00,0.00,98092.00,47.33,-122.19,2430.00,6687.00
8125200480.00,20150508T000000,422000.00,4.00,2.50,2310.00,6650.00,2.00,0.00,2.00,3.00,8.00,2310.00,0.00,2012.00,0.00,98166.00,47.45,-122.27,1800.00,9819.00
1087900050.00,20140603T000000,560000.00,3.00,1.75,2000.00,10182.00,1.00,0.00,0.00,5.00,7.00,1400.00,600.00,1963.00,0.00,98033.00,47.66,-122.18,2050.00,10182.00
7937900280.00,20150424T000000,680000.00,4.00,2.75,3620.00,35429.00,2.00,0.00,0.00,3.00,10.00,3620.00,0.00,2006.00,0.00,98058.00,47.42,-122.10,3310.00,54193.00
1096100010.00,20141028T000000,320000.00,2.00,1.00,1210.00,7040.00,1.00,0.00,0.00,3.00,7.00,1210.00,0.00,1952.00,0.00,98155.00,47.75,-122.30,1210.00,7205.00
2050100250.00,20140903T000000,665000.00,3.00,2.50,2330.00,15536.00,1.00,0.00,2.00,3.00,10.00,2330.00,0.00,1996.00,0.00,98074.00,47.66,-122.09,3320.00,17461.00
8691370500.00,20150326T000000,751000.00,3.00,2.50,2840.00,6854.00,2.00,0.00,0.00,3.00,9.00,2840.00,0.00,2002.00,0.00,98075.00,47.60,-121.98,2840.00,7398.00
7147600225.00,20141113T000000,320000.00,6.00,2.75,2410.00,10763.00,1.00,0.00,0.00,5.00,7.00,1310.00,1100.00,1957.00,0.00,98188.00,47.44,-122.28,1310.00,10746.00
4021100095.00,20150121T000000,290000.00,4.00,1.75,1820.00,22043.00,2.50,0.00,0.00,4.00,7.00,1820.00,0.00,1918.00,0.00,98155.00,47.76,-122.28,1880.00,19961.00
7524000280.00,20141030T000000,250000.00,4.00,2.00,1470.00,7412.00,1.00,0.00,0.00,3.00,7.00,1470.00,0.00,1967.00,0.00,98198.00,47.37,-122.32,1390.00,7825.00
3205200430.00,20150415T000000,423000.00,3.00,1.75,1100.00,10005.00,1.00,0.00,0.00,5.00,7.00,1100.00,0.00,1964.00,0.00,98056.00,47.54,-122.17,1340.00,9709.00
7922720250.00,20150506T000000,601002.00,4.00,2.50,2050.00,8094.00,1.00,0.00,0.00,3.00,8.00,1050.00,1000.00,1976.00,0.00,98052.00,47.66,-122.14,1990.00,9020.00
3644100095.00,20150205T000000,352900.00,2.00,1.50,1240.00,1892.00,2.00,0.00,0.00,3.00,7.00,1240.00,0.00,2002.00,0.00,98144.00,47.59,-122.30,1220.00,1740.00
3425079088.00,20140819T000000,509950.00,3.00,2.50,2210.00,70567.00,2.00,0.00,3.00,3.00,9.00,2210.00,0.00,1995.00,0.00,98014.00,47.61,-121.90,2000.00,73616.00
8730000250.00,20150205T000000,360000.00,2.00,1.75,1340.00,1050.00,3.00,0.00,0.00,3.00,8.00,1340.00,0.00,2009.00,0.00,98133.00,47.71,-122.34,1340.00,1090.00
2581900235.00,20141110T000000,1075000.00,4.00,2.75,2580.00,8100.00,2.00,0.00,1.00,4.00,8.00,1780.00,800.00,1964.00,0.00,98040.00,47.54,-122.22,2840.00,10006.00
3793500920.00,20140731T000000,349950.00,3.00,2.50,2390.00,6441.00,2.00,0.00,0.00,3.00,7.00,2390.00,0.00,2002.00,0.00,98038.00,47.37,-122.03,2180.00,7346.00
2472920780.00,20141126T000000,395000.00,4.00,2.50,2250.00,6840.00,2.00,0.00,0.00,3.00,9.00,2250.00,0.00,1987.00,0.00,98058.00,47.44,-122.15,2480.00,7386.00
8860200010.00,20150107T000000,273500.00,3.00,1.50,2000.00,15265.00,1.00,0.00,0.00,3.00,8.00,1540.00,460.00,1967.00,0.00,98032.00,47.39,-122.28,1920.00,15265.00
6823100225.00,20150414T000000,700000.00,4.00,1.75,1870.00,6000.00,1.00,0.00,0.00,5.00,8.00,1670.00,200.00,1949.00,0.00,98199.00,47.64,-122.40,1710.00,6000.00
6669070080.00,20150417T000000,699000.00,3.00,2.50,2370.00,10968.00,2.00,0.00,0.00,4.00,9.00,2370.00,0.00,1985.00,0.00,98033.00,47.67,-122.17,2380.00,8144.00
7214810050.00,20150416T000000,537000.00,4.00,2.25,2640.00,8800.00,1.00,0.00,0.00,3.00,8.00,1620.00,1020.00,1980.00,0.00,98072.00,47.76,-122.15,2500.00,11700.00
3791500050.00,20150429T000000,405000.00,3.00,1.50,1240.00,9975.00,1.00,0.00,0.00,3.00,6.00,1240.00,0.00,1977.00,0.00,98024.00,47.57,-121.91,1390.00,10735.00
4340610080.00,20140804T000000,269500.00,2.00,1.00,800.00,1200.00,2.00,0.00,0.00,3.00,7.00,800.00,0.00,1999.00,0.00,98103.00,47.70,-122.35,806.00,1200.00
7686203620.00,20140925T000000,260000.00,4.00,2.50,2050.00,12500.00,1.00,0.00,0.00,3.00,7.00,1300.00,750.00,1965.00,0.00,98198.00,47.42,-122.32,1790.00,7900.00
2013800095.00,20140904T000000,266750.00,3.00,2.25,1650.00,10000.00,2.00,0.00,0.00,3.00,7.00,1650.00,0.00,1988.00,0.00,98198.00,47.39,-122.32,1420.00,10000.00
4030100005.00,20141209T000000,1800000.00,5.00,3.75,4320.00,39094.00,2.00,1.00,4.00,3.00,8.00,4320.00,0.00,1938.00,0.00,98155.00,47.75,-122.28,1920.00,7750.00
8931100095.00,20140821T000000,779000.00,2.00,2.25,2130.00,5920.00,1.00,0.00,0.00,3.00,8.00,1830.00,300.00,1950.00,0.00,98115.00,47.68,-122.28,2130.00,7192.00
1954630080.00,20140619T000000,500000.00,3.00,2.50,2840.00,48716.00,1.00,0.00,3.00,3.00,9.00,1870.00,970.00,1994.00,0.00,98014.00,47.68,-121.92,2710.00,43676.00
3361402066.00,20150403T000000,365000.00,4.00,1.75,3080.00,32997.00,1.50,0.00,0.00,4.00,7.00,3080.00,0.00,1950.00,1982.00,98168.00,47.50,-122.32,1980.00,5711.00
579000595.00,20140906T000000,724000.00,2.00,1.00,1560.00,5000.00,1.50,0.00,1.00,4.00,7.00,1560.00,0.00,1942.00,0.00,98117.00,47.70,-122.39,2620.00,5400.00
7701960250.00,20140811T000000,890000.00,4.00,2.75,3220.00,15467.00,2.00,0.00,0.00,3.00,11.00,3220.00,0.00,1994.00,0.00,98077.00,47.71,-122.08,3670.00,16641.00
1250200595.00,20140724T000000,431000.00,4.00,2.50,1450.00,3600.00,1.50,0.00,0.00,3.00,7.00,1250.00,200.00,1902.00,0.00,98144.00,47.60,-122.30,1680.00,3600.00
2632000080.00,20140710T000000,242000.00,2.00,1.00,960.00,21850.00,1.00,0.00,0.00,3.00,6.00,960.00,0.00,1947.00,0.00,98032.00,47.41,-122.27,1020.00,21850.00
9323000010.00,20150416T000000,415000.00,4.00,2.50,2670.00,8279.00,2.00,0.00,0.00,3.00,7.00,2670.00,0.00,1999.00,0.00,98148.00,47.43,-122.33,2290.00,7504.00
3052700225.00,20140814T000000,727160.00,7.00,3.75,2310.00,5000.00,2.00,0.00,0.00,3.00,8.00,2310.00,0.00,1984.00,0.00,98117.00,47.68,-122.38,1360.00,1552.00
3459900305.00,20141211T000000,1110000.00,4.00,3.25,3520.00,19354.00,1.00,0.00,2.00,4.00,9.00,2010.00,1510.00,1978.00,0.00,98006.00,47.56,-122.15,2630.00,19354.00
3530410020.00,20150114T000000,265000.00,2.00,1.75,1090.00,3272.00,1.00,0.00,0.00,5.00,8.00,1090.00,0.00,1970.00,0.00,98198.00,47.38,-122.32,1160.00,5475.00
461005435.00,20150202T000000,519000.00,3.00,1.75,2000.00,5680.00,1.00,0.00,0.00,4.00,7.00,1080.00,920.00,1903.00,0.00,98117.00,47.68,-122.37,1230.00,4535.00
8851500050.00,20150112T000000,262000.00,4.00,1.50,1840.00,9009.00,2.00,0.00,0.00,3.00,7.00,1840.00,0.00,1965.00,0.00,98198.00,47.41,-122.32,1390.00,8025.00
4094800190.00,20140623T000000,1190000.00,4.00,2.50,3160.00,13194.00,2.00,0.00,0.00,5.00,10.00,3160.00,0.00,1965.00,0.00,98040.00,47.55,-122.23,3490.00,13194.00
2025701190.00,20150507T000000,295000.00,3.00,1.75,1520.00,6559.00,1.00,0.00,0.00,4.00,7.00,1170.00,350.00,1992.00,0.00,98038.00,47.35,-122.04,1520.00,6095.00
226059120.00,20150123T000000,615000.00,3.00,1.75,2110.00,56192.00,1.00,0.00,0.00,3.00,7.00,1480.00,630.00,1978.00,0.00,98072.00,47.77,-122.14,2570.00,46609.00
1818800235.00,20140905T000000,1100000.00,4.00,2.75,3410.00,7750.00,1.00,0.00,4.00,5.00,8.00,1710.00,1700.00,1958.00,0.00,98116.00,47.57,-122.41,3080.00,8525.00
3905080250.00,20140926T000000,575000.00,4.00,2.50,2630.00,6247.00,2.00,0.00,0.00,3.00,8.00,2630.00,0.00,1992.00,0.00,98029.00,47.57,-122.00,2130.00,4668.00
3126049415.00,20150407T000000,388000.00,3.00,1.75,1350.00,2325.00,3.00,0.00,0.00,3.00,7.00,1350.00,0.00,1999.00,0.00,98103.00,47.70,-122.35,1520.00,1652.00
1245000500.00,20141103T000000,750500.00,4.00,2.50,2860.00,9159.00,1.00,0.00,0.00,4.00,8.00,1530.00,1330.00,1989.00,0.00,98033.00,47.69,-122.20,2070.00,8680.00
2924069132.00,20140527T000000,527500.00,3.00,1.75,2310.00,78844.00,1.00,0.00,0.00,3.00,8.00,1760.00,550.00,1977.00,0.00,98027.00,47.54,-122.07,2830.00,6230.00
922069169.00,20140529T000000,503000.00,3.00,2.00,2590.00,108900.00,2.00,0.00,0.00,3.00,8.00,1980.00,610.00,1988.00,0.00,98038.00,47.41,-122.06,3170.00,108900.00
5015000346.00,20141104T000000,1047000.00,4.00,3.50,3500.00,4000.00,2.00,0.00,0.00,3.00,10.00,2560.00,940.00,2000.00,0.00,98112.00,47.63,-122.30,1910.00,4000.00
8122101440.00,20140708T000000,325000.00,2.00,1.00,800.00,7260.00,1.00,0.00,0.00,3.00,7.00,800.00,0.00,1953.00,0.00,98126.00,47.54,-122.37,1010.00,7440.00
6413600285.00,20140825T000000,402000.00,3.00,1.75,1580.00,6127.00,1.50,0.00,0.00,5.00,7.00,1580.00,0.00,1947.00,0.00,98125.00,47.72,-122.32,1500.00,6128.00
6145601995.00,20140924T000000,370000.00,3.00,1.50,1560.00,6774.00,1.00,0.00,0.00,4.00,6.00,1060.00,500.00,1927.00,0.00,98133.00,47.70,-122.35,1320.00,3844.00
1214000080.00,20140626T000000,329950.00,3.00,1.00,1750.00,7800.00,1.00,0.00,0.00,4.00,7.00,1150.00,600.00,1956.00,0.00,98166.00,47.46,-122.34,1750.00,7560.00
3361400980.00,20150512T000000,135000.00,2.00,1.00,600.00,6120.00,1.00,0.00,0.00,3.00,5.00,600.00,0.00,1943.00,1989.00,98168.00,47.50,-122.32,1090.00,6120.00
2826049260.00,20140620T000000,482500.00,4.00,3.00,1630.00,7626.00,1.00,0.00,0.00,5.00,7.00,1110.00,520.00,1990.00,0.00,98125.00,47.72,-122.31,1630.00,8082.00
1001200050.00,20140923T000000,259000.00,4.00,1.50,1260.00,7248.00,1.50,0.00,0.00,5.00,7.00,1260.00,0.00,1955.00,0.00,98188.00,47.43,-122.29,1300.00,7732.00
8732130680.00,20141027T000000,210000.00,3.00,2.25,2140.00,9775.00,1.00,0.00,0.00,4.00,7.00,1470.00,670.00,1978.00,0.00,98023.00,47.31,-122.38,2050.00,8625.00
1310430130.00,20141009T000000,459000.00,4.00,2.75,2790.00,6600.00,2.00,0.00,0.00,3.00,9.00,2790.00,0.00,2000.00,0.00,98058.00,47.44,-122.11,2900.00,6752.00
2380000190.00,20140701T000000,375000.00,3.00,1.75,2530.00,35150.00,1.00,0.00,0.00,4.00,7.00,1800.00,730.00,1977.00,0.00,98042.00,47.39,-122.12,2460.00,36386.00
123039626.00,20141022T000000,295000.00,3.00,2.25,1330.00,7200.00,1.00,0.00,0.00,3.00,7.00,900.00,430.00,1974.00,0.00,98146.00,47.51,-122.36,1380.00,9570.00
1257200290.00,20140512T000000,910000.00,3.00,2.00,2700.00,6120.00,1.00,0.00,0.00,4.00,8.00,1350.00,1350.00,1962.00,0.00,98115.00,47.67,-122.33,1700.00,4590.00
318900080.00,20141010T000000,470000.00,4.00,1.00,1740.00,37238.00,1.50,0.00,0.00,4.00,7.00,1740.00,0.00,1932.00,0.00,98024.00,47.57,-121.90,1810.00,18352.00
8118600080.00,20150220T000000,565000.00,4.00,2.00,2070.00,7980.00,1.50,0.00,0.00,4.00,7.00,2070.00,0.00,1940.00,0.00,98146.00,47.51,-122.39,1600.00,7980.00
2023049372.00,20141107T000000,339950.00,4.00,2.25,2670.00,9040.00,1.00,0.00,0.00,3.00,8.00,2170.00,500.00,1955.00,0.00,98148.00,47.47,-122.33,1880.00,2648.00
126059005.00,20150115T000000,547000.00,5.00,3.00,2200.00,103237.00,1.00,0.00,0.00,3.00,7.00,1160.00,1040.00,1971.00,0.00,98072.00,47.77,-122.11,2300.00,103237.00
6303401150.00,20140924T000000,125000.00,2.00,1.00,810.00,8382.00,1.00,0.00,0.00,4.00,5.00,810.00,0.00,1942.00,0.00,98146.00,47.50,-122.36,1040.00,8382.00
1732801150.00,20140701T000000,2300000.00,4.00,4.75,3970.00,9778.00,2.00,0.00,2.00,4.00,11.00,3390.00,580.00,1928.00,0.00,98119.00,47.63,-122.37,3970.00,8460.00
7893800250.00,20150430T000000,348000.00,3.00,2.50,2370.00,7500.00,1.00,0.00,3.00,3.00,8.00,1620.00,750.00,1979.00,0.00,98198.00,47.41,-122.33,1960.00,8062.00
1922059298.00,20150414T000000,175000.00,3.00,1.00,1460.00,11880.00,1.00,0.00,0.00,2.00,7.00,1460.00,0.00,1961.00,0.00,98030.00,47.38,-122.22,1310.00,9315.00
2391600950.00,20140502T000000,439950.00,3.00,2.50,1770.00,2875.00,2.00,0.00,0.00,3.00,8.00,1770.00,0.00,1990.00,0.00,98116.00,47.56,-122.40,1770.00,3833.00
3623029034.00,20150311T000000,230000.00,3.00,1.00,1120.00,32250.00,1.00,0.00,0.00,4.00,6.00,1120.00,0.00,1934.00,0.00,98070.00,47.45,-122.48,1010.00,335289.00
13001991.00,20140902T000000,207000.00,3.00,2.50,1520.00,2550.00,2.00,0.00,0.00,3.00,7.00,1520.00,0.00,2005.00,0.00,98108.00,47.52,-122.33,1460.00,2550.00
1156000250.00,20140602T000000,320000.00,5.00,2.50,3020.00,21441.00,1.00,0.00,0.00,4.00,8.00,1510.00,1510.00,1978.00,0.00,98042.00,47.34,-122.13,1610.00,16445.00
1326059182.00,20150406T000000,1089000.00,5.00,3.25,5600.00,107157.00,2.00,0.00,0.00,3.00,10.00,3440.00,2160.00,1988.00,0.00,98072.00,47.73,-122.10,3470.00,75794.00
3755500080.00,20140606T000000,510000.00,4.00,1.50,1320.00,14250.00,1.00,0.00,0.00,4.00,7.00,1320.00,0.00,1954.00,0.00,98033.00,47.70,-122.20,1720.00,14250.00
5042300095.00,20141031T000000,730000.00,4.00,1.00,1870.00,4992.00,1.50,0.00,0.00,4.00,7.00,1670.00,200.00,1940.00,0.00,98199.00,47.64,-122.40,2160.00,5239.00
7772800020.00,20140813T000000,750000.00,3.00,3.75,2460.00,7630.00,1.00,0.00,0.00,5.00,8.00,1940.00,520.00,1976.00,0.00,98177.00,47.71,-122.37,2000.00,7326.00
3629000080.00,20150410T000000,237000.00,3.00,1.50,960.00,7400.00,1.00,0.00,0.00,3.00,7.00,960.00,0.00,1962.00,0.00,98198.00,47.38,-122.31,1640.00,8060.00
5126210280.00,20140926T000000,560000.00,3.00,2.50,3440.00,103672.00,2.00,0.00,0.00,3.00,9.00,3440.00,0.00,1990.00,0.00,98038.00,47.39,-121.99,2710.00,112820.00
3062600050.00,20140714T000000,745000.00,3.00,2.75,3010.00,12432.00,1.00,0.00,0.00,4.00,8.00,1890.00,1120.00,1970.00,0.00,98052.00,47.64,-122.11,2500.00,12432.00
5493110080.00,20140815T000000,1825000.00,3.00,3.75,6030.00,39317.00,2.00,0.00,0.00,3.00,11.00,4440.00,1590.00,1991.00,0.00,98004.00,47.61,-122.21,4040.00,12333.00
2560801222.00,20140618T000000,180000.00,3.00,2.25,1990.00,6350.00,2.00,0.00,0.00,3.00,7.00,1990.00,0.00,1967.00,0.00,98198.00,47.38,-122.32,1220.00,6250.00
2560801222.00,20141113T000000,309950.00,3.00,2.25,1990.00,6350.00,2.00,0.00,0.00,3.00,7.00,1990.00,0.00,1967.00,0.00,98198.00,47.38,-122.32,1220.00,6250.00
2660500095.00,20150506T000000,715000.00,4.00,1.00,1710.00,6050.00,1.50,0.00,0.00,3.00,7.00,1410.00,300.00,1913.00,0.00,98118.00,47.56,-122.29,1560.00,4950.00
4083800345.00,20150427T000000,620000.00,4.00,2.25,1890.00,4300.00,1.50,0.00,0.00,3.00,7.00,1350.00,540.00,1918.00,0.00,98103.00,47.66,-122.34,1830.00,3800.00
587800130.00,20141231T000000,330000.00,3.00,2.50,1990.00,9995.00,2.00,0.00,0.00,3.00,7.00,1990.00,0.00,1996.00,0.00,98198.00,47.38,-122.31,1680.00,7511.00
8901000585.00,20150401T000000,525000.00,4.00,1.75,1600.00,7400.00,1.00,0.00,0.00,3.00,7.00,1210.00,390.00,1973.00,0.00,98125.00,47.71,-122.31,1640.00,7500.00
8650000250.00,20140607T000000,611000.00,6.00,2.50,3820.00,53173.00,1.00,0.00,0.00,4.00,9.00,2040.00,1780.00,1974.00,0.00,98027.00,47.52,-122.05,2510.00,15314.00
4137050130.00,20140612T000000,294000.00,4.00,2.50,2210.00,8465.00,1.00,0.00,0.00,3.00,8.00,1490.00,720.00,1990.00,0.00,98092.00,47.26,-122.22,2210.00,7917.00
3288300920.00,20150421T000000,463000.00,3.00,1.75,2020.00,11095.00,1.00,0.00,0.00,4.00,7.00,1480.00,540.00,1975.00,0.00,98034.00,47.74,-122.18,2030.00,10710.00
3374500290.00,20140714T000000,320900.00,3.00,2.00,1770.00,7251.00,1.00,0.00,0.00,4.00,8.00,1770.00,0.00,1990.00,0.00,98031.00,47.41,-122.17,2560.00,7210.00
1137400420.00,20141028T000000,369950.00,4.00,2.50,2050.00,4502.00,2.00,0.00,0.00,3.00,7.00,2050.00,0.00,2005.00,0.00,98059.00,47.50,-122.15,2480.00,4504.00
3222059130.00,20140616T000000,565000.00,4.00,2.75,3130.00,139392.00,2.00,0.00,0.00,4.00,9.00,3130.00,0.00,1981.00,0.00,98030.00,47.35,-122.19,2720.00,104544.00
3959400345.00,20150311T000000,589500.00,4.00,1.50,3520.00,4933.00,1.50,0.00,0.00,4.00,8.00,2270.00,1250.00,1929.00,0.00,98108.00,47.57,-122.32,1710.00,5400.00
3971701990.00,20140812T000000,400000.00,4.00,1.75,1810.00,9750.00,2.00,0.00,0.00,4.00,7.00,1810.00,0.00,1977.00,0.00,98155.00,47.77,-122.31,1570.00,10000.00
686530170.00,20141022T000000,458000.00,3.00,2.25,2150.00,9900.00,1.00,0.00,0.00,3.00,8.00,1450.00,700.00,1977.00,0.00,98052.00,47.66,-122.15,2170.00,9500.00
808300470.00,20141202T000000,436000.00,4.00,2.50,2495.00,5751.00,2.00,0.00,0.00,3.00,7.00,2495.00,0.00,2002.00,0.00,98019.00,47.72,-121.96,2490.00,6300.00
7129303180.00,20141002T000000,310000.00,3.00,2.00,1290.00,6150.00,1.00,0.00,1.00,5.00,6.00,1290.00,0.00,1950.00,0.00,98118.00,47.52,-122.26,1960.00,6150.00
8944460290.00,20141023T000000,398000.00,5.00,2.50,3004.00,5700.00,2.00,0.00,0.00,3.00,9.00,3004.00,0.00,2006.00,0.00,98030.00,47.38,-122.19,2665.00,5700.00
2128000050.00,20140815T000000,625000.00,4.00,2.25,2070.00,7200.00,1.00,0.00,0.00,5.00,8.00,1390.00,680.00,1977.00,0.00,98033.00,47.70,-122.17,2110.00,8400.00
4139910170.00,20141216T000000,1005000.00,5.00,3.25,4050.00,35600.00,2.00,0.00,0.00,3.00,12.00,4050.00,0.00,1990.00,0.00,98006.00,47.55,-122.12,4770.00,33880.00
8122100235.00,20150413T000000,435000.00,2.00,1.00,960.00,6250.00,1.00,0.00,0.00,4.00,6.00,740.00,220.00,1940.00,0.00,98126.00,47.54,-122.38,1090.00,6000.00
1117000050.00,20150313T000000,250000.00,3.00,2.25,1900.00,9990.00,1.00,0.00,0.00,3.00,7.00,1300.00,600.00,1961.00,0.00,98003.00,47.35,-122.30,1900.00,9990.00
5361700020.00,20150317T000000,430000.00,3.00,1.50,1450.00,7316.00,1.00,0.00,0.00,3.00,7.00,1450.00,0.00,1961.00,0.00,98133.00,47.77,-122.35,1440.00,7316.00
1315300095.00,20140812T000000,790000.00,4.00,3.50,2720.00,3000.00,2.00,0.00,0.00,3.00,9.00,2250.00,470.00,2014.00,0.00,98136.00,47.54,-122.39,1600.00,4600.00
5093300280.00,20140709T000000,1681000.00,5.00,5.25,4830.00,18707.00,2.00,0.00,1.00,5.00,9.00,3930.00,900.00,1952.00,1998.00,98040.00,47.59,-122.25,2880.00,10520.00
3438503214.00,20150407T000000,250000.00,4.00,2.75,1920.00,7102.00,1.00,0.00,0.00,3.00,7.00,1130.00,790.00,1992.00,0.00,98106.00,47.54,-122.36,1830.00,6440.00
2346800461.00,20140613T000000,1120000.00,5.00,1.50,2540.00,6660.00,2.00,0.00,3.00,4.00,8.00,2340.00,200.00,1954.00,0.00,98136.00,47.51,-122.39,2460.00,9000.00
1826049408.00,20150427T000000,383900.00,3.00,1.50,1600.00,8040.00,1.00,0.00,0.00,4.00,7.00,1050.00,550.00,1965.00,0.00,98133.00,47.75,-122.34,1810.00,7819.00
5468780020.00,20150326T000000,330000.00,4.00,2.50,2210.00,5929.00,2.00,0.00,0.00,3.00,8.00,2210.00,0.00,2004.00,0.00,98042.00,47.35,-122.14,2200.00,5901.00
1126059091.00,20140915T000000,624000.00,3.00,2.50,2510.00,47044.00,1.00,0.00,0.00,4.00,7.00,1910.00,600.00,1975.00,0.00,98072.00,47.75,-122.14,2510.00,42803.00
3010300415.00,20150211T000000,383000.00,5.00,2.00,2280.00,5750.00,1.00,0.00,0.00,4.00,8.00,1140.00,1140.00,1951.00,0.00,98116.00,47.57,-122.39,1780.00,5750.00
619079016.00,20140602T000000,687000.00,4.00,3.25,4400.00,186846.00,2.00,0.00,0.00,4.00,9.00,4400.00,0.00,1993.00,0.00,98022.00,47.16,-121.96,2280.00,186846.00
3449800010.00,20150309T000000,558000.00,4.00,3.25,3160.00,8876.00,2.00,0.00,0.00,3.00,9.00,2460.00,700.00,1997.00,0.00,98056.00,47.52,-122.18,2900.00,10000.00
1231000500.00,20140905T000000,275000.00,3.00,2.00,1380.00,3500.00,2.00,0.00,0.00,3.00,7.00,1380.00,0.00,1971.00,0.00,98118.00,47.56,-122.27,1620.00,3900.00
4191500130.00,20140728T000000,687500.00,5.00,2.75,3320.00,10500.00,1.00,0.00,0.00,4.00,7.00,2020.00,1300.00,1963.00,0.00,98033.00,47.69,-122.17,1840.00,10425.00
104550660.00,20140728T000000,275000.00,3.00,2.50,1870.00,6821.00,2.00,0.00,0.00,3.00,7.00,1870.00,0.00,1989.00,0.00,98023.00,47.31,-122.36,1970.00,6821.00
1769600066.00,20141211T000000,700000.00,3.00,3.50,3030.00,11550.00,2.00,0.00,2.00,3.00,8.00,3030.00,0.00,1971.00,2011.00,98146.00,47.51,-122.38,2340.00,10560.00
3762900020.00,20140624T000000,342500.00,2.00,1.75,1210.00,7507.00,1.00,0.00,0.00,3.00,7.00,1210.00,0.00,1982.00,0.00,98034.00,47.71,-122.23,1840.00,7500.00
1626069253.00,20140506T000000,483500.00,4.00,2.50,2740.00,45732.00,2.00,0.00,0.00,3.00,8.00,2740.00,0.00,1995.00,0.00,98077.00,47.74,-122.05,2080.00,43560.00
3904100089.00,20140801T000000,190000.00,3.00,1.75,1350.00,7370.00,1.00,0.00,0.00,4.00,6.00,1350.00,0.00,1912.00,0.00,98118.00,47.53,-122.28,1440.00,6000.00
3904100089.00,20150318T000000,300000.00,3.00,1.75,1350.00,7370.00,1.00,0.00,0.00,4.00,6.00,1350.00,0.00,1912.00,0.00,98118.00,47.53,-122.28,1440.00,6000.00
1797500780.00,20140521T000000,540000.00,3.00,2.00,1470.00,1691.00,2.00,0.00,0.00,3.00,8.00,1000.00,470.00,2007.00,0.00,98115.00,47.67,-122.32,1660.00,4000.00
7614100080.00,20150211T000000,140000.00,3.00,1.75,1270.00,8991.00,2.00,0.00,0.00,3.00,7.00,1270.00,0.00,1981.00,0.00,98042.00,47.36,-122.15,1270.00,8993.00
87000006.00,20150413T000000,275000.00,4.00,1.75,1680.00,19405.00,1.00,0.00,0.00,4.00,7.00,1560.00,120.00,1959.00,0.00,98055.00,47.46,-122.20,2000.00,12900.00
8074200185.00,20140825T000000,370000.00,3.00,2.75,2120.00,7650.00,1.00,0.00,0.00,4.00,7.00,2120.00,0.00,1958.00,0.00,98056.00,47.49,-122.18,1180.00,7650.00
9310300185.00,20150325T000000,227000.00,2.00,1.00,1040.00,9100.00,1.00,0.00,0.00,4.00,7.00,1040.00,0.00,1937.00,0.00,98133.00,47.74,-122.35,1950.00,13228.00
1433100010.00,20150128T000000,312000.00,4.00,1.00,1730.00,8706.00,1.00,0.00,0.00,4.00,7.00,1010.00,720.00,1962.00,0.00,98058.00,47.46,-122.18,1369.00,8418.00
7129302555.00,20141003T000000,260000.00,2.00,1.00,1410.00,5650.00,1.50,0.00,0.00,3.00,6.00,1410.00,0.00,1918.00,0.00,98118.00,47.52,-122.26,1430.00,5650.00
809002705.00,20140710T000000,797000.00,3.00,2.50,1370.00,1911.00,2.00,0.00,0.00,3.00,9.00,1370.00,0.00,1907.00,2011.00,98109.00,47.64,-122.35,1630.00,2090.00
3026079005.00,20141017T000000,640000.00,6.00,2.00,2840.00,228690.00,1.50,0.00,0.00,3.00,6.00,2720.00,120.00,1948.00,0.00,98019.00,47.72,-121.97,2330.00,228690.00
2413910050.00,20150213T000000,605000.00,4.00,1.75,3280.00,35160.00,1.00,0.00,0.00,3.00,7.00,2080.00,1200.00,1976.00,0.00,98053.00,47.67,-122.06,2510.00,31331.00
8078550190.00,20150302T000000,329950.00,3.00,2.25,2070.00,7995.00,1.00,0.00,0.00,3.00,7.00,1350.00,720.00,1987.00,0.00,98031.00,47.40,-122.18,1620.00,6799.00
2225079030.00,20141212T000000,180000.00,2.00,1.00,960.00,87991.00,1.50,0.00,0.00,3.00,5.00,960.00,0.00,1946.00,0.00,98014.00,47.63,-121.90,1940.00,392040.00
2019200480.00,20140813T000000,220000.00,3.00,2.25,1470.00,7518.00,1.00,0.00,0.00,3.00,7.00,1160.00,310.00,1985.00,0.00,98003.00,47.27,-122.30,1720.00,8300.00
9274202005.00,20140702T000000,723000.00,4.00,2.25,2430.00,4748.00,1.50,0.00,0.00,3.00,8.00,1630.00,800.00,1928.00,0.00,98116.00,47.59,-122.39,2430.00,4748.00
3834500170.00,20150116T000000,375000.00,3.00,1.75,1430.00,8412.00,1.00,0.00,0.00,4.00,7.00,1070.00,360.00,1928.00,0.00,98125.00,47.72,-122.30,1490.00,8410.00
1223039242.00,20150126T000000,388000.00,3.00,1.75,1760.00,9277.00,1.00,0.00,0.00,4.00,7.00,1760.00,0.00,1962.00,0.00,98146.00,47.50,-122.36,1760.00,7650.00
7657600005.00,20141031T000000,249950.00,5.00,2.00,1730.00,7375.00,1.00,0.00,0.00,4.00,6.00,1730.00,0.00,1944.00,0.00,98178.00,47.50,-122.24,1550.00,7125.00
8963300005.00,20141106T000000,390000.00,5.00,1.75,2290.00,7900.00,1.00,0.00,0.00,4.00,7.00,1190.00,1100.00,1965.00,0.00,98133.00,47.76,-122.36,1870.00,8250.00
2287000280.00,20140917T000000,705000.00,4.00,1.75,1690.00,11739.00,1.00,0.00,0.00,4.00,8.00,1690.00,0.00,1959.00,0.00,98040.00,47.55,-122.22,2300.00,11600.00
686300420.00,20140623T000000,590000.00,4.00,2.50,3220.00,7875.00,1.50,0.00,0.00,4.00,8.00,3220.00,0.00,1966.00,0.00,98008.00,47.63,-122.12,1600.00,7875.00
9335400005.00,20141010T000000,292000.00,4.00,1.75,2130.00,11097.00,1.00,0.00,0.00,3.00,7.00,1370.00,760.00,1952.00,0.00,98166.00,47.46,-122.36,1850.00,11097.00
2321059093.00,20140805T000000,506000.00,3.00,2.50,2100.00,213008.00,1.00,0.00,0.00,3.00,8.00,2100.00,0.00,1990.00,0.00,98092.00,47.30,-122.14,1330.00,214315.00
7732410380.00,20140604T000000,907500.00,4.00,2.50,2770.00,8642.00,2.00,0.00,0.00,4.00,9.00,2770.00,0.00,1987.00,0.00,98007.00,47.66,-122.15,2670.00,9000.00
3625049088.00,20140702T000000,2271150.00,4.00,3.25,4040.00,18916.00,1.00,0.00,0.00,4.00,9.00,4040.00,0.00,1954.00,0.00,98039.00,47.62,-122.24,3000.00,18831.00
13001795.00,20141014T000000,319500.00,4.00,2.75,2500.00,5100.00,1.50,0.00,0.00,4.00,7.00,1420.00,1080.00,1907.00,0.00,98108.00,47.52,-122.33,1430.00,5100.00
1604602195.00,20150223T000000,265000.00,5.00,1.75,1580.00,5292.00,1.00,0.00,0.00,3.00,6.00,980.00,600.00,1913.00,0.00,98118.00,47.57,-122.29,1600.00,2976.00
1003400250.00,20140605T000000,237000.00,3.00,1.00,1130.00,10650.00,1.00,0.00,0.00,3.00,7.00,1130.00,0.00,1954.00,0.00,98188.00,47.44,-122.29,1320.00,10650.00
42000006.00,20140910T000000,235000.00,5.00,1.00,1500.00,9282.00,1.50,0.00,0.00,5.00,6.00,1500.00,0.00,1966.00,0.00,98168.00,47.47,-122.28,1520.00,9639.00
1193000380.00,20150330T000000,740000.00,4.00,2.25,2230.00,6000.00,1.50,0.00,2.00,3.00,8.00,1810.00,420.00,1928.00,0.00,98199.00,47.65,-122.39,2840.00,6000.00
6300500545.00,20140709T000000,359000.00,3.00,1.50,1550.00,4980.00,1.00,0.00,0.00,3.00,7.00,1080.00,470.00,1978.00,0.00,98133.00,47.70,-122.34,940.00,4980.00
538000190.00,20150213T000000,334950.00,4.00,2.50,2230.00,5500.00,2.00,0.00,0.00,3.00,7.00,2230.00,0.00,1999.00,0.00,98038.00,47.35,-122.02,1910.00,5500.00
2826049091.00,20140929T000000,259950.00,2.00,1.00,790.00,8100.00,1.00,0.00,0.00,3.00,6.00,790.00,0.00,1947.00,0.00,98125.00,47.72,-122.31,1420.00,8100.00
6147650170.00,20140514T000000,253000.00,4.00,2.50,2230.00,4541.00,2.00,0.00,0.00,3.00,7.00,2230.00,0.00,2006.00,0.00,98042.00,47.38,-122.10,2800.00,4860.00
3630030500.00,20140612T000000,561000.00,3.00,2.25,1710.00,4140.00,2.00,0.00,0.00,3.00,8.00,1710.00,0.00,2004.00,0.00,98029.00,47.55,-122.00,1730.00,3680.00
6844701680.00,20150325T000000,455000.00,2.00,1.50,1260.00,5100.00,1.00,0.00,0.00,3.00,7.00,1260.00,0.00,1941.00,0.00,98115.00,47.69,-122.29,1640.00,5100.00
9542000275.00,20150406T000000,675000.00,4.00,2.50,2420.00,18470.00,1.00,0.00,0.00,3.00,8.00,920.00,1500.00,1968.00,0.00,98005.00,47.60,-122.18,2690.00,13800.00
1423600020.00,20140626T000000,267000.00,3.00,1.50,1090.00,8160.00,1.00,0.00,0.00,3.00,7.00,1090.00,0.00,1967.00,2014.00,98058.00,47.46,-122.18,1260.00,7560.00
8944460170.00,20141106T000000,368000.00,4.00,2.50,2689.00,5724.00,2.00,0.00,0.00,3.00,9.00,2689.00,0.00,2006.00,0.00,98030.00,47.38,-122.18,2665.00,5700.00
6431000005.00,20141123T000000,599995.00,3.00,1.00,1620.00,3000.00,1.50,0.00,0.00,5.00,7.00,1620.00,0.00,1928.00,0.00,98103.00,47.69,-122.35,1420.00,3060.00
3755000020.00,20140917T000000,342500.00,3.00,1.00,940.00,10500.00,1.00,0.00,0.00,4.00,7.00,940.00,0.00,1966.00,0.00,98034.00,47.73,-122.23,1660.00,10500.00
1503200050.00,20141118T000000,252000.00,4.00,1.75,1940.00,13370.00,1.00,0.00,0.00,4.00,8.00,1940.00,0.00,1974.00,0.00,98023.00,47.32,-122.37,2405.00,11769.00
2599000130.00,20140716T000000,247200.00,3.00,1.00,1590.00,11200.00,1.00,0.00,0.00,4.00,7.00,1590.00,0.00,1961.00,0.00,98092.00,47.29,-122.19,1560.00,9750.00
871001980.00,20140506T000000,910000.00,3.00,3.50,3020.00,4082.00,2.00,0.00,0.00,3.00,9.00,2080.00,940.00,1954.00,2004.00,98199.00,47.65,-122.41,2060.00,5102.00
1774000170.00,20150105T000000,419950.00,4.00,1.75,1870.00,16549.00,1.00,0.00,0.00,3.00,8.00,1870.00,0.00,1969.00,0.00,98072.00,47.75,-122.08,1870.00,10804.00
8945300290.00,20150226T000000,160000.00,3.00,1.00,880.00,8976.00,1.00,0.00,0.00,4.00,6.00,880.00,0.00,1966.00,0.00,98023.00,47.31,-122.37,990.00,8760.00
9433000480.00,20140922T000000,799950.00,4.00,3.50,3030.00,5494.00,3.00,0.00,0.00,3.00,9.00,3030.00,0.00,2014.00,0.00,98052.00,47.71,-122.11,2910.00,5314.00
6672920050.00,20140617T000000,400000.00,3.00,2.25,2140.00,11266.00,2.00,0.00,0.00,3.00,7.00,2140.00,0.00,1986.00,0.00,98019.00,47.73,-121.97,2000.00,14174.00
7893805650.00,20140505T000000,210000.00,5.00,2.00,2050.00,10200.00,1.00,0.00,0.00,3.00,6.00,1430.00,620.00,1956.00,0.00,98198.00,47.41,-122.33,1940.00,8625.00
7893805650.00,20150313T000000,475000.00,5.00,2.00,2050.00,10200.00,1.00,0.00,0.00,3.00,6.00,1430.00,620.00,1956.00,0.00,98198.00,47.41,-122.33,1940.00,8625.00
9542830480.00,20150504T000000,355900.00,3.00,2.50,2090.00,3821.00,2.00,0.00,0.00,3.00,7.00,2090.00,0.00,2008.00,0.00,98038.00,47.37,-122.02,2040.00,4200.00
3824100364.00,20150120T000000,420000.00,3.00,2.25,2520.00,26943.00,1.00,0.00,0.00,3.00,7.00,1760.00,760.00,1977.00,0.00,98028.00,47.77,-122.25,2300.00,10004.00
9542850290.00,20140825T000000,710000.00,4.00,2.50,2630.00,8580.00,1.00,0.00,0.00,4.00,9.00,1700.00,930.00,1977.00,0.00,98005.00,47.59,-122.17,2430.00,10240.00
5726500130.00,20150407T000000,518000.00,4.00,1.75,2560.00,15000.00,1.00,0.00,0.00,3.00,7.00,1880.00,680.00,1974.00,0.00,98075.00,47.60,-122.05,2210.00,15150.00
1862400285.00,20141016T000000,375000.00,3.00,1.00,1200.00,5404.00,1.00,0.00,0.00,3.00,6.00,1200.00,0.00,1937.00,0.00,98117.00,47.70,-122.37,1200.00,5987.00
6123600285.00,20141107T000000,185000.00,3.00,1.50,1010.00,7755.00,1.00,0.00,0.00,3.00,6.00,1010.00,0.00,1953.00,0.00,98148.00,47.42,-122.33,1270.00,8350.00
6838000170.00,20140829T000000,402000.00,3.00,2.50,1520.00,3425.00,2.00,0.00,0.00,3.00,7.00,1520.00,0.00,1986.00,0.00,98052.00,47.68,-122.16,1640.00,3425.00
2922069134.00,20140829T000000,585000.00,3.00,1.75,2170.00,153767.00,1.00,0.00,0.00,3.00,7.00,2170.00,0.00,1976.00,0.00,98042.00,47.37,-122.07,2840.00,49500.00
2767603165.00,20150122T000000,500000.00,4.00,2.00,1980.00,4500.00,2.00,0.00,0.00,4.00,7.00,1980.00,0.00,1910.00,0.00,98107.00,47.67,-122.38,1550.00,2541.00
1118001835.00,20141223T000000,1715000.00,4.00,2.50,3070.00,7207.00,2.00,0.00,0.00,4.00,10.00,2670.00,400.00,1927.00,0.00,98112.00,47.63,-122.29,3190.00,7523.00
4030100290.00,20141001T000000,1680000.00,5.00,3.50,5170.00,7197.00,3.00,1.00,4.00,3.00,11.00,3520.00,1650.00,1998.00,0.00,98155.00,47.76,-122.27,3020.00,12880.00
9828702335.00,20150212T000000,570000.00,2.00,2.00,1140.00,690.00,2.00,0.00,0.00,3.00,8.00,760.00,380.00,2014.00,0.00,98112.00,47.62,-122.30,1480.00,1171.00
8141200080.00,20140814T000000,680000.00,8.00,2.75,2530.00,4800.00,2.00,0.00,0.00,4.00,7.00,1390.00,1140.00,1901.00,0.00,98112.00,47.62,-122.31,1540.00,4800.00
9407101850.00,20141209T000000,345000.00,3.00,2.25,1690.00,14615.00,2.00,0.00,0.00,4.00,7.00,1690.00,0.00,1979.00,0.00,98045.00,47.45,-121.78,1390.00,11360.00
9542830050.00,20150422T000000,355000.00,4.00,2.50,2150.00,3600.00,2.00,0.00,0.00,3.00,7.00,2150.00,0.00,2010.00,0.00,98038.00,47.37,-122.02,2220.00,3915.00
4038300010.00,20140922T000000,390000.00,3.00,1.50,1180.00,7700.00,1.00,0.00,0.00,4.00,7.00,1180.00,0.00,1959.00,0.00,98007.00,47.61,-122.13,1510.00,8800.00
1898700050.00,20150428T000000,128000.00,3.00,1.00,1400.00,9690.00,1.00,0.00,0.00,3.00,7.00,1400.00,0.00,1969.00,0.00,98023.00,47.32,-122.40,1280.00,9600.00
826000480.00,20140826T000000,448500.00,3.00,1.75,1300.00,4800.00,2.00,0.00,1.00,4.00,7.00,1300.00,0.00,1912.00,0.00,98136.00,47.55,-122.38,1300.00,4800.00
6163901150.00,20141109T000000,346000.00,3.00,1.75,1590.00,9636.00,1.50,0.00,0.00,4.00,6.00,1590.00,0.00,1953.00,0.00,98155.00,47.75,-122.32,1800.00,9975.00
3956900480.00,20140903T000000,779000.00,3.00,1.75,1990.00,5600.00,1.00,0.00,1.00,3.00,8.00,1330.00,660.00,1941.00,0.00,98199.00,47.65,-122.42,2630.00,6780.00
3824100020.00,20150203T000000,335000.00,3.00,1.75,1510.00,9720.00,1.00,0.00,0.00,3.00,7.00,1510.00,0.00,1948.00,1976.00,98028.00,47.77,-122.26,1520.00,10037.00
5026900235.00,20140911T000000,1850000.00,4.00,3.25,2910.00,1880.00,2.00,0.00,3.00,5.00,9.00,1830.00,1080.00,1914.00,0.00,98122.00,47.62,-122.28,3100.00,8200.00
1330850130.00,20150218T000000,799990.00,3.00,2.50,2850.00,21780.00,2.00,0.00,0.00,3.00,10.00,2850.00,0.00,1994.00,0.00,98053.00,47.65,-122.04,3020.00,21798.00
1726059134.00,20141010T000000,1075000.00,3.00,2.50,2830.00,56628.00,2.00,0.00,0.00,3.00,11.00,2830.00,0.00,2001.00,0.00,98011.00,47.74,-122.20,2830.00,16430.00
2767604551.00,20140822T000000,371000.00,2.00,1.50,1110.00,1189.00,3.00,0.00,0.00,3.00,8.00,1110.00,0.00,2000.00,0.00,98107.00,47.67,-122.38,1420.00,1311.00
7424600020.00,20141027T000000,620000.00,4.00,2.50,1900.00,9775.00,1.00,0.00,0.00,5.00,7.00,1900.00,0.00,1967.00,0.00,98033.00,47.69,-122.17,1990.00,10500.00
8731000010.00,20140515T000000,343000.00,4.00,1.75,2290.00,10290.00,1.00,0.00,0.00,3.00,7.00,1340.00,950.00,1960.00,0.00,98146.00,47.50,-122.37,1800.00,7605.00
5104200380.00,20141014T000000,265000.00,3.00,1.00,1010.00,14948.00,1.00,0.00,0.00,5.00,6.00,1010.00,0.00,1969.00,0.00,98059.00,47.48,-122.14,1510.00,9600.00
1311030430.00,20140804T000000,1000000.00,5.00,2.50,4670.00,15857.00,2.00,0.00,0.00,3.00,11.00,4670.00,0.00,1998.00,0.00,98074.00,47.63,-122.01,3810.00,14824.00
3585900190.00,20141006T000000,825000.00,3.00,2.50,3400.00,38400.00,1.00,0.00,4.00,3.00,8.00,1870.00,1530.00,1955.00,2015.00,98177.00,47.76,-122.37,3400.00,24338.00
98020630.00,20150414T000000,889000.00,4.00,3.50,4070.00,10976.00,2.00,0.00,0.00,3.00,10.00,4070.00,0.00,2004.00,0.00,98075.00,47.58,-121.97,4080.00,10106.00
3826500470.00,20150415T000000,305000.00,3.00,2.25,1630.00,10962.00,1.00,0.00,0.00,4.00,8.00,1100.00,530.00,1977.00,0.00,98030.00,47.38,-122.17,1830.00,8470.00
5422560660.00,20141030T000000,407000.00,2.00,2.50,1700.00,6635.00,2.00,0.00,0.00,4.00,8.00,1700.00,0.00,1976.00,0.00,98052.00,47.67,-122.13,1700.00,6635.00
267000130.00,20140603T000000,613000.00,5.00,2.50,2070.00,12000.00,1.00,0.00,0.00,4.00,7.00,1340.00,730.00,1967.00,0.00,98008.00,47.63,-122.10,2090.00,12000.00
6117502230.00,20141201T000000,1637500.00,3.00,3.50,4660.00,21164.00,2.00,1.00,4.00,3.00,12.00,4660.00,0.00,1975.00,1990.00,98166.00,47.44,-122.35,3140.00,24274.00
2402100675.00,20150210T000000,645000.00,3.00,3.75,2050.00,6000.00,2.00,0.00,0.00,5.00,7.00,1550.00,500.00,1910.00,0.00,98103.00,47.69,-122.33,1780.00,4000.00
1624059224.00,20140618T000000,1160000.00,4.00,3.50,4680.00,9700.00,2.00,0.00,0.00,3.00,10.00,3360.00,1320.00,2005.00,0.00,98006.00,47.57,-122.17,2800.00,12343.00
3811000250.00,20140929T000000,610000.00,3.00,2.25,2320.00,38186.00,2.00,0.00,0.00,3.00,8.00,2320.00,0.00,1980.00,0.00,98053.00,47.66,-122.07,2875.00,37523.00
8029520250.00,20150318T000000,450000.00,3.00,2.50,3800.00,13071.00,2.00,0.00,0.00,3.00,10.00,2730.00,1070.00,1994.00,0.00,98023.00,47.31,-122.40,2980.00,11110.00
3438501150.00,20140728T000000,300000.00,3.00,2.00,720.00,7598.00,1.00,0.00,0.00,5.00,6.00,720.00,0.00,1947.00,0.00,98106.00,47.55,-122.36,1080.00,7209.00
3582900280.00,20140606T000000,1120000.00,5.00,2.75,4400.00,18500.00,1.00,0.00,3.00,5.00,9.00,2250.00,2150.00,1963.00,0.00,98028.00,47.74,-122.26,3290.00,19257.00
3521069142.00,20150224T000000,418200.00,3.00,2.50,2260.00,74297.00,2.00,0.00,0.00,3.00,9.00,2260.00,0.00,1992.00,0.00,98022.00,47.27,-122.01,3110.00,98000.00
646910020.00,20140828T000000,250000.00,3.00,2.50,1650.00,2802.00,2.00,0.00,0.00,3.00,7.00,1650.00,0.00,2004.00,0.00,98055.00,47.43,-122.20,1490.00,2084.00
1026069134.00,20140825T000000,619000.00,3.00,2.50,2560.00,43608.00,2.00,0.00,0.00,3.00,9.00,2560.00,0.00,2002.00,0.00,98077.00,47.76,-122.03,3000.00,54088.00
5230000020.00,20140630T000000,500000.00,4.00,3.00,3720.00,15048.00,3.00,0.00,0.00,3.00,7.00,3720.00,0.00,1979.00,2014.00,98059.00,47.51,-122.14,2020.00,15180.00
1442740010.00,20141107T000000,465000.00,4.00,2.50,2590.00,16437.00,2.00,0.00,0.00,3.00,8.00,2590.00,0.00,1986.00,0.00,98038.00,47.37,-122.06,2320.00,15625.00
7937600010.00,20141212T000000,322000.00,4.00,1.00,1750.00,68841.00,1.00,0.00,0.00,3.00,7.00,1750.00,0.00,1942.00,0.00,98058.00,47.44,-122.08,1550.00,32799.00
1545801410.00,20150128T000000,276900.00,3.00,2.50,1620.00,7320.00,2.00,0.00,0.00,3.00,7.00,1620.00,0.00,1989.00,0.00,98038.00,47.36,-122.05,1550.00,7686.00
1235700073.00,20150318T000000,660000.00,3.00,2.25,1700.00,12615.00,1.00,0.00,0.00,4.00,7.00,1300.00,400.00,1990.00,0.00,98033.00,47.70,-122.20,1950.00,13163.00
7806450050.00,20141029T000000,480000.00,3.00,2.50,2450.00,28185.00,2.00,0.00,0.00,3.00,9.00,2450.00,0.00,1990.00,0.00,98058.00,47.47,-122.12,2440.00,33541.00
3250500103.00,20150408T000000,925000.00,3.00,1.75,1610.00,10796.00,1.00,0.00,0.00,3.00,7.00,1070.00,540.00,1951.00,0.00,98004.00,47.63,-122.21,1940.00,10796.00
2624300080.00,20140724T000000,825000.00,3.00,3.00,3730.00,35900.00,1.00,0.00,0.00,3.00,9.00,2960.00,770.00,1979.00,0.00,98008.00,47.58,-122.12,2280.00,16026.00
7568700525.00,20150318T000000,326000.00,2.00,1.00,1210.00,7440.00,1.00,0.00,0.00,3.00,6.00,780.00,430.00,1940.00,0.00,98155.00,47.74,-122.32,1070.00,7440.00
7683800010.00,20150421T000000,205000.00,3.00,1.00,1300.00,9880.00,1.00,0.00,0.00,4.00,7.00,1300.00,0.00,1959.00,0.00,98003.00,47.34,-122.30,2140.00,9600.00
3089000005.00,20140724T000000,150000.00,2.00,1.00,850.00,54000.00,1.50,0.00,0.00,1.00,4.00,850.00,0.00,1950.00,0.00,98023.00,47.30,-122.38,1550.00,14440.00
9510970010.00,20150429T000000,593567.00,3.00,2.50,1770.00,3205.00,2.00,0.00,0.00,3.00,9.00,1770.00,0.00,2005.00,0.00,98052.00,47.67,-122.08,2120.00,4134.00
9560800290.00,20140814T000000,440000.00,3.00,2.50,2060.00,11231.00,2.00,0.00,0.00,3.00,8.00,2060.00,0.00,1987.00,0.00,98072.00,47.76,-122.14,2140.00,10224.00
1385100050.00,20140716T000000,751000.00,3.00,2.50,3090.00,13316.00,2.00,0.00,0.00,3.00,10.00,3090.00,0.00,1992.00,0.00,98075.00,47.59,-122.08,2980.00,14437.00
3294700101.00,20140909T000000,295000.00,2.00,1.75,1050.00,6500.00,1.50,0.00,2.00,4.00,6.00,1050.00,0.00,1925.00,0.00,98055.00,47.47,-122.20,1320.00,10075.00
8021700725.00,20140904T000000,422500.00,3.00,2.00,1300.00,2250.00,2.00,0.00,0.00,3.00,7.00,1300.00,0.00,1988.00,0.00,98103.00,47.69,-122.33,1300.00,4500.00
4038200480.00,20141201T000000,480000.00,3.00,1.00,1160.00,8800.00,1.00,0.00,0.00,4.00,7.00,1160.00,0.00,1959.00,0.00,98008.00,47.61,-122.13,1750.00,8400.00
3630180380.00,20140725T000000,890900.00,4.00,2.50,3420.00,6233.00,2.00,0.00,0.00,3.00,9.00,3420.00,0.00,2006.00,0.00,98027.00,47.54,-122.00,3350.00,5000.00
2782100280.00,20140529T000000,672500.00,4.00,2.75,2620.00,6707.00,2.00,0.00,0.00,3.00,9.00,2620.00,0.00,2000.00,0.00,98075.00,47.60,-122.04,2590.00,6530.00
3797002575.00,20141010T000000,605000.00,4.00,1.50,1880.00,3500.00,1.00,0.00,0.00,4.00,7.00,1080.00,800.00,1926.00,0.00,98103.00,47.68,-122.35,1690.00,3500.00
9315600050.00,20150317T000000,1675000.00,5.00,3.25,4560.00,19080.00,1.00,0.00,0.00,5.00,9.00,2490.00,2070.00,1963.00,0.00,98004.00,47.63,-122.23,3390.00,20140.00
1939110080.00,20140926T000000,565000.00,4.00,2.50,2330.00,7936.00,2.00,0.00,0.00,3.00,9.00,2330.00,0.00,1987.00,0.00,98074.00,47.63,-122.03,2460.00,8137.00
5423030380.00,20150506T000000,725000.00,4.00,1.75,2350.00,7574.00,1.00,0.00,0.00,3.00,8.00,1720.00,630.00,1979.00,0.00,98027.00,47.56,-122.09,2220.00,8496.00
5693501100.00,20140731T000000,640000.00,3.00,3.00,1560.00,1466.00,3.00,0.00,0.00,3.00,8.00,1560.00,0.00,2006.00,0.00,98103.00,47.66,-122.35,1530.00,2975.00
1612500170.00,20150226T000000,253750.00,4.00,1.00,1380.00,7110.00,1.50,0.00,0.00,3.00,6.00,1380.00,0.00,1939.00,0.00,98030.00,47.38,-122.23,1430.00,7110.00
6116500290.00,20140714T000000,799950.00,6.00,2.75,3040.00,36721.00,1.00,0.00,3.00,4.00,9.00,1760.00,1280.00,1958.00,0.00,98166.00,47.45,-122.36,2420.00,21075.00
2450000275.00,20140716T000000,595000.00,4.00,1.50,1350.00,8113.00,1.00,0.00,0.00,4.00,7.00,1350.00,0.00,1959.00,0.00,98004.00,47.58,-122.20,1930.00,8113.00
2194100050.00,20140929T000000,850000.00,4.00,2.50,3180.00,11652.00,2.00,0.00,1.00,3.00,9.00,3180.00,0.00,1977.00,0.00,98040.00,47.57,-122.21,3110.00,15183.00
3782760280.00,20141002T000000,366000.00,3.00,2.50,1790.00,4065.00,2.00,0.00,0.00,3.00,8.00,1790.00,0.00,2009.00,0.00,98019.00,47.73,-121.97,2480.00,4252.00
4320200020.00,20140922T000000,715000.00,4.00,3.00,1986.00,6000.00,2.00,0.00,2.00,4.00,8.00,1746.00,240.00,1922.00,0.00,98136.00,47.54,-122.39,1930.00,6200.00
2944500420.00,20141211T000000,300000.00,4.00,2.50,2400.00,7215.00,2.00,0.00,0.00,3.00,8.00,2400.00,0.00,1992.00,0.00,98023.00,47.29,-122.37,2220.00,7760.00
3616600231.00,20140603T000000,960000.00,4.00,3.00,4590.00,9150.00,2.00,0.00,0.00,3.00,10.00,3490.00,1100.00,1981.00,0.00,98177.00,47.72,-122.37,2910.00,12348.00
6758700050.00,20150401T000000,812000.00,3.00,2.00,1970.00,3420.00,2.00,0.00,3.00,5.00,8.00,1970.00,0.00,1913.00,0.00,98103.00,47.68,-122.35,1770.00,3420.00
2545900050.00,20140509T000000,234950.00,3.00,1.00,1360.00,9948.00,1.00,0.00,0.00,3.00,6.00,1360.00,0.00,1977.00,0.00,98010.00,47.34,-122.05,1670.00,8475.00
8824900050.00,20140612T000000,656500.00,4.00,2.00,2710.00,4750.00,1.00,0.00,0.00,4.00,7.00,1460.00,1250.00,1919.00,0.00,98115.00,47.68,-122.31,1700.00,3800.00
6300000213.00,20140703T000000,255000.00,2.00,1.50,920.00,1598.00,2.00,0.00,0.00,3.00,7.00,920.00,0.00,1995.00,0.00,98133.00,47.71,-122.34,1110.00,1598.00
2211700290.00,20141204T000000,538000.00,3.00,2.75,2000.00,7204.00,1.00,0.00,0.00,5.00,7.00,1250.00,750.00,1960.00,0.00,98006.00,47.57,-122.12,2480.00,17633.00
739500050.00,20140701T000000,260000.00,3.00,2.25,1920.00,9680.00,1.00,0.00,0.00,4.00,7.00,1300.00,620.00,1961.00,0.00,98031.00,47.41,-122.20,1500.00,9516.00
6190500380.00,20141027T000000,546200.00,3.00,2.50,2678.00,6607.00,2.00,0.00,0.00,3.00,9.00,2678.00,0.00,1998.00,0.00,98028.00,47.74,-122.24,2780.00,6607.00
5129000006.00,20150419T000000,280500.00,3.00,1.00,1220.00,4541.00,1.00,0.00,0.00,3.00,7.00,890.00,330.00,1952.00,0.00,98108.00,47.54,-122.29,1670.00,3429.00
2112700280.00,20140811T000000,295000.00,3.00,1.75,1440.00,4000.00,1.00,0.00,0.00,4.00,7.00,1050.00,390.00,1979.00,0.00,98106.00,47.53,-122.35,1560.00,4000.00
9828702895.00,20141022T000000,700000.00,4.00,1.75,2420.00,520.00,1.50,0.00,0.00,3.00,7.00,2420.00,0.00,1900.00,0.00,98112.00,47.62,-122.30,1200.00,1170.00
2026059181.00,20141120T000000,560000.00,3.00,2.00,2090.00,15790.00,1.00,0.00,0.00,3.00,9.00,2090.00,0.00,1992.00,0.00,98034.00,47.73,-122.20,1820.00,8770.00
3295610080.00,20150401T000000,912000.00,4.00,2.75,4030.00,10888.00,2.00,0.00,0.00,3.00,10.00,4030.00,0.00,1997.00,0.00,98075.00,47.57,-122.03,3720.00,10756.00
1474000050.00,20140508T000000,437000.00,3.00,1.75,1310.00,9282.00,1.00,0.00,0.00,4.00,7.00,1310.00,0.00,1976.00,0.00,98052.00,47.68,-122.11,1310.00,8748.00
2896400170.00,20150316T000000,447000.00,3.00,2.50,1800.00,3074.00,2.00,0.00,0.00,3.00,7.00,1800.00,0.00,2003.00,0.00,98072.00,47.76,-122.15,1610.00,2929.00
3342103281.00,20141020T000000,500000.00,4.00,1.00,1160.00,20100.00,1.00,0.00,0.00,4.00,6.00,820.00,340.00,1913.00,0.00,98056.00,47.52,-122.20,1670.00,10200.00
7172200080.00,20150319T000000,508300.00,3.00,1.00,1160.00,5969.00,1.00,0.00,0.00,3.00,7.00,880.00,280.00,1930.00,0.00,98115.00,47.68,-122.31,1550.00,5120.00
5209200010.00,20140731T000000,485000.00,3.00,1.50,1870.00,7853.00,1.00,0.00,0.00,3.00,7.00,1300.00,570.00,1962.00,0.00,98125.00,47.70,-122.28,1870.00,8300.00
6744700427.00,20140507T000000,540000.00,7.00,5.75,3700.00,7647.00,2.00,0.00,1.00,3.00,8.00,3700.00,0.00,1948.00,1984.00,98155.00,47.74,-122.29,2510.00,7479.00
1328310440.00,20140916T000000,356000.00,3.00,2.25,2280.00,8765.00,2.00,0.00,0.00,3.00,8.00,2280.00,0.00,1977.00,0.00,98058.00,47.44,-122.13,1920.00,8265.00
2710600080.00,20140825T000000,525000.00,4.00,2.00,1720.00,6099.00,1.00,0.00,0.00,4.00,7.00,860.00,860.00,1949.00,0.00,98115.00,47.68,-122.29,1100.00,5671.00
8651611980.00,20150324T000000,962800.00,4.00,2.75,3630.00,11775.00,2.00,0.00,0.00,3.00,10.00,3630.00,0.00,1999.00,0.00,98074.00,47.64,-122.07,3800.00,12451.00
1541700010.00,20141001T000000,315000.00,4.00,2.50,2040.00,6300.00,2.00,0.00,0.00,3.00,8.00,2040.00,0.00,2003.00,0.00,98031.00,47.39,-122.19,2260.00,5877.00
477000019.00,20140620T000000,525000.00,3.00,2.25,1750.00,1879.00,3.00,0.00,0.00,3.00,8.00,1750.00,0.00,2001.00,0.00,98107.00,47.67,-122.39,1750.00,3155.00
8165501700.00,20150430T000000,325000.00,2.00,2.25,1550.00,2285.00,2.00,0.00,0.00,3.00,8.00,1550.00,0.00,2007.00,0.00,98106.00,47.54,-122.37,1550.00,2135.00
9534400010.00,20150423T000000,965800.00,4.00,1.75,2500.00,8725.00,1.00,0.00,0.00,4.00,8.00,1500.00,1000.00,1966.00,0.00,98004.00,47.63,-122.21,1900.00,8998.00
7577700185.00,20140709T000000,550000.00,4.00,1.00,1440.00,3600.00,1.50,0.00,0.00,4.00,7.00,1440.00,0.00,1924.00,0.00,98116.00,47.57,-122.39,1010.00,5175.00
257000263.00,20141021T000000,182200.00,4.00,1.00,1130.00,13927.00,1.50,0.00,0.00,3.00,6.00,1130.00,0.00,1929.00,0.00,98168.00,47.49,-122.30,1800.00,8274.00
8638500020.00,20140911T000000,315000.00,3.00,1.00,1210.00,8505.00,1.50,0.00,0.00,3.00,7.00,1210.00,0.00,1958.00,0.00,98106.00,47.54,-122.35,1430.00,8505.00
452001310.00,20140825T000000,500000.00,2.00,1.00,960.00,5000.00,1.00,0.00,0.00,4.00,7.00,960.00,0.00,1900.00,0.00,98107.00,47.68,-122.37,1330.00,5000.00
7852000500.00,20140702T000000,480000.00,5.00,2.50,2160.00,7737.00,2.00,0.00,0.00,3.00,7.00,2160.00,0.00,1998.00,0.00,98065.00,47.54,-121.87,2460.00,7737.00
4219401236.00,20140520T000000,1690000.00,3.00,1.75,3400.00,8965.00,1.00,0.00,2.00,5.00,9.00,1820.00,1580.00,1957.00,0.00,98105.00,47.66,-122.27,3200.00,8500.00
1622069127.00,20141118T000000,525000.00,5.00,3.25,3960.00,321908.00,2.00,0.00,0.00,4.00,9.00,2690.00,1270.00,1989.00,0.00,98038.00,47.40,-122.06,2360.00,96703.00
2644300005.00,20150412T000000,407500.00,4.00,2.50,1900.00,9075.00,2.00,0.00,0.00,3.00,7.00,1900.00,0.00,1988.00,0.00,98133.00,47.78,-122.35,1800.00,8460.00
3211260290.00,20150309T000000,443000.00,4.00,3.00,2620.00,35124.00,2.00,0.00,0.00,3.00,9.00,2620.00,0.00,1987.00,0.00,98092.00,47.31,-122.12,2920.00,35807.00
3625500130.00,20140530T000000,1256500.00,4.00,2.50,3150.00,13700.00,2.00,0.00,0.00,4.00,9.00,3150.00,0.00,1966.00,0.00,98040.00,47.53,-122.22,3200.00,11900.00
6819100380.00,20140830T000000,642000.00,3.00,1.00,1040.00,4480.00,1.00,0.00,0.00,3.00,7.00,870.00,170.00,1924.00,0.00,98109.00,47.65,-122.36,1730.00,4200.00
8562600500.00,20150109T000000,520000.00,3.00,1.75,1540.00,7558.00,1.00,0.00,0.00,3.00,8.00,1540.00,0.00,1964.00,0.00,98052.00,47.67,-122.16,1540.00,7863.00
9279200280.00,20140623T000000,750000.00,3.00,2.00,1820.00,5000.00,1.50,0.00,0.00,4.00,8.00,1720.00,100.00,1941.00,0.00,98116.00,47.58,-122.40,2220.00,7200.00
6788201440.00,20150407T000000,855000.00,5.00,1.50,1930.00,4500.00,1.50,0.00,0.00,3.00,8.00,1930.00,0.00,1929.00,0.00,98112.00,47.64,-122.30,2083.00,4500.00
2624089026.00,20141002T000000,275000.00,4.00,1.00,1430.00,27153.00,1.50,0.00,0.00,4.00,5.00,1430.00,0.00,1934.00,0.00,98065.00,47.54,-121.74,1880.00,27153.00
8698600080.00,20140910T000000,265000.00,5.00,2.75,2920.00,5250.00,1.50,0.00,0.00,5.00,7.00,1800.00,1120.00,1911.00,0.00,98002.00,47.31,-122.22,1220.00,5250.00
425069136.00,20150410T000000,894400.00,3.00,2.50,3100.00,45738.00,2.00,0.00,0.00,3.00,10.00,3100.00,0.00,1991.00,0.00,98053.00,47.69,-122.05,3340.00,45738.00
5528600050.00,20150211T000000,546000.00,2.00,1.00,1200.00,12856.00,1.00,0.00,0.00,4.00,6.00,1200.00,0.00,1948.00,0.00,98027.00,47.53,-122.03,1740.00,6098.00
8682290660.00,20141126T000000,699950.00,2.00,2.50,2390.00,7489.00,1.00,0.00,0.00,3.00,8.00,2390.00,0.00,2007.00,0.00,98053.00,47.72,-122.03,2170.00,7489.00
1839920050.00,20150414T000000,435000.00,3.00,2.00,1270.00,10713.00,1.00,0.00,0.00,4.00,7.00,1270.00,0.00,1969.00,0.00,98034.00,47.72,-122.18,1620.00,8250.00
6624010010.00,20150506T000000,259500.00,4.00,1.50,1300.00,7200.00,1.00,0.00,0.00,4.00,7.00,1300.00,0.00,1970.00,0.00,98031.00,47.42,-122.18,1420.00,7200.00
9406590010.00,20141029T000000,359950.00,4.00,3.25,2290.00,4785.00,2.00,0.00,0.00,3.00,9.00,2290.00,0.00,2007.00,0.00,98038.00,47.38,-122.04,2290.00,4785.00
3575305362.00,20141215T000000,517000.00,3.00,1.75,1740.00,10000.00,1.00,0.00,0.00,3.00,7.00,1740.00,0.00,1976.00,2009.00,98074.00,47.62,-122.06,1350.00,7500.00
8835900010.00,20140804T000000,579000.00,3.00,1.00,1590.00,5400.00,1.00,0.00,1.00,3.00,8.00,1280.00,310.00,1948.00,0.00,98118.00,47.55,-122.26,2140.00,7161.00
7199000290.00,20140905T000000,525000.00,4.00,2.00,2420.00,10735.00,1.50,0.00,0.00,3.00,7.00,2420.00,0.00,1967.00,0.00,98052.00,47.69,-122.12,1570.00,9540.00
6669150280.00,20150414T000000,320000.00,4.00,2.50,2130.00,9653.00,1.00,0.00,0.00,3.00,7.00,1500.00,630.00,1978.00,0.00,98031.00,47.41,-122.18,2000.00,7988.00
2619600010.00,20140513T000000,635000.00,4.00,1.75,1950.00,13320.00,1.00,0.00,0.00,4.00,8.00,1370.00,580.00,1969.00,0.00,98007.00,47.62,-122.14,2120.00,12051.00
2314300420.00,20140916T000000,400000.00,4.00,2.50,2150.00,5397.00,2.00,0.00,0.00,3.00,8.00,2150.00,0.00,1998.00,0.00,98058.00,47.46,-122.15,2260.00,5080.00
9512500380.00,20141010T000000,455000.00,3.00,1.75,1270.00,7700.00,1.00,0.00,0.00,4.00,7.00,1270.00,0.00,1968.00,0.00,98052.00,47.67,-122.15,1510.00,7700.00
8653600050.00,20150225T000000,572000.00,3.00,1.75,1850.00,22767.00,1.50,0.00,4.00,5.00,6.00,1850.00,0.00,1908.00,0.00,98074.00,47.61,-122.07,2700.00,17906.00
4045900020.00,20150413T000000,650000.00,2.00,1.50,1440.00,136778.00,1.00,0.00,0.00,4.00,8.00,1140.00,300.00,1956.00,0.00,98072.00,47.76,-122.12,1740.00,21600.00
1311800130.00,20150123T000000,162500.00,3.00,1.50,1390.00,7417.00,1.00,0.00,0.00,3.00,7.00,1390.00,0.00,1967.00,0.00,98001.00,47.34,-122.28,1390.00,7665.00
9542890010.00,20141113T000000,400000.00,2.00,2.50,1340.00,1240.00,2.00,0.00,0.00,3.00,8.00,1150.00,190.00,2008.00,0.00,98052.00,47.69,-122.10,1280.00,1312.00
4027700795.00,20150318T000000,268300.00,3.00,1.00,1190.00,9000.00,1.00,0.00,0.00,3.00,7.00,1190.00,0.00,1968.00,0.00,98028.00,47.77,-122.26,1960.00,7200.00
7013200280.00,20140702T000000,989000.00,6.00,4.50,3830.00,4800.00,3.00,0.00,0.00,3.00,9.00,3050.00,780.00,1919.00,2004.00,98119.00,47.64,-122.36,1990.00,4800.00
2460700430.00,20140627T000000,342000.00,3.00,1.75,1780.00,10409.00,1.00,0.00,0.00,3.00,7.00,1280.00,500.00,1981.00,0.00,98058.00,47.46,-122.17,1780.00,7415.00
6147650280.00,20150325T000000,315000.00,4.00,2.50,3130.00,5999.00,2.00,0.00,0.00,3.00,7.00,3130.00,0.00,2006.00,0.00,98042.00,47.38,-122.10,3020.00,5997.00
3574800010.00,20150428T000000,485000.00,4.00,2.75,1830.00,8384.00,1.00,0.00,0.00,3.00,7.00,1320.00,510.00,1979.00,0.00,98034.00,47.73,-122.22,2190.00,7695.00
8731981640.00,20141204T000000,277500.00,4.00,2.50,2550.00,7500.00,1.00,0.00,0.00,3.00,8.00,1750.00,800.00,1976.00,0.00,98023.00,47.32,-122.39,2260.00,8800.00
1525069134.00,20150312T000000,1295000.00,4.00,3.50,3790.00,90169.00,2.00,0.00,0.00,3.00,11.00,3790.00,0.00,1998.00,0.00,98053.00,47.66,-122.02,3410.00,46951.00
2824069180.00,20140806T000000,385000.00,4.00,1.75,1800.00,10890.00,1.50,0.00,0.00,4.00,6.00,1800.00,0.00,1912.00,0.00,98027.00,47.53,-122.04,1530.00,9818.00
751000080.00,20141117T000000,426000.00,2.00,1.00,1630.00,7680.00,1.00,0.00,0.00,3.00,7.00,830.00,800.00,1947.00,0.00,98125.00,47.71,-122.29,1250.00,7740.00
2044500213.00,20140617T000000,310000.00,4.00,2.00,1870.00,6000.00,1.50,0.00,0.00,3.00,7.00,1870.00,0.00,1956.00,0.00,98125.00,47.72,-122.32,1520.00,7169.00
2044500213.00,20150126T000000,449000.00,4.00,2.00,1870.00,6000.00,1.50,0.00,0.00,3.00,7.00,1870.00,0.00,1956.00,0.00,98125.00,47.72,-122.32,1520.00,7169.00
1703400470.00,20141219T000000,375000.00,2.00,1.00,980.00,3915.00,1.00,0.00,0.00,4.00,7.00,980.00,0.00,1919.00,0.00,98118.00,47.56,-122.29,1425.00,1576.00
7363600185.00,20150330T000000,1187500.00,3.00,2.25,2860.00,10625.00,1.00,0.00,4.00,3.00,10.00,1920.00,940.00,1976.00,0.00,98115.00,47.69,-122.27,2860.00,8075.00
3904901300.00,20150414T000000,468000.00,3.00,2.25,1470.00,5597.00,2.00,0.00,0.00,3.00,7.00,1470.00,0.00,1985.00,0.00,98029.00,47.57,-122.02,1610.00,5217.00
7548300425.00,20150403T000000,336000.00,1.00,1.00,1160.00,5000.00,2.00,0.00,0.00,3.00,7.00,1160.00,0.00,2000.00,0.00,98144.00,47.59,-122.31,2060.00,5000.00
4123830480.00,20140610T000000,392000.00,4.00,2.75,1940.00,6555.00,2.00,0.00,0.00,3.00,8.00,1940.00,0.00,1990.00,0.00,98038.00,47.37,-122.04,1840.00,6912.00
9477000280.00,20140807T000000,412500.00,4.00,2.25,1630.00,7969.00,1.00,0.00,0.00,3.00,7.00,1100.00,530.00,1977.00,0.00,98034.00,47.73,-122.19,1580.00,7440.00
8567450080.00,20150325T000000,545000.00,4.00,2.50,2755.00,11612.00,2.00,0.00,0.00,3.00,8.00,2755.00,0.00,2001.00,0.00,98019.00,47.74,-121.97,2820.00,12831.00
7129304540.00,20141220T000000,133000.00,5.00,2.00,1430.00,5600.00,1.50,0.00,0.00,3.00,6.00,1430.00,0.00,1947.00,0.00,98118.00,47.52,-122.27,1860.00,5980.00
7129304540.00,20150514T000000,440000.00,5.00,2.00,1430.00,5600.00,1.50,0.00,0.00,3.00,6.00,1430.00,0.00,1947.00,0.00,98118.00,47.52,-122.27,1860.00,5980.00
2250000010.00,20141205T000000,294450.00,4.00,2.25,1400.00,7341.00,1.00,0.00,0.00,3.00,7.00,1300.00,100.00,1961.00,0.00,98155.00,47.76,-122.31,2090.00,7410.00
5162100660.00,20140826T000000,335000.00,4.00,2.50,2520.00,7205.00,2.00,0.00,0.00,3.00,8.00,2520.00,0.00,1987.00,0.00,98003.00,47.34,-122.32,2350.00,7632.00
4140500050.00,20140908T000000,362000.00,3.00,1.00,1290.00,10125.00,1.00,0.00,0.00,4.00,7.00,1290.00,0.00,1956.00,0.00,98028.00,47.76,-122.27,1760.00,14460.00
2129700525.00,20141028T000000,322000.00,3.00,1.75,1400.00,18002.00,1.00,0.00,0.00,3.00,6.00,1400.00,0.00,1977.00,0.00,98019.00,47.73,-121.97,2240.00,14068.00
4337000275.00,20150317T000000,230500.00,2.00,1.00,740.00,8853.00,1.00,0.00,0.00,3.00,6.00,740.00,0.00,1943.00,0.00,98166.00,47.48,-122.34,850.00,8775.00
3942900010.00,20150305T000000,380000.00,4.00,2.00,1710.00,9996.00,1.00,0.00,0.00,3.00,7.00,1710.00,0.00,1950.00,0.00,98108.00,47.55,-122.30,1550.00,6768.00
8699100321.00,20140611T000000,292000.00,4.00,2.75,2414.00,7693.00,2.00,0.00,0.00,3.00,8.00,2414.00,0.00,2006.00,0.00,98002.00,47.30,-122.22,1500.00,7177.00
7686203180.00,20140812T000000,172500.00,3.00,1.00,1040.00,7500.00,1.00,0.00,0.00,4.00,6.00,1040.00,0.00,1954.00,0.00,98198.00,47.42,-122.32,1270.00,8000.00
1193000480.00,20140724T000000,784000.00,4.00,2.75,3540.00,7091.00,1.50,0.00,1.00,4.00,8.00,1970.00,1570.00,1947.00,0.00,98199.00,47.65,-122.39,2200.00,6000.00
1234000630.00,20141002T000000,525000.00,4.00,2.75,2530.00,11549.00,1.00,0.00,0.00,3.00,7.00,1700.00,830.00,1942.00,0.00,98033.00,47.66,-122.20,2530.00,10000.00
8562750250.00,20140704T000000,600000.00,3.00,2.50,2320.00,7609.00,2.00,0.00,0.00,3.00,8.00,2320.00,0.00,2003.00,0.00,98027.00,47.54,-122.07,2590.00,4000.00
5088500170.00,20141027T000000,435000.00,3.00,2.50,2530.00,16102.00,2.00,0.00,0.00,3.00,9.00,2530.00,0.00,1989.00,0.00,98038.00,47.37,-122.06,2370.00,14957.00
1061500630.00,20150205T000000,359900.00,5.00,2.75,2790.00,7600.00,1.50,0.00,0.00,4.00,7.00,2790.00,0.00,1965.00,0.00,98056.00,47.50,-122.17,1480.00,7600.00
8073000491.00,20141211T000000,700000.00,4.00,1.75,1950.00,7139.00,1.00,1.00,4.00,3.00,7.00,1150.00,800.00,1957.00,0.00,98178.00,47.51,-122.25,1600.00,13122.00
3277801448.00,20150312T000000,280000.00,3.00,2.00,1020.00,889.00,2.00,0.00,0.00,3.00,7.00,720.00,300.00,2009.00,0.00,98126.00,47.54,-122.38,1130.00,972.00
1656600280.00,20141002T000000,655000.00,4.00,2.50,3110.00,24466.00,2.00,0.00,0.00,3.00,9.00,3110.00,0.00,1997.00,0.00,98059.00,47.49,-122.13,3080.00,22185.00
4139420190.00,20150512T000000,2480000.00,4.00,5.00,5310.00,16909.00,1.00,0.00,4.00,3.00,12.00,3090.00,2220.00,1992.00,0.00,98006.00,47.55,-122.11,5220.00,15701.00
5360200052.00,20150224T000000,499950.00,3.00,2.50,2580.00,23925.00,2.00,0.00,0.00,3.00,9.00,2580.00,0.00,2001.00,0.00,98023.00,47.30,-122.38,1660.00,8460.00
7234601025.00,20140805T000000,540000.00,3.00,2.50,1380.00,1021.00,2.00,0.00,0.00,3.00,8.00,1160.00,220.00,2008.00,0.00,98122.00,47.61,-122.31,1440.00,1021.00
8001470480.00,20150306T000000,970000.00,4.00,2.75,3980.00,9209.00,2.00,0.00,0.00,3.00,11.00,3980.00,0.00,2002.00,0.00,98074.00,47.63,-122.06,3800.00,9333.00
2597670470.00,20140813T000000,330000.00,4.00,2.50,2080.00,7000.00,1.00,0.00,0.00,4.00,8.00,1400.00,680.00,1989.00,0.00,98058.00,47.43,-122.16,2090.00,7082.00
7199330130.00,20140703T000000,474000.00,3.00,1.75,1530.00,8000.00,2.00,0.00,0.00,3.00,7.00,1530.00,0.00,1978.00,0.00,98052.00,47.70,-122.13,1530.00,7500.00
4039700080.00,20150317T000000,670000.00,4.00,1.75,1930.00,9310.00,1.00,0.00,0.00,4.00,9.00,1930.00,0.00,1968.00,0.00,98008.00,47.62,-122.11,2110.00,10290.00
5317100780.00,20140512T000000,1300000.00,4.00,3.25,2330.00,9687.00,2.00,0.00,3.00,3.00,9.00,2330.00,0.00,1918.00,0.00,98112.00,47.63,-122.28,3880.00,9017.00
2597450250.00,20140730T000000,1160000.00,4.00,2.50,3860.00,10361.00,2.00,0.00,2.00,4.00,10.00,2940.00,920.00,1985.00,0.00,98006.00,47.55,-122.15,3720.00,13155.00
2472920680.00,20150112T000000,440000.00,4.00,2.50,2880.00,8061.00,2.00,0.00,0.00,3.00,9.00,2880.00,0.00,1988.00,0.00,98058.00,47.44,-122.15,2650.00,7660.00
7436300170.00,20140728T000000,411000.00,2.00,2.50,1590.00,2088.00,2.00,0.00,0.00,3.00,9.00,1590.00,0.00,1997.00,0.00,98033.00,47.69,-122.18,2320.00,3174.00
3964400470.00,20140725T000000,500000.00,3.00,1.50,2150.00,4000.00,1.50,0.00,0.00,3.00,7.00,1470.00,680.00,1928.00,0.00,98144.00,47.57,-122.31,1750.00,4000.00
7351200050.00,20141218T000000,1335000.00,4.00,1.75,2300.00,13342.00,1.50,1.00,4.00,3.00,7.00,2300.00,0.00,1934.00,1958.00,98125.00,47.73,-122.28,2500.00,13342.00
1377800277.00,20141215T000000,696000.00,6.00,3.25,2900.00,6400.00,2.00,0.00,0.00,4.00,8.00,2300.00,600.00,1977.00,0.00,98199.00,47.65,-122.40,2480.00,6400.00
3862400050.00,20140506T000000,465000.00,3.00,2.25,1970.00,11088.00,1.00,0.00,0.00,4.00,8.00,1180.00,790.00,1967.00,0.00,98155.00,47.77,-122.28,1970.00,10470.00
7199310170.00,20140616T000000,518000.00,4.00,2.50,1740.00,7500.00,1.00,0.00,0.00,4.00,7.00,1220.00,520.00,1976.00,0.00,98052.00,47.69,-122.12,1790.00,7350.00
8039900086.00,20140509T000000,251000.00,3.00,1.75,1220.00,7250.00,1.00,0.00,0.00,3.00,7.00,1220.00,0.00,1962.00,0.00,98045.00,47.49,-121.78,1700.00,15251.00
1137600190.00,20150430T000000,255000.00,3.00,2.00,1290.00,13282.00,1.00,0.00,0.00,3.00,7.00,1290.00,0.00,1978.00,0.00,98030.00,47.38,-122.17,1290.00,12357.00
1566100130.00,20140820T000000,319000.00,2.00,1.00,780.00,8271.00,1.00,0.00,0.00,4.00,6.00,780.00,0.00,1924.00,0.00,98115.00,47.70,-122.30,2220.00,8271.00
9547205610.00,20140929T000000,719000.00,4.00,2.75,2210.00,3400.00,1.50,0.00,0.00,5.00,7.00,1470.00,740.00,1926.00,0.00,98115.00,47.68,-122.31,1500.00,3400.00
5608000190.00,20140714T000000,1520000.00,5.00,3.50,5930.00,13288.00,2.00,0.00,2.00,3.00,11.00,3920.00,2010.00,1996.00,0.00,98027.00,47.55,-122.10,3860.00,12062.00
3295450050.00,20150109T000000,322000.00,4.00,2.50,1950.00,4553.00,2.00,0.00,0.00,3.00,7.00,1950.00,0.00,2000.00,0.00,98056.00,47.51,-122.18,1780.00,4598.00
3751602249.00,20150305T000000,205000.00,4.00,1.00,1340.00,7920.00,1.00,0.00,0.00,4.00,7.00,1340.00,0.00,1970.00,0.00,98001.00,47.28,-122.27,1090.00,9600.00
7889600190.00,20150113T000000,229000.00,3.00,1.00,1590.00,6240.00,1.00,0.00,0.00,3.00,7.00,1060.00,530.00,1956.00,0.00,98146.00,47.49,-122.34,1410.00,6240.00
217700050.00,20141030T000000,395000.00,3.00,2.25,1780.00,9672.00,1.00,0.00,0.00,3.00,8.00,1350.00,430.00,1960.00,0.00,98133.00,47.78,-122.35,1860.00,10080.00
7943000020.00,20150326T000000,183000.00,2.00,1.00,760.00,7272.00,1.00,0.00,0.00,4.00,7.00,760.00,0.00,1980.00,0.00,98003.00,47.32,-122.33,1370.00,7866.00
7199310290.00,20140905T000000,583500.00,3.00,1.75,1720.00,7800.00,1.00,0.00,0.00,4.00,7.00,1170.00,550.00,1978.00,0.00,98052.00,47.69,-122.13,1760.00,7276.00
192700080.00,20150213T000000,312000.00,3.00,2.50,2070.00,25710.00,1.00,0.00,0.00,5.00,6.00,2070.00,0.00,1917.00,0.00,98022.00,47.20,-121.96,1350.00,17998.00
23520380.00,20140909T000000,539000.00,3.00,1.75,1790.00,9860.00,1.00,0.00,0.00,4.00,7.00,1410.00,380.00,1978.00,0.00,98052.00,47.70,-122.12,1820.00,9555.00
8961950050.00,20150320T000000,409000.00,4.00,2.75,3230.00,12651.00,2.00,0.00,0.00,4.00,8.00,3230.00,0.00,2002.00,0.00,98001.00,47.32,-122.25,2550.00,12081.00
3300701365.00,20140528T000000,510250.00,3.00,1.75,1400.00,4000.00,1.00,0.00,0.00,3.00,7.00,870.00,530.00,1951.00,0.00,98117.00,47.69,-122.38,1400.00,4000.00
871000170.00,20141202T000000,535000.00,2.00,2.00,1370.00,3827.00,1.00,0.00,0.00,3.00,7.00,1020.00,350.00,1952.00,0.00,98199.00,47.65,-122.40,1550.00,5102.00
9407150250.00,20140924T000000,280000.00,3.00,2.50,1600.00,7936.00,2.00,0.00,0.00,3.00,7.00,1600.00,0.00,1996.00,0.00,98038.00,47.37,-122.02,1830.00,7936.00
7789000235.00,20150409T000000,286000.00,3.00,1.00,950.00,8400.00,1.00,0.00,0.00,3.00,7.00,950.00,0.00,1958.00,0.00,98056.00,47.51,-122.17,1250.00,8400.00
8587400050.00,20150325T000000,710000.00,3.00,2.75,2210.00,7660.00,1.00,0.00,1.00,4.00,7.00,1460.00,750.00,1968.00,0.00,98116.00,47.56,-122.40,2110.00,8750.00
5100401315.00,20140709T000000,395000.00,2.00,1.00,930.00,6380.00,1.00,0.00,0.00,4.00,7.00,930.00,0.00,1940.00,0.00,98115.00,47.69,-122.32,1180.00,6380.00
2634500005.00,20140908T000000,237500.00,2.00,1.00,810.00,8494.00,1.00,0.00,0.00,3.00,6.00,810.00,0.00,1949.00,0.00,98155.00,47.74,-122.32,1050.00,7975.00
6332000050.00,20150121T000000,464000.00,3.00,2.00,1630.00,6550.00,1.00,0.00,0.00,5.00,7.00,850.00,780.00,1912.00,0.00,98126.00,47.55,-122.38,1440.00,6550.00
2126049265.00,20141021T000000,495000.00,3.00,1.75,1770.00,10080.00,1.00,0.00,0.00,3.00,8.00,1770.00,0.00,1968.00,0.00,98125.00,47.72,-122.31,1860.00,10456.00
7950304095.00,20150217T000000,257500.00,1.00,1.00,710.00,6060.00,1.00,0.00,0.00,4.00,6.00,710.00,0.00,1916.00,0.00,98118.00,47.56,-122.28,1440.00,4545.00
587550010.00,20150116T000000,570000.00,4.00,3.50,3990.00,23544.00,1.00,0.00,2.00,3.00,10.00,2300.00,1690.00,1999.00,0.00,98023.00,47.32,-122.38,3410.00,15932.00
1402630190.00,20141111T000000,362000.00,3.00,2.50,2310.00,7485.00,2.00,0.00,0.00,3.00,8.00,2310.00,0.00,1986.00,0.00,98058.00,47.44,-122.14,2310.00,8142.00
2402100895.00,20140625T000000,640000.00,33.00,1.75,1620.00,6000.00,1.00,0.00,0.00,5.00,7.00,1040.00,580.00,1947.00,0.00,98103.00,47.69,-122.33,1330.00,4700.00
3750604417.00,20140526T000000,172500.00,3.00,1.00,1140.00,8800.00,1.00,0.00,0.00,3.00,7.00,1140.00,0.00,1972.00,0.00,98001.00,47.26,-122.28,1270.00,13560.00
9547202890.00,20150120T000000,596000.00,2.00,1.00,1040.00,4880.00,1.00,0.00,0.00,3.00,7.00,1040.00,0.00,1910.00,1975.00,98115.00,47.68,-122.31,1500.00,4590.00
2600110250.00,20150430T000000,840000.00,4.00,2.50,2170.00,9796.00,1.00,0.00,0.00,4.00,8.00,1650.00,520.00,1980.00,0.00,98006.00,47.55,-122.15,2350.00,9796.00
7403200050.00,20141113T000000,1600000.00,3.00,2.25,3370.00,23065.00,1.00,1.00,4.00,3.00,10.00,1920.00,1450.00,1980.00,0.00,98028.00,47.74,-122.26,3410.00,19688.00
9528104360.00,20140912T000000,435000.00,2.00,1.50,901.00,1245.00,3.00,0.00,0.00,3.00,7.00,901.00,0.00,2001.00,0.00,98115.00,47.68,-122.33,1138.00,1137.00
2634500050.00,20140910T000000,251000.00,2.00,1.00,840.00,7870.00,1.00,0.00,0.00,3.00,6.00,840.00,0.00,1949.00,0.00,98155.00,47.74,-122.33,1442.00,8131.00
268500020.00,20141106T000000,282500.00,4.00,1.00,1650.00,9750.00,1.00,0.00,0.00,4.00,7.00,1650.00,0.00,1964.00,0.00,98059.00,47.50,-122.16,1650.00,10112.00
1796361100.00,20141017T000000,265000.00,3.00,2.25,1380.00,7226.00,1.00,0.00,0.00,4.00,7.00,1140.00,240.00,1987.00,0.00,98042.00,47.37,-122.09,1640.00,7823.00
8807300130.00,20141217T000000,330000.00,3.00,1.00,910.00,10240.00,1.00,0.00,0.00,4.00,6.00,910.00,0.00,1969.00,0.00,98053.00,47.67,-122.06,1140.00,10720.00
7170200080.00,20140617T000000,435000.00,2.00,1.00,1230.00,3800.00,1.00,0.00,0.00,3.00,7.00,1230.00,0.00,1928.00,0.00,98115.00,47.68,-122.29,1610.00,3800.00
1877500005.00,20141201T000000,827235.00,3.00,1.75,1740.00,8560.00,1.00,0.00,0.00,3.00,8.00,1500.00,240.00,1948.00,0.00,98199.00,47.65,-122.41,2240.00,5800.00
7211400525.00,20140530T000000,249950.00,4.00,1.00,1290.00,5000.00,1.50,0.00,0.00,3.00,7.00,1290.00,0.00,1957.00,0.00,98146.00,47.51,-122.36,1440.00,2500.00
2549000020.00,20150324T000000,400000.00,3.00,2.50,1950.00,18533.00,2.00,0.00,0.00,3.00,8.00,1950.00,0.00,1988.00,0.00,98024.00,47.56,-121.90,1810.00,18401.00
4137040250.00,20141021T000000,300499.00,4.00,2.50,2150.00,7944.00,2.00,0.00,0.00,3.00,8.00,2150.00,0.00,1990.00,0.00,98092.00,47.26,-122.22,2170.00,8319.00
5101400461.00,20150417T000000,449000.00,4.00,2.00,1560.00,5220.00,1.00,0.00,0.00,3.00,7.00,1560.00,0.00,1959.00,0.00,98115.00,47.69,-122.31,1300.00,5220.00
2306400010.00,20141017T000000,500000.00,2.00,1.00,1120.00,3220.00,1.00,0.00,0.00,4.00,7.00,1120.00,0.00,1923.00,0.00,98103.00,47.66,-122.34,1440.00,3220.00
8861000095.00,20140930T000000,865000.00,3.00,1.50,1790.00,7526.00,1.00,0.00,0.00,3.00,7.00,1790.00,0.00,1953.00,2014.00,98004.00,47.64,-122.21,2080.00,10943.00
3754500010.00,20140616T000000,899950.00,4.00,3.50,3290.00,5414.00,2.00,0.00,1.00,3.00,9.00,2360.00,930.00,2006.00,0.00,98034.00,47.71,-122.22,1820.00,9609.00
4326000190.00,20140828T000000,370000.00,4.00,1.00,1540.00,9541.00,1.50,0.00,0.00,4.00,7.00,1540.00,0.00,1961.00,0.00,98034.00,47.71,-122.21,1290.00,9541.00
1525069088.00,20150504T000000,442500.00,5.00,3.25,4240.00,226097.00,2.00,0.00,0.00,3.00,8.00,3410.00,830.00,1980.00,0.00,98053.00,47.65,-122.02,2980.00,217800.00
9474700020.00,20140503T000000,310000.00,3.00,1.00,1010.00,9945.00,1.00,0.00,0.00,4.00,6.00,1010.00,0.00,1973.00,0.00,98065.00,47.53,-121.76,1390.00,12710.00
4389200876.00,20140701T000000,1565000.00,4.00,2.75,2970.00,12750.00,1.50,0.00,1.00,4.00,7.00,2130.00,840.00,1918.00,1986.00,98004.00,47.61,-122.21,1980.00,15300.00
6084600420.00,20140905T000000,245000.00,4.00,2.25,2190.00,9113.00,2.00,0.00,0.00,3.00,7.00,2190.00,0.00,1986.00,0.00,98001.00,47.32,-122.28,1570.00,8306.00
6668900010.00,20141117T000000,254950.00,2.00,1.00,700.00,8100.00,1.00,0.00,0.00,3.00,6.00,700.00,0.00,1949.00,0.00,98155.00,47.75,-122.31,1230.00,8100.00
125059178.00,20140722T000000,510000.00,6.00,4.50,3300.00,7480.00,2.00,0.00,0.00,3.00,8.00,3300.00,0.00,1980.00,0.00,98052.00,47.68,-122.10,2470.00,7561.00
2131701410.00,20150427T000000,299950.00,3.00,2.25,1370.00,5000.00,2.00,0.00,0.00,3.00,7.00,1370.00,0.00,1990.00,0.00,98019.00,47.74,-121.98,1600.00,7724.00
3158500130.00,20140821T000000,379950.00,4.00,2.50,2680.00,4500.00,2.00,0.00,0.00,3.00,8.00,2680.00,0.00,2011.00,0.00,98038.00,47.36,-122.06,2010.00,4500.00
6300500275.00,20140807T000000,350000.00,3.00,1.00,1390.00,4820.00,1.00,0.00,0.00,4.00,7.00,910.00,480.00,1926.00,0.00,98133.00,47.70,-122.34,1320.00,4820.00
3395040920.00,20140618T000000,300000.00,3.00,2.50,1700.00,3575.00,2.00,0.00,0.00,3.00,7.00,1700.00,0.00,2000.00,0.00,98108.00,47.54,-122.30,1590.00,3380.00
1193000280.00,20140527T000000,994000.00,3.00,2.25,2510.00,6339.00,1.50,0.00,2.00,5.00,8.00,1810.00,700.00,1932.00,0.00,98199.00,47.65,-122.39,1820.00,5741.00
8022900005.00,20141119T000000,315000.00,3.00,1.50,1700.00,8067.00,1.00,0.00,0.00,3.00,7.00,1250.00,450.00,1956.00,0.00,98155.00,47.74,-122.32,1340.00,7869.00
1774000050.00,20140507T000000,480500.00,4.00,2.50,2180.00,11200.00,1.00,0.00,0.00,4.00,8.00,2180.00,0.00,1968.00,0.00,98072.00,47.75,-122.09,1790.00,11200.00
1725800280.00,20140616T000000,373000.00,3.00,1.00,1770.00,5720.00,1.50,0.00,0.00,4.00,7.00,1140.00,630.00,1926.00,0.00,98126.00,47.55,-122.38,1500.00,4406.00
8691390980.00,20140902T000000,728000.00,4.00,2.50,3290.00,5951.00,2.00,0.00,0.00,3.00,9.00,3290.00,0.00,2003.00,0.00,98075.00,47.60,-121.98,3240.00,6159.00
1180008370.00,20140925T000000,415000.00,4.00,3.50,3040.00,7125.00,2.00,0.00,1.00,3.00,8.00,2240.00,800.00,2002.00,0.00,98178.00,47.49,-122.23,2220.00,7800.00
9558020460.00,20140604T000000,427500.00,4.00,2.50,2460.00,5091.00,2.00,0.00,0.00,3.00,9.00,2460.00,0.00,2003.00,0.00,98058.00,47.45,-122.12,2490.00,4750.00
3575302880.00,20141110T000000,339300.00,3.00,2.00,970.00,10000.00,1.00,0.00,0.00,5.00,7.00,970.00,0.00,1972.00,0.00,98074.00,47.62,-122.06,1230.00,7500.00
6671900095.00,20140527T000000,313000.00,3.00,1.75,1320.00,6205.00,1.00,0.00,0.00,5.00,7.00,1320.00,0.00,1948.00,0.00,98133.00,47.74,-122.34,1210.00,6205.00
5637500094.00,20140522T000000,431500.00,3.00,3.50,1900.00,1612.00,2.00,0.00,0.00,3.00,8.00,1430.00,470.00,2008.00,0.00,98136.00,47.54,-122.39,1780.00,1525.00
4310701330.00,20150309T000000,415000.00,3.00,1.50,1220.00,835.00,1.50,0.00,0.00,4.00,6.00,1220.00,0.00,1950.00,0.00,98103.00,47.70,-122.34,1360.00,1251.00
23520190.00,20150316T000000,490000.00,3.00,1.75,1470.00,9750.00,1.00,0.00,0.00,4.00,7.00,1470.00,0.00,1978.00,0.00,98052.00,47.70,-122.12,1800.00,9600.00
98000130.00,20150324T000000,1425000.00,4.00,5.00,4630.00,24054.00,2.00,0.00,3.00,3.00,11.00,4630.00,0.00,2005.00,0.00,98075.00,47.59,-121.97,4630.00,17584.00
6829900080.00,20150330T000000,275000.00,3.00,1.50,1400.00,9750.00,1.00,0.00,0.00,4.00,6.00,1400.00,0.00,1964.00,0.00,98030.00,47.38,-122.17,1160.00,9750.00
5370200170.00,20150217T000000,325000.00,2.00,1.00,1070.00,5080.00,1.00,0.00,0.00,5.00,6.00,1070.00,0.00,1942.00,0.00,98106.00,47.52,-122.35,900.00,5080.00
3885805896.00,20140610T000000,1180000.00,5.00,3.75,3630.00,6000.00,1.50,0.00,0.00,3.00,9.00,2470.00,1160.00,2004.00,0.00,98033.00,47.68,-122.20,2560.00,7560.00
9550200470.00,20141001T000000,690000.00,4.00,1.50,1970.00,4590.00,2.50,0.00,0.00,3.00,7.00,1970.00,0.00,1909.00,0.00,98103.00,47.67,-122.33,1900.00,4590.00
6111400020.00,20150330T000000,410000.00,4.00,2.00,2010.00,9474.00,2.00,0.00,0.00,3.00,7.00,2010.00,0.00,1953.00,2003.00,98166.00,47.42,-122.34,2140.00,10164.00
5135000050.00,20140801T000000,960000.00,4.00,2.50,2820.00,5934.00,1.00,0.00,3.00,5.00,9.00,1770.00,1050.00,1952.00,0.00,98116.00,47.57,-122.40,2230.00,6000.00
8029510010.00,20141030T000000,299250.00,3.00,2.50,2530.00,8669.00,2.00,0.00,0.00,3.00,9.00,2530.00,0.00,1990.00,0.00,98023.00,47.31,-122.40,2530.00,9469.00
4438400050.00,20140714T000000,239000.00,2.00,1.00,710.00,14000.00,1.00,0.00,0.00,4.00,6.00,710.00,0.00,1953.00,0.00,98166.00,47.44,-122.34,1500.00,10540.00
7831800460.00,20140502T000000,235000.00,2.00,1.00,1210.00,9400.00,1.00,0.00,0.00,2.00,6.00,1210.00,0.00,1949.00,0.00,98106.00,47.53,-122.36,1580.00,6026.00
2425069069.00,20140527T000000,587000.00,3.00,2.25,2370.00,217800.00,2.00,0.00,0.00,3.00,7.00,2370.00,0.00,1979.00,0.00,98053.00,47.64,-121.98,3100.00,86248.00
8029550020.00,20140701T000000,431000.00,4.00,2.50,2300.00,6087.00,2.00,0.00,0.00,3.00,7.00,2300.00,0.00,2001.00,0.00,98056.00,47.51,-122.19,1770.00,5907.00
7533800170.00,20140707T000000,1636000.00,3.00,2.50,3110.00,6765.00,2.00,0.00,1.00,4.00,9.00,2550.00,560.00,1946.00,0.00,98115.00,47.69,-122.28,2630.00,7626.00
9460000010.00,20141203T000000,285000.00,3.00,1.75,1990.00,6500.00,1.00,0.00,0.00,3.00,7.00,1090.00,900.00,1961.00,0.00,98055.00,47.49,-122.22,2150.00,6500.00
2600130020.00,20141106T000000,778000.00,3.00,3.00,2630.00,10156.00,1.00,0.00,0.00,4.00,9.00,2630.00,0.00,1987.00,0.00,98006.00,47.55,-122.16,2660.00,10455.00
4037700285.00,20140731T000000,415000.00,3.00,1.00,1300.00,7975.00,1.00,0.00,0.00,4.00,7.00,1300.00,0.00,1958.00,0.00,98008.00,47.61,-122.12,1570.00,9075.00
8682261190.00,20150112T000000,550285.00,2.00,1.75,1680.00,4500.00,1.00,0.00,0.00,3.00,8.00,1680.00,0.00,2004.00,0.00,98053.00,47.71,-122.03,1670.00,4500.00
5453700020.00,20140825T000000,910000.00,3.00,2.25,2180.00,9865.00,1.00,0.00,0.00,4.00,8.00,1660.00,520.00,1966.00,0.00,98040.00,47.54,-122.24,2600.00,10034.00
4139400630.00,20140529T000000,860000.00,3.00,2.50,2770.00,9136.00,2.00,0.00,0.00,3.00,10.00,2770.00,0.00,1991.00,0.00,98006.00,47.56,-122.12,2890.00,8442.00
9550201495.00,20141003T000000,765000.00,3.00,1.75,2120.00,5000.00,2.00,0.00,0.00,3.00,7.00,1980.00,140.00,1920.00,2010.00,98103.00,47.67,-122.33,2020.00,5000.00
9808610190.00,20140509T000000,782000.00,4.00,2.50,2830.00,20345.00,2.00,0.00,0.00,3.00,10.00,1980.00,850.00,1979.00,0.00,98004.00,47.65,-122.19,2830.00,13732.00
7443000514.00,20150310T000000,525000.00,3.00,3.50,1370.00,1764.00,2.00,0.00,0.00,3.00,8.00,1180.00,190.00,2000.00,0.00,98119.00,47.65,-122.37,1400.00,1398.00
1823099056.00,20141222T000000,745000.00,3.00,2.50,2810.00,435600.00,2.00,0.00,0.00,3.00,9.00,2810.00,0.00,1995.00,0.00,98045.00,47.48,-121.70,2380.00,92007.00
6055000010.00,20140725T000000,470000.00,3.00,3.50,3520.00,35512.00,2.00,0.00,2.00,3.00,8.00,2760.00,760.00,2005.00,0.00,98022.00,47.24,-121.98,2860.00,39614.00
3878900225.00,20140602T000000,345000.00,3.00,1.75,1990.00,5650.00,1.00,0.00,1.00,3.00,7.00,1320.00,670.00,1963.00,0.00,98178.00,47.51,-122.25,2130.00,5650.00
4222700130.00,20150304T000000,279000.00,3.00,2.25,2070.00,7800.00,1.00,0.00,0.00,3.00,7.00,1170.00,900.00,1964.00,0.00,98003.00,47.34,-122.31,1570.00,8400.00
1124000010.00,20140711T000000,500000.00,3.00,1.50,1320.00,8100.00,1.00,0.00,0.00,4.00,7.00,1320.00,0.00,1951.00,0.00,98177.00,47.72,-122.37,1480.00,8100.00
428000225.00,20140620T000000,237000.00,3.00,1.00,1300.00,8160.00,1.00,0.00,0.00,4.00,7.00,1300.00,0.00,1960.00,0.00,98056.00,47.51,-122.17,1290.00,8970.00
8133300050.00,20140626T000000,200500.00,3.00,1.75,1260.00,9346.00,1.00,0.00,0.00,4.00,7.00,1260.00,0.00,1963.00,0.00,98030.00,47.37,-122.19,1800.00,9705.00
2423039134.00,20150324T000000,387500.00,4.00,1.75,2400.00,9900.00,1.00,0.00,0.00,3.00,7.00,1250.00,1150.00,1957.00,0.00,98166.00,47.46,-122.36,1960.00,9900.00
2726049150.00,20140717T000000,392500.00,4.00,2.00,1950.00,8040.00,1.00,0.00,0.00,3.00,7.00,1950.00,0.00,1961.00,0.00,98125.00,47.71,-122.29,1950.00,8092.00
8074200080.00,20150213T000000,305000.00,3.00,2.00,1430.00,12430.00,1.00,0.00,0.00,4.00,7.00,1430.00,0.00,1957.00,0.00,98056.00,47.49,-122.18,1200.00,8250.00
7856600170.00,20140924T000000,981000.00,4.00,2.50,2110.00,10100.00,1.00,0.00,2.00,3.00,8.00,2110.00,0.00,1968.00,2005.00,98006.00,47.57,-122.15,2230.00,10100.00
8649900440.00,20141209T000000,680000.00,4.00,2.50,2980.00,8770.00,2.00,0.00,0.00,3.00,10.00,2980.00,0.00,1990.00,0.00,98075.00,47.58,-122.03,2940.00,9238.00
7696630170.00,20140605T000000,276000.00,4.00,2.50,2068.00,7242.00,2.00,0.00,0.00,4.00,7.00,2068.00,0.00,1976.00,0.00,98001.00,47.33,-122.28,1560.00,7524.00
226039075.00,20140506T000000,655500.00,4.00,3.50,3380.00,8330.00,2.00,0.00,0.00,3.00,8.00,3380.00,0.00,2000.00,0.00,98177.00,47.77,-122.38,2220.00,8330.00
3296000170.00,20141229T000000,555000.00,5.00,2.75,2810.00,13144.00,1.00,0.00,0.00,3.00,8.00,1440.00,1370.00,1964.00,0.00,98007.00,47.62,-122.14,2480.00,13144.00
3223049073.00,20150413T000000,235000.00,2.00,1.00,930.00,10505.00,1.00,0.00,0.00,3.00,6.00,930.00,0.00,1930.00,0.00,98148.00,47.43,-122.33,1520.00,8881.00
7300700050.00,20150219T000000,325000.00,3.00,1.00,1300.00,8879.00,1.00,0.00,0.00,3.00,7.00,920.00,380.00,1950.00,0.00,98155.00,47.75,-122.33,1530.00,6960.00
9900000190.00,20141030T000000,268950.00,3.00,1.00,1320.00,8100.00,1.00,0.00,0.00,3.00,6.00,880.00,440.00,1943.00,0.00,98166.00,47.47,-122.35,1000.00,8100.00
3751600635.00,20141110T000000,264500.00,3.00,1.50,1580.00,14040.00,1.00,0.00,0.00,3.00,7.00,1050.00,530.00,1980.00,0.00,98001.00,47.29,-122.27,2240.00,12000.00
7575600430.00,20141110T000000,240000.00,3.00,2.50,1620.00,5250.00,2.00,0.00,0.00,3.00,8.00,1620.00,0.00,1987.00,0.00,98003.00,47.35,-122.30,1650.00,5250.00
3223039109.00,20150220T000000,819000.00,3.00,2.50,2750.00,226512.00,2.00,0.00,0.00,3.00,9.00,2750.00,0.00,2000.00,0.00,98070.00,47.44,-122.46,1250.00,211266.00
7151700190.00,20150331T000000,850000.00,2.00,1.50,2210.00,5000.00,1.00,0.00,2.00,3.00,8.00,1530.00,680.00,1951.00,0.00,98122.00,47.61,-122.29,2700.00,5000.00
2076400050.00,20141022T000000,294950.00,4.00,2.25,1740.00,9600.00,1.00,0.00,2.00,3.00,7.00,1160.00,580.00,1957.00,0.00,98188.00,47.43,-122.28,1630.00,9600.00
2162000190.00,20141215T000000,693000.00,3.00,2.25,2120.00,13644.00,2.00,0.00,1.00,4.00,9.00,1420.00,700.00,1973.00,0.00,98040.00,47.56,-122.21,2950.00,17060.00
5226500250.00,20141015T000000,478000.00,4.00,2.50,2780.00,7290.00,2.00,0.00,0.00,3.00,8.00,2780.00,0.00,1989.00,0.00,98059.00,47.51,-122.16,2450.00,7738.00
1787600294.00,20150205T000000,222000.00,2.00,1.00,830.00,6893.00,1.00,0.00,0.00,3.00,7.00,830.00,0.00,1950.00,0.00,98125.00,47.72,-122.33,1470.00,7200.00
6388930170.00,20150408T000000,635000.00,4.00,2.50,2070.00,11286.00,2.00,0.00,0.00,3.00,8.00,2070.00,0.00,1996.00,0.00,98056.00,47.53,-122.17,2440.00,10826.00
2767704332.00,20140930T000000,469000.00,3.00,3.25,1390.00,1278.00,2.00,0.00,0.00,3.00,8.00,1140.00,250.00,2005.00,0.00,98107.00,47.67,-122.38,1390.00,1256.00
6699940250.00,20140725T000000,350000.00,4.00,2.50,2610.00,5866.00,2.00,0.00,0.00,3.00,8.00,2610.00,0.00,2005.00,0.00,98038.00,47.34,-122.04,2480.00,5188.00
8151601190.00,20141203T000000,180000.00,5.00,1.00,1460.00,11726.00,1.50,0.00,0.00,3.00,6.00,1290.00,170.00,1936.00,0.00,98146.00,47.50,-122.36,1460.00,10450.00
5561000420.00,20150408T000000,490000.00,4.00,2.25,3390.00,39356.00,1.00,0.00,0.00,4.00,8.00,1640.00,1750.00,1964.00,0.00,98027.00,47.46,-121.99,2160.00,38061.00
3797001900.00,20140922T000000,360000.00,3.00,1.50,1360.00,6000.00,1.00,0.00,0.00,3.00,6.00,860.00,500.00,1911.00,0.00,98103.00,47.68,-122.35,1560.00,3000.00
6641020050.00,20140618T000000,630000.00,4.00,2.50,2807.00,9430.00,2.00,0.00,0.00,3.00,8.00,2807.00,0.00,1996.00,0.00,98028.00,47.74,-122.22,2028.00,11056.00
3232200095.00,20150414T000000,615000.00,4.00,1.00,1340.00,2006.00,1.50,0.00,0.00,3.00,7.00,1340.00,0.00,1931.00,0.00,98119.00,47.64,-122.37,2040.00,3625.00
2310000440.00,20141027T000000,279950.00,3.00,2.25,1340.00,7202.00,2.00,0.00,0.00,4.00,7.00,1340.00,0.00,1989.00,0.00,98038.00,47.36,-122.04,1470.00,7395.00
6414600321.00,20140611T000000,317000.00,3.00,1.00,1160.00,8813.00,1.00,0.00,0.00,3.00,7.00,1160.00,0.00,1952.00,0.00,98125.00,47.73,-122.33,1200.00,7615.00
7199320190.00,20141016T000000,618000.00,4.00,2.25,2470.00,7350.00,1.00,0.00,0.00,3.00,7.00,1600.00,870.00,1978.00,0.00,98052.00,47.69,-122.13,1970.00,7700.00
7922800190.00,20150311T000000,620000.00,5.00,1.75,2000.00,8713.00,1.00,0.00,2.00,3.00,7.00,1000.00,1000.00,1962.00,0.00,98008.00,47.59,-122.12,2040.00,8449.00
9553200052.00,20140506T000000,345000.00,3.00,1.00,1110.00,6250.00,1.00,0.00,0.00,3.00,7.00,1110.00,0.00,1956.00,0.00,98115.00,47.70,-122.29,2010.00,6944.00
4083802425.00,20141010T000000,608000.00,3.00,1.50,2240.00,3750.00,1.00,0.00,0.00,3.00,7.00,1220.00,1020.00,1952.00,0.00,98103.00,47.66,-122.34,1570.00,3400.00
984000130.00,20141223T000000,325000.00,4.00,2.25,1920.00,11603.00,2.00,0.00,0.00,4.00,7.00,1920.00,0.00,1967.00,0.00,98058.00,47.43,-122.17,1840.00,7350.00
2473002500.00,20141112T000000,475000.00,3.00,1.75,2270.00,13000.00,1.00,0.00,0.00,5.00,8.00,2270.00,0.00,1968.00,0.00,98058.00,47.45,-122.14,2440.00,10000.00
3356403304.00,20141016T000000,154000.00,3.00,3.00,1530.00,9997.00,1.00,0.00,0.00,3.00,6.00,1020.00,510.00,1992.00,0.00,98001.00,47.29,-122.25,1410.00,9997.00
8651200080.00,20140619T000000,1190000.00,5.00,3.00,3330.00,19126.00,2.00,0.00,0.00,4.00,11.00,2610.00,720.00,1977.00,0.00,98040.00,47.55,-122.21,3330.00,16893.00
1329300480.00,20141023T000000,376950.00,4.00,2.50,2643.00,5750.00,2.00,0.00,0.00,3.00,8.00,2643.00,0.00,2012.00,0.00,98030.00,47.35,-122.17,2406.00,5772.00
1972201305.00,20140729T000000,500000.00,2.00,2.00,1250.00,3360.00,1.00,0.00,0.00,3.00,7.00,1250.00,0.00,1957.00,0.00,98103.00,47.65,-122.35,1250.00,3360.00
425079001.00,20150423T000000,499950.00,3.00,2.50,3230.00,129578.00,1.00,0.00,0.00,4.00,8.00,2100.00,1130.00,1964.00,0.00,98014.00,47.68,-121.91,2760.00,62059.00
9347900020.00,20150127T000000,230000.00,3.00,1.00,880.00,9035.00,1.00,0.00,0.00,4.00,6.00,880.00,0.00,1967.00,0.00,98059.00,47.48,-122.15,1440.00,10350.00
1015000050.00,20150106T000000,652600.00,4.00,2.50,2220.00,5900.00,2.00,0.00,0.00,3.00,8.00,2220.00,0.00,2014.00,0.00,98117.00,47.70,-122.36,1620.00,5900.00
9542802000.00,20141229T000000,185000.00,3.00,1.75,1130.00,7000.00,1.00,0.00,0.00,3.00,7.00,1130.00,0.00,1978.00,0.00,98023.00,47.31,-122.37,1830.00,8880.00
8088600080.00,20140602T000000,274950.00,3.00,1.00,1450.00,8820.00,1.00,0.00,0.00,3.00,6.00,1050.00,400.00,1958.00,0.00,98168.00,47.47,-122.26,1510.00,8820.00
5637500250.00,20150210T000000,447000.00,2.00,1.00,760.00,6035.00,1.00,0.00,0.00,3.00,6.00,760.00,0.00,1920.00,0.00,98136.00,47.54,-122.38,2110.00,6046.00
87000213.00,20140613T000000,129000.00,2.00,1.00,1150.00,30184.00,1.00,0.00,0.00,3.00,6.00,1150.00,0.00,1950.00,0.00,98055.00,47.45,-122.20,1670.00,19684.00
5104200470.00,20150325T000000,436000.00,5.00,3.00,2720.00,9856.00,2.00,0.00,0.00,4.00,8.00,2720.00,0.00,1969.00,0.00,98059.00,47.48,-122.15,1420.00,9685.00
455000190.00,20141006T000000,825000.00,3.00,1.75,2080.00,5000.00,2.00,0.00,0.00,5.00,8.00,2080.00,0.00,1906.00,0.00,98103.00,47.67,-122.36,1820.00,5000.00
3356403140.00,20141010T000000,225000.00,3.00,1.00,1080.00,16000.00,1.00,0.00,0.00,3.00,6.00,1080.00,0.00,1952.00,0.00,98001.00,47.29,-122.25,1610.00,10007.00
4472000050.00,20150309T000000,265000.00,3.00,2.50,1890.00,6088.00,2.00,0.00,0.00,3.00,7.00,1890.00,0.00,1996.00,0.00,98002.00,47.29,-122.22,1700.00,6600.00
5350200425.00,20150309T000000,765000.00,3.00,1.50,1500.00,5111.00,2.00,0.00,0.00,5.00,8.00,1500.00,0.00,1984.00,0.00,98122.00,47.61,-122.28,2380.00,4519.00
3975400190.00,20141104T000000,509000.00,4.00,2.00,1960.00,2166.00,1.50,0.00,0.00,4.00,7.00,1260.00,700.00,1926.00,0.00,98103.00,47.65,-122.34,1670.00,4000.00
9541600255.00,20150310T000000,762450.00,4.00,1.75,2570.00,8640.00,1.00,0.00,0.00,4.00,8.00,2570.00,0.00,1958.00,0.00,98005.00,47.60,-122.17,2520.00,8800.00
5538300460.00,20141210T000000,465000.00,5.00,1.50,1830.00,9000.00,1.00,0.00,2.00,3.00,7.00,1030.00,800.00,1955.00,0.00,98155.00,47.75,-122.29,2610.00,11175.00
7625700305.00,20140605T000000,564000.00,3.00,1.75,1980.00,6250.00,1.00,0.00,1.00,5.00,7.00,1090.00,890.00,1910.00,0.00,98136.00,47.55,-122.39,1980.00,6250.00
2895600420.00,20150421T000000,384500.00,2.00,1.00,1130.00,5236.00,1.00,0.00,0.00,4.00,6.00,1130.00,0.00,1942.00,0.00,98146.00,47.51,-122.39,1010.00,5320.00
2320069260.00,20141027T000000,415000.00,3.00,2.00,2010.00,33090.00,1.50,0.00,2.00,5.00,8.00,2010.00,0.00,1986.00,0.00,98022.00,47.21,-122.01,1840.00,22620.00
7305300470.00,20141201T000000,345000.00,2.00,1.75,1820.00,8409.00,1.00,0.00,0.00,4.00,6.00,910.00,910.00,1948.00,0.00,98155.00,47.75,-122.33,1300.00,8409.00
9477940440.00,20140617T000000,465950.00,4.00,2.50,2340.00,6896.00,2.00,0.00,0.00,3.00,7.00,2340.00,0.00,2001.00,0.00,98059.00,47.49,-122.14,2950.00,6775.00
2561340020.00,20140804T000000,325000.00,3.00,1.75,1780.00,11096.00,1.00,0.00,0.00,3.00,7.00,1210.00,570.00,1979.00,0.00,98074.00,47.62,-122.05,1780.00,10640.00
2561340020.00,20150217T000000,500000.00,3.00,1.75,1780.00,11096.00,1.00,0.00,0.00,3.00,7.00,1210.00,570.00,1979.00,0.00,98074.00,47.62,-122.05,1780.00,10640.00
524069075.00,20141024T000000,450000.00,4.00,2.50,2450.00,20348.00,1.00,0.00,0.00,3.00,8.00,1410.00,1040.00,1978.00,0.00,98075.00,47.59,-122.06,2450.00,50094.00
2296700050.00,20141010T000000,475000.00,4.00,3.00,2410.00,8284.00,1.00,0.00,0.00,5.00,7.00,1210.00,1200.00,1969.00,0.00,98034.00,47.72,-122.22,2050.00,7940.00
4122900190.00,20140512T000000,1346400.00,5.00,1.75,3380.00,20021.00,1.00,0.00,0.00,4.00,8.00,1690.00,1690.00,1963.00,0.00,98004.00,47.64,-122.21,3260.00,19809.00
2754700095.00,20150316T000000,747000.00,3.00,1.50,1710.00,5120.00,2.00,0.00,0.00,4.00,7.00,1710.00,0.00,1920.00,0.00,98115.00,47.68,-122.31,1530.00,5170.00
9265700005.00,20140822T000000,395000.00,3.00,1.75,1740.00,6220.00,1.00,0.00,0.00,4.00,6.00,1740.00,0.00,1954.00,0.00,98177.00,47.76,-122.36,1630.00,8418.00
9826700726.00,20141006T000000,505000.00,3.00,2.50,1995.00,1483.00,3.00,0.00,0.00,3.00,8.00,1760.00,235.00,2005.00,0.00,98102.00,47.60,-122.31,1520.00,1173.00
321049193.00,20141017T000000,215000.00,3.00,2.00,1760.00,9282.00,1.00,0.00,0.00,5.00,7.00,1100.00,660.00,1947.00,0.00,98001.00,47.34,-122.29,1730.00,7500.00
1923099034.00,20150116T000000,775000.00,4.00,3.50,3970.00,210830.00,2.00,0.00,0.00,3.00,9.00,3970.00,0.00,2000.00,0.00,98045.00,47.46,-121.71,1680.00,42665.00
4305600250.00,20141027T000000,540000.00,4.00,2.50,3000.00,5471.00,2.00,0.00,0.00,3.00,8.00,3000.00,0.00,2013.00,0.00,98059.00,47.48,-122.13,2730.00,5471.00
6648100010.00,20141119T000000,392500.00,3.00,1.75,1540.00,8925.00,1.00,0.00,0.00,4.00,7.00,1540.00,0.00,1957.00,0.00,98133.00,47.78,-122.34,1620.00,10397.00
5536100020.00,20141215T000000,987000.00,3.00,2.00,2160.00,15788.00,1.00,0.00,0.00,3.00,8.00,2160.00,0.00,1951.00,0.00,98004.00,47.62,-122.21,2260.00,9787.00
5536100020.00,20150512T000000,1190000.00,3.00,2.00,2160.00,15788.00,1.00,0.00,0.00,3.00,8.00,2160.00,0.00,1951.00,0.00,98004.00,47.62,-122.21,2260.00,9787.00
5104450440.00,20141113T000000,252500.00,3.00,2.00,1810.00,10684.00,2.00,0.00,0.00,3.00,8.00,1810.00,0.00,1987.00,0.00,98058.00,47.46,-122.15,2140.00,9657.00
7560000050.00,20150423T000000,730000.00,3.00,3.50,2440.00,3502.00,2.00,0.00,0.00,3.00,7.00,1970.00,470.00,2000.00,0.00,98005.00,47.59,-122.17,2440.00,3417.00
7784400130.00,20140505T000000,497300.00,6.00,2.75,3200.00,9200.00,1.00,0.00,2.00,4.00,8.00,1600.00,1600.00,1953.00,0.00,98146.00,47.49,-122.36,2220.00,9500.00
7298900010.00,20140924T000000,640000.00,4.00,2.50,2970.00,34981.00,2.00,0.00,0.00,3.00,9.00,2970.00,0.00,1998.00,0.00,98077.00,47.74,-122.04,3170.00,30277.00
259601100.00,20140513T000000,580000.00,5.00,2.00,2290.00,7125.00,1.00,0.00,0.00,3.00,7.00,1190.00,1100.00,1964.00,0.00,98008.00,47.63,-122.12,1460.00,7920.00
8041100010.00,20140818T000000,377000.00,3.00,1.75,1820.00,34800.00,1.00,0.00,0.00,4.00,6.00,1820.00,0.00,1967.00,0.00,98027.00,47.46,-121.98,2570.00,52707.00
5318100840.00,20140606T000000,1280000.00,4.00,3.50,3010.00,3600.00,2.00,0.00,0.00,3.00,9.00,2370.00,640.00,1999.00,0.00,98112.00,47.63,-122.28,2650.00,4200.00
2771101964.00,20140812T000000,396500.00,3.00,1.50,1360.00,1488.00,2.00,0.00,0.00,3.00,7.00,1120.00,240.00,2003.00,0.00,98199.00,47.65,-122.38,1360.00,1573.00
1560870470.00,20140731T000000,300000.00,4.00,2.50,2080.00,2999.00,2.00,0.00,0.00,3.00,8.00,2080.00,0.00,1998.00,0.00,98059.00,47.49,-122.16,1630.00,3148.00
1232000950.00,20150312T000000,532000.00,3.00,1.00,1110.00,4800.00,1.50,0.00,0.00,3.00,7.00,1110.00,0.00,1946.00,0.00,98117.00,47.69,-122.38,1510.00,4320.00
8682261440.00,20150113T000000,579000.00,2.00,1.75,1560.00,4500.00,1.00,0.00,0.00,3.00,8.00,1560.00,0.00,2004.00,0.00,98053.00,47.71,-122.03,1860.00,4500.00
1370801440.00,20150325T000000,1400000.00,4.00,2.50,3520.00,7815.00,2.00,0.00,3.00,3.00,10.00,3140.00,380.00,1929.00,0.00,98199.00,47.64,-122.41,2790.00,6644.00
7680400050.00,20141022T000000,571000.00,5.00,1.75,2280.00,43560.00,1.00,0.00,1.00,4.00,8.00,1380.00,900.00,1949.00,0.00,98166.00,47.46,-122.36,1940.00,17664.00
6928000440.00,20140718T000000,301950.00,3.00,1.75,1370.00,9288.00,1.00,0.00,0.00,4.00,7.00,1370.00,0.00,1988.00,0.00,98059.00,47.48,-122.15,1500.00,9864.00
3797000290.00,20140612T000000,660000.00,3.00,3.00,2340.00,2970.00,2.00,0.00,0.00,5.00,8.00,2160.00,180.00,1925.00,0.00,98103.00,47.69,-122.35,1370.00,4000.00
9264030470.00,20140611T000000,455000.00,4.00,2.50,3170.00,10688.00,2.00,0.00,2.00,3.00,9.00,3170.00,0.00,2001.00,0.00,98001.00,47.32,-122.26,3100.00,12610.00
6300000396.00,20141216T000000,375000.00,3.00,1.75,1380.00,5060.00,1.00,0.00,0.00,3.00,7.00,1380.00,0.00,1986.00,0.00,98133.00,47.71,-122.34,1030.00,5060.00
1786700080.00,20150115T000000,470000.00,4.00,2.50,2700.00,6769.00,2.00,0.00,0.00,3.00,9.00,2700.00,0.00,1999.00,0.00,98042.00,47.38,-122.16,2880.00,7968.00
5116000170.00,20150331T000000,374990.00,3.00,2.50,1300.00,10484.00,2.00,0.00,0.00,3.00,8.00,1300.00,0.00,1983.00,0.00,98028.00,47.78,-122.27,1380.00,7868.00
8682282210.00,20150417T000000,541500.00,2.00,2.50,1900.00,3690.00,2.00,0.00,0.00,3.00,8.00,1900.00,0.00,2006.00,0.00,98053.00,47.71,-122.02,1900.00,5153.00
8651611640.00,20150424T000000,782500.00,3.00,2.50,3750.00,7821.00,2.00,0.00,0.00,3.00,9.00,3750.00,0.00,2001.00,0.00,98074.00,47.63,-122.06,3210.00,8405.00
8946750020.00,20150507T000000,264000.00,3.00,2.25,1552.00,3677.00,2.00,0.00,0.00,3.00,7.00,1552.00,0.00,2012.00,0.00,98092.00,47.32,-122.18,1677.00,3677.00
1939130420.00,20140715T000000,640000.00,4.00,2.50,2500.00,7417.00,2.00,0.00,0.00,3.00,9.00,2500.00,0.00,1991.00,0.00,98074.00,47.63,-122.03,2770.00,8188.00
7640400190.00,20150213T000000,660000.00,3.00,2.00,1770.00,8141.00,1.00,0.00,0.00,5.00,8.00,1770.00,0.00,1952.00,0.00,98177.00,47.72,-122.37,1770.00,8100.00
4139420430.00,20140611T000000,1365000.00,5.00,3.50,4210.00,17258.00,2.00,0.00,3.00,3.00,12.00,4210.00,0.00,1995.00,0.00,98006.00,47.55,-122.11,4630.00,17909.00
1509500080.00,20150317T000000,389950.00,3.00,2.50,2170.00,8140.00,2.00,0.00,0.00,3.00,9.00,2170.00,0.00,1994.00,0.00,98030.00,47.39,-122.17,2390.00,8100.00
6341000020.00,20150304T000000,226000.00,2.00,1.00,1510.00,19874.00,1.00,0.00,0.00,3.00,7.00,1510.00,0.00,1951.00,0.00,98146.00,47.49,-122.34,1540.00,10000.00
1022069071.00,20140808T000000,390000.00,3.00,1.75,1870.00,40250.00,1.00,0.00,0.00,5.00,7.00,1870.00,0.00,1959.00,0.00,98038.00,47.40,-122.04,1870.00,40250.00
8078400020.00,20150223T000000,485000.00,3.00,2.25,1570.00,8111.00,2.00,0.00,0.00,3.00,8.00,1570.00,0.00,1984.00,0.00,98074.00,47.63,-122.03,1990.00,7875.00
9113200250.00,20150413T000000,840000.00,4.00,2.50,2480.00,4602.00,2.00,0.00,0.00,3.00,9.00,2480.00,0.00,2000.00,0.00,98052.00,47.68,-122.16,3480.00,5739.00
1592300010.00,20140926T000000,600000.00,5.00,3.50,3580.00,21343.00,1.50,0.00,0.00,4.00,8.00,2140.00,1440.00,1937.00,0.00,98155.00,47.76,-122.30,2430.00,21343.00
9250900095.00,20140819T000000,331000.00,2.00,1.00,1480.00,6210.00,1.00,0.00,0.00,3.00,7.00,1080.00,400.00,1950.00,0.00,98133.00,47.77,-122.35,1290.00,7509.00
8815400670.00,20141016T000000,780000.00,3.00,2.00,2610.00,6000.00,1.00,0.00,0.00,5.00,7.00,1310.00,1300.00,1941.00,0.00,98115.00,47.68,-122.29,2330.00,4800.00
7212680080.00,20141015T000000,300000.00,3.00,1.75,1700.00,8481.00,2.00,0.00,0.00,3.00,7.00,1700.00,0.00,1993.00,0.00,98003.00,47.26,-122.31,1830.00,6600.00
2968801315.00,20140917T000000,361810.00,3.00,1.75,1240.00,7620.00,1.00,0.00,0.00,3.00,7.00,1240.00,0.00,1968.00,2014.00,98166.00,47.46,-122.35,1150.00,7620.00
6141100255.00,20140515T000000,467000.00,3.00,1.00,1660.00,6582.00,1.00,0.00,0.00,5.00,7.00,1000.00,660.00,1946.00,0.00,98133.00,47.72,-122.35,1110.00,6584.00
8068000440.00,20141226T000000,399000.00,3.00,1.75,1620.00,10000.00,1.50,0.00,0.00,5.00,6.00,1620.00,0.00,1918.00,0.00,98178.00,47.51,-122.26,1880.00,10000.00
7883605900.00,20141015T000000,315450.00,3.00,1.75,1130.00,7500.00,1.50,0.00,0.00,4.00,7.00,1130.00,0.00,1908.00,0.00,98108.00,47.53,-122.32,1240.00,6000.00
9521101315.00,20150501T000000,600000.00,3.00,1.00,1310.00,5000.00,1.50,0.00,0.00,3.00,7.00,1310.00,0.00,1906.00,0.00,98103.00,47.66,-122.35,1530.00,4800.00
8651442910.00,20150325T000000,247500.00,4.00,2.00,1710.00,5200.00,1.00,0.00,0.00,4.00,7.00,910.00,800.00,1977.00,0.00,98042.00,47.36,-122.09,1560.00,5200.00
8113101233.00,20150130T000000,330000.00,3.00,1.00,2140.00,5037.00,1.00,0.00,0.00,3.00,7.00,2140.00,0.00,1957.00,0.00,98118.00,47.55,-122.27,1630.00,6054.00
7016200460.00,20140826T000000,500000.00,4.00,2.25,2350.00,7210.00,1.50,0.00,0.00,4.00,7.00,2350.00,0.00,1972.00,0.00,98011.00,47.74,-122.18,1930.00,7519.00
4189800020.00,20140820T000000,367500.00,3.00,1.00,1570.00,10050.00,1.00,0.00,0.00,3.00,7.00,1570.00,0.00,1963.00,0.00,98028.00,47.74,-122.23,2540.00,9940.00
5506500170.00,20140912T000000,560000.00,3.00,2.50,2780.00,32880.00,1.00,0.00,0.00,3.00,9.00,2780.00,0.00,1993.00,0.00,98045.00,47.48,-121.73,2780.00,40091.00
5135000170.00,20140806T000000,655000.00,4.00,1.75,2540.00,7620.00,1.00,0.00,3.00,3.00,8.00,1320.00,1220.00,1948.00,0.00,98116.00,47.57,-122.41,2540.00,8613.00
8155500020.00,20141018T000000,530000.00,5.00,2.75,2500.00,7140.00,1.00,0.00,0.00,4.00,7.00,1250.00,1250.00,1968.00,0.00,98008.00,47.62,-122.11,2230.00,8400.00
2597501190.00,20150512T000000,270000.00,3.00,2.25,2080.00,26574.00,1.00,0.00,2.00,3.00,7.00,1380.00,700.00,1993.00,0.00,98002.00,47.28,-122.19,1770.00,8140.00
5288200225.00,20141125T000000,437500.00,3.00,2.00,1760.00,2875.00,2.00,0.00,2.00,3.00,7.00,1290.00,470.00,1988.00,0.00,98126.00,47.56,-122.38,1760.00,4830.00
6189200050.00,20150203T000000,575000.00,3.00,1.75,1760.00,10349.00,1.00,0.00,0.00,3.00,8.00,1760.00,0.00,1957.00,0.00,98005.00,47.63,-122.17,1970.00,10933.00
6664900470.00,20141107T000000,278000.00,4.00,2.50,1940.00,6887.00,2.00,0.00,0.00,3.00,7.00,1940.00,0.00,1990.00,0.00,98023.00,47.29,-122.35,1870.00,6144.00
7954300460.00,20140904T000000,568500.00,4.00,2.50,3010.00,6181.00,2.00,0.00,0.00,3.00,9.00,3010.00,0.00,2000.00,0.00,98056.00,47.52,-122.19,2960.00,6515.00
8018600655.00,20150326T000000,280000.00,4.00,3.00,2460.00,9606.00,1.00,0.00,0.00,3.00,8.00,2460.00,0.00,2012.00,0.00,98168.00,47.49,-122.32,1730.00,7500.00
2508000020.00,20140819T000000,250000.00,2.00,1.00,750.00,6350.00,1.00,0.00,0.00,3.00,5.00,750.00,0.00,1920.00,0.00,98103.00,47.69,-122.36,920.00,6350.00
1424059130.00,20150318T000000,247500.00,3.00,0.75,1300.00,72309.00,1.00,0.00,0.00,3.00,6.00,680.00,620.00,1950.00,1987.00,98006.00,47.57,-122.12,3080.00,8395.00
7856660130.00,20141204T000000,1250000.00,5.00,2.75,3710.00,13874.00,1.50,0.00,3.00,4.00,9.00,2340.00,1370.00,1977.00,0.00,98006.00,47.57,-122.15,3370.00,13874.00
5302400080.00,20141015T000000,535000.00,4.00,2.50,2360.00,15008.00,1.00,0.00,0.00,3.00,9.00,1920.00,440.00,1986.00,0.00,98028.00,47.74,-122.25,2680.00,15344.00
3026059368.00,20140711T000000,814842.00,3.00,2.50,3190.00,6899.00,2.00,0.00,0.00,3.00,9.00,3190.00,0.00,2014.00,0.00,98034.00,47.72,-122.22,3190.00,6899.00
3275910020.00,20150213T000000,340000.00,4.00,2.50,2181.00,5521.00,2.00,0.00,0.00,3.00,8.00,2181.00,0.00,2006.00,0.00,98001.00,47.35,-122.29,2333.00,5143.00
2229900020.00,20140610T000000,359950.00,3.00,1.75,1890.00,9100.00,2.00,0.00,0.00,4.00,7.00,1890.00,0.00,1952.00,0.00,98133.00,47.77,-122.34,1640.00,9100.00
7748000020.00,20140621T000000,750000.00,3.00,1.75,2610.00,5544.00,1.50,0.00,0.00,3.00,8.00,1680.00,930.00,1934.00,0.00,98117.00,47.68,-122.38,1330.00,5074.00
7457000005.00,20140926T000000,1220000.00,4.00,2.00,3090.00,8125.00,2.50,0.00,0.00,5.00,8.00,3090.00,0.00,1918.00,0.00,98117.00,47.69,-122.40,1560.00,6250.00
9268200285.00,20140703T000000,370000.00,2.00,1.00,860.00,5040.00,1.00,0.00,0.00,3.00,7.00,860.00,0.00,1956.00,0.00,98117.00,47.70,-122.37,1570.00,5040.00
1328330780.00,20150415T000000,329950.00,3.00,1.00,1000.00,9170.00,1.00,0.00,0.00,3.00,7.00,1000.00,0.00,1980.00,0.00,98058.00,47.44,-122.13,1610.00,9170.00
7806450190.00,20150102T000000,500000.00,3.00,2.50,2760.00,35171.00,2.00,0.00,0.00,3.00,9.00,2760.00,0.00,1990.00,0.00,98058.00,47.47,-122.12,2720.00,35171.00
626400020.00,20140918T000000,734000.00,4.00,2.50,3490.00,18521.00,2.00,0.00,0.00,4.00,9.00,3490.00,0.00,1990.00,0.00,98077.00,47.74,-122.07,2850.00,18521.00
5416510920.00,20140616T000000,385000.00,4.00,2.50,2960.00,5054.00,2.00,0.00,0.00,3.00,9.00,2960.00,0.00,2006.00,0.00,98038.00,47.36,-122.04,2960.00,5000.00
3330500345.00,20150420T000000,230000.00,2.00,1.00,1280.00,4635.00,1.00,0.00,0.00,3.00,6.00,840.00,440.00,1917.00,0.00,98118.00,47.55,-122.28,1660.00,6180.00
3885801190.00,20140730T000000,1385000.00,4.00,3.50,3230.00,7200.00,1.00,0.00,1.00,3.00,10.00,1640.00,1590.00,2000.00,0.00,98033.00,47.68,-122.21,2660.00,7200.00
1035000007.00,20141218T000000,210000.00,3.00,2.00,1830.00,4992.00,1.00,0.00,0.00,3.00,7.00,1230.00,600.00,1953.00,0.00,98118.00,47.51,-122.27,2050.00,7740.00
1471701470.00,20140731T000000,293000.00,3.00,1.75,1420.00,13187.00,1.00,0.00,0.00,4.00,7.00,1420.00,0.00,1974.00,0.00,98059.00,47.46,-122.07,1620.00,13824.00
7519000225.00,20141030T000000,465000.00,3.00,1.00,1580.00,3774.00,1.50,0.00,0.00,3.00,6.00,1580.00,0.00,1900.00,0.00,98117.00,47.68,-122.36,1580.00,3860.00
1433290010.00,20150112T000000,449000.00,3.00,2.25,1960.00,44634.00,1.00,0.00,0.00,3.00,7.00,1130.00,830.00,1984.00,0.00,98028.00,47.78,-122.25,1970.00,44634.00
1223049150.00,20150414T000000,325000.00,2.00,1.75,1670.00,10725.00,1.00,0.00,0.00,3.00,7.00,1670.00,0.00,1965.00,0.00,98178.00,47.49,-122.23,1600.00,10725.00
5198600010.00,20140819T000000,180000.00,3.00,2.00,1670.00,7056.00,1.00,0.00,0.00,4.00,7.00,1670.00,0.00,1958.00,0.00,98002.00,47.31,-122.21,1330.00,8415.00
4310703070.00,20150413T000000,650000.00,6.00,3.00,2960.00,5000.00,1.00,0.00,0.00,3.00,8.00,1790.00,1170.00,1968.00,0.00,98103.00,47.70,-122.34,1280.00,1251.00
6154900005.00,20140924T000000,665000.00,4.00,2.75,2420.00,7102.00,1.00,0.00,0.00,5.00,7.00,1670.00,750.00,1946.00,0.00,98177.00,47.70,-122.37,1620.00,7102.00
3541700170.00,20141017T000000,324450.00,3.00,2.00,1420.00,16000.00,1.00,0.00,0.00,3.00,7.00,1420.00,0.00,1966.00,0.00,98166.00,47.48,-122.36,1900.00,12630.00
952001495.00,20150306T000000,588000.00,4.00,1.75,2170.00,5750.00,1.00,0.00,2.00,3.00,7.00,1370.00,800.00,1975.00,0.00,98116.00,47.57,-122.38,1450.00,5750.00
8122600020.00,20140521T000000,200000.00,4.00,1.00,1310.00,5200.00,1.50,0.00,0.00,3.00,6.00,1160.00,150.00,1945.00,0.00,98126.00,47.54,-122.37,1090.00,5180.00
3579700080.00,20140905T000000,383000.00,4.00,1.75,1830.00,11090.00,1.00,0.00,0.00,3.00,7.00,1060.00,770.00,1962.00,0.00,98028.00,47.73,-122.25,1990.00,10917.00
2769602140.00,20141215T000000,499950.00,3.00,2.00,1360.00,2500.00,1.00,0.00,0.00,3.00,7.00,730.00,630.00,1986.00,0.00,98107.00,47.68,-122.36,1630.00,5000.00
5152920170.00,20150421T000000,549000.00,5.00,2.50,3440.00,12350.00,1.00,0.00,2.00,4.00,9.00,1760.00,1680.00,1976.00,0.00,98003.00,47.34,-122.33,3440.00,12763.00
3226049530.00,20150122T000000,465000.00,5.00,3.00,2010.00,7264.00,1.00,0.00,0.00,3.00,7.00,1290.00,720.00,1990.00,0.00,98103.00,47.69,-122.33,1510.00,7326.00
4017050020.00,20140814T000000,450000.00,3.00,2.50,2450.00,19744.00,2.00,0.00,0.00,3.00,10.00,2450.00,0.00,1990.00,0.00,98038.00,47.37,-122.03,2650.00,19597.00
3982700250.00,20150423T000000,799900.00,4.00,2.50,3030.00,7800.00,2.00,0.00,0.00,3.00,9.00,1580.00,1450.00,1991.00,0.00,98033.00,47.69,-122.20,2840.00,7435.00
2523069134.00,20150406T000000,495000.00,4.00,2.50,2480.00,91911.00,1.00,0.00,2.00,4.00,7.00,1470.00,1010.00,1973.00,0.00,98027.00,47.46,-121.98,2540.00,91911.00
7281300010.00,20140822T000000,1200000.00,3.00,3.50,4310.00,10842.00,2.00,0.00,2.00,3.00,10.00,3140.00,1170.00,1988.00,0.00,98177.00,47.77,-122.39,2280.00,11106.00
3396800280.00,20150223T000000,637000.00,4.00,2.50,2120.00,15000.00,2.00,0.00,0.00,4.00,8.00,2120.00,0.00,1983.00,0.00,98052.00,47.72,-122.10,2170.00,15000.00
7234600851.00,20141216T000000,589000.00,4.00,1.00,2210.00,4366.00,2.00,0.00,0.00,3.00,8.00,2210.00,0.00,1901.00,0.00,98122.00,47.61,-122.31,1740.00,1745.00
7418000020.00,20140724T000000,305000.00,3.00,1.75,1400.00,10350.00,1.00,0.00,0.00,4.00,7.00,1400.00,0.00,1976.00,0.00,98059.00,47.48,-122.13,1780.00,10457.00
7548300170.00,20150331T000000,600000.00,4.00,2.25,2760.00,5200.00,2.00,0.00,0.00,3.00,7.00,1790.00,970.00,1910.00,2003.00,98144.00,47.59,-122.31,1310.00,2059.00
1446300020.00,20140531T000000,587000.00,4.00,2.50,2550.00,6256.00,2.00,0.00,0.00,3.00,9.00,2550.00,0.00,1992.00,0.00,98072.00,47.77,-122.17,2460.00,8256.00
4385700425.00,20140505T000000,1425000.00,2.00,2.50,2220.00,4000.00,2.00,0.00,0.00,3.00,9.00,2220.00,0.00,2000.00,0.00,98112.00,47.64,-122.28,1870.00,4000.00
16000545.00,20150312T000000,250000.00,4.00,1.00,1320.00,11212.00,1.00,0.00,0.00,5.00,6.00,1320.00,0.00,1914.00,0.00,98002.00,47.31,-122.21,1060.00,6766.00
7996720050.00,20150424T000000,515000.00,3.00,3.00,2440.00,3202.00,2.00,0.00,0.00,4.00,8.00,1640.00,800.00,1982.00,0.00,98133.00,47.72,-122.34,2440.00,3200.00
8691310840.00,20140509T000000,833000.00,4.00,2.75,3780.00,10308.00,2.00,0.00,0.00,3.00,10.00,3780.00,0.00,1999.00,0.00,98075.00,47.59,-121.98,3500.00,10740.00
4309700130.00,20140604T000000,860000.00,3.00,3.25,4720.00,32467.00,2.00,0.00,2.00,3.00,10.00,3190.00,1530.00,1998.00,0.00,98059.00,47.51,-122.11,3260.00,26386.00
5100401060.00,20140908T000000,550000.00,4.00,3.00,2360.00,6678.00,1.00,0.00,0.00,3.00,8.00,1760.00,600.00,1949.00,0.00,98115.00,47.69,-122.31,1640.00,6380.00
1180002580.00,20150319T000000,180000.00,2.00,1.00,890.00,6000.00,1.00,0.00,0.00,2.00,6.00,890.00,0.00,1919.00,0.00,98178.00,47.50,-122.23,1100.00,6000.00
3379100130.00,20140618T000000,507000.00,4.00,1.75,1770.00,9375.00,1.00,0.00,0.00,4.00,7.00,1170.00,600.00,1968.00,0.00,98052.00,47.69,-122.11,1540.00,9375.00
8645900080.00,20140827T000000,427000.00,3.00,2.00,1720.00,128066.00,1.00,0.00,0.00,3.00,7.00,1720.00,0.00,1994.00,0.00,98027.00,47.45,-121.98,2360.00,111078.00
7569500010.00,20141120T000000,616950.00,3.00,3.50,2490.00,2722.00,2.00,0.00,0.00,3.00,8.00,2020.00,470.00,1999.00,0.00,98005.00,47.59,-122.17,2490.00,2755.00
8026200080.00,20140715T000000,372000.00,4.00,1.75,1890.00,10550.00,1.00,0.00,0.00,5.00,7.00,1010.00,880.00,1969.00,0.00,98056.00,47.51,-122.19,1930.00,7291.00
5101404555.00,20141006T000000,290000.00,2.00,1.00,1020.00,6380.00,1.00,0.00,0.00,3.00,7.00,1020.00,0.00,1930.00,1973.00,98115.00,47.70,-122.32,1380.00,6380.00
9432900250.00,20150309T000000,329990.00,4.00,2.75,2420.00,8438.00,2.00,0.00,0.00,3.00,8.00,2420.00,0.00,1997.00,0.00,98022.00,47.21,-122.01,2270.00,8770.00
3995700250.00,20141013T000000,393500.00,3.00,1.75,1600.00,8156.00,1.00,0.00,0.00,5.00,7.00,1600.00,0.00,1948.00,0.00,98155.00,47.74,-122.30,1200.00,8156.00
2574900080.00,20140513T000000,1550000.00,5.00,3.25,3370.00,17458.00,1.00,0.00,2.00,5.00,10.00,2000.00,1370.00,1982.00,0.00,98040.00,47.56,-122.23,4240.00,15202.00
8731982630.00,20140522T000000,240000.00,4.00,2.25,1720.00,8300.00,1.00,0.00,0.00,4.00,8.00,1720.00,0.00,1973.00,0.00,98023.00,47.32,-122.39,2010.00,8000.00
2968800660.00,20140513T000000,285000.00,3.00,1.00,1090.00,8640.00,1.00,0.00,0.00,4.00,6.00,1090.00,0.00,1973.00,0.00,98166.00,47.46,-122.36,1260.00,8400.00
2872900010.00,20150414T000000,382500.00,3.00,1.50,1090.00,9862.00,1.00,0.00,0.00,3.00,8.00,1090.00,0.00,1987.00,0.00,98074.00,47.63,-122.04,1710.00,9862.00
1118000080.00,20150331T000000,1925000.00,4.00,3.75,3600.00,16101.00,1.00,0.00,0.00,3.00,9.00,3600.00,0.00,1951.00,0.00,98112.00,47.63,-122.29,3650.00,9506.00
8923600185.00,20140829T000000,800000.00,3.00,2.50,2760.00,9471.00,1.00,0.00,2.00,3.00,8.00,1760.00,1000.00,1956.00,0.00,98115.00,47.68,-122.27,3040.00,6765.00
1725059252.00,20150402T000000,550000.00,4.00,3.50,2770.00,24140.00,2.00,0.00,0.00,3.00,8.00,2770.00,0.00,1967.00,0.00,98033.00,47.66,-122.19,1720.00,16011.00
3818700190.00,20141215T000000,387846.00,4.00,1.75,2520.00,15205.00,1.00,0.00,0.00,4.00,7.00,2040.00,480.00,1954.00,0.00,98028.00,47.76,-122.26,1680.00,10000.00
5125400305.00,20140821T000000,367500.00,4.00,2.00,1960.00,16015.00,1.00,0.00,0.00,3.00,7.00,1960.00,0.00,1980.00,0.00,98002.00,47.33,-122.22,1960.00,16015.00
4232400010.00,20140804T000000,780500.00,5.00,1.00,1760.00,4264.00,2.00,0.00,0.00,3.00,8.00,1760.00,0.00,1902.00,0.00,98112.00,47.62,-122.31,2130.00,4264.00
5100402606.00,20150505T000000,680000.00,3.00,1.75,1090.00,6775.00,1.00,0.00,0.00,4.00,7.00,850.00,240.00,1950.00,0.00,98115.00,47.69,-122.32,1580.00,5760.00
3876300080.00,20141224T000000,434400.00,5.00,1.75,1960.00,7875.00,1.00,0.00,0.00,4.00,7.00,1960.00,0.00,1968.00,0.00,98034.00,47.73,-122.18,1800.00,7764.00
1246700050.00,20140612T000000,370000.00,2.00,1.00,1220.00,17172.00,1.00,0.00,0.00,4.00,6.00,1220.00,0.00,1947.00,0.00,98033.00,47.69,-122.16,1510.00,12915.00
1837010010.00,20150313T000000,465000.00,3.00,1.75,1730.00,8073.00,1.00,0.00,0.00,3.00,8.00,1350.00,380.00,1971.00,0.00,98177.00,47.77,-122.37,2500.00,8073.00
1328320280.00,20150327T000000,323000.00,3.00,2.00,1830.00,6925.00,1.00,0.00,0.00,4.00,8.00,1830.00,0.00,1979.00,0.00,98058.00,47.44,-122.12,2010.00,7350.00
5468760050.00,20150105T000000,270000.00,4.00,2.50,1600.00,9921.00,2.00,0.00,0.00,3.00,7.00,1600.00,0.00,2009.00,0.00,98042.00,47.37,-122.12,2140.00,5806.00
5556300114.00,20141219T000000,1320000.00,3.00,1.75,2040.00,42693.00,1.00,0.00,2.00,3.00,10.00,2040.00,0.00,1980.00,0.00,98052.00,47.65,-122.12,2640.00,11957.00
2316800020.00,20140627T000000,560000.00,4.00,2.50,2710.00,6583.00,2.00,0.00,0.00,3.00,9.00,2710.00,0.00,2003.00,0.00,98059.00,47.49,-122.14,2710.00,6583.00
7133300675.00,20150428T000000,450000.00,3.00,1.00,1140.00,4500.00,1.00,0.00,0.00,3.00,6.00,840.00,300.00,1907.00,0.00,98144.00,47.59,-122.31,1150.00,3000.00
751000020.00,20140626T000000,290000.00,2.00,1.00,930.00,7740.00,1.00,0.00,0.00,3.00,6.00,930.00,0.00,1924.00,0.00,98125.00,47.71,-122.29,1250.00,7740.00
3578400670.00,20140924T000000,354000.00,3.00,2.00,1010.00,21340.00,1.00,0.00,0.00,3.00,8.00,1010.00,0.00,1980.00,0.00,98074.00,47.62,-122.04,1700.00,13045.00
2767603890.00,20150304T000000,705000.00,5.00,3.00,2380.00,5000.00,2.00,0.00,0.00,5.00,7.00,2380.00,0.00,1909.00,0.00,98107.00,47.67,-122.39,1800.00,4650.00
9477000190.00,20140808T000000,445000.00,3.00,2.25,1860.00,7200.00,1.00,0.00,0.00,4.00,7.00,1240.00,620.00,1977.00,0.00,98034.00,47.73,-122.19,1560.00,7630.00
2268000500.00,20140721T000000,229900.00,3.00,1.00,1440.00,11925.00,1.00,0.00,0.00,3.00,7.00,1440.00,0.00,1968.00,0.00,98003.00,47.27,-122.30,1440.00,10425.00
7202271060.00,20150310T000000,610000.00,4.00,2.50,2980.00,5896.00,2.00,0.00,0.00,3.00,8.00,2980.00,0.00,2001.00,0.00,98053.00,47.69,-122.04,2900.00,5712.00
7852020080.00,20141210T000000,535000.00,3.00,3.25,2670.00,5108.00,2.00,0.00,2.00,3.00,9.00,2670.00,0.00,2000.00,0.00,98065.00,47.53,-121.87,2670.00,6500.00
3298400470.00,20150204T000000,437400.00,3.00,1.75,2150.00,8925.00,1.00,0.00,0.00,4.00,7.00,2150.00,0.00,1960.00,0.00,98008.00,47.63,-122.12,1100.00,7875.00
8854000010.00,20140812T000000,540000.00,5.00,2.75,3160.00,10059.00,2.00,0.00,0.00,3.00,10.00,1740.00,1420.00,1978.00,0.00,98011.00,47.75,-122.22,3120.00,11557.00
1624059093.00,20140630T000000,570000.00,3.00,2.00,1890.00,29185.00,1.00,0.00,0.00,3.00,7.00,1470.00,420.00,1949.00,2013.00,98006.00,47.56,-122.17,2580.00,11600.00
8564950280.00,20141009T000000,533000.00,3.00,2.50,2810.00,4607.00,2.00,0.00,0.00,3.00,8.00,2810.00,0.00,2004.00,0.00,98011.00,47.77,-122.23,2540.00,4871.00
7853230460.00,20150403T000000,555000.00,3.00,2.50,2690.00,4819.00,2.00,0.00,0.00,3.00,7.00,2690.00,0.00,2004.00,0.00,98065.00,47.53,-121.85,2360.00,4829.00
1796350080.00,20140623T000000,239950.00,3.00,1.75,1230.00,9600.00,1.00,0.00,0.00,4.00,7.00,1230.00,0.00,1984.00,0.00,98042.00,47.37,-122.10,1330.00,8250.00
9477200460.00,20150108T000000,350000.00,3.00,1.00,950.00,9451.00,1.00,0.00,0.00,4.00,7.00,950.00,0.00,1977.00,0.00,98034.00,47.73,-122.19,1480.00,8352.00
7972601995.00,20140616T000000,245000.00,2.00,1.00,1200.00,4880.00,1.00,0.00,0.00,3.00,6.00,980.00,220.00,1943.00,0.00,98106.00,47.53,-122.35,1040.00,4880.00
1454100440.00,20140605T000000,456000.00,4.00,1.75,1670.00,9886.00,1.00,0.00,0.00,5.00,7.00,1670.00,0.00,1947.00,0.00,98125.00,47.72,-122.29,2590.00,9997.00
2558690130.00,20140813T000000,465000.00,4.00,2.25,2140.00,7701.00,1.00,0.00,0.00,4.00,7.00,1470.00,670.00,1977.00,0.00,98034.00,47.72,-122.17,2130.00,8050.00
8682310470.00,20150107T000000,445000.00,2.00,1.75,1440.00,4660.00,1.00,0.00,2.00,3.00,8.00,1440.00,0.00,2008.00,0.00,98053.00,47.71,-122.02,1680.00,4989.00
3876000440.00,20140728T000000,517850.00,5.00,2.75,3050.00,7500.00,1.00,0.00,0.00,4.00,8.00,1800.00,1250.00,1966.00,0.00,98034.00,47.72,-122.19,2060.00,7848.00
4137070440.00,20140930T000000,329000.00,5.00,2.75,2570.00,7260.00,2.00,0.00,0.00,3.00,8.00,2570.00,0.00,1996.00,0.00,98092.00,47.26,-122.21,2200.00,7421.00
2391602500.00,20140515T000000,512500.00,3.00,2.50,1840.00,2875.00,2.00,0.00,0.00,4.00,7.00,1840.00,0.00,1997.00,0.00,98116.00,47.56,-122.39,1240.00,5750.00
8632100010.00,20140604T000000,365000.00,2.00,1.00,1250.00,8100.00,1.00,0.00,0.00,4.00,7.00,1250.00,0.00,1947.00,0.00,98125.00,47.73,-122.33,1710.00,8100.00
3034200426.00,20150320T000000,450500.00,3.00,1.00,1410.00,9384.00,1.00,0.00,0.00,3.00,7.00,1410.00,0.00,1948.00,0.00,98133.00,47.72,-122.33,1990.00,9384.00
5078400190.00,20141016T000000,915000.00,3.00,1.00,1560.00,8232.00,1.00,0.00,0.00,3.00,7.00,1560.00,0.00,1952.00,0.00,98004.00,47.62,-122.21,1930.00,8286.00
1450100420.00,20140620T000000,205000.00,3.00,1.00,960.00,7314.00,1.00,0.00,0.00,5.00,6.00,960.00,0.00,1960.00,0.00,98002.00,47.29,-122.22,990.00,7314.00
1853500290.00,20140811T000000,314000.00,4.00,2.50,1870.00,8449.00,2.00,0.00,0.00,3.00,8.00,1870.00,0.00,1992.00,0.00,98188.00,47.44,-122.27,2160.00,8113.00
8133700020.00,20140702T000000,496000.00,2.00,1.00,900.00,9260.00,1.00,0.00,0.00,3.00,7.00,900.00,0.00,1946.00,0.00,98107.00,47.67,-122.36,1230.00,6913.00
723059073.00,20150416T000000,329950.00,4.00,1.00,2050.00,7590.00,1.00,0.00,0.00,3.00,7.00,1280.00,770.00,1957.00,0.00,98178.00,47.49,-122.22,2050.00,7800.00
2374200005.00,20140616T000000,375000.00,4.00,2.00,2400.00,6000.00,2.00,0.00,0.00,3.00,6.00,2400.00,0.00,1913.00,1945.00,98011.00,47.76,-122.21,1780.00,8732.00
7420200050.00,20140620T000000,623000.00,3.00,2.50,1850.00,7777.00,2.00,0.00,0.00,5.00,8.00,1850.00,0.00,1989.00,0.00,98033.00,47.69,-122.17,1850.00,8482.00
7211350130.00,20140619T000000,310000.00,4.00,1.50,1220.00,9600.00,1.00,0.00,0.00,3.00,6.00,1220.00,0.00,1980.00,0.00,98014.00,47.65,-121.91,1180.00,9000.00
7802900500.00,20150304T000000,532500.00,3.00,3.25,3140.00,37120.00,1.00,0.00,0.00,3.00,9.00,1760.00,1380.00,1984.00,0.00,98065.00,47.52,-121.84,2100.00,13500.00
8081900101.00,20140528T000000,960000.00,4.00,2.25,2410.00,4560.00,2.00,0.00,2.00,5.00,9.00,1800.00,610.00,1929.00,0.00,98117.00,47.68,-122.40,2150.00,5100.00
9510300130.00,20140628T000000,598000.00,4.00,2.50,3130.00,40918.00,2.00,0.00,0.00,3.00,9.00,3130.00,0.00,1994.00,0.00,98045.00,47.48,-121.72,2760.00,35440.00
8582010290.00,20140814T000000,683000.00,3.00,2.50,2300.00,9218.00,2.00,0.00,2.00,3.00,9.00,2300.00,0.00,1998.00,0.00,98027.00,47.55,-122.08,2730.00,9930.00
4023500352.00,20150217T000000,425000.00,5.00,2.50,2840.00,9425.00,1.00,0.00,0.00,4.00,7.00,1590.00,1250.00,1962.00,0.00,98155.00,47.76,-122.30,1900.00,11600.00
9482700440.00,20140506T000000,533000.00,5.00,2.75,1800.00,3780.00,1.50,0.00,0.00,3.00,7.00,1400.00,400.00,1926.00,0.00,98103.00,47.68,-122.34,1400.00,3780.00
6117502455.00,20140513T000000,375000.00,3.00,1.00,1190.00,9486.00,1.00,0.00,0.00,4.00,7.00,1190.00,0.00,1953.00,0.00,98166.00,47.43,-122.34,2100.00,10400.00
2791500020.00,20140604T000000,250500.00,3.00,2.00,1710.00,7225.00,2.00,0.00,0.00,4.00,7.00,1710.00,0.00,1988.00,0.00,98023.00,47.29,-122.37,1710.00,7225.00
5643600351.00,20140806T000000,257000.00,4.00,1.75,1900.00,22896.00,1.50,0.00,0.00,3.00,7.00,1360.00,540.00,1922.00,1990.00,98010.00,47.31,-122.02,1300.00,8960.00
4059400585.00,20140624T000000,218000.00,3.00,1.00,880.00,18205.00,1.00,0.00,0.00,4.00,6.00,880.00,0.00,1945.00,0.00,98178.00,47.50,-122.24,1110.00,16115.00
9285800585.00,20140611T000000,460000.00,3.00,2.00,2060.00,4437.00,1.00,0.00,0.00,3.00,7.00,1030.00,1030.00,1929.00,0.00,98126.00,47.57,-122.38,1750.00,4452.00
5727500561.00,20150414T000000,255544.00,3.00,1.00,1360.00,6186.00,1.50,0.00,0.00,4.00,6.00,760.00,600.00,1941.00,0.00,98133.00,47.75,-122.33,1610.00,7453.00
8682310430.00,20140914T000000,560000.00,2.00,2.00,1680.00,4647.00,1.00,0.00,0.00,3.00,8.00,1680.00,0.00,2008.00,0.00,98053.00,47.71,-122.02,1680.00,4950.00
3782760170.00,20150211T000000,480000.00,4.00,2.50,2980.00,4074.00,2.00,0.00,0.00,3.00,8.00,2980.00,0.00,2011.00,0.00,98019.00,47.73,-121.97,2320.00,4255.00
1925059073.00,20141010T000000,1300000.00,5.00,1.75,2130.00,19180.00,1.00,0.00,0.00,3.00,8.00,1500.00,630.00,1968.00,0.00,98004.00,47.64,-122.21,3650.00,19180.00
6891800500.00,20150426T000000,580000.00,3.00,2.75,2650.00,9752.00,1.00,0.00,0.00,3.00,9.00,2650.00,0.00,1989.00,0.00,98028.00,47.77,-122.26,3030.00,9910.00
4319200605.00,20140628T000000,475000.00,3.00,2.50,1700.00,9100.00,1.00,0.00,0.00,3.00,8.00,1160.00,540.00,1998.00,0.00,98126.00,47.54,-122.38,1590.00,8374.00
6117500460.00,20140630T000000,1309500.00,4.00,2.50,2680.00,12215.00,1.00,1.00,4.00,3.00,9.00,1590.00,1090.00,1956.00,0.00,98166.00,47.44,-122.35,2960.00,19964.00
522079022.00,20150327T000000,700000.00,3.00,2.50,2530.00,623779.00,1.00,0.00,0.00,4.00,8.00,2530.00,0.00,1980.00,0.00,98038.00,47.42,-121.95,2120.00,100623.00
3066410080.00,20140917T000000,590000.00,3.00,2.50,2520.00,10223.00,2.00,0.00,0.00,3.00,10.00,2520.00,0.00,1988.00,0.00,98074.00,47.63,-122.04,2630.00,10091.00
4137000280.00,20150222T000000,264500.00,3.00,2.50,1630.00,8346.00,1.00,0.00,0.00,3.00,8.00,1630.00,0.00,1990.00,0.00,98092.00,47.26,-122.22,2110.00,8619.00
2767600920.00,20141027T000000,465000.00,2.00,1.00,730.00,2600.00,1.00,0.00,0.00,4.00,6.00,730.00,0.00,1918.00,0.00,98107.00,47.68,-122.38,1480.00,3900.00
7972601680.00,20150323T000000,290000.00,3.00,1.00,910.00,7620.00,1.00,0.00,2.00,3.00,7.00,910.00,0.00,1971.00,0.00,98106.00,47.53,-122.34,1660.00,7620.00
1725059136.00,20141121T000000,1815000.00,4.00,4.50,4510.00,12873.00,2.00,0.00,2.00,3.00,12.00,4510.00,0.00,1998.00,0.00,98033.00,47.65,-122.20,2200.00,8528.00
4037000080.00,20140615T000000,416000.00,3.00,1.00,1110.00,12150.00,1.00,0.00,0.00,4.00,7.00,1110.00,0.00,1957.00,0.00,98008.00,47.60,-122.12,1490.00,8200.00
3580900290.00,20150128T000000,360000.00,4.00,2.00,1450.00,8940.00,1.00,0.00,0.00,3.00,7.00,1450.00,0.00,1962.00,0.00,98034.00,47.73,-122.24,1310.00,8914.00
7527410080.00,20140602T000000,585083.00,5.00,2.75,2910.00,36250.00,1.00,0.00,0.00,3.00,8.00,1590.00,1320.00,1977.00,0.00,98075.00,47.59,-122.08,2910.00,37376.00
2653000005.00,20140512T000000,840000.00,4.00,2.75,2600.00,2750.00,1.50,0.00,0.00,3.00,7.00,1620.00,980.00,1936.00,0.00,98119.00,47.64,-122.36,1960.00,3705.00
3028200080.00,20150324T000000,81000.00,2.00,1.00,730.00,9975.00,1.00,0.00,0.00,1.00,5.00,730.00,0.00,1943.00,0.00,98168.00,47.48,-122.32,860.00,9000.00
4218400005.00,20150130T000000,1285000.00,3.00,2.25,2440.00,9200.00,1.00,0.00,1.00,4.00,8.00,2440.00,0.00,1950.00,0.00,98105.00,47.66,-122.27,2750.00,6211.00
4058802335.00,20141125T000000,326000.00,4.00,1.75,2290.00,7380.00,1.00,0.00,0.00,3.00,7.00,1390.00,900.00,1963.00,0.00,98178.00,47.50,-122.25,1170.00,7381.00
2487200680.00,20150224T000000,447000.00,2.00,1.00,720.00,7500.00,1.00,0.00,2.00,3.00,6.00,720.00,0.00,1925.00,0.00,98136.00,47.52,-122.39,1390.00,5000.00
1950900005.00,20141003T000000,185000.00,3.00,1.00,940.00,7125.00,1.50,0.00,0.00,4.00,7.00,940.00,0.00,1958.00,0.00,98032.00,47.38,-122.30,1170.00,7125.00
6647400250.00,20140723T000000,439950.00,3.00,2.50,1540.00,7773.00,2.00,0.00,0.00,4.00,8.00,1540.00,0.00,1982.00,0.00,98034.00,47.72,-122.19,1630.00,7340.00
9407000920.00,20141001T000000,234000.00,3.00,1.50,1140.00,10300.00,1.50,0.00,0.00,4.00,6.00,1140.00,0.00,1967.00,0.00,98045.00,47.45,-121.77,1250.00,9975.00
8617000020.00,20141231T000000,485000.00,4.00,2.50,2100.00,8886.00,2.00,0.00,0.00,4.00,7.00,2100.00,0.00,1964.00,0.00,98007.00,47.59,-122.13,1840.00,9058.00
1193000190.00,20140715T000000,750000.00,4.00,1.75,2670.00,6250.00,2.00,0.00,0.00,4.00,8.00,2020.00,650.00,1941.00,0.00,98199.00,47.65,-122.39,1820.00,6250.00
7443000480.00,20150507T000000,865000.00,4.00,2.00,2750.00,5527.00,2.00,0.00,0.00,3.00,8.00,2130.00,620.00,1901.00,1987.00,98119.00,47.65,-122.37,1290.00,1764.00
2557000380.00,20140618T000000,287500.00,4.00,2.50,2570.00,9000.00,1.00,0.00,0.00,4.00,8.00,1590.00,980.00,1979.00,0.00,98023.00,47.30,-122.37,2120.00,8571.00
4450700010.00,20140708T000000,375000.00,3.00,1.75,1660.00,9673.00,1.00,0.00,0.00,3.00,7.00,1130.00,530.00,1976.00,0.00,98072.00,47.76,-122.16,1260.00,9681.00
1236300307.00,20140905T000000,565000.00,3.00,2.25,1700.00,8800.00,1.00,0.00,0.00,5.00,7.00,850.00,850.00,1969.00,0.00,98033.00,47.69,-122.19,2180.00,8960.00
3422059249.00,20150219T000000,260000.00,4.00,3.00,1530.00,8306.00,2.00,0.00,0.00,3.00,7.00,1530.00,0.00,2010.00,0.00,98042.00,47.35,-122.15,1930.00,6925.00
9476200290.00,20141017T000000,190000.00,3.00,1.00,1260.00,10900.00,1.00,0.00,0.00,4.00,6.00,1260.00,0.00,1943.00,0.00,98056.00,47.49,-122.19,1090.00,8137.00
3812400898.00,20140909T000000,399950.00,5.00,2.00,2760.00,6420.00,1.00,0.00,0.00,5.00,7.00,1380.00,1380.00,1964.00,0.00,98118.00,47.54,-122.28,1400.00,7112.00
5422420470.00,20150326T000000,275000.00,3.00,2.50,1830.00,7062.00,2.00,0.00,0.00,3.00,7.00,1830.00,0.00,1990.00,0.00,98023.00,47.29,-122.35,1820.00,6434.00
2492200280.00,20141202T000000,528000.00,3.00,2.75,2160.00,4086.00,1.00,0.00,0.00,3.00,7.00,1380.00,780.00,1987.00,0.00,98126.00,47.54,-122.38,1300.00,4080.00
4331000130.00,20141017T000000,315000.00,3.00,2.00,1770.00,9685.00,1.00,0.00,0.00,3.00,5.00,1770.00,0.00,1948.00,0.00,98166.00,47.48,-122.34,1520.00,11122.00
6073500190.00,20140821T000000,614306.00,2.00,2.25,2210.00,5500.00,1.00,0.00,0.00,4.00,8.00,1410.00,800.00,1968.00,0.00,98117.00,47.70,-122.39,2140.00,6600.00
9522300010.00,20150331T000000,1490000.00,3.00,3.50,4560.00,14608.00,2.00,0.00,2.00,3.00,12.00,4560.00,0.00,1990.00,0.00,98034.00,47.70,-122.23,4050.00,14226.00
3629910470.00,20140729T000000,590000.00,3.00,2.50,2110.00,3870.00,2.00,0.00,0.00,3.00,9.00,2110.00,0.00,2004.00,0.00,98029.00,47.55,-121.99,2300.00,3870.00
1250200285.00,20150317T000000,261500.00,3.00,1.00,1130.00,3600.00,1.00,0.00,0.00,3.00,6.00,1130.00,0.00,1908.00,0.00,98144.00,47.60,-122.30,1710.00,2231.00
1509700050.00,20140523T000000,300000.00,4.00,2.50,1960.00,9898.00,2.00,0.00,0.00,3.00,8.00,1960.00,0.00,2001.00,0.00,98030.00,47.38,-122.17,2130.00,7662.00
2045800006.00,20140904T000000,439000.00,3.00,2.25,2230.00,4551.00,1.50,0.00,2.00,5.00,8.00,1450.00,780.00,1928.00,0.00,98178.00,47.51,-122.24,2060.00,7200.00
2171400199.00,20140904T000000,277554.00,5.00,2.25,2350.00,13000.00,1.00,0.00,0.00,3.00,7.00,2350.00,0.00,1961.00,0.00,98178.00,47.49,-122.26,1570.00,11440.00
2123049502.00,20140623T000000,215000.00,3.00,2.00,1340.00,8505.00,1.00,0.00,0.00,3.00,6.00,1340.00,0.00,1931.00,0.00,98168.00,47.47,-122.30,1370.00,9000.00
284000095.00,20140922T000000,1200000.00,2.00,2.25,2160.00,17861.00,2.00,1.00,4.00,4.00,9.00,2160.00,0.00,1956.00,0.00,98146.00,47.50,-122.39,2660.00,18530.00
5652600427.00,20150224T000000,420000.00,4.00,2.00,1700.00,6375.00,1.00,0.00,0.00,4.00,7.00,850.00,850.00,1950.00,0.00,98115.00,47.70,-122.30,1470.00,8360.00
7202330470.00,20150408T000000,485000.00,3.00,2.50,1650.00,3436.00,2.00,0.00,0.00,3.00,7.00,1650.00,0.00,2003.00,0.00,98053.00,47.68,-122.04,1680.00,3446.00
6131600255.00,20141222T000000,202500.00,3.00,2.00,1540.00,8316.00,1.00,0.00,0.00,5.00,6.00,1540.00,0.00,1954.00,0.00,98002.00,47.32,-122.22,1250.00,8316.00
7853301660.00,20150223T000000,710000.00,5.00,3.25,3920.00,8572.00,2.00,0.00,0.00,3.00,9.00,3920.00,0.00,2007.00,0.00,98065.00,47.54,-121.89,3335.00,7258.00
9211010440.00,20150430T000000,535000.00,4.00,2.50,3250.00,6933.00,2.00,0.00,0.00,3.00,8.00,3250.00,0.00,2009.00,0.00,98059.00,47.50,-122.15,3030.00,5308.00
1423900080.00,20141218T000000,260000.00,4.00,1.75,1360.00,7700.00,1.00,0.00,0.00,4.00,7.00,1360.00,0.00,1966.00,0.00,98058.00,47.46,-122.18,1321.00,7756.00
2215901190.00,20140528T000000,254000.00,3.00,2.00,1480.00,7480.00,1.00,0.00,0.00,4.00,7.00,1480.00,0.00,1992.00,0.00,98038.00,47.35,-122.06,1680.00,7146.00
251100020.00,20140521T000000,600000.00,4.00,2.50,2360.00,5226.00,2.00,0.00,0.00,3.00,8.00,2360.00,0.00,2001.00,0.00,98034.00,47.71,-122.23,2440.00,5156.00
3395041206.00,20140925T000000,285000.00,3.00,2.50,1800.00,2516.00,2.00,0.00,0.00,3.00,7.00,1800.00,0.00,2001.00,0.00,98108.00,47.54,-122.29,1800.00,2562.00
224069169.00,20141023T000000,800000.00,4.00,3.75,2540.00,20662.00,2.00,0.00,0.00,3.00,10.00,2540.00,0.00,1998.00,0.00,98075.00,47.59,-122.01,2490.00,37731.00
3365901435.00,20140623T000000,165000.00,3.00,1.00,1200.00,13100.00,1.00,0.00,0.00,3.00,6.00,1200.00,0.00,1943.00,0.00,98168.00,47.48,-122.26,1960.00,11285.00
7689600630.00,20141106T000000,216500.00,2.00,1.00,710.00,6960.00,1.00,0.00,0.00,4.00,6.00,710.00,0.00,1943.00,0.00,98178.00,47.49,-122.25,940.00,7680.00
3158500290.00,20140919T000000,387990.00,4.00,2.50,2640.00,5595.00,2.00,0.00,0.00,3.00,8.00,2640.00,0.00,2011.00,0.00,98038.00,47.36,-122.05,1840.00,5011.00
7189800095.00,20141104T000000,500000.00,4.00,2.50,3010.00,5040.00,2.00,0.00,0.00,3.00,8.00,3010.00,0.00,2006.00,0.00,98133.00,47.71,-122.35,1090.00,5040.00
7202270440.00,20141023T000000,650000.00,4.00,2.50,2770.00,5612.00,2.00,0.00,0.00,3.00,7.00,2770.00,0.00,2001.00,0.00,98053.00,47.69,-122.04,2770.00,5177.00
3501600114.00,20140619T000000,646000.00,4.00,2.50,2310.00,4079.00,2.00,0.00,0.00,3.00,8.00,2310.00,0.00,2008.00,0.00,98117.00,47.69,-122.36,1220.00,4800.00
8097000250.00,20150130T000000,323400.00,4.00,3.00,2060.00,9138.00,1.00,0.00,0.00,3.00,8.00,1430.00,630.00,1992.00,0.00,98092.00,47.32,-122.19,2250.00,7820.00
9542830430.00,20140806T000000,300000.00,3.00,2.50,1880.00,4200.00,2.00,0.00,0.00,3.00,7.00,1880.00,0.00,2007.00,0.00,98038.00,47.37,-122.02,2090.00,4200.00
6012500170.00,20141007T000000,712500.00,5.00,2.00,2280.00,5400.00,1.50,0.00,0.00,4.00,7.00,1340.00,940.00,1947.00,0.00,98105.00,47.67,-122.28,1770.00,5000.00
7217400895.00,20140609T000000,550000.00,3.00,1.75,1380.00,3402.00,1.50,0.00,0.00,3.00,7.00,1380.00,0.00,1900.00,2000.00,98122.00,47.61,-122.30,1500.00,5496.00
2651100050.00,20150217T000000,400000.00,3.00,1.00,1180.00,7537.00,1.00,0.00,0.00,3.00,7.00,1180.00,0.00,1969.00,0.00,98034.00,47.72,-122.22,1220.00,7425.00
2212200050.00,20141028T000000,255000.00,4.00,1.75,1650.00,7200.00,1.00,0.00,0.00,3.00,7.00,1100.00,550.00,1977.00,0.00,98031.00,47.39,-122.19,1620.00,7374.00
7922900460.00,20141205T000000,660000.00,3.00,1.75,2030.00,9032.00,2.00,0.00,2.00,4.00,7.00,2030.00,0.00,1963.00,0.00,98008.00,47.59,-122.12,2350.00,8937.00
8925100440.00,20150323T000000,925000.00,4.00,2.25,2110.00,6375.00,1.00,0.00,2.00,4.00,8.00,1600.00,510.00,1941.00,0.00,98115.00,47.68,-122.27,2760.00,6375.00
259800680.00,20140805T000000,534000.00,4.00,2.25,2130.00,7210.00,1.00,0.00,0.00,5.00,7.00,1330.00,800.00,1965.00,0.00,98008.00,47.63,-122.12,1310.00,7896.00
271200130.00,20141119T000000,215000.00,3.00,1.00,1690.00,7700.00,1.00,0.00,0.00,4.00,7.00,1690.00,0.00,1969.00,0.00,98003.00,47.34,-122.30,1590.00,7700.00
3760500280.00,20141014T000000,1950000.00,3.00,2.50,2510.00,12779.00,1.50,0.00,4.00,3.00,10.00,2510.00,0.00,1968.00,0.00,98034.00,47.70,-122.23,2810.00,12225.00
5315100277.00,20140513T000000,1400000.00,5.00,4.25,3530.00,7924.00,2.00,0.00,0.00,3.00,10.00,3530.00,0.00,2001.00,0.00,98040.00,47.59,-122.24,1750.00,9226.00
9265410010.00,20150203T000000,212000.00,3.00,1.75,1470.00,8350.00,1.00,0.00,0.00,3.00,7.00,1470.00,0.00,1990.00,0.00,98001.00,47.26,-122.25,1590.00,8182.00
8731800840.00,20140619T000000,265000.00,3.00,1.75,1840.00,7300.00,1.00,0.00,0.00,3.00,8.00,1840.00,0.00,1966.00,0.00,98023.00,47.31,-122.37,1920.00,8010.00
7579200715.00,20141205T000000,400000.00,3.00,1.75,1860.00,5750.00,1.50,0.00,0.00,5.00,6.00,1300.00,560.00,1918.00,0.00,98116.00,47.56,-122.38,1550.00,5750.00
9485300010.00,20150213T000000,311500.00,4.00,2.50,1940.00,10133.00,2.00,0.00,0.00,3.00,8.00,1940.00,0.00,1992.00,0.00,98031.00,47.39,-122.17,1940.00,7265.00
1652500010.00,20150326T000000,2328000.00,4.00,3.50,4420.00,20759.00,2.00,0.00,0.00,3.00,11.00,4420.00,0.00,2003.00,0.00,98004.00,47.64,-122.22,3020.00,20666.00
4059400190.00,20141017T000000,225000.00,2.00,1.00,800.00,6050.00,1.00,0.00,0.00,4.00,6.00,800.00,0.00,1944.00,0.00,98178.00,47.50,-122.24,880.00,6050.00
8965510190.00,20140610T000000,1250000.00,4.00,2.50,3700.00,21755.00,1.00,0.00,4.00,3.00,11.00,2620.00,1080.00,1988.00,0.00,98006.00,47.57,-122.11,3480.00,13786.00
7100000250.00,20150211T000000,380000.00,3.00,1.00,1400.00,8710.00,1.00,0.00,0.00,4.00,7.00,1400.00,0.00,1948.00,0.00,98146.00,47.51,-122.38,1460.00,8710.00
2541100010.00,20140708T000000,600000.00,4.00,2.50,2250.00,11370.00,2.00,0.00,0.00,3.00,8.00,2250.00,0.00,1991.00,0.00,98034.00,47.71,-122.24,2190.00,9611.00
7732410130.00,20140521T000000,600000.00,3.00,2.25,2230.00,9053.00,2.00,0.00,0.00,4.00,9.00,2230.00,0.00,1987.00,0.00,98007.00,47.66,-122.14,2390.00,8038.00
7889600285.00,20141218T000000,315000.00,3.00,2.50,1950.00,3000.00,2.00,0.00,0.00,3.00,7.00,1950.00,0.00,2001.00,0.00,98146.00,47.49,-122.34,1620.00,6000.00
1556200005.00,20140603T000000,847000.00,5.00,1.00,2550.00,4623.00,2.50,0.00,0.00,4.00,9.00,2550.00,0.00,1905.00,0.00,98122.00,47.61,-122.29,1570.00,3875.00
8691310980.00,20150409T000000,730000.00,4.00,2.50,2750.00,10351.00,2.00,0.00,0.00,3.00,10.00,2750.00,0.00,1998.00,0.00,98075.00,47.59,-121.98,3370.00,10351.00
1561600095.00,20140514T000000,1058000.00,4.00,2.00,2290.00,11137.00,1.00,0.00,0.00,4.00,8.00,2290.00,0.00,1955.00,0.00,98004.00,47.59,-122.20,2300.00,10463.00
3025300250.00,20150513T000000,1620000.00,4.00,2.25,2350.00,17709.00,2.00,0.00,0.00,4.00,9.00,2350.00,0.00,1977.00,0.00,98039.00,47.62,-122.24,3360.00,19855.00
5297200089.00,20150415T000000,664000.00,2.00,1.75,1720.00,5785.00,1.00,0.00,0.00,3.00,6.00,860.00,860.00,1948.00,2002.00,98118.00,47.56,-122.27,1680.00,5184.00
3303860630.00,20150427T000000,454450.00,4.00,3.00,2810.00,6000.00,2.00,0.00,0.00,3.00,9.00,2810.00,0.00,2007.00,0.00,98038.00,47.37,-122.06,2790.00,6000.00
6430500086.00,20150116T000000,341000.00,3.00,1.00,940.00,4200.00,1.00,0.00,0.00,3.00,7.00,940.00,0.00,1955.00,0.00,98103.00,47.69,-122.35,1380.00,4080.00
4025300285.00,20141029T000000,276693.00,4.00,1.00,1190.00,8875.00,1.50,0.00,0.00,4.00,7.00,1190.00,0.00,1946.00,0.00,98155.00,47.75,-122.30,1190.00,8875.00
923049400.00,20141119T000000,185000.00,2.00,1.00,1390.00,11340.00,1.00,0.00,0.00,4.00,7.00,1390.00,0.00,1969.00,0.00,98168.00,47.50,-122.30,1200.00,10224.00
5466300130.00,20140917T000000,160000.00,2.00,2.50,1660.00,2258.00,2.00,0.00,0.00,3.00,7.00,1660.00,0.00,1981.00,0.00,98042.00,47.38,-122.15,1740.00,2390.00
4136900250.00,20140602T000000,270000.00,4.00,2.50,1920.00,8497.00,2.00,0.00,0.00,3.00,8.00,1920.00,0.00,1998.00,0.00,98092.00,47.26,-122.21,1940.00,8436.00
7635800313.00,20140718T000000,300000.00,4.00,1.50,1460.00,8760.00,1.00,0.00,0.00,3.00,7.00,1460.00,0.00,1958.00,0.00,98166.00,47.47,-122.36,1610.00,9375.00
2938100005.00,20140829T000000,264950.00,3.00,1.50,1370.00,10115.00,1.00,0.00,0.00,4.00,7.00,1370.00,0.00,1957.00,0.00,98022.00,47.20,-122.00,1450.00,9282.00
796000235.00,20150401T000000,209950.00,2.00,1.00,1050.00,6250.00,1.00,0.00,0.00,4.00,6.00,840.00,210.00,1943.00,0.00,98168.00,47.50,-122.33,1310.00,12500.00
8682280170.00,20150330T000000,850000.00,3.00,2.50,3360.00,8708.00,2.00,0.00,0.00,3.00,9.00,3360.00,0.00,2006.00,0.00,98053.00,47.70,-122.02,1810.00,4764.00
7504110780.00,20140516T000000,645000.00,4.00,2.50,3160.00,11380.00,2.00,0.00,0.00,3.00,9.00,3160.00,0.00,1983.00,0.00,98074.00,47.63,-122.04,2970.00,10385.00
1445500010.00,20150113T000000,855000.00,4.00,2.25,2480.00,36974.00,2.00,0.00,0.00,4.00,9.00,2480.00,0.00,1973.00,0.00,98005.00,47.64,-122.15,3160.00,35070.00
7574910420.00,20141201T000000,632500.00,4.00,1.50,2720.00,37258.00,2.00,0.00,0.00,3.00,10.00,2720.00,0.00,1994.00,0.00,98077.00,47.74,-122.04,3270.00,39714.00
2115720130.00,20140821T000000,289950.00,3.00,2.50,2070.00,5013.00,2.00,0.00,0.00,3.00,8.00,2070.00,0.00,1987.00,0.00,98023.00,47.32,-122.40,1670.00,5013.00
3586500630.00,20140924T000000,850000.00,2.00,1.75,2170.00,25732.00,1.00,0.00,2.00,4.00,8.00,2170.00,0.00,1952.00,0.00,98177.00,47.75,-122.37,3020.00,23135.00
9475960050.00,20140620T000000,565000.00,4.00,2.75,3260.00,4900.00,2.00,0.00,0.00,3.00,9.00,3260.00,0.00,2013.00,0.00,98059.00,47.48,-122.12,3260.00,6132.00
7527000020.00,20150425T000000,792000.00,3.00,2.50,2250.00,19270.00,2.00,0.00,0.00,3.00,8.00,2250.00,0.00,1999.00,0.00,98074.00,47.66,-122.09,2940.00,19541.00
3668000500.00,20141222T000000,260000.00,3.00,2.25,1950.00,9600.00,1.00,0.00,0.00,4.00,7.00,1200.00,750.00,1987.00,0.00,98092.00,47.28,-122.15,1760.00,8850.00
1549500585.00,20150427T000000,585000.00,3.00,2.00,2220.00,209523.00,1.00,0.00,0.00,3.00,7.00,2220.00,0.00,1991.00,0.00,98019.00,47.76,-121.91,1600.00,210830.00
8898700680.00,20140730T000000,295500.00,3.00,1.75,1330.00,10523.00,1.00,0.00,0.00,3.00,7.00,1000.00,330.00,1981.00,0.00,98055.00,47.46,-122.21,1320.00,8775.00
6163901061.00,20141211T000000,329000.00,4.00,2.00,1190.00,7877.00,1.50,0.00,0.00,5.00,7.00,1190.00,0.00,1946.00,0.00,98155.00,47.75,-122.32,1480.00,9975.00
7855600080.00,20150330T000000,750000.00,3.00,1.75,2770.00,15232.00,1.00,0.00,0.00,3.00,8.00,1570.00,1200.00,1976.00,0.00,98006.00,47.57,-122.16,2340.00,11400.00
4024100807.00,20150225T000000,495000.00,4.00,2.50,2310.00,7555.00,2.00,0.00,0.00,3.00,9.00,2310.00,0.00,1997.00,0.00,98155.00,47.75,-122.30,1980.00,8416.00
5037300130.00,20150504T000000,672500.00,3.00,1.75,1580.00,5750.00,1.00,0.00,2.00,4.00,8.00,1330.00,250.00,1947.00,0.00,98199.00,47.63,-122.39,2480.00,5750.00
3528900086.00,20140508T000000,1307000.00,5.00,3.25,2800.00,3200.00,1.50,0.00,0.00,5.00,10.00,1910.00,890.00,1932.00,2002.00,98109.00,47.64,-122.35,2450.00,3500.00
1552520010.00,20140801T000000,405000.00,3.00,2.50,1500.00,9636.00,2.00,0.00,0.00,3.00,7.00,1500.00,0.00,1994.00,0.00,98011.00,47.75,-122.18,1700.00,9656.00
5113400168.00,20150116T000000,620000.00,3.00,1.75,2140.00,5808.00,1.00,0.00,1.00,3.00,7.00,1070.00,1070.00,1947.00,0.00,98119.00,47.64,-122.37,1930.00,5808.00
9346900170.00,20140922T000000,615000.00,4.00,2.25,2330.00,7020.00,1.00,0.00,0.00,4.00,8.00,1450.00,880.00,1973.00,0.00,98006.00,47.56,-122.14,2330.00,8500.00
3999300080.00,20140904T000000,887000.00,6.00,2.25,3830.00,11180.00,1.00,0.00,2.00,5.00,9.00,2440.00,1390.00,1962.00,0.00,98008.00,47.58,-122.11,2500.00,10400.00
472000895.00,20140922T000000,1057000.00,4.00,2.75,4510.00,5000.00,2.50,0.00,2.00,3.00,8.00,3270.00,1240.00,1941.00,2000.00,98117.00,47.69,-122.40,2010.00,5000.00
687600010.00,20140805T000000,753000.00,4.00,1.75,2160.00,39430.00,1.00,0.00,0.00,4.00,8.00,1660.00,500.00,1974.00,0.00,98005.00,47.64,-122.19,2430.00,35329.00
1130000005.00,20140715T000000,1600000.00,3.00,2.25,3170.00,5000.00,2.00,0.00,0.00,5.00,10.00,2230.00,940.00,1975.00,0.00,98102.00,47.63,-122.32,3170.00,5400.00
7397300170.00,20140530T000000,3710000.00,4.00,3.50,5550.00,28078.00,2.00,0.00,2.00,4.00,12.00,3350.00,2200.00,2000.00,0.00,98039.00,47.64,-122.23,2980.00,19602.00
1077100020.00,20141231T000000,365000.00,3.00,1.50,1520.00,8519.00,1.00,0.00,0.00,3.00,7.00,1520.00,0.00,1954.00,0.00,98133.00,47.77,-122.34,1570.00,9000.00
7856570190.00,20140822T000000,870000.00,4.00,2.75,3410.00,23000.00,2.00,0.00,0.00,4.00,10.00,3410.00,0.00,1982.00,0.00,98006.00,47.56,-122.15,2490.00,15512.00
5104510010.00,20140701T000000,321000.00,4.00,2.50,1830.00,9601.00,2.00,0.00,0.00,3.00,7.00,1830.00,0.00,2003.00,0.00,98038.00,47.35,-122.02,1830.00,5892.00
2895550050.00,20150507T000000,280000.00,3.00,2.50,1550.00,4486.00,2.00,0.00,0.00,3.00,7.00,1550.00,0.00,2000.00,0.00,98001.00,47.33,-122.27,1700.00,4487.00
4142450480.00,20140703T000000,288000.00,3.00,2.50,1520.00,3593.00,2.00,0.00,0.00,3.00,7.00,1520.00,0.00,2004.00,0.00,98038.00,47.38,-122.04,1610.00,3612.00
5559200020.00,20150227T000000,248500.00,3.00,2.00,1240.00,12285.00,1.00,0.00,0.00,3.00,7.00,620.00,620.00,1939.00,1991.00,98023.00,47.32,-122.34,1560.00,11564.00
5381000352.00,20140622T000000,330000.00,4.00,2.50,2380.00,13550.00,2.00,0.00,0.00,3.00,7.00,2380.00,0.00,1999.00,0.00,98188.00,47.45,-122.29,1230.00,9450.00
2474300050.00,20140722T000000,740000.00,5.00,3.50,2720.00,11454.00,2.00,0.00,0.00,3.00,9.00,1830.00,890.00,1988.00,0.00,98052.00,47.65,-122.12,2920.00,11310.00
7787110680.00,20140923T000000,445000.00,3.00,2.50,2210.00,8010.00,2.00,0.00,0.00,3.00,8.00,2210.00,0.00,1998.00,0.00,98045.00,47.48,-121.78,2430.00,9600.00
1788700185.00,20150306T000000,198500.00,2.00,1.00,1050.00,9600.00,1.00,0.00,0.00,4.00,6.00,1050.00,0.00,1959.00,0.00,98023.00,47.33,-122.35,990.00,8880.00
2887950020.00,20140625T000000,280000.00,7.00,2.50,1940.00,5458.00,2.00,0.00,0.00,3.00,7.00,1940.00,0.00,1994.00,0.00,98092.00,47.32,-122.18,1710.00,5688.00
8835210480.00,20140710T000000,336500.00,3.00,2.25,1420.00,3433.00,2.00,0.00,0.00,4.00,7.00,1420.00,0.00,1981.00,0.00,98034.00,47.72,-122.16,1150.00,3432.00
844000225.00,20150211T000000,267000.00,3.00,2.50,1690.00,10336.00,2.00,0.00,0.00,4.00,7.00,1690.00,0.00,1989.00,0.00,98010.00,47.31,-122.00,1580.00,7700.00
1771000430.00,20140502T000000,315000.00,3.00,1.00,1160.00,9180.00,1.00,0.00,0.00,3.00,7.00,1160.00,0.00,1968.00,0.00,98077.00,47.74,-122.07,1160.00,10282.00
8078430480.00,20140806T000000,545000.00,4.00,2.50,2040.00,7412.00,2.00,0.00,0.00,3.00,8.00,2040.00,0.00,1988.00,0.00,98074.00,47.63,-122.03,2050.00,7830.00
8001450170.00,20140804T000000,274950.00,3.00,1.75,1840.00,16679.00,1.00,0.00,0.00,3.00,8.00,1840.00,0.00,1989.00,0.00,98001.00,47.32,-122.28,1910.00,15571.00
8924100430.00,20141224T000000,500000.00,2.00,1.00,1440.00,7130.00,1.00,0.00,2.00,3.00,7.00,1210.00,230.00,1948.00,0.00,98115.00,47.68,-122.27,1970.00,7130.00
7418700050.00,20140528T000000,299000.00,3.00,1.00,1390.00,9624.00,1.50,0.00,0.00,4.00,7.00,1390.00,0.00,1954.00,0.00,98155.00,47.78,-122.30,1440.00,9624.00
3630020430.00,20150505T000000,420000.00,3.00,2.50,1470.00,1445.00,2.00,0.00,0.00,3.00,8.00,1160.00,310.00,2005.00,0.00,98029.00,47.55,-122.00,1470.00,1525.00
1972200725.00,20150407T000000,620000.00,3.00,2.50,1776.00,1248.00,3.00,0.00,0.00,3.00,8.00,1604.00,172.00,2006.00,0.00,98103.00,47.65,-122.35,1780.00,1248.00
267000170.00,20141210T000000,575950.00,3.00,2.25,1640.00,12000.00,1.00,0.00,0.00,3.00,7.00,1180.00,460.00,1967.00,0.00,98008.00,47.63,-122.10,1620.00,12000.00
8961980290.00,20140904T000000,666500.00,4.00,2.50,2860.00,6600.00,2.00,0.00,0.00,3.00,9.00,2860.00,0.00,2000.00,0.00,98074.00,47.61,-122.02,2790.00,6723.00
1551500130.00,20140522T000000,180000.00,4.00,1.50,1740.00,7292.00,1.00,0.00,0.00,3.00,7.00,1020.00,720.00,1962.00,0.00,98168.00,47.48,-122.30,1740.00,7573.00
5557800010.00,20140623T000000,261350.00,3.00,1.75,1390.00,18200.00,1.00,0.00,0.00,4.00,7.00,1390.00,0.00,1962.00,0.00,98023.00,47.32,-122.34,1810.00,9675.00
3776300010.00,20150224T000000,1030000.00,4.00,3.50,2730.00,5607.00,1.00,0.00,0.00,5.00,9.00,1660.00,1070.00,1948.00,0.00,98199.00,47.64,-122.40,1720.00,5400.00
2473000680.00,20150429T000000,390000.00,3.00,1.75,1435.00,8960.00,1.00,0.00,0.00,4.00,8.00,1435.00,0.00,1969.00,0.00,98058.00,47.45,-122.15,2030.00,9450.00
7984400005.00,20140626T000000,253500.00,3.00,1.00,1640.00,12384.00,1.00,0.00,0.00,4.00,7.00,1090.00,550.00,1954.00,0.00,98003.00,47.33,-122.30,1550.00,11200.00
9238430680.00,20140521T000000,625000.00,4.00,2.50,2630.00,48706.00,2.00,0.00,0.00,3.00,8.00,2630.00,0.00,1986.00,0.00,98072.00,47.78,-122.13,2680.00,48706.00
3211000170.00,20140922T000000,255000.00,4.00,2.50,1580.00,7800.00,1.00,0.00,0.00,4.00,7.00,1580.00,0.00,1959.00,0.00,98059.00,47.48,-122.16,1320.00,7800.00
7338220280.00,20141010T000000,257000.00,3.00,2.50,1740.00,3721.00,2.00,0.00,0.00,3.00,8.00,1740.00,0.00,2009.00,0.00,98002.00,47.34,-122.21,2030.00,3794.00
8073000480.00,20140722T000000,869000.00,2.00,1.75,1900.00,13122.00,1.00,1.00,4.00,3.00,7.00,1100.00,800.00,1954.00,0.00,98178.00,47.51,-122.25,1650.00,13160.00
7525530670.00,20141112T000000,745000.00,4.00,2.50,3130.00,10860.00,2.00,0.00,0.00,3.00,10.00,3130.00,0.00,1990.00,0.00,98075.00,47.56,-122.04,3130.00,10860.00
191100275.00,20140926T000000,1350000.00,4.00,3.50,3500.00,9525.00,2.00,0.00,0.00,3.00,10.00,3500.00,0.00,1999.00,0.00,98040.00,47.56,-122.22,2630.00,9525.00
1214000050.00,20141020T000000,350000.00,3.00,1.75,2130.00,7500.00,1.00,0.00,0.00,4.00,7.00,1090.00,1040.00,1956.00,0.00,98166.00,47.46,-122.34,1590.00,7500.00
6852700279.00,20140619T000000,475000.00,3.00,2.50,950.00,1110.00,2.00,0.00,0.00,3.00,8.00,950.00,0.00,2003.00,0.00,98102.00,47.62,-122.32,1230.00,1215.00
5423600080.00,20140918T000000,540000.00,3.00,2.50,1720.00,11656.00,2.00,0.00,0.00,3.00,8.00,1720.00,0.00,1987.00,1999.00,98052.00,47.68,-122.11,1890.00,10336.00
6661200050.00,20140528T000000,175000.00,2.00,1.00,830.00,2699.00,1.00,0.00,0.00,3.00,7.00,830.00,0.00,1996.00,0.00,98038.00,47.38,-122.04,1030.00,3574.00
6146600170.00,20140703T000000,100000.00,2.00,0.75,660.00,5240.00,1.00,0.00,0.00,4.00,4.00,660.00,0.00,1912.00,0.00,98032.00,47.39,-122.23,850.00,5080.00
366000095.00,20141009T000000,890000.00,5.00,1.00,2590.00,4652.00,2.00,0.00,0.00,4.00,8.00,2310.00,280.00,1907.00,0.00,98122.00,47.60,-122.29,2360.00,4650.00
2895550280.00,20140507T000000,280000.00,3.00,2.50,1600.00,4271.00,2.00,0.00,0.00,3.00,7.00,1600.00,0.00,2000.00,0.00,98001.00,47.33,-122.27,1700.00,4746.00
293760050.00,20140627T000000,1050000.00,4.00,4.25,4390.00,13833.00,2.00,0.00,3.00,3.00,10.00,3320.00,1070.00,2003.00,0.00,98029.00,47.56,-122.03,3850.00,11652.00
7298040500.00,20140709T000000,486000.00,4.00,2.50,3560.00,12047.00,2.00,0.00,0.00,3.00,10.00,3560.00,0.00,1988.00,0.00,98023.00,47.30,-122.34,3420.00,11250.00
7802900224.00,20140707T000000,670000.00,5.00,2.50,2860.00,68519.00,2.00,0.00,0.00,5.00,8.00,2860.00,0.00,1958.00,0.00,98065.00,47.53,-121.84,1670.00,35910.00
3904910010.00,20140723T000000,480000.00,3.00,2.50,1640.00,7847.00,2.00,0.00,0.00,3.00,8.00,1640.00,0.00,1987.00,0.00,98029.00,47.57,-122.02,1870.00,6079.00
8121100255.00,20140507T000000,440000.00,3.00,1.75,1500.00,6180.00,1.00,0.00,0.00,4.00,6.00,1060.00,440.00,1947.00,0.00,98118.00,47.57,-122.28,1740.00,6180.00
5700004040.00,20140905T000000,1500000.00,3.00,3.25,3990.00,8505.00,2.00,0.00,2.00,3.00,9.00,2870.00,1120.00,1922.00,1999.00,98144.00,47.57,-122.28,3640.00,8505.00
3528000290.00,20140609T000000,743700.00,4.00,2.50,2610.00,33206.00,2.00,0.00,0.00,3.00,10.00,2610.00,0.00,1988.00,0.00,98053.00,47.67,-122.06,2870.00,28295.00
9268200050.00,20140814T000000,449950.00,3.00,1.75,1470.00,7590.00,1.00,0.00,0.00,3.00,7.00,1470.00,0.00,1988.00,0.00,98117.00,47.70,-122.36,1700.00,5080.00
6132600221.00,20140519T000000,367000.00,2.00,1.00,700.00,2334.00,1.00,0.00,0.00,3.00,7.00,700.00,0.00,1945.00,0.00,98117.00,47.70,-122.39,2300.00,5000.00
3303980470.00,20141201T000000,1185000.00,4.00,3.25,3960.00,12895.00,2.00,0.00,0.00,3.00,11.00,3960.00,0.00,2001.00,0.00,98059.00,47.52,-122.15,3870.00,12040.00
1450000050.00,20150501T000000,201000.00,3.00,1.00,900.00,7576.00,1.00,0.00,0.00,4.00,6.00,900.00,0.00,1959.00,0.00,98002.00,47.29,-122.22,1220.00,7452.00
6788200605.00,20141223T000000,575000.00,3.00,1.75,2010.00,3800.00,2.00,0.00,0.00,2.00,7.00,2010.00,0.00,1922.00,0.00,98112.00,47.64,-122.31,1540.00,3800.00
2214800170.00,20150415T000000,295000.00,3.00,2.50,1940.00,10350.00,1.00,0.00,0.00,3.00,7.00,1420.00,520.00,1979.00,0.00,98001.00,47.34,-122.26,1810.00,7800.00
7116000225.00,20150220T000000,190000.00,3.00,1.00,1510.00,8760.00,1.00,0.00,0.00,4.00,6.00,1510.00,0.00,1946.00,0.00,98002.00,47.30,-122.22,1040.00,7828.00
2767600635.00,20150507T000000,742500.00,2.00,3.00,2020.00,5000.00,1.00,0.00,0.00,3.00,8.00,1350.00,670.00,1952.00,0.00,98117.00,47.68,-122.38,1160.00,1118.00
1644500050.00,20150312T000000,875000.00,6.00,3.50,4430.00,11453.00,2.00,0.00,0.00,3.00,9.00,3000.00,1430.00,2001.00,0.00,98056.00,47.52,-122.20,2730.00,5661.00
2579500101.00,20150421T000000,1387000.00,4.00,3.50,4010.00,10880.00,2.00,0.00,3.00,4.00,11.00,3150.00,860.00,1990.00,0.00,98040.00,47.54,-122.21,3530.00,17310.00
3876311650.00,20140619T000000,600000.00,4.00,2.25,3070.00,8400.00,2.00,0.00,0.00,4.00,8.00,3070.00,0.00,1970.00,0.00,98034.00,47.73,-122.17,1880.00,8000.00
7984400050.00,20140922T000000,207000.00,3.00,1.50,1460.00,11100.00,1.00,0.00,0.00,3.00,7.00,1460.00,0.00,1956.00,0.00,98003.00,47.33,-122.30,1460.00,11100.00
7852170130.00,20150421T000000,650000.00,4.00,2.75,3260.00,5335.00,2.00,0.00,0.00,3.00,9.00,3260.00,0.00,2003.00,0.00,98065.00,47.54,-121.86,3180.00,5438.00
9358000780.00,20150512T000000,275000.00,2.00,1.00,830.00,5610.00,1.00,0.00,0.00,3.00,6.00,830.00,0.00,1922.00,0.00,98126.00,47.57,-122.37,1310.00,2793.00
2663000345.00,20150408T000000,1200000.00,4.00,2.50,2390.00,4200.00,2.00,0.00,0.00,3.00,9.00,2150.00,240.00,1924.00,0.00,98102.00,47.63,-122.32,2800.00,5250.00
4338800500.00,20141014T000000,262500.00,3.00,2.00,1130.00,7200.00,1.00,0.00,0.00,4.00,6.00,1130.00,0.00,1944.00,0.00,98166.00,47.48,-122.34,1270.00,7500.00
5101407350.00,20140925T000000,399000.00,2.00,1.00,1120.00,8661.00,1.00,0.00,0.00,3.00,7.00,1120.00,0.00,1946.00,0.00,98125.00,47.70,-122.31,1470.00,7205.00
3512100050.00,20150224T000000,139000.00,4.00,1.50,1410.00,10648.00,1.00,0.00,0.00,4.00,7.00,1410.00,0.00,1966.00,0.00,98030.00,47.37,-122.19,1410.00,10522.00
6633900050.00,20140826T000000,575000.00,3.00,2.50,1750.00,4797.00,2.00,0.00,0.00,4.00,7.00,1750.00,0.00,1991.00,0.00,98033.00,47.70,-122.20,1750.00,4293.00
4083301950.00,20141120T000000,580000.00,2.00,1.00,1040.00,3200.00,1.00,0.00,0.00,3.00,7.00,1040.00,0.00,1926.00,0.00,98103.00,47.66,-122.33,1890.00,4000.00
7202350010.00,20140725T000000,468000.00,3.00,2.25,1630.00,2490.00,2.00,0.00,0.00,3.00,7.00,1630.00,0.00,2004.00,0.00,98053.00,47.68,-122.03,1630.00,2680.00
4168100130.00,20150310T000000,230000.00,3.00,1.00,1380.00,10112.00,1.00,0.00,0.00,4.00,7.00,940.00,440.00,1963.00,0.00,98023.00,47.32,-122.35,1240.00,10112.00
8155850010.00,20140507T000000,675000.00,4.00,4.00,3680.00,18804.00,2.00,0.00,0.00,3.00,10.00,3680.00,0.00,1990.00,0.00,98074.00,47.62,-122.01,3200.00,15954.00
7955030010.00,20141010T000000,318000.00,3.00,1.00,1250.00,20040.00,1.00,0.00,0.00,3.00,7.00,1250.00,0.00,1970.00,0.00,98072.00,47.75,-122.11,1640.00,19840.00
4136870020.00,20141008T000000,332100.00,5.00,3.50,2660.00,6978.00,2.00,0.00,0.00,3.00,8.00,1980.00,680.00,1996.00,0.00,98092.00,47.26,-122.21,2220.00,7294.00
1446401190.00,20150317T000000,175000.00,2.00,1.00,620.00,6600.00,1.00,0.00,0.00,3.00,6.00,620.00,0.00,1963.00,0.00,98168.00,47.49,-122.33,1050.00,6600.00
9323600380.00,20140805T000000,817000.00,4.00,2.25,2600.00,10660.00,2.00,0.00,0.00,4.00,8.00,2600.00,0.00,1979.00,0.00,98006.00,47.55,-122.16,3150.00,10660.00
3262300920.00,20150408T000000,1200000.00,4.00,3.00,2150.00,8119.00,2.00,0.00,0.00,3.00,8.00,2150.00,0.00,1953.00,2004.00,98039.00,47.63,-122.24,1590.00,8119.00
6332000130.00,20150420T000000,525000.00,3.00,1.75,1470.00,6550.00,1.00,0.00,2.00,3.00,7.00,1070.00,400.00,1916.00,0.00,98126.00,47.55,-122.38,1440.00,6550.00
9150100020.00,20150211T000000,189000.00,3.00,1.00,1380.00,7282.00,1.50,0.00,0.00,5.00,6.00,1380.00,0.00,1915.00,0.00,98002.00,47.30,-122.22,860.00,4826.00
2770604081.00,20150305T000000,629950.00,3.00,2.50,1680.00,1683.00,2.00,0.00,0.00,3.00,9.00,1120.00,560.00,2014.00,0.00,98119.00,47.64,-122.37,1610.00,1618.00
6329000050.00,20150310T000000,641500.00,1.00,1.00,1000.00,9084.00,1.00,1.00,3.00,3.00,7.00,1000.00,0.00,1950.00,0.00,98146.00,47.50,-122.38,1090.00,6536.00
2125400010.00,20140912T000000,490000.00,3.00,2.25,1630.00,7573.00,1.00,0.00,2.00,3.00,7.00,1230.00,400.00,1983.00,0.00,98034.00,47.73,-122.21,1550.00,7695.00
3876313260.00,20150218T000000,415000.00,3.00,1.75,1790.00,15142.00,1.00,0.00,0.00,3.00,7.00,1360.00,430.00,1976.00,0.00,98072.00,47.74,-122.17,1910.00,7500.00
5101400561.00,20141015T000000,250000.00,2.00,1.00,890.00,6380.00,1.00,0.00,0.00,3.00,6.00,890.00,0.00,1951.00,0.00,98115.00,47.69,-122.30,990.00,6380.00
9533100080.00,20140820T000000,781000.00,3.00,1.50,1290.00,8175.00,1.00,0.00,0.00,4.00,7.00,820.00,470.00,1952.00,0.00,98004.00,47.63,-122.21,2130.00,8577.00
9561100080.00,20140620T000000,400000.00,4.00,2.25,2420.00,7927.00,1.00,0.00,0.00,4.00,7.00,1400.00,1020.00,1973.00,0.00,98133.00,47.76,-122.34,2120.00,7693.00
5101402618.00,20140820T000000,935000.00,4.00,3.00,3680.00,7105.00,2.00,0.00,2.00,3.00,10.00,2890.00,790.00,2008.00,0.00,98115.00,47.70,-122.31,1580.00,6815.00
4027700009.00,20140515T000000,575000.00,4.00,2.50,3020.00,17810.00,1.00,0.00,0.00,3.00,9.00,1600.00,1420.00,1979.00,0.00,98155.00,47.77,-122.28,2500.00,15815.00
9544200277.00,20141015T000000,1660000.00,4.00,3.25,4240.00,11189.00,2.00,0.00,2.00,3.00,10.00,4240.00,0.00,2006.00,0.00,98033.00,47.65,-122.19,3390.00,12540.00
8731960050.00,20141229T000000,302300.00,5.00,2.75,3130.00,9450.00,1.00,0.00,0.00,4.00,8.00,1580.00,1550.00,1973.00,0.00,98023.00,47.31,-122.38,1900.00,9000.00
1393800005.00,20150507T000000,355000.00,2.00,1.00,900.00,6656.00,1.00,0.00,0.00,3.00,7.00,900.00,0.00,1940.00,0.00,98126.00,47.55,-122.38,1230.00,6400.00
3896100130.00,20140617T000000,1538000.00,3.00,2.25,2880.00,7599.00,1.00,0.00,2.00,3.00,9.00,1710.00,1170.00,1958.00,2002.00,98033.00,47.69,-122.22,2920.00,12401.00
7785000130.00,20150330T000000,926250.00,4.00,1.75,2390.00,17717.00,1.00,0.00,0.00,4.00,8.00,2390.00,0.00,1964.00,0.00,98040.00,47.58,-122.22,2390.00,10730.00
2968800825.00,20150323T000000,300000.00,3.00,1.75,1450.00,7620.00,1.00,0.00,0.00,4.00,7.00,1050.00,400.00,1955.00,0.00,98166.00,47.46,-122.35,1380.00,7620.00
7199330480.00,20140721T000000,361500.00,3.00,1.75,1070.00,9000.00,1.00,0.00,0.00,4.00,7.00,1070.00,0.00,1978.00,0.00,98052.00,47.70,-122.13,1700.00,8400.00
5458800415.00,20141105T000000,616000.00,3.00,1.50,1740.00,9840.00,1.00,0.00,0.00,4.00,8.00,1740.00,0.00,1963.00,0.00,98040.00,47.57,-122.24,1930.00,9840.00
8929000250.00,20150413T000000,395000.00,2.00,1.75,1210.00,1161.00,2.00,0.00,0.00,3.00,8.00,1210.00,0.00,2014.00,0.00,98029.00,47.55,-122.00,1700.00,2285.00
7893206305.00,20141006T000000,245000.00,3.00,1.50,2100.00,10000.00,1.00,0.00,0.00,4.00,7.00,2100.00,0.00,1954.00,0.00,98198.00,47.42,-122.33,1300.00,7500.00
7956300020.00,20140603T000000,206000.00,3.00,1.00,1060.00,9600.00,1.00,0.00,0.00,4.00,6.00,1060.00,0.00,1962.00,0.00,98023.00,47.29,-122.36,1060.00,9604.00
240000130.00,20141013T000000,706000.00,4.00,2.50,3280.00,16575.00,1.00,0.00,0.00,3.00,9.00,2190.00,1090.00,1972.00,0.00,98188.00,47.43,-122.29,1570.00,13209.00
1370803730.00,20150126T000000,578000.00,3.00,1.50,1660.00,6000.00,1.50,0.00,0.00,3.00,7.00,1660.00,0.00,1937.00,0.00,98199.00,47.64,-122.40,1640.00,6000.00
4299000130.00,20140728T000000,341950.00,5.00,3.00,3070.00,5252.00,2.00,0.00,0.00,3.00,8.00,3070.00,0.00,2005.00,0.00,98042.00,47.37,-122.13,2760.00,5203.00
1233100351.00,20141211T000000,305000.00,3.00,1.00,1150.00,9048.00,1.00,0.00,0.00,2.00,7.00,1150.00,0.00,1922.00,0.00,98033.00,47.68,-122.18,1550.00,8207.00
2652500225.00,20141010T000000,575000.00,3.00,2.75,1710.00,3600.00,1.00,0.00,0.00,3.00,7.00,1590.00,120.00,1909.00,0.00,98119.00,47.64,-122.36,1710.00,3600.00
3224069026.00,20140520T000000,330000.00,3.00,1.00,1180.00,43124.00,1.00,0.00,0.00,4.00,6.00,1180.00,0.00,1959.00,0.00,98027.00,47.53,-122.06,1410.00,43560.00
2592400250.00,20150107T000000,445000.00,4.00,2.25,2130.00,7200.00,2.00,0.00,0.00,3.00,7.00,2130.00,0.00,1972.00,0.00,98034.00,47.72,-122.17,1990.00,7200.00
4364700595.00,20140818T000000,333000.00,3.00,1.00,1050.00,7560.00,1.00,0.00,0.00,3.00,7.00,1050.00,0.00,1951.00,0.00,98126.00,47.53,-122.37,1490.00,7560.00
8562750660.00,20140807T000000,598500.00,4.00,2.50,2520.00,3980.00,2.00,0.00,0.00,3.00,8.00,2520.00,0.00,2005.00,0.00,98027.00,47.54,-122.07,2610.00,3980.00
7231600098.00,20141014T000000,225000.00,2.00,1.00,700.00,6000.00,1.00,0.00,0.00,3.00,6.00,700.00,0.00,1943.00,0.00,98055.00,47.47,-122.21,1320.00,6000.00
8635750980.00,20140714T000000,570000.00,4.00,2.50,2640.00,4200.00,2.00,0.00,0.00,3.00,8.00,2640.00,0.00,1998.00,0.00,98074.00,47.60,-122.02,2460.00,4200.00
5652600605.00,20140807T000000,630000.00,5.00,2.00,2330.00,6783.00,1.00,0.00,0.00,3.00,7.00,1310.00,1020.00,1956.00,0.00,98115.00,47.70,-122.30,1930.00,6783.00
2141310020.00,20150416T000000,779000.00,5.00,2.25,2830.00,7738.00,2.00,0.00,0.00,4.00,8.00,2830.00,0.00,1977.00,0.00,98006.00,47.56,-122.14,2300.00,9840.00
7852160080.00,20150121T000000,760000.00,4.00,3.50,3720.00,13591.00,2.00,0.00,3.00,3.00,10.00,3720.00,0.00,2004.00,0.00,98065.00,47.54,-121.86,4210.00,14282.00
3649100346.00,20150109T000000,322968.00,5.00,1.75,1890.00,9600.00,1.00,0.00,0.00,4.00,7.00,1890.00,0.00,1960.00,0.00,98028.00,47.74,-122.24,2350.00,5308.00
7852010840.00,20140729T000000,595000.00,4.00,2.50,2910.00,7287.00,2.00,0.00,0.00,3.00,8.00,2910.00,0.00,1998.00,0.00,98065.00,47.54,-121.87,2420.00,6180.00
823059145.00,20141013T000000,321000.00,4.00,1.00,1300.00,18836.00,1.00,0.00,0.00,4.00,7.00,1300.00,0.00,1941.00,0.00,98056.00,47.50,-122.19,1540.00,8498.00
9238430660.00,20150326T000000,653000.00,3.00,2.25,2770.00,57745.00,2.00,0.00,0.00,3.00,8.00,2770.00,0.00,1985.00,0.00,98072.00,47.78,-122.12,2720.00,46765.00
6329000190.00,20140729T000000,750000.00,4.00,1.75,2520.00,21834.00,1.00,1.00,4.00,3.00,8.00,1420.00,1100.00,1960.00,0.00,98146.00,47.50,-122.38,1700.00,8100.00
8818900250.00,20140507T000000,530000.00,3.00,1.00,1340.00,4284.00,1.00,0.00,0.00,3.00,7.00,1080.00,260.00,1910.00,0.00,98105.00,47.66,-122.32,1960.00,4080.00
1250200415.00,20140609T000000,352750.00,2.00,1.75,1060.00,1241.00,2.00,0.00,0.00,3.00,7.00,960.00,100.00,2008.00,0.00,98144.00,47.60,-122.30,1170.00,1400.00
3303951150.00,20150204T000000,424950.00,4.00,2.50,2480.00,8563.00,2.00,0.00,0.00,3.00,8.00,2480.00,0.00,1992.00,0.00,98038.00,47.38,-122.03,2460.00,8660.00
3083000048.00,20140530T000000,427000.00,5.00,2.75,2220.00,4000.00,1.00,0.00,0.00,3.00,7.00,1230.00,990.00,1973.00,0.00,98144.00,47.58,-122.31,1580.00,4000.00
1102000095.00,20140805T000000,558000.00,4.00,2.50,3220.00,5120.00,2.00,0.00,0.00,3.00,9.00,2420.00,800.00,2000.00,0.00,98118.00,47.54,-122.27,1770.00,7680.00
3426049153.00,20141110T000000,438200.00,2.00,2.00,1600.00,5643.00,1.00,0.00,0.00,3.00,7.00,1600.00,0.00,1954.00,0.00,98115.00,47.70,-122.28,1600.00,5746.00
7625700020.00,20140929T000000,340000.00,1.00,1.00,640.00,4800.00,1.00,0.00,0.00,3.00,6.00,640.00,0.00,1918.00,0.00,98136.00,47.56,-122.38,1250.00,2847.00
586000020.00,20140828T000000,830005.00,4.00,3.75,3610.00,7904.00,3.00,0.00,0.00,3.00,11.00,3290.00,320.00,1994.00,0.00,98117.00,47.70,-122.39,2460.00,7300.00
8724300010.00,20140909T000000,548000.00,4.00,3.25,3420.00,5012.00,2.00,0.00,0.00,3.00,10.00,2330.00,1090.00,2008.00,0.00,98019.00,47.73,-121.98,2320.00,5465.00
2741100741.00,20140604T000000,411715.00,3.00,1.75,1840.00,5101.00,1.00,0.00,0.00,5.00,7.00,1040.00,800.00,1952.00,0.00,98108.00,47.56,-122.32,1340.00,5000.00
3425059173.00,20141028T000000,865000.00,4.00,4.00,2790.00,16117.00,2.00,0.00,0.00,4.00,9.00,2790.00,0.00,1999.00,0.00,98005.00,47.60,-122.16,2740.00,25369.00
715010130.00,20150202T000000,1750000.00,6.00,4.25,5860.00,13928.00,2.00,0.00,3.00,3.00,10.00,4150.00,1710.00,2013.00,0.00,98006.00,47.54,-122.11,5790.00,13928.00
7504100920.00,20140618T000000,688000.00,3.00,3.00,3450.00,16200.00,2.00,0.00,0.00,3.00,10.00,3450.00,0.00,1983.00,0.00,98074.00,47.63,-122.04,3130.00,12150.00
5104520460.00,20150317T000000,399950.00,4.00,2.50,2350.00,5100.00,2.00,0.00,0.00,3.00,8.00,2350.00,0.00,2003.00,0.00,98038.00,47.35,-122.01,2190.00,5100.00
1257200020.00,20150327T000000,555000.00,3.00,1.00,1250.00,4590.00,1.50,0.00,0.00,3.00,6.00,970.00,280.00,1903.00,0.00,98115.00,47.68,-122.33,1830.00,4080.00
4452300130.00,20140522T000000,677000.00,3.00,2.00,2000.00,3207.00,1.00,0.00,0.00,4.00,7.00,1100.00,900.00,1916.00,0.00,98103.00,47.66,-122.34,1460.00,3200.00
8651520420.00,20140606T000000,539000.00,3.00,2.00,2260.00,9568.00,1.00,0.00,0.00,3.00,8.00,1780.00,480.00,1985.00,0.00,98074.00,47.65,-122.06,2250.00,9744.00
6401700010.00,20140819T000000,410000.00,3.00,1.75,1510.00,6597.00,1.00,0.00,0.00,4.00,6.00,950.00,560.00,1939.00,0.00,98144.00,47.59,-122.32,1460.00,5320.00
8857320130.00,20150310T000000,472000.00,2.00,2.25,1800.00,2748.00,2.00,0.00,0.00,4.00,9.00,1800.00,0.00,1979.00,0.00,98008.00,47.61,-122.11,1800.00,2755.00
1102000759.00,20141026T000000,755000.00,3.00,2.50,2420.00,8856.00,1.00,0.00,3.00,3.00,9.00,1620.00,800.00,1957.00,0.00,98118.00,47.54,-122.26,2650.00,9750.00
6457000080.00,20140805T000000,269900.00,5.00,1.75,1750.00,8325.00,1.00,0.00,0.00,5.00,7.00,1750.00,0.00,1966.00,0.00,98031.00,47.40,-122.20,1430.00,8325.00
1126059022.00,20140722T000000,667400.00,4.00,2.50,2660.00,40312.00,2.00,0.00,0.00,4.00,8.00,2660.00,0.00,1977.00,0.00,98072.00,47.75,-122.14,2650.00,45302.00
4340000010.00,20141030T000000,1220000.00,3.00,2.25,2640.00,7544.00,1.00,0.00,0.00,3.00,10.00,2640.00,0.00,1995.00,0.00,98004.00,47.62,-122.20,2650.00,7904.00
3052700460.00,20140630T000000,544000.00,3.00,2.50,1460.00,1613.00,2.00,0.00,0.00,3.00,8.00,1180.00,280.00,2007.00,0.00,98117.00,47.68,-122.38,1460.00,1403.00
567000020.00,20150428T000000,800000.00,2.00,1.00,1570.00,5000.00,1.50,0.00,3.00,4.00,8.00,1570.00,0.00,1924.00,0.00,98144.00,47.60,-122.29,1760.00,3000.00
3575304017.00,20140822T000000,315000.00,3.00,1.00,1010.00,7500.00,1.00,0.00,0.00,4.00,7.00,1010.00,0.00,1975.00,0.00,98074.00,47.62,-122.06,1250.00,10000.00
7812801700.00,20140610T000000,227000.00,4.00,1.00,1200.00,7200.00,1.50,0.00,0.00,3.00,6.00,1200.00,0.00,1944.00,0.00,98178.00,47.50,-122.25,1070.00,6050.00
5103300020.00,20141020T000000,765000.00,4.00,2.50,4040.00,25752.00,2.00,0.00,0.00,3.00,10.00,4040.00,0.00,2000.00,0.00,98038.00,47.46,-122.07,3230.00,22247.00
9578080130.00,20140702T000000,625000.00,3.00,3.00,1820.00,1641.00,3.00,0.00,0.00,3.00,8.00,1540.00,280.00,2006.00,0.00,98119.00,47.65,-122.36,1720.00,1501.00
3885803044.00,20140902T000000,1875000.00,4.00,5.00,5810.00,7440.00,2.00,0.00,0.00,3.00,10.00,3790.00,2020.00,2004.00,0.00,98033.00,47.69,-122.21,3010.00,7200.00
9323600280.00,20150211T000000,822600.00,4.00,2.50,3010.00,9600.00,1.00,0.00,2.00,3.00,9.00,1510.00,1500.00,1979.00,0.00,98006.00,47.55,-122.16,2780.00,10000.00
7016100380.00,20150423T000000,515000.00,4.00,2.50,1910.00,8947.00,1.00,0.00,0.00,4.00,8.00,1160.00,750.00,1970.00,0.00,98011.00,47.74,-122.18,1920.00,7350.00
3438500114.00,20150512T000000,377000.00,4.00,2.00,1640.00,5014.00,1.00,0.00,0.00,4.00,7.00,930.00,710.00,1982.00,0.00,98106.00,47.55,-122.36,1600.00,5452.00
2597800010.00,20150304T000000,600000.00,3.00,1.00,1480.00,17360.00,1.00,0.00,1.00,3.00,8.00,1480.00,0.00,1954.00,0.00,98136.00,47.52,-122.39,2250.00,8720.00
8018000020.00,20141114T000000,525300.00,4.00,1.75,2520.00,7770.00,1.00,0.00,0.00,3.00,8.00,1680.00,840.00,1965.00,0.00,98177.00,47.77,-122.37,2340.00,7770.00
4055700167.00,20140814T000000,760000.00,4.00,3.00,2840.00,13554.00,1.00,0.00,2.00,4.00,9.00,1990.00,850.00,1974.00,0.00,98034.00,47.72,-122.26,2840.00,16940.00
1863900190.00,20141229T000000,202000.00,2.00,1.00,840.00,7200.00,1.00,0.00,0.00,4.00,5.00,840.00,0.00,1907.00,0.00,98032.00,47.38,-122.24,1030.00,7200.00
522079027.00,20140619T000000,470000.00,3.00,2.00,1730.00,38884.00,1.00,0.00,0.00,3.00,8.00,1730.00,0.00,1997.00,0.00,98038.00,47.42,-121.95,2130.00,91040.00
7525530470.00,20140725T000000,810000.00,3.00,2.50,3140.00,10983.00,2.00,0.00,0.00,3.00,10.00,3140.00,0.00,1991.00,0.00,98075.00,47.56,-122.04,3140.00,10983.00
8858100020.00,20150316T000000,175000.00,3.00,1.00,1480.00,8415.00,1.00,0.00,0.00,3.00,7.00,1080.00,400.00,1967.00,0.00,98188.00,47.46,-122.28,1780.00,8512.00
6414100231.00,20141015T000000,440000.00,4.00,1.75,1920.00,7986.00,1.00,0.00,0.00,3.00,7.00,960.00,960.00,1952.00,0.00,98125.00,47.72,-122.32,1700.00,7452.00
6303400460.00,20150330T000000,197000.00,2.00,1.00,770.00,8636.00,1.00,0.00,0.00,2.00,6.00,770.00,0.00,1951.00,0.00,98146.00,47.51,-122.36,1110.00,8636.00
9476200020.00,20150306T000000,254000.00,3.00,1.00,1010.00,7384.00,1.00,0.00,2.00,5.00,6.00,1010.00,0.00,1943.00,0.00,98056.00,47.49,-122.19,1010.00,8000.00
3575302938.00,20140620T000000,405000.00,3.00,1.00,1460.00,10000.00,1.50,0.00,0.00,3.00,7.00,1460.00,0.00,2002.00,0.00,98074.00,47.62,-122.06,1910.00,10000.00
2695600190.00,20150327T000000,416000.00,2.00,1.00,940.00,4264.00,1.00,0.00,0.00,5.00,7.00,940.00,0.00,1949.00,0.00,98126.00,47.53,-122.38,1630.00,4472.00
9433000470.00,20140919T000000,779950.00,4.00,2.75,2840.00,4864.00,3.00,0.00,0.00,3.00,9.00,2840.00,0.00,2014.00,0.00,98052.00,47.71,-122.11,2990.00,5314.00
7140200250.00,20150112T000000,200000.00,4.00,2.75,1910.00,7210.00,1.00,0.00,0.00,4.00,7.00,1430.00,480.00,1980.00,0.00,98030.00,47.37,-122.17,1750.00,7446.00
3905090130.00,20140717T000000,658100.00,4.00,2.50,2430.00,8509.00,2.00,0.00,0.00,3.00,9.00,2430.00,0.00,1992.00,0.00,98029.00,47.57,-121.99,2760.00,8509.00
3335000050.00,20140714T000000,397000.00,2.00,1.75,1610.00,4104.00,1.00,0.00,0.00,3.00,7.00,950.00,660.00,1996.00,0.00,98118.00,47.56,-122.28,1510.00,5284.00
4397650080.00,20141015T000000,815000.00,3.00,3.75,2780.00,5002.00,2.00,0.00,0.00,3.00,10.00,2780.00,0.00,1999.00,0.00,98007.00,47.59,-122.15,3110.00,5717.00
1568100380.00,20141016T000000,345000.00,2.00,1.00,1160.00,8504.00,1.00,0.00,0.00,4.00,7.00,1160.00,0.00,1949.00,0.00,98155.00,47.74,-122.30,1320.00,8504.00
8078570460.00,20140924T000000,305500.00,4.00,2.50,1850.00,7199.00,2.00,0.00,0.00,4.00,7.00,1850.00,0.00,1989.00,0.00,98031.00,47.40,-122.17,1940.00,7432.00
6382000080.00,20140708T000000,340000.00,3.00,2.25,2120.00,13090.00,1.00,0.00,0.00,3.00,8.00,2120.00,0.00,1997.00,0.00,98002.00,47.30,-122.22,1400.00,12039.00
7905380080.00,20150226T000000,330000.00,5.00,2.50,2620.00,12763.00,1.00,0.00,0.00,3.00,7.00,1400.00,1220.00,1979.00,0.00,98034.00,47.72,-122.21,2390.00,9156.00
6600490250.00,20150421T000000,269000.00,4.00,2.50,2060.00,3608.00,2.00,0.00,0.00,3.00,7.00,2060.00,0.00,2004.00,0.00,98198.00,47.36,-122.31,2060.00,3608.00
7200001756.00,20140612T000000,349950.00,3.00,1.00,1060.00,9525.00,1.00,0.00,0.00,3.00,7.00,1060.00,0.00,1966.00,0.00,98052.00,47.69,-122.11,1630.00,9525.00
4427100130.00,20150304T000000,431000.00,3.00,1.00,1500.00,6240.00,1.00,0.00,0.00,4.00,7.00,1500.00,0.00,1953.00,0.00,98125.00,47.73,-122.31,1230.00,6240.00
5606000255.00,20141017T000000,735000.00,4.00,1.75,2380.00,5700.00,2.00,0.00,1.00,4.00,7.00,1820.00,560.00,1946.00,0.00,98105.00,47.67,-122.27,2190.00,5700.00
1402700170.00,20140717T000000,414000.00,5.00,3.00,3045.00,5030.00,2.00,0.00,0.00,3.00,8.00,3045.00,0.00,1999.00,0.00,98058.00,47.44,-122.13,3045.00,5322.00
5366200460.00,20140520T000000,619500.00,3.00,2.50,1700.00,4105.00,2.00,0.00,0.00,3.00,8.00,1700.00,0.00,1992.00,0.00,98122.00,47.61,-122.29,1880.00,3665.00
1245500725.00,20141030T000000,675000.00,3.00,1.75,1240.00,13869.00,1.00,0.00,0.00,4.00,7.00,1240.00,0.00,1957.00,0.00,98033.00,47.69,-122.21,1970.00,7790.00
9477201060.00,20150423T000000,380500.00,3.00,1.00,1410.00,7854.00,1.00,0.00,0.00,4.00,7.00,1410.00,0.00,1971.00,0.00,98034.00,47.73,-122.19,1460.00,7500.00
4060000290.00,20140617T000000,253000.00,3.00,1.50,880.00,6600.00,1.00,0.00,0.00,5.00,6.00,880.00,0.00,1945.00,0.00,98178.00,47.50,-122.25,1020.00,6600.00
522059327.00,20140528T000000,157500.00,2.00,1.00,740.00,9003.00,1.00,0.00,0.00,3.00,5.00,740.00,0.00,1949.00,0.00,98031.00,47.42,-122.20,1230.00,8050.00
686530020.00,20140609T000000,627000.00,4.00,2.00,2030.00,9300.00,1.00,0.00,0.00,4.00,8.00,2030.00,0.00,1976.00,0.00,98052.00,47.67,-122.15,1800.00,9018.00
5145100460.00,20140924T000000,469500.00,4.00,2.50,2090.00,7241.00,1.00,0.00,0.00,4.00,7.00,1140.00,950.00,2001.00,0.00,98034.00,47.73,-122.22,1510.00,7402.00
6329000380.00,20140619T000000,319950.00,2.00,1.00,920.00,8341.00,1.00,0.00,0.00,3.00,7.00,920.00,0.00,1939.00,0.00,98146.00,47.50,-122.38,2330.00,9792.00
8960200280.00,20150218T000000,249500.00,3.00,1.00,1180.00,7200.00,1.00,0.00,0.00,4.00,7.00,1180.00,0.00,1968.00,0.00,98058.00,47.42,-122.18,1180.00,7200.00
2867100007.00,20150223T000000,485000.00,3.00,1.00,1260.00,3230.00,1.50,0.00,0.00,3.00,7.00,1260.00,0.00,1907.00,0.00,98119.00,47.64,-122.37,1700.00,3500.00
9542100005.00,20141024T000000,1125000.00,5.00,3.00,3690.00,10260.00,1.00,0.00,4.00,4.00,9.00,2070.00,1620.00,1967.00,0.00,98005.00,47.59,-122.18,3160.00,14000.00
1545807280.00,20140628T000000,314500.00,3.00,1.75,1700.00,17355.00,1.00,0.00,0.00,3.00,7.00,1200.00,500.00,1978.00,0.00,98038.00,47.36,-122.06,1900.00,9528.00
3996900460.00,20150403T000000,220000.00,2.00,1.00,770.00,8149.00,1.00,0.00,0.00,3.00,6.00,770.00,0.00,1948.00,0.00,98155.00,47.75,-122.30,880.00,8149.00
217500005.00,20141124T000000,444950.00,3.00,2.50,2020.00,7800.00,1.00,0.00,0.00,4.00,7.00,1330.00,690.00,1958.00,0.00,98133.00,47.74,-122.34,1870.00,7800.00
1513800080.00,20140825T000000,598000.00,4.00,2.50,2030.00,9825.00,1.00,0.00,0.00,3.00,8.00,1330.00,700.00,1985.00,0.00,98115.00,47.69,-122.30,2180.00,7500.00
8691390460.00,20140616T000000,699850.00,4.00,3.50,2690.00,6164.00,2.00,0.00,0.00,3.00,9.00,2690.00,0.00,2002.00,0.00,98075.00,47.60,-121.97,2910.00,5000.00
6633900170.00,20140508T000000,595000.00,3.00,2.50,1750.00,3354.00,2.00,0.00,0.00,4.00,7.00,1750.00,0.00,1991.00,0.00,98033.00,47.70,-122.20,1750.00,4286.00
205000050.00,20141218T000000,735000.00,4.00,2.50,3270.00,45537.00,2.00,0.00,0.00,3.00,9.00,3270.00,0.00,1993.00,0.00,98053.00,47.63,-121.98,2670.00,38827.00
8838900167.00,20140509T000000,542500.00,4.00,2.50,2330.00,14289.00,2.00,0.00,0.00,4.00,8.00,2330.00,0.00,1978.00,0.00,98007.00,47.59,-122.15,2210.00,12823.00
7199330170.00,20150512T000000,450000.00,3.00,1.75,1720.00,6960.00,1.00,0.00,0.00,3.00,7.00,1140.00,580.00,1978.00,0.00,98052.00,47.70,-122.13,1720.00,7280.00
236500050.00,20140728T000000,298500.00,3.00,2.00,2420.00,8800.00,1.00,0.00,0.00,4.00,7.00,1420.00,1000.00,1959.00,0.00,98188.00,47.43,-122.29,1546.00,8666.00
2025049028.00,20140609T000000,403950.00,2.00,1.00,710.00,1136.00,2.00,0.00,0.00,4.00,7.00,710.00,0.00,1943.00,0.00,98102.00,47.64,-122.33,1370.00,1173.00
3298700305.00,20141229T000000,271000.00,2.00,1.00,710.00,4240.00,1.00,0.00,0.00,4.00,6.00,710.00,0.00,1942.00,0.00,98106.00,47.52,-122.35,850.00,5200.00
6145600780.00,20140911T000000,335000.00,2.00,1.00,1510.00,3844.00,1.00,0.00,0.00,4.00,7.00,1510.00,0.00,1923.00,1970.00,98133.00,47.70,-122.35,1170.00,3844.00
1332700010.00,20141216T000000,305000.00,2.00,2.25,1610.00,1968.00,2.00,0.00,0.00,5.00,7.00,1610.00,0.00,1979.00,0.00,98056.00,47.52,-122.20,1950.00,1968.00
2768300655.00,20150317T000000,630000.00,3.00,3.00,1880.00,2200.00,2.00,0.00,0.00,3.00,8.00,1520.00,360.00,2007.00,0.00,98107.00,47.67,-122.37,1500.00,1426.00
7224500010.00,20140603T000000,253000.00,2.00,1.75,1220.00,5000.00,1.00,0.00,0.00,5.00,7.00,860.00,360.00,1921.00,0.00,98055.00,47.49,-122.20,1120.00,5000.00
4037000185.00,20140919T000000,395000.00,4.00,1.75,2060.00,7900.00,1.00,0.00,0.00,4.00,7.00,1070.00,990.00,1957.00,0.00,98008.00,47.60,-122.12,1830.00,8000.00
7614100020.00,20141017T000000,265000.00,3.00,2.50,1340.00,10290.00,1.00,0.00,0.00,4.00,7.00,1140.00,200.00,1981.00,0.00,98042.00,47.36,-122.15,1760.00,7903.00
1423400225.00,20140721T000000,225000.00,2.00,1.00,1030.00,9192.00,1.00,0.00,0.00,4.00,6.00,1030.00,0.00,1959.00,0.00,98058.00,47.46,-122.18,1030.00,9190.00
5419000050.00,20140917T000000,338500.00,4.00,2.50,2717.00,4513.00,2.00,0.00,0.00,3.00,8.00,2717.00,0.00,2005.00,0.00,98001.00,47.34,-122.27,2550.00,4841.00
5151200290.00,20140512T000000,300000.00,2.00,1.75,1360.00,8100.00,1.00,0.00,0.00,3.00,7.00,860.00,500.00,1975.00,0.00,98177.00,47.73,-122.36,1830.00,6766.00
4060000170.00,20140820T000000,255000.00,2.00,1.00,1260.00,7810.00,2.00,0.00,0.00,3.00,6.00,1260.00,0.00,1945.00,0.00,98178.00,47.50,-122.25,1260.00,7755.00
1568100290.00,20140620T000000,337000.00,4.00,3.00,2240.00,8504.00,2.00,0.00,0.00,3.00,7.00,2240.00,0.00,1992.00,0.00,98155.00,47.73,-122.30,1570.00,8460.00
4137010010.00,20150416T000000,324900.00,3.00,2.25,2080.00,9740.00,2.00,0.00,0.00,3.00,8.00,2080.00,0.00,1988.00,0.00,98092.00,47.26,-122.22,2080.00,8705.00
2581900284.00,20140707T000000,821000.00,3.00,2.75,2760.00,8476.00,1.00,0.00,0.00,4.00,8.00,1690.00,1070.00,1967.00,0.00,98040.00,47.54,-122.22,2610.00,9835.00
1222069136.00,20141212T000000,500000.00,4.00,2.75,3000.00,213008.00,1.00,0.00,0.00,4.00,8.00,3000.00,0.00,1975.00,0.00,98038.00,47.40,-121.98,2300.00,74191.00
7625701795.00,20150302T000000,885000.00,4.00,3.50,3310.00,6000.00,2.00,0.00,2.00,3.00,8.00,2200.00,1110.00,2010.00,0.00,98136.00,47.55,-122.39,1420.00,6000.00
1771100440.00,20140610T000000,360000.00,4.00,2.00,1630.00,10375.00,1.00,0.00,0.00,5.00,7.00,1630.00,0.00,1968.00,0.00,98077.00,47.76,-122.07,1360.00,10026.00
3211200290.00,20140527T000000,304000.00,3.00,1.00,900.00,7500.00,1.00,0.00,0.00,4.00,7.00,900.00,0.00,1972.00,0.00,98034.00,47.73,-122.24,1960.00,7500.00
4154302045.00,20150316T000000,376000.00,2.00,1.00,880.00,2400.00,1.00,0.00,0.00,3.00,6.00,760.00,120.00,1918.00,0.00,98118.00,47.56,-122.28,1180.00,6300.00
4036801315.00,20141104T000000,425000.00,4.00,1.50,1620.00,7875.00,1.00,0.00,0.00,3.00,7.00,1620.00,0.00,1956.00,0.00,98008.00,47.60,-122.13,1890.00,8400.00
9185700414.00,20140522T000000,1180500.00,3.00,1.75,1610.00,7200.00,1.00,0.00,0.00,3.00,8.00,1090.00,520.00,1973.00,0.00,98112.00,47.63,-122.29,3790.00,7200.00
1221000562.00,20140722T000000,187000.00,3.00,2.50,1730.00,1803.00,2.00,0.00,0.00,3.00,7.00,1730.00,0.00,2005.00,0.00,98166.00,47.46,-122.34,1190.00,7980.00
1890000250.00,20140627T000000,710000.00,2.00,1.50,1640.00,4080.00,1.50,0.00,0.00,5.00,7.00,1540.00,100.00,1916.00,0.00,98105.00,47.66,-122.33,1880.00,4080.00
7436400020.00,20150325T000000,585000.00,3.00,1.75,1840.00,7350.00,1.00,0.00,0.00,3.00,8.00,1370.00,470.00,1974.00,0.00,98033.00,47.67,-122.17,1920.00,8518.00
3303850290.00,20150409T000000,1400000.00,5.00,4.00,4700.00,22326.00,2.00,0.00,0.00,3.00,11.00,4700.00,0.00,2002.00,0.00,98006.00,47.54,-122.11,4730.00,27110.00
2025059026.00,20150225T000000,1980000.00,4.00,3.50,4500.00,44384.00,1.00,0.00,0.00,3.00,12.00,3340.00,1160.00,1990.00,0.00,98004.00,47.63,-122.19,2540.00,26287.00
3751600430.00,20141226T000000,250000.00,3.00,1.75,1780.00,35233.00,1.00,0.00,0.00,4.00,8.00,1420.00,360.00,1979.00,0.00,98001.00,47.29,-122.27,1950.00,17334.00
7856640460.00,20141218T000000,950000.00,4.00,2.75,3800.00,12200.00,2.00,0.00,3.00,4.00,10.00,3800.00,0.00,1986.00,0.00,98006.00,47.57,-122.16,3710.00,14796.00
9510920050.00,20140902T000000,725000.00,3.00,2.50,2980.00,16996.00,2.00,0.00,0.00,3.00,10.00,2980.00,0.00,1992.00,0.00,98075.00,47.60,-122.02,2980.00,15438.00
8651720020.00,20140512T000000,505000.00,4.00,2.50,2780.00,6369.00,1.00,0.00,0.00,3.00,8.00,1590.00,1190.00,1978.00,0.00,98034.00,47.73,-122.22,2170.00,7490.00
2114700500.00,20150418T000000,90000.00,1.00,1.00,560.00,4120.00,1.00,0.00,0.00,3.00,4.00,560.00,0.00,1947.00,0.00,98106.00,47.53,-122.35,980.00,4120.00
7950303530.00,20150409T000000,400000.00,4.00,2.00,2060.00,3060.00,2.00,0.00,0.00,3.00,7.00,2060.00,0.00,1968.00,0.00,98118.00,47.56,-122.29,1630.00,3766.00
8910500471.00,20150217T000000,407000.00,3.00,1.00,1140.00,7785.00,1.00,0.00,0.00,3.00,8.00,1140.00,0.00,1954.00,0.00,98177.00,47.71,-122.36,2080.00,10620.00
9550204450.00,20141219T000000,651000.00,3.00,1.50,1890.00,4400.00,1.50,0.00,0.00,5.00,7.00,1890.00,0.00,1919.00,0.00,98105.00,47.67,-122.33,1620.00,4080.00
4024101990.00,20150205T000000,485000.00,3.00,2.25,2090.00,7450.00,1.00,0.00,0.00,3.00,7.00,1350.00,740.00,1978.00,0.00,98155.00,47.76,-122.30,1740.00,7644.00
5595900345.00,20150113T000000,460000.00,4.00,2.75,3460.00,13168.00,2.00,0.00,0.00,4.00,8.00,3460.00,0.00,1932.00,1986.00,98022.00,47.20,-122.00,1500.00,7670.00
1782500095.00,20150309T000000,369000.00,2.00,1.00,1320.00,6135.00,1.00,0.00,0.00,4.00,7.00,880.00,440.00,1942.00,0.00,98126.00,47.53,-122.38,1050.00,4693.00
8887001192.00,20140620T000000,355000.00,2.00,1.00,1240.00,27042.00,1.00,0.00,1.00,3.00,6.00,1000.00,240.00,1943.00,0.00,98070.00,47.50,-122.47,2140.00,20059.00
4006000307.00,20140916T000000,155000.00,2.00,1.00,810.00,4755.00,1.00,0.00,0.00,3.00,7.00,810.00,0.00,1980.00,0.00,98118.00,47.53,-122.28,1180.00,4755.00
5605000440.00,20141215T000000,1000000.00,3.00,1.00,1880.00,5450.00,1.50,0.00,0.00,4.00,8.00,1880.00,0.00,1924.00,0.00,98112.00,47.65,-122.30,2580.00,5450.00
2591840050.00,20150211T000000,419625.00,4.00,2.50,2680.00,11590.00,2.00,0.00,0.00,4.00,9.00,2680.00,0.00,1988.00,0.00,98058.00,47.44,-122.16,2580.00,8225.00
1442300005.00,20150218T000000,435000.00,3.00,2.00,2040.00,6880.00,2.00,0.00,0.00,4.00,7.00,2040.00,0.00,1954.00,0.00,98133.00,47.76,-122.35,1710.00,7597.00
3343901440.00,20150511T000000,379000.00,4.00,1.75,2180.00,7876.00,1.00,0.00,0.00,4.00,7.00,1290.00,890.00,1977.00,0.00,98056.00,47.52,-122.19,1960.00,7225.00
9406590250.00,20150224T000000,293000.00,4.00,2.25,1870.00,5371.00,2.00,0.00,0.00,3.00,7.00,1870.00,0.00,2009.00,0.00,98038.00,47.38,-122.04,2380.00,4502.00
2212250080.00,20140806T000000,592100.00,4.00,2.75,2310.00,7851.00,1.00,0.00,0.00,4.00,8.00,1790.00,520.00,1989.00,0.00,98006.00,47.55,-122.19,2230.00,7359.00
3578700073.00,20141110T000000,362000.00,3.00,1.75,1120.00,9730.00,1.00,0.00,0.00,3.00,7.00,1120.00,0.00,1944.00,1989.00,98011.00,47.74,-122.22,2530.00,8717.00
1123049126.00,20141203T000000,227000.00,3.00,1.00,1340.00,10035.00,1.00,0.00,0.00,3.00,7.00,1340.00,0.00,1959.00,0.00,98178.00,47.49,-122.25,2090.00,10035.00
526059259.00,20140819T000000,335500.00,3.00,1.75,1260.00,8487.00,1.00,0.00,0.00,3.00,7.00,1260.00,0.00,1970.00,0.00,98011.00,47.77,-122.20,1890.00,13051.00
3222079136.00,20140818T000000,213000.00,3.00,1.75,1200.00,55321.00,1.50,0.00,0.00,5.00,7.00,1200.00,0.00,1977.00,0.00,98010.00,47.35,-121.94,1910.00,54450.00
7237300290.00,20150326T000000,338000.00,5.00,2.50,2400.00,4496.00,2.00,0.00,0.00,3.00,7.00,2400.00,0.00,2004.00,0.00,98042.00,47.37,-122.13,1880.00,4319.00
7468900235.00,20141022T000000,163500.00,3.00,1.00,940.00,7200.00,1.00,0.00,0.00,4.00,7.00,940.00,0.00,1954.00,0.00,98002.00,47.30,-122.22,1090.00,7800.00
3352401476.00,20141124T000000,199988.00,2.00,1.00,860.00,5000.00,1.00,0.00,0.00,3.00,7.00,860.00,0.00,1949.00,0.00,98178.00,47.50,-122.27,1130.00,6000.00
4217402162.00,20140725T000000,1185000.00,3.00,2.25,2390.00,7875.00,1.00,0.00,1.00,3.00,10.00,1980.00,410.00,1948.00,0.00,98105.00,47.65,-122.28,3720.00,9075.00
6147650430.00,20150407T000000,320000.00,4.00,2.50,3130.00,5200.00,2.00,0.00,0.00,3.00,7.00,3130.00,0.00,2005.00,0.00,98042.00,47.38,-122.10,3020.00,5200.00
1133000235.00,20140616T000000,450000.00,6.00,2.25,3550.00,11780.00,1.00,0.00,0.00,4.00,8.00,2960.00,590.00,1948.00,0.00,98125.00,47.72,-122.31,2360.00,8850.00
2781270080.00,20141030T000000,249900.00,2.00,2.00,1470.00,2541.00,2.00,0.00,0.00,3.00,6.00,1470.00,0.00,2005.00,0.00,98038.00,47.35,-122.02,1310.00,2721.00
1423200170.00,20140612T000000,223000.00,2.00,1.00,910.00,9869.00,1.00,0.00,0.00,3.00,6.00,910.00,0.00,1957.00,0.00,98058.00,47.46,-122.18,1480.00,9750.00
3023059071.00,20150210T000000,631000.00,4.00,4.00,2630.00,59586.00,1.00,0.00,0.00,3.00,7.00,1470.00,1160.00,1963.00,0.00,98055.00,47.45,-122.21,2230.00,5715.00
511700170.00,20150505T000000,350000.00,4.00,2.25,1780.00,10416.00,1.00,0.00,0.00,5.00,7.00,1060.00,720.00,1963.00,0.00,98055.00,47.44,-122.19,1780.00,9975.00
2124089028.00,20140714T000000,279000.00,3.00,1.75,1430.00,39160.00,1.00,0.00,0.00,3.00,7.00,900.00,530.00,1925.00,1987.00,98065.00,47.55,-121.80,1430.00,40860.00
1431700280.00,20150409T000000,310000.00,5.00,2.00,2730.00,7344.00,1.00,0.00,0.00,5.00,7.00,1510.00,1220.00,1962.00,0.00,98058.00,47.46,-122.17,1730.00,7700.00
7686202635.00,20140812T000000,185000.00,2.00,1.00,900.00,8000.00,1.00,0.00,0.00,4.00,6.00,900.00,0.00,1954.00,0.00,98198.00,47.42,-122.32,1240.00,8000.00
3874400380.00,20150316T000000,445000.00,3.00,2.50,1740.00,22089.00,1.00,0.00,0.00,4.00,8.00,1130.00,610.00,1977.00,0.00,98070.00,47.39,-122.44,2000.00,24925.00
642500080.00,20141212T000000,365000.00,4.00,2.50,2905.00,4874.00,2.00,0.00,0.00,3.00,9.00,2905.00,0.00,2003.00,0.00,98031.00,47.41,-122.17,2900.00,5271.00
1591600527.00,20150423T000000,333500.00,3.00,1.50,2230.00,9120.00,1.00,0.00,0.00,3.00,7.00,1390.00,840.00,1959.00,0.00,98146.00,47.50,-122.36,1420.00,8450.00
5587000010.00,20141120T000000,385000.00,3.00,2.25,1680.00,8450.00,1.00,0.00,0.00,3.00,8.00,1340.00,340.00,1960.00,0.00,98177.00,47.76,-122.36,1850.00,8300.00
2201500440.00,20140520T000000,345000.00,3.00,1.50,1240.00,11200.00,1.00,0.00,0.00,4.00,7.00,1240.00,0.00,1954.00,0.00,98006.00,47.57,-122.14,1240.00,11008.00
7603100095.00,20141110T000000,1260000.00,3.00,3.00,3230.00,8625.00,2.00,0.00,3.00,3.00,10.00,2220.00,1010.00,1998.00,0.00,98116.00,47.56,-122.40,2330.00,6022.00
9412200080.00,20140523T000000,440000.00,4.00,2.50,2560.00,10400.00,1.00,0.00,0.00,4.00,7.00,1280.00,1280.00,1965.00,0.00,98027.00,47.52,-122.04,1740.00,11050.00
7852130080.00,20140925T000000,444500.00,3.00,2.50,2600.00,4724.00,2.00,0.00,0.00,3.00,7.00,2600.00,0.00,2002.00,0.00,98065.00,47.54,-121.88,2400.00,4724.00
2923039243.00,20141113T000000,340000.00,4.00,1.00,1200.00,11834.00,1.00,1.00,3.00,3.00,6.00,1200.00,0.00,1972.00,0.00,98070.00,47.46,-122.44,1670.00,47462.00
6908200250.00,20150312T000000,680000.00,4.00,1.00,1660.00,6075.00,1.50,0.00,0.00,5.00,7.00,1660.00,0.00,1915.00,0.00,98117.00,47.68,-122.40,1810.00,5400.00
3039000010.00,20140909T000000,420000.00,3.00,1.75,1140.00,8558.00,1.00,0.00,0.00,4.00,7.00,1140.00,0.00,1982.00,0.00,98033.00,47.70,-122.20,1490.00,10530.00
1657300280.00,20141229T000000,438500.00,3.00,2.25,3050.00,10689.00,2.00,0.00,0.00,4.00,9.00,3050.00,0.00,1988.00,0.00,98092.00,47.33,-122.20,2697.00,10925.00
9200000050.00,20140918T000000,109500.00,2.00,1.00,800.00,10625.00,1.00,0.00,0.00,3.00,6.00,800.00,0.00,1942.00,0.00,98168.00,47.50,-122.32,1130.00,10625.00
7508200080.00,20150410T000000,461000.00,4.00,2.75,1700.00,7495.00,1.00,0.00,0.00,4.00,7.00,1200.00,500.00,1964.00,0.00,98133.00,47.76,-122.35,1650.00,7495.00
5454200080.00,20140811T000000,968000.00,4.00,1.75,2630.00,9645.00,1.00,0.00,0.00,4.00,9.00,2630.00,0.00,1963.00,0.00,98040.00,47.55,-122.23,2690.00,10439.00
7972601100.00,20140923T000000,355000.00,3.00,1.75,1960.00,7705.00,1.00,0.00,0.00,4.00,7.00,980.00,980.00,1950.00,0.00,98106.00,47.53,-122.35,1380.00,4349.00
5112800190.00,20150327T000000,249000.00,3.00,1.50,1180.00,11579.00,1.00,0.00,0.00,4.00,7.00,1180.00,0.00,1962.00,0.00,98058.00,47.45,-122.09,1780.00,22486.00
984210170.00,20150326T000000,256500.00,5.00,2.50,1960.00,7350.00,1.00,0.00,0.00,4.00,7.00,1360.00,600.00,1969.00,0.00,98058.00,47.44,-122.17,1900.00,7350.00
8081500050.00,20150302T000000,1810000.00,5.00,2.50,4250.00,20441.00,1.00,0.00,1.00,4.00,11.00,2490.00,1760.00,1984.00,0.00,98004.00,47.64,-122.21,3620.00,16304.00
8731801190.00,20141223T000000,269000.00,3.00,2.25,1950.00,8661.00,1.00,0.00,0.00,4.00,8.00,1950.00,0.00,1966.00,0.00,98023.00,47.31,-122.36,1950.00,8800.00
9103000715.00,20141112T000000,1350000.00,4.00,3.50,3600.00,5217.00,2.00,0.00,0.00,3.00,9.00,2720.00,880.00,1947.00,2014.00,98112.00,47.62,-122.29,2270.00,5217.00
8732300430.00,20140620T000000,885000.00,3.00,2.25,2060.00,9552.00,1.00,0.00,0.00,4.00,9.00,1610.00,450.00,1975.00,0.00,98040.00,47.54,-122.23,2930.00,11212.00
3754700170.00,20150423T000000,455000.00,3.00,2.00,1640.00,9825.00,1.00,0.00,0.00,4.00,7.00,1090.00,550.00,1971.00,0.00,98034.00,47.72,-122.20,1500.00,9750.00
2652500795.00,20140609T000000,980000.00,4.00,2.50,2730.00,4800.00,1.50,0.00,0.00,5.00,8.00,2230.00,500.00,1909.00,0.00,98119.00,47.64,-122.36,2190.00,4200.00
7454000470.00,20140801T000000,412500.00,3.00,1.75,1530.00,6300.00,1.00,0.00,0.00,3.00,6.00,1530.00,0.00,1942.00,2004.00,98126.00,47.52,-122.38,920.00,6300.00
3630121060.00,20141217T000000,740000.00,4.00,3.50,3060.00,4777.00,2.00,0.00,0.00,3.00,9.00,3060.00,0.00,2007.00,0.00,98029.00,47.56,-122.00,3060.00,4935.00
1370800825.00,20140823T000000,1298000.00,4.00,2.25,2860.00,5658.00,2.00,0.00,3.00,3.00,10.00,2130.00,730.00,1933.00,0.00,98199.00,47.64,-122.41,2700.00,5221.00
4310702759.00,20150312T000000,326000.00,2.00,1.50,1030.00,798.00,3.00,0.00,0.00,3.00,8.00,1030.00,0.00,2008.00,0.00,98103.00,47.70,-122.34,1020.00,1026.00
8635750950.00,20140607T000000,568500.00,4.00,2.50,2460.00,4200.00,2.00,0.00,0.00,3.00,8.00,2460.00,0.00,1998.00,0.00,98074.00,47.60,-122.02,2460.00,4200.00
3448900420.00,20140922T000000,620000.00,4.00,2.50,2500.00,8282.00,2.00,0.00,0.00,3.00,9.00,2500.00,0.00,2013.00,0.00,98056.00,47.51,-122.17,2500.00,8046.00
2113700005.00,20150417T000000,283000.00,3.00,1.75,1830.00,7600.00,2.00,0.00,0.00,3.00,7.00,1490.00,340.00,1947.00,0.00,98106.00,47.53,-122.35,1300.00,4000.00
8615800500.00,20140814T000000,875000.00,6.00,3.25,2820.00,4536.00,2.00,0.00,0.00,4.00,8.00,1930.00,890.00,1917.00,0.00,98105.00,47.67,-122.31,2820.00,4536.00
9106000005.00,20150527T000000,1310000.00,4.00,2.25,3750.00,5000.00,2.00,0.00,0.00,5.00,8.00,2440.00,1310.00,1924.00,0.00,98115.00,47.67,-122.30,2170.00,4590.00
806800420.00,20141023T000000,289950.00,3.00,2.50,2070.00,6145.00,2.00,0.00,0.00,3.00,7.00,2070.00,0.00,2003.00,0.00,98092.00,47.34,-122.17,2070.00,5297.00
2787311190.00,20141114T000000,252500.00,3.00,2.50,1780.00,7192.00,1.00,0.00,0.00,4.00,7.00,1250.00,530.00,1974.00,0.00,98031.00,47.41,-122.17,1870.00,8500.00
3342102385.00,20141029T000000,376000.00,4.00,2.25,2200.00,6750.00,1.00,0.00,0.00,5.00,8.00,1480.00,720.00,1959.00,0.00,98056.00,47.52,-122.20,2710.00,6750.00
7504000290.00,20140522T000000,635700.00,4.00,2.50,3240.00,13978.00,1.00,0.00,0.00,3.00,9.00,1860.00,1380.00,1977.00,0.00,98074.00,47.63,-122.06,3150.00,12767.00
8691300500.00,20141028T000000,710000.00,4.00,2.50,2880.00,12349.00,2.00,0.00,0.00,3.00,10.00,2880.00,0.00,1996.00,0.00,98075.00,47.59,-121.97,3490.00,11539.00
930000425.00,20150301T000000,440000.00,3.00,1.75,1570.00,5120.00,1.00,0.00,2.00,3.00,7.00,980.00,590.00,1947.00,0.00,98177.00,47.72,-122.37,2420.00,7200.00
3291800670.00,20140630T000000,439000.00,3.00,2.50,3180.00,7904.00,1.00,0.00,0.00,3.00,8.00,1810.00,1370.00,2006.00,0.00,98056.00,47.49,-122.18,1950.00,7800.00
1425059145.00,20140616T000000,455000.00,2.00,1.50,1310.00,12196.00,1.50,0.00,0.00,3.00,6.00,1310.00,0.00,1970.00,0.00,98052.00,47.65,-122.12,2970.00,12196.00
4406000050.00,20140519T000000,225000.00,2.00,1.00,910.00,9612.00,1.00,0.00,0.00,4.00,7.00,910.00,0.00,1981.00,0.00,98058.00,47.43,-122.15,1410.00,9611.00
1432700420.00,20140728T000000,250000.00,3.00,1.00,1460.00,10914.00,1.00,0.00,0.00,4.00,7.00,1460.00,0.00,1959.00,0.00,98058.00,47.45,-122.17,1490.00,8314.00
5561400470.00,20150407T000000,585000.00,4.00,3.25,3410.00,34939.00,2.00,0.00,0.00,4.00,9.00,2470.00,940.00,1992.00,0.00,98027.00,47.46,-122.00,2450.00,39045.00
8827901350.00,20150407T000000,685000.00,3.00,1.75,2720.00,4720.00,1.50,0.00,0.00,4.00,7.00,1580.00,1140.00,1925.00,0.00,98105.00,47.67,-122.29,1660.00,4640.00
6190700284.00,20140620T000000,420000.00,5.00,2.75,2280.00,10319.00,1.00,0.00,0.00,3.00,8.00,1300.00,980.00,1959.00,0.00,98177.00,47.76,-122.36,2370.00,8056.00
3644100073.00,20141122T000000,245000.00,2.00,1.00,670.00,1675.00,1.00,0.00,0.00,5.00,6.00,670.00,0.00,1960.00,0.00,98144.00,47.59,-122.30,1220.00,1740.00
3223059173.00,20141104T000000,275000.00,4.00,2.00,1480.00,15000.00,1.00,0.00,0.00,4.00,7.00,1480.00,0.00,1957.00,0.00,98055.00,47.43,-122.20,1450.00,8768.00
109210460.00,20141029T000000,270000.00,3.00,2.00,2330.00,8000.00,1.00,0.00,0.00,3.00,7.00,1390.00,940.00,1986.00,0.00,98023.00,47.30,-122.37,1570.00,7227.00
9106000050.00,20141021T000000,767250.00,4.00,3.00,2170.00,2500.00,2.00,0.00,0.00,3.00,8.00,1710.00,460.00,1997.00,0.00,98115.00,47.67,-122.30,2170.00,4080.00
4337600280.00,20140904T000000,229000.00,3.00,2.00,1760.00,9900.00,1.00,0.00,0.00,4.00,7.00,1760.00,0.00,1943.00,0.00,98166.00,47.48,-122.34,1190.00,9900.00
3438501100.00,20150427T000000,400000.00,3.00,1.00,1240.00,4000.00,1.50,0.00,0.00,3.00,8.00,1240.00,0.00,1928.00,2000.00,98106.00,47.55,-122.36,1200.00,17707.00
7935000280.00,20140812T000000,2195000.00,5.00,3.25,5210.00,35765.00,2.50,0.00,4.00,5.00,10.00,4940.00,270.00,1911.00,0.00,98136.00,47.55,-122.40,2590.00,10250.00
7419700010.00,20140707T000000,665000.00,5.00,2.00,2800.00,17788.00,1.00,0.00,0.00,4.00,8.00,1400.00,1400.00,1963.00,0.00,98033.00,47.67,-122.16,1760.00,18282.00
1626069102.00,20150323T000000,500000.00,4.00,2.25,2060.00,44431.00,2.00,0.00,0.00,3.00,7.00,2060.00,0.00,1988.00,0.00,98077.00,47.74,-122.05,2160.00,45657.00
7574000080.00,20150401T000000,355500.00,5.00,2.00,2360.00,19899.00,1.00,0.00,0.00,4.00,7.00,2360.00,0.00,1968.00,0.00,98010.00,47.33,-122.05,1860.00,19998.00
3830700010.00,20141205T000000,369000.00,4.00,2.50,2370.00,6557.00,2.00,0.00,0.00,3.00,9.00,2370.00,0.00,1998.00,0.00,98042.00,47.42,-122.16,2370.00,7378.00
1454100010.00,20150202T000000,338500.00,2.00,1.00,720.00,6050.00,1.00,0.00,0.00,2.00,5.00,720.00,0.00,1951.00,0.00,98125.00,47.73,-122.29,1480.00,7280.00
603001045.00,20150429T000000,256000.00,3.00,1.00,950.00,4000.00,1.00,0.00,0.00,3.00,7.00,780.00,170.00,1949.00,0.00,98118.00,47.52,-122.28,1230.00,4000.00
2607720440.00,20150304T000000,470000.00,3.00,2.50,1980.00,9725.00,2.00,0.00,0.00,3.00,8.00,1980.00,0.00,1994.00,0.00,98045.00,47.49,-121.80,2070.00,9834.00
930000470.00,20140527T000000,675000.00,3.00,2.50,2540.00,7680.00,2.00,0.00,1.00,4.00,9.00,2540.00,0.00,1940.00,2001.00,98177.00,47.72,-122.36,2490.00,7680.00
2621750280.00,20141110T000000,369950.00,4.00,2.75,2760.00,7533.00,1.00,0.00,0.00,3.00,8.00,1400.00,1360.00,1997.00,0.00,98042.00,47.37,-122.11,2340.00,7943.00
7853220470.00,20140915T000000,615000.00,5.00,3.50,2950.00,7980.00,2.00,0.00,3.00,3.00,9.00,2350.00,600.00,2005.00,0.00,98065.00,47.53,-121.86,2950.00,7980.00
4139660430.00,20150505T000000,1200690.00,5.00,3.00,3640.00,28531.00,2.00,0.00,0.00,3.00,10.00,3640.00,0.00,1996.00,0.00,98006.00,47.55,-122.13,3330.00,17186.00
1338800430.00,20140728T000000,950000.00,3.00,1.75,2150.00,3503.00,2.00,0.00,0.00,3.00,8.00,1870.00,280.00,1921.00,0.00,98112.00,47.63,-122.30,3920.00,6402.00
1338800491.00,20141021T000000,799500.00,4.00,2.50,2760.00,5750.00,2.00,0.00,0.00,3.00,8.00,2760.00,0.00,1993.00,0.00,98112.00,47.63,-122.30,2760.00,5390.00
792000006.00,20140709T000000,187000.00,2.00,1.00,840.00,11600.00,1.00,0.00,0.00,3.00,6.00,840.00,0.00,1952.00,0.00,98168.00,47.49,-122.30,1610.00,9120.00
7504020670.00,20140520T000000,598000.00,5.00,2.25,2890.00,12478.00,2.00,0.00,0.00,3.00,9.00,2890.00,0.00,1977.00,0.00,98074.00,47.63,-122.05,2570.00,11880.00
4017600010.00,20150417T000000,429950.00,3.00,2.25,2060.00,10160.00,1.00,0.00,0.00,4.00,8.00,1340.00,720.00,1967.00,0.00,98155.00,47.77,-122.29,2320.00,11186.00
1471701410.00,20150331T000000,347950.00,5.00,2.25,1700.00,13500.00,1.50,0.00,0.00,4.00,7.00,1700.00,0.00,1962.00,0.00,98059.00,47.46,-122.07,1810.00,14550.00
3528000470.00,20140509T000000,851000.00,3.00,2.50,3560.00,107290.00,2.00,0.00,0.00,3.00,10.00,3560.00,0.00,1987.00,0.00,98053.00,47.67,-122.05,3660.00,89298.00
3192000080.00,20141029T000000,205000.00,3.00,1.00,1210.00,10185.00,1.00,0.00,0.00,3.00,6.00,1210.00,0.00,1957.00,0.00,98146.00,47.49,-122.35,1320.00,10245.00
1565100010.00,20150327T000000,225000.00,3.00,2.25,1590.00,9200.00,1.00,0.00,0.00,4.00,7.00,1110.00,480.00,1979.00,0.00,98092.00,47.29,-122.18,1880.00,9200.00
9201000460.00,20141006T000000,705000.00,4.00,2.25,2620.00,10536.00,1.00,0.00,0.00,3.00,8.00,1520.00,1100.00,1979.00,0.00,98075.00,47.58,-122.08,2760.00,12431.00
323059316.00,20150505T000000,535000.00,5.00,2.50,3190.00,6178.00,2.00,0.00,0.00,3.00,8.00,3190.00,0.00,2003.00,0.00,98059.00,47.51,-122.15,2480.00,7548.00
6802200190.00,20150121T000000,222500.00,3.00,2.00,1450.00,9044.00,2.00,0.00,0.00,3.00,7.00,1450.00,0.00,1990.00,0.00,98022.00,47.20,-121.99,1450.00,9044.00
1773100430.00,20150424T000000,313500.00,2.00,1.50,1270.00,1282.00,2.00,0.00,0.00,3.00,8.00,1000.00,270.00,2006.00,0.00,98106.00,47.56,-122.36,1270.00,1325.00
6137610190.00,20150317T000000,632000.00,3.00,2.25,2730.00,7521.00,2.00,0.00,2.00,3.00,9.00,2730.00,0.00,1992.00,0.00,98011.00,47.77,-122.20,2700.00,8204.00
1568100387.00,20150322T000000,467000.00,3.00,2.00,1840.00,3432.00,2.00,0.00,0.00,3.00,7.00,1840.00,0.00,2012.00,0.00,98155.00,47.74,-122.30,1280.00,7573.00
3826500290.00,20150424T000000,339000.00,3.00,2.25,1970.00,7210.00,1.00,0.00,0.00,4.00,8.00,1380.00,590.00,1978.00,0.00,98030.00,47.38,-122.17,1970.00,7350.00
629410190.00,20140619T000000,712000.00,3.00,2.75,3200.00,6699.00,2.00,0.00,0.00,3.00,9.00,3200.00,0.00,2004.00,0.00,98075.00,47.59,-121.99,3020.00,6699.00
4189800050.00,20140520T000000,335000.00,3.00,1.00,1060.00,10050.00,1.00,0.00,0.00,4.00,7.00,1060.00,0.00,1967.00,0.00,98028.00,47.74,-122.23,1570.00,9938.00
6126600950.00,20140717T000000,470000.00,3.00,3.25,1740.00,1693.00,2.00,0.00,0.00,3.00,8.00,1360.00,380.00,2007.00,0.00,98116.00,47.56,-122.38,1130.00,1626.00
5411800250.00,20140724T000000,367000.00,3.00,1.00,810.00,7000.00,1.00,0.00,0.00,3.00,7.00,810.00,0.00,1968.00,0.00,98052.00,47.66,-122.13,1820.00,7589.00
7853302140.00,20140524T000000,440500.00,3.00,2.50,2460.00,4399.00,2.00,0.00,0.00,3.00,7.00,2460.00,0.00,2007.00,0.00,98065.00,47.54,-121.88,2060.00,4399.00
1423910670.00,20140527T000000,305000.00,4.00,1.00,2100.00,9288.00,1.00,0.00,0.00,4.00,7.00,1050.00,1050.00,1968.00,0.00,98058.00,47.46,-122.17,1600.00,8550.00
2301400470.00,20140908T000000,635000.00,3.00,1.75,1530.00,5000.00,1.00,0.00,2.00,3.00,7.00,1020.00,510.00,1948.00,0.00,98117.00,47.68,-122.36,1530.00,5000.00
1860600290.00,20140627T000000,1020000.00,3.00,2.25,1670.00,4800.00,1.50,0.00,3.00,3.00,8.00,1670.00,0.00,1903.00,0.00,98119.00,47.64,-122.37,2300.00,4800.00
9267200345.00,20140602T000000,342000.00,2.00,2.50,1175.00,1366.00,2.00,0.00,0.00,3.00,8.00,740.00,435.00,2005.00,0.00,98103.00,47.70,-122.34,1710.00,1255.00
3826500170.00,20141111T000000,283000.00,3.00,2.25,2130.00,8800.00,1.00,0.00,0.00,3.00,8.00,1270.00,860.00,1978.00,0.00,98030.00,47.38,-122.17,1960.00,8075.00
9804500420.00,20150424T000000,430000.00,4.00,2.75,2470.00,50123.00,1.00,0.00,0.00,3.00,8.00,1280.00,1190.00,1978.00,0.00,98022.00,47.25,-122.00,2200.00,54520.00
2895550190.00,20140808T000000,245000.00,4.00,2.50,1700.00,4268.00,2.00,0.00,0.00,3.00,7.00,1700.00,0.00,2000.00,0.00,98001.00,47.33,-122.27,1700.00,4488.00
6699930440.00,20140605T000000,355500.00,3.00,2.50,2600.00,5540.00,2.00,0.00,0.00,3.00,8.00,2600.00,0.00,2004.00,0.00,98038.00,47.34,-122.04,2600.00,5540.00
3543900380.00,20150409T000000,395000.00,3.00,1.00,1460.00,5000.00,1.00,0.00,0.00,4.00,7.00,1460.00,0.00,1934.00,1960.00,98115.00,47.68,-122.32,1790.00,4000.00
59500050.00,20141216T000000,324900.00,4.00,2.25,2010.00,7280.00,2.00,0.00,0.00,4.00,8.00,2010.00,0.00,1988.00,0.00,98032.00,47.36,-122.29,1660.00,7579.00
9274202885.00,20140508T000000,660000.00,3.00,1.75,1320.00,5750.00,1.50,0.00,0.00,5.00,7.00,1320.00,0.00,1918.00,0.00,98116.00,47.58,-122.39,1440.00,5750.00
7701930050.00,20140811T000000,570000.00,3.00,2.50,3150.00,20189.00,2.00,0.00,0.00,3.00,10.00,3150.00,0.00,1990.00,0.00,98058.00,47.45,-122.09,2920.00,20612.00
200800480.00,20141106T000000,552321.00,3.00,2.50,1960.00,8469.00,2.00,0.00,0.00,4.00,8.00,1960.00,0.00,1984.00,0.00,98052.00,47.72,-122.11,2040.00,8189.00
3835500005.00,20140528T000000,1100000.00,2.00,1.75,2050.00,11900.00,1.00,0.00,0.00,4.00,8.00,2050.00,0.00,1950.00,0.00,98004.00,47.62,-122.22,2980.00,11900.00
9543000896.00,20140825T000000,237000.00,3.00,1.50,1800.00,9216.00,1.00,0.00,0.00,4.00,7.00,1800.00,0.00,1950.00,0.00,98001.00,47.27,-122.25,1400.00,10022.00
1090000005.00,20150504T000000,402000.00,2.00,1.00,1210.00,5600.00,1.50,0.00,0.00,3.00,7.00,1210.00,0.00,1922.00,0.00,98136.00,47.53,-122.39,1400.00,5028.00
5561000430.00,20141016T000000,470000.00,3.00,2.25,1830.00,39165.00,1.00,0.00,0.00,5.00,8.00,1830.00,0.00,1963.00,0.00,98027.00,47.46,-121.99,2020.00,36184.00
1568100670.00,20150320T000000,395900.00,3.00,1.75,1880.00,8706.00,1.00,0.00,0.00,3.00,7.00,940.00,940.00,1927.00,0.00,98155.00,47.74,-122.29,1880.00,7200.00
6813600440.00,20141022T000000,442000.00,2.00,1.75,860.00,5535.00,1.00,0.00,0.00,3.00,7.00,860.00,0.00,1948.00,0.00,98103.00,47.69,-122.33,1420.00,4960.00
7701990380.00,20141015T000000,795000.00,4.00,2.75,2890.00,16397.00,2.00,0.00,0.00,3.00,10.00,2890.00,0.00,1997.00,0.00,98077.00,47.71,-122.07,3170.00,16397.00
7153400010.00,20140812T000000,190500.00,3.00,2.00,1390.00,10155.00,1.00,0.00,0.00,3.00,7.00,1130.00,260.00,1980.00,0.00,98003.00,47.26,-122.31,1790.00,10155.00
5608010420.00,20141120T000000,808000.00,4.00,2.75,3340.00,7230.00,2.00,0.00,0.00,3.00,9.00,3340.00,0.00,1996.00,0.00,98027.00,47.55,-122.10,3230.00,7529.00
9141100073.00,20140826T000000,500000.00,4.00,2.50,2040.00,6685.00,2.00,0.00,0.00,3.00,8.00,2040.00,0.00,1998.00,0.00,98133.00,47.74,-122.35,1890.00,8253.00
629400480.00,20140619T000000,775000.00,4.00,2.75,3010.00,15992.00,2.00,0.00,0.00,3.00,11.00,3010.00,0.00,1996.00,0.00,98075.00,47.59,-121.99,3330.00,12333.00
9250900104.00,20141110T000000,300000.00,5.00,1.75,2110.00,8500.00,1.00,0.00,0.00,3.00,7.00,1100.00,1010.00,1962.00,0.00,98133.00,47.77,-122.35,2020.00,8500.00
9250900104.00,20150410T000000,496000.00,5.00,1.75,2110.00,8500.00,1.00,0.00,0.00,3.00,7.00,1100.00,1010.00,1962.00,0.00,98133.00,47.77,-122.35,2020.00,8500.00
5104531700.00,20140620T000000,448000.00,4.00,2.50,2510.00,6853.00,2.00,0.00,2.00,3.00,9.00,2510.00,0.00,2006.00,0.00,98038.00,47.35,-122.00,3400.00,6965.00
623039026.00,20141125T000000,645000.00,2.00,2.25,2770.00,11884.00,1.00,0.00,3.00,4.00,8.00,1570.00,1200.00,1969.00,0.00,98070.00,47.51,-122.47,2310.00,17097.00
7626200235.00,20140523T000000,464600.00,3.00,1.75,1120.00,5500.00,1.50,0.00,0.00,4.00,7.00,1120.00,0.00,1925.00,0.00,98136.00,47.54,-122.39,1490.00,5500.00
7228500425.00,20140728T000000,590000.00,3.00,1.00,1530.00,2370.00,2.00,0.00,0.00,3.00,8.00,1530.00,0.00,1901.00,0.00,98122.00,47.61,-122.30,1310.00,2370.00
3332500095.00,20141007T000000,399000.00,3.00,2.50,1800.00,3300.00,2.00,0.00,0.00,3.00,7.00,1690.00,110.00,2004.00,0.00,98118.00,47.55,-122.28,1570.00,3902.00
7950300440.00,20141015T000000,305000.00,2.00,1.00,1030.00,6000.00,1.00,0.00,0.00,3.00,7.00,1030.00,0.00,1925.00,0.00,98118.00,47.57,-122.28,1510.00,5000.00
8143000280.00,20141121T000000,478000.00,3.00,1.75,1210.00,6175.00,1.00,0.00,0.00,3.00,7.00,1210.00,0.00,1976.00,0.00,98034.00,47.73,-122.20,1520.00,7475.00
4045500715.00,20141217T000000,598800.00,1.00,1.00,1090.00,32010.00,1.00,0.00,0.00,4.00,6.00,1090.00,0.00,1958.00,0.00,98014.00,47.69,-121.87,1870.00,25346.00
1155620190.00,20140603T000000,430000.00,4.00,2.25,1790.00,7203.00,1.00,0.00,0.00,4.00,7.00,1110.00,680.00,1973.00,0.00,98155.00,47.77,-122.29,2270.00,9000.00
3332000715.00,20140701T000000,433000.00,4.00,1.50,1550.00,5053.00,1.00,0.00,0.00,4.00,7.00,1180.00,370.00,1963.00,0.00,98118.00,47.55,-122.27,1450.00,5639.00
5113000420.00,20150320T000000,420000.00,4.00,2.75,2400.00,20000.00,1.00,0.00,0.00,3.00,8.00,1170.00,1230.00,1961.00,2015.00,98058.00,47.46,-122.09,1690.00,20000.00
3223039181.00,20140609T000000,585000.00,4.00,1.75,2470.00,131790.00,2.00,0.00,2.00,3.00,8.00,2470.00,0.00,1937.00,0.00,98070.00,47.44,-122.44,1470.00,92747.00
7399300420.00,20140818T000000,255000.00,3.00,1.00,1170.00,7395.00,1.00,0.00,0.00,4.00,7.00,1170.00,0.00,1969.00,0.00,98055.00,47.46,-122.19,1430.00,7920.00
1088400190.00,20150422T000000,305000.00,3.00,1.00,1120.00,10125.00,1.00,0.00,0.00,3.00,6.00,1120.00,0.00,1961.00,0.00,98059.00,47.48,-122.08,1120.00,8820.00
1588600177.00,20150225T000000,396000.00,4.00,1.00,1040.00,4420.00,1.50,0.00,0.00,3.00,6.00,1040.00,0.00,1944.00,0.00,98117.00,47.69,-122.37,1310.00,4920.00
9264950420.00,20140508T000000,347500.00,4.00,2.50,2460.00,7350.00,2.00,0.00,0.00,3.00,9.00,2460.00,0.00,1989.00,0.00,98023.00,47.31,-122.35,2390.00,8568.00
5418650080.00,20140814T000000,900000.00,4.00,2.50,3690.00,11468.00,2.00,0.00,0.00,3.00,11.00,3690.00,0.00,1987.00,0.00,98027.00,47.57,-122.09,3370.00,10751.00
9492800020.00,20140930T000000,425000.00,3.00,1.75,1960.00,43332.00,1.00,0.00,0.00,4.00,7.00,1400.00,560.00,1982.00,0.00,98077.00,47.74,-122.05,2010.00,44431.00
323089173.00,20140519T000000,429000.00,3.00,2.50,1920.00,15124.00,2.00,0.00,0.00,3.00,8.00,1920.00,0.00,1995.00,0.00,98045.00,47.50,-121.77,1920.00,16477.00
6821102358.00,20150224T000000,540000.00,3.00,2.25,1670.00,3135.00,2.00,0.00,0.00,3.00,8.00,1220.00,450.00,2002.00,0.00,98199.00,47.65,-122.40,1630.00,1596.00
943100689.00,20150127T000000,324950.00,3.00,2.00,1340.00,9750.00,1.00,0.00,0.00,4.00,7.00,890.00,450.00,1974.00,0.00,98024.00,47.56,-121.90,1460.00,12900.00
8722100825.00,20150429T000000,1049000.00,3.00,2.25,2610.00,3357.00,2.00,0.00,0.00,4.00,7.00,1980.00,630.00,1926.00,0.00,98112.00,47.64,-122.31,1940.00,3357.00
4223000280.00,20141029T000000,221000.00,4.00,1.75,1540.00,7200.00,1.00,0.00,0.00,3.00,7.00,1260.00,280.00,1966.00,0.00,98003.00,47.34,-122.31,1540.00,8416.00
1454100122.00,20140611T000000,405000.00,3.00,2.00,1640.00,7201.00,1.00,0.00,0.00,3.00,8.00,1640.00,0.00,1948.00,0.00,98125.00,47.72,-122.29,1750.00,7201.00
3323500010.00,20150107T000000,1150000.00,3.00,2.50,2100.00,15120.00,1.00,0.00,0.00,4.00,8.00,2100.00,0.00,1953.00,0.00,98004.00,47.62,-122.22,3070.00,16078.00
9557300080.00,20140822T000000,588000.00,4.00,1.75,1930.00,7245.00,1.00,0.00,0.00,4.00,8.00,1510.00,420.00,1972.00,0.00,98008.00,47.64,-122.11,1880.00,7245.00
6306100080.00,20140909T000000,234950.00,3.00,2.00,1430.00,10850.00,1.00,0.00,0.00,3.00,7.00,1430.00,0.00,1994.00,0.00,98001.00,47.27,-122.23,1610.00,8015.00
5700001100.00,20141007T000000,580000.00,4.00,1.50,2430.00,4995.00,1.50,0.00,0.00,4.00,7.00,1730.00,700.00,1928.00,0.00,98144.00,47.58,-122.29,2240.00,5000.00
6187500080.00,20140716T000000,637000.00,5.00,3.00,2460.00,7240.00,1.00,0.00,0.00,3.00,9.00,1840.00,620.00,1991.00,0.00,98006.00,47.55,-122.19,2530.00,7885.00
7369600080.00,20141030T000000,704000.00,4.00,2.25,2490.00,6973.00,1.00,0.00,0.00,4.00,8.00,1490.00,1000.00,1953.00,0.00,98199.00,47.65,-122.41,1780.00,5612.00
1623049145.00,20140925T000000,210000.00,2.00,1.00,880.00,9750.00,1.00,0.00,0.00,5.00,6.00,880.00,0.00,1938.00,0.00,98168.00,47.49,-122.30,1220.00,9406.00
2877102330.00,20140516T000000,772000.00,4.00,2.50,2110.00,3750.00,2.00,0.00,0.00,3.00,8.00,2110.00,0.00,2000.00,0.00,98117.00,47.68,-122.36,1700.00,5000.00
546001060.00,20150427T000000,763000.00,4.00,1.75,1850.00,4388.00,2.00,0.00,0.00,5.00,8.00,1850.00,0.00,1941.00,0.00,98117.00,47.69,-122.38,1410.00,4107.00
2822059091.00,20150218T000000,213500.00,2.00,1.50,2060.00,7713.00,1.50,0.00,0.00,4.00,7.00,2060.00,0.00,1930.00,0.00,98030.00,47.37,-122.19,1780.00,7713.00
3971701300.00,20141220T000000,255000.00,2.00,1.00,1360.00,9367.00,1.00,0.00,0.00,4.00,6.00,680.00,680.00,1924.00,0.00,98155.00,47.77,-122.32,1360.00,7543.00
1732600050.00,20141017T000000,423500.00,3.00,2.00,2000.00,10490.00,1.00,0.00,0.00,3.00,8.00,1430.00,570.00,1978.00,0.00,98033.00,47.70,-122.17,1530.00,7659.00
3585900430.00,20141222T000000,520000.00,3.00,1.50,1810.00,18483.00,1.00,0.00,0.00,3.00,8.00,1810.00,0.00,1954.00,0.00,98177.00,47.76,-122.38,2920.00,20279.00
6791000050.00,20140908T000000,550000.00,3.00,2.75,2230.00,14400.00,1.00,0.00,0.00,4.00,8.00,1460.00,770.00,1977.00,0.00,98075.00,47.58,-122.05,2200.00,13280.00
1818800289.00,20150121T000000,795000.00,3.00,2.75,1820.00,7517.00,1.00,0.00,0.00,3.00,9.00,1820.00,0.00,1997.00,0.00,98116.00,47.57,-122.41,2540.00,8035.00
2738600080.00,20140815T000000,495000.00,4.00,3.00,2740.00,2811.00,2.00,0.00,0.00,3.00,8.00,2240.00,500.00,2003.00,0.00,98072.00,47.77,-122.16,2740.00,3596.00
1310440950.00,20150302T000000,455000.00,4.00,2.50,2710.00,6558.00,2.00,0.00,0.00,3.00,9.00,2710.00,0.00,1997.00,0.00,98058.00,47.43,-122.11,2710.00,7635.00
1322049150.00,20150305T000000,85000.00,2.00,1.00,910.00,9753.00,1.00,0.00,0.00,3.00,5.00,910.00,0.00,1947.00,0.00,98032.00,47.39,-122.24,1160.00,7405.00
7200080.00,20141104T000000,239000.00,4.00,2.00,1980.00,10585.00,1.50,0.00,0.00,2.00,6.00,1980.00,0.00,1924.00,0.00,98055.00,47.48,-122.21,1360.00,7810.00
1788800080.00,20140730T000000,184900.00,3.00,1.00,1040.00,10080.00,1.00,0.00,0.00,3.00,6.00,1040.00,0.00,1959.00,0.00,98023.00,47.33,-122.34,1000.00,8736.00
1328320920.00,20150421T000000,386000.00,4.00,2.25,2810.00,8560.00,1.00,0.00,0.00,3.00,8.00,1610.00,1200.00,1979.00,0.00,98058.00,47.44,-122.12,2400.00,7600.00
7283900185.00,20140604T000000,415000.00,4.00,2.50,2000.00,5962.00,2.00,0.00,0.00,3.00,8.00,2000.00,0.00,1999.00,0.00,98133.00,47.77,-122.35,1790.00,10500.00
8685500020.00,20150512T000000,387000.00,3.00,1.00,1530.00,6372.00,1.00,0.00,0.00,3.00,7.00,1210.00,320.00,1962.00,0.00,98118.00,47.54,-122.29,1960.00,6426.00
1338800425.00,20150304T000000,2140000.00,6.00,4.00,5110.00,7128.00,2.50,0.00,0.00,4.00,11.00,5110.00,0.00,1906.00,0.00,98112.00,47.63,-122.30,4110.00,6480.00
282500010.00,20150107T000000,685000.00,4.00,2.25,3133.00,16197.00,2.00,0.00,0.00,3.00,9.00,2533.00,600.00,1965.00,2010.00,98166.00,47.43,-122.34,3090.00,15588.00
798000630.00,20141031T000000,340000.00,4.00,2.50,2020.00,32710.00,1.00,0.00,0.00,3.00,7.00,1070.00,950.00,1941.00,0.00,98168.00,47.50,-122.33,1340.00,17700.00
5583200345.00,20150511T000000,422000.00,2.00,1.00,750.00,4000.00,1.00,0.00,0.00,4.00,6.00,750.00,0.00,1926.00,0.00,98118.00,47.55,-122.27,1120.00,5038.00
1036100130.00,20140808T000000,442000.00,3.00,2.50,1980.00,39932.00,2.00,0.00,0.00,3.00,8.00,1980.00,0.00,1994.00,0.00,98011.00,47.74,-122.20,2610.00,12769.00
795002375.00,20140527T000000,280000.00,3.00,1.00,1200.00,6250.00,1.00,0.00,0.00,3.00,6.00,920.00,280.00,1943.00,0.00,98168.00,47.51,-122.33,1280.00,9375.00
1245000461.00,20140703T000000,1150000.00,5.00,2.50,3580.00,8921.00,2.00,0.00,0.00,3.00,9.00,3580.00,0.00,2000.00,0.00,98033.00,47.69,-122.20,2710.00,9308.00
6802200280.00,20141110T000000,279000.00,3.00,2.50,2010.00,11618.00,2.00,0.00,0.00,3.00,7.00,2010.00,0.00,1990.00,0.00,98022.00,47.20,-121.99,1550.00,9354.00
9521100795.00,20140623T000000,569000.00,4.00,2.00,1730.00,3884.00,1.00,0.00,0.00,5.00,7.00,1060.00,670.00,1924.00,0.00,98103.00,47.66,-122.35,1360.00,3563.00
4039800080.00,20140529T000000,1355000.00,5.00,3.50,5960.00,13703.00,2.00,0.00,2.00,3.00,10.00,4770.00,1190.00,1984.00,0.00,98008.00,47.62,-122.11,2810.00,17320.00
6146600595.00,20150410T000000,209950.00,2.00,1.00,860.00,5080.00,1.00,0.00,0.00,3.00,7.00,860.00,0.00,1960.00,0.00,98032.00,47.39,-122.24,1250.00,6477.00
6380500151.00,20150317T000000,468000.00,3.00,1.50,1370.00,7697.00,1.00,0.00,0.00,3.00,7.00,1370.00,0.00,1939.00,0.00,98177.00,47.72,-122.36,1370.00,7697.00
8643000185.00,20150430T000000,237100.00,3.00,1.75,1360.00,9603.00,1.00,0.00,0.00,3.00,7.00,1360.00,0.00,1963.00,0.00,98198.00,47.40,-122.31,2240.00,10605.00
7212650950.00,20140708T000000,336000.00,4.00,2.50,2530.00,8169.00,2.00,0.00,0.00,3.00,8.00,2530.00,0.00,1993.00,0.00,98003.00,47.26,-122.31,2220.00,8013.00
357000005.00,20141222T000000,500000.00,4.00,2.00,1680.00,3813.00,2.00,0.00,0.00,4.00,7.00,1680.00,0.00,1900.00,0.00,98144.00,47.59,-122.29,2540.00,3996.00
5648600010.00,20150426T000000,290000.00,3.00,2.50,1580.00,6860.00,2.00,0.00,0.00,3.00,7.00,1580.00,0.00,1995.00,0.00,98055.00,47.44,-122.19,1580.00,7050.00
2818600010.00,20150314T000000,1185000.00,7.00,3.50,3890.00,8342.00,2.00,0.00,4.00,3.00,9.00,2840.00,1050.00,1968.00,0.00,98117.00,47.70,-122.39,2870.00,8342.00
9842300095.00,20140725T000000,365000.00,5.00,2.00,1600.00,4168.00,1.50,0.00,0.00,3.00,7.00,1600.00,0.00,1927.00,0.00,98126.00,47.53,-122.38,1190.00,4168.00
3977630130.00,20150325T000000,146300.00,3.00,1.00,1200.00,9668.00,1.00,0.00,0.00,5.00,6.00,1200.00,0.00,1975.00,0.00,98092.00,47.32,-122.13,1200.00,9800.00
5160300020.00,20140609T000000,554000.00,3.00,1.75,1760.00,10780.00,1.00,0.00,0.00,3.00,8.00,1760.00,0.00,1977.00,0.00,98005.00,47.59,-122.15,2090.00,10780.00
3754700050.00,20140618T000000,424000.00,3.00,2.00,1670.00,7700.00,1.00,0.00,0.00,3.00,7.00,1170.00,500.00,1972.00,0.00,98034.00,47.73,-122.20,1500.00,7875.00
629860010.00,20150429T000000,1348000.00,4.00,3.50,4640.00,9827.00,2.00,0.00,2.00,3.00,10.00,3210.00,1430.00,2007.00,0.00,98027.00,47.55,-122.08,3810.00,8207.00
446000010.00,20141119T000000,508500.00,4.00,1.50,1800.00,6750.00,1.50,0.00,0.00,4.00,7.00,1800.00,0.00,1950.00,0.00,98115.00,47.69,-122.29,1420.00,5900.00
8562000010.00,20150501T000000,244500.00,3.00,1.75,1210.00,8864.00,1.00,0.00,0.00,3.00,7.00,1210.00,0.00,1985.00,0.00,98042.00,47.36,-122.08,1510.00,8062.00
646910480.00,20141120T000000,206000.00,2.00,2.50,1280.00,1566.00,2.00,0.00,0.00,3.00,7.00,1280.00,0.00,2005.00,0.00,98055.00,47.43,-122.20,1460.00,1845.00
868000415.00,20140905T000000,643500.00,3.00,2.00,1650.00,7104.00,2.00,0.00,0.00,3.00,8.00,1650.00,0.00,1945.00,1986.00,98177.00,47.71,-122.37,1730.00,7104.00
1826049430.00,20140520T000000,372500.00,4.00,1.75,1590.00,10523.00,2.00,0.00,0.00,4.00,7.00,1590.00,0.00,1922.00,0.00,98133.00,47.74,-122.34,1610.00,8568.00
2769600190.00,20140715T000000,630000.00,5.00,2.00,1900.00,5000.00,1.00,0.00,2.00,3.00,8.00,1720.00,180.00,1957.00,0.00,98107.00,47.67,-122.36,1770.00,5000.00
3630070280.00,20140710T000000,418000.00,2.00,2.50,1500.00,3608.00,2.00,0.00,0.00,3.00,8.00,1500.00,0.00,2005.00,0.00,98029.00,47.55,-121.99,2080.00,2686.00
8944460190.00,20150225T000000,425000.00,4.00,2.50,2689.00,6688.00,2.00,0.00,0.00,3.00,9.00,2689.00,0.00,2006.00,0.00,98030.00,47.38,-122.18,2665.00,5700.00
3630180470.00,20150205T000000,800000.00,4.00,2.75,3250.00,5500.00,2.00,0.00,0.00,3.00,9.00,3250.00,0.00,2007.00,0.00,98027.00,47.54,-122.00,3920.00,6000.00
6099400293.00,20141208T000000,208000.00,2.00,1.00,960.00,13438.00,1.00,0.00,0.00,3.00,7.00,960.00,0.00,1951.00,0.00,98168.00,47.47,-122.30,1630.00,11656.00
6791000280.00,20140714T000000,476000.00,3.00,1.75,1650.00,9600.00,1.00,0.00,0.00,4.00,7.00,1650.00,0.00,1977.00,0.00,98075.00,47.58,-122.04,2040.00,12220.00
7796450190.00,20150202T000000,277500.00,3.00,2.50,1690.00,5171.00,2.00,0.00,0.00,3.00,8.00,1690.00,0.00,2003.00,0.00,98023.00,47.28,-122.35,2550.00,5025.00
2294900010.00,20140813T000000,478000.00,3.00,1.75,2790.00,36585.00,1.00,0.00,0.00,4.00,8.00,1410.00,1380.00,1970.00,0.00,98027.00,47.47,-122.00,1900.00,45302.00
1186000095.00,20140708T000000,890000.00,4.00,2.75,2310.00,4020.00,3.00,0.00,0.00,5.00,8.00,2310.00,0.00,1979.00,0.00,98122.00,47.62,-122.29,2270.00,3750.00
2770601763.00,20150323T000000,450000.00,3.00,3.50,1790.00,1288.00,3.00,0.00,0.00,3.00,8.00,1390.00,400.00,2000.00,0.00,98199.00,47.65,-122.38,1560.00,1426.00
3392100050.00,20140625T000000,205000.00,3.00,1.00,1230.00,8750.00,1.00,0.00,0.00,3.00,6.00,1230.00,0.00,1965.00,0.00,98003.00,47.33,-122.33,1230.00,8750.00
2878600655.00,20140718T000000,665000.00,3.00,2.00,1620.00,2640.00,1.50,0.00,0.00,5.00,8.00,1620.00,0.00,1929.00,0.00,98115.00,47.69,-122.32,1470.00,4080.00
3299200080.00,20141003T000000,518000.00,4.00,2.75,2440.00,12051.00,1.00,0.00,0.00,5.00,8.00,1440.00,1000.00,1966.00,0.00,98133.00,47.75,-122.35,2030.00,8006.00
2564900020.00,20140924T000000,465000.00,4.00,2.25,2100.00,7350.00,2.00,0.00,0.00,3.00,8.00,2100.00,0.00,1979.00,0.00,98033.00,47.70,-122.17,1780.00,7350.00
2111010080.00,20140617T000000,330000.00,3.00,2.50,3040.00,7232.00,2.00,0.00,0.00,3.00,7.00,3040.00,0.00,2003.00,0.00,98092.00,47.34,-122.17,2760.00,6926.00
6669080020.00,20141226T000000,449400.00,4.00,3.00,2490.00,5064.00,2.00,0.00,0.00,3.00,7.00,2490.00,0.00,2007.00,0.00,98056.00,47.51,-122.19,2470.00,5064.00
8682300010.00,20150206T000000,829000.00,3.00,2.75,2690.00,10443.00,1.00,0.00,0.00,3.00,9.00,2690.00,0.00,2007.00,0.00,98053.00,47.72,-122.02,1440.00,4185.00
1974200020.00,20150220T000000,450000.00,4.00,1.75,2190.00,9752.00,1.00,0.00,0.00,3.00,8.00,2190.00,0.00,1964.00,0.00,98034.00,47.71,-122.24,2040.00,9964.00
3211000190.00,20141001T000000,310000.00,3.00,1.75,1490.00,9120.00,1.00,0.00,0.00,5.00,7.00,1490.00,0.00,1959.00,0.00,98059.00,47.48,-122.16,1340.00,8040.00
6354000050.00,20140908T000000,615000.00,3.00,2.25,2530.00,45234.00,2.00,0.00,0.00,4.00,9.00,2530.00,0.00,1985.00,0.00,98072.00,47.72,-122.12,3110.00,35617.00
625049153.00,20140603T000000,605000.00,3.00,2.00,2060.00,4040.00,1.00,0.00,0.00,4.00,8.00,1120.00,940.00,1947.00,0.00,98103.00,47.68,-122.35,1500.00,4000.00
5561000190.00,20140502T000000,437500.00,3.00,2.25,1970.00,35100.00,2.00,0.00,0.00,4.00,9.00,1970.00,0.00,1977.00,0.00,98027.00,47.46,-121.99,2340.00,35100.00
4449800595.00,20140922T000000,545000.00,3.00,1.75,1400.00,4000.00,1.50,0.00,0.00,4.00,7.00,1400.00,0.00,1925.00,0.00,98117.00,47.69,-122.39,1050.00,4330.00
1115750190.00,20140717T000000,770000.00,3.00,2.50,3680.00,35617.00,1.00,0.00,0.00,3.00,10.00,2390.00,1290.00,1985.00,0.00,98052.00,47.72,-122.12,3570.00,35633.00
8644300170.00,20140703T000000,600000.00,5.00,2.25,3000.00,13899.00,2.00,0.00,0.00,4.00,8.00,3000.00,0.00,1975.00,0.00,98052.00,47.64,-122.11,2270.00,10763.00
9523102660.00,20140513T000000,560000.00,3.00,1.00,1440.00,5000.00,2.00,0.00,0.00,3.00,7.00,1440.00,0.00,1910.00,0.00,98103.00,47.67,-122.35,1850.00,4500.00
1630700380.00,20150130T000000,1920000.00,5.00,5.75,7730.00,230868.00,2.00,0.00,0.00,3.00,12.00,6660.00,1070.00,2004.00,0.00,98077.00,47.76,-122.08,2660.00,39292.00
7588700007.00,20141124T000000,457000.00,3.00,1.00,1170.00,3348.00,1.50,0.00,0.00,4.00,7.00,1170.00,0.00,1924.00,0.00,98117.00,47.69,-122.38,1590.00,4219.00
3501600235.00,20140505T000000,585000.00,2.00,1.00,1770.00,8640.00,1.50,0.00,0.00,3.00,6.00,1520.00,250.00,1949.00,0.00,98117.00,47.69,-122.36,1060.00,4804.00
9545230280.00,20140507T000000,560000.00,3.00,2.00,1860.00,13374.00,1.00,0.00,0.00,3.00,8.00,1860.00,0.00,1985.00,0.00,98027.00,47.54,-122.05,1960.00,9797.00
7905200130.00,20150405T000000,345000.00,2.00,1.00,770.00,3008.00,1.00,0.00,0.00,4.00,5.00,770.00,0.00,1917.00,0.00,98116.00,47.57,-122.39,1550.00,4563.00
2742100250.00,20140720T000000,550000.00,4.00,3.50,3820.00,17745.00,2.00,0.00,2.00,3.00,8.00,2440.00,1380.00,1955.00,0.00,98108.00,47.56,-122.30,2520.00,9640.00
5104540500.00,20140624T000000,589950.00,4.00,2.50,3190.00,8195.00,2.00,0.00,0.00,3.00,10.00,3190.00,0.00,2006.00,0.00,98038.00,47.36,-122.00,3400.00,7607.00
638100073.00,20140602T000000,327000.00,3.00,1.50,1320.00,13200.00,1.00,0.00,0.00,3.00,7.00,1320.00,0.00,1970.00,0.00,98059.00,47.50,-122.14,1730.00,13200.00
3022039071.00,20140530T000000,800000.00,2.00,2.25,1730.00,31491.00,2.00,1.00,2.00,4.00,7.00,1730.00,0.00,1947.00,1988.00,98070.00,47.37,-122.46,1400.00,12410.00
3426079024.00,20140521T000000,150000.00,3.00,1.00,1010.00,25000.00,1.00,0.00,0.00,3.00,6.00,1010.00,0.00,1966.00,0.00,98014.00,47.69,-121.90,2020.00,101494.00
2767604254.00,20140603T000000,425000.00,2.00,2.50,1140.00,1182.00,3.00,0.00,0.00,3.00,8.00,1140.00,0.00,2007.00,0.00,98107.00,47.67,-122.38,1290.00,1189.00
1138010170.00,20140801T000000,350000.00,3.00,1.00,860.00,7030.00,1.00,0.00,0.00,3.00,7.00,860.00,0.00,1973.00,0.00,98034.00,47.72,-122.21,1360.00,7500.00
9407100500.00,20150311T000000,273000.00,3.00,1.75,1540.00,10545.00,2.00,0.00,0.00,4.00,6.00,1540.00,0.00,1978.00,0.00,98045.00,47.45,-121.76,1540.00,10000.00
191100250.00,20150320T000000,750000.00,4.00,2.25,2160.00,9525.00,1.00,0.00,0.00,3.00,8.00,1080.00,1080.00,1961.00,0.00,98040.00,47.57,-122.22,2780.00,9525.00
1557000190.00,20141009T000000,240000.00,3.00,1.50,1450.00,9477.00,1.00,0.00,0.00,4.00,7.00,1450.00,0.00,1963.00,0.00,98031.00,47.42,-122.20,1460.00,9477.00
8732020670.00,20150320T000000,400000.00,3.00,1.75,1830.00,9620.00,1.00,0.00,0.00,4.00,8.00,1830.00,0.00,1978.00,0.00,98023.00,47.31,-122.39,1990.00,8280.00
5029450290.00,20141003T000000,230000.00,3.00,1.50,1630.00,6625.00,1.00,0.00,0.00,5.00,7.00,980.00,650.00,1980.00,0.00,98023.00,47.29,-122.37,1440.00,7145.00
8035600290.00,20150413T000000,372000.00,4.00,2.50,2500.00,8215.00,2.00,0.00,0.00,3.00,8.00,2500.00,0.00,1990.00,0.00,98031.00,47.41,-122.20,2360.00,7801.00
6450301835.00,20140705T000000,459500.00,3.00,1.75,1470.00,4950.00,1.00,0.00,0.00,3.00,7.00,1030.00,440.00,1984.00,0.00,98133.00,47.73,-122.34,1100.00,5250.00
6388930420.00,20140805T000000,582000.00,3.00,2.50,2380.00,19860.00,2.00,0.00,0.00,4.00,8.00,2380.00,0.00,1995.00,0.00,98056.00,47.53,-122.17,2450.00,10220.00
2296700470.00,20141106T000000,465000.00,4.00,2.50,2170.00,7700.00,1.00,0.00,0.00,3.00,7.00,1420.00,750.00,1969.00,0.00,98034.00,47.72,-122.22,1710.00,7770.00
1473120190.00,20140530T000000,386000.00,3.00,2.00,2120.00,7560.00,1.00,0.00,0.00,3.00,9.00,2120.00,0.00,1991.00,0.00,98058.00,47.44,-122.16,2660.00,7700.00
11200290.00,20140609T000000,546000.00,3.00,2.50,1530.00,3464.00,2.00,0.00,0.00,3.00,8.00,1530.00,0.00,1998.00,0.00,98007.00,47.62,-122.14,1530.00,3446.00
5530000050.00,20141027T000000,278000.00,3.00,1.75,2710.00,9088.00,1.00,0.00,0.00,4.00,7.00,2060.00,650.00,1965.00,0.00,98001.00,47.31,-122.27,1690.00,10454.00
7853220670.00,20140918T000000,540000.00,3.00,2.50,2860.00,8935.00,2.00,0.00,0.00,3.00,8.00,2860.00,0.00,2004.00,0.00,98065.00,47.53,-121.86,2650.00,6167.00
3124089049.00,20141208T000000,529000.00,4.00,1.75,2800.00,90169.00,2.00,0.00,0.00,3.00,7.00,2800.00,0.00,1934.00,1985.00,98065.00,47.52,-121.83,1600.00,27194.00
868000305.00,20140617T000000,554000.00,4.00,1.00,1120.00,7104.00,1.50,0.00,0.00,3.00,7.00,1120.00,0.00,1946.00,0.00,98177.00,47.71,-122.37,1370.00,7104.00
1311200380.00,20140827T000000,210000.00,3.00,1.00,1730.00,7210.00,1.00,0.00,0.00,3.00,7.00,1430.00,300.00,1963.00,0.00,98001.00,47.34,-122.28,1820.00,7210.00
9197100101.00,20150504T000000,225000.00,2.00,1.00,1010.00,5408.00,1.00,0.00,0.00,4.00,6.00,1010.00,0.00,1926.00,0.00,98032.00,47.38,-122.24,980.00,7800.00
6646200280.00,20140715T000000,561600.00,4.00,2.50,2350.00,6624.00,2.00,0.00,0.00,3.00,9.00,2350.00,0.00,1990.00,0.00,98074.00,47.63,-122.05,2590.00,11240.00
7116500920.00,20140520T000000,300000.00,6.00,5.25,2860.00,5682.00,2.00,0.00,0.00,3.00,7.00,2860.00,0.00,1978.00,0.00,98002.00,47.30,-122.22,1390.00,5956.00
1068000255.00,20140827T000000,1650000.00,4.00,3.50,4285.00,9567.00,2.00,0.00,1.00,5.00,10.00,3485.00,800.00,1946.00,0.00,98199.00,47.64,-122.41,2960.00,6902.00
1240700170.00,20140609T000000,1017100.00,4.00,3.75,4060.00,19290.00,2.00,0.00,0.00,3.00,10.00,4060.00,0.00,2002.00,0.00,98074.00,47.61,-122.05,4020.00,13250.00
4031000250.00,20140626T000000,150000.00,3.00,1.00,1310.00,9612.00,1.00,0.00,0.00,3.00,7.00,960.00,350.00,1962.00,0.00,98001.00,47.30,-122.29,1310.00,9812.00
7625703260.00,20140924T000000,400950.00,2.00,1.75,2320.00,6250.00,1.00,0.00,0.00,3.00,7.00,1400.00,920.00,1948.00,0.00,98136.00,47.55,-122.39,1420.00,6250.00
8651580660.00,20150121T000000,620000.00,4.00,2.25,2210.00,8101.00,2.00,0.00,0.00,3.00,9.00,2210.00,0.00,1985.00,0.00,98074.00,47.65,-122.07,2330.00,8842.00
6117500980.00,20140818T000000,449000.00,4.00,2.75,2090.00,14141.00,1.50,0.00,0.00,4.00,8.00,1680.00,410.00,1941.00,0.00,98166.00,47.43,-122.35,1990.00,12920.00
9547205380.00,20140728T000000,630000.00,4.00,2.50,2240.00,4025.00,1.00,0.00,2.00,3.00,7.00,1250.00,990.00,1926.00,2005.00,98115.00,47.68,-122.31,1380.00,3500.00
414100280.00,20150414T000000,336000.00,2.00,1.00,1180.00,7200.00,1.00,0.00,0.00,4.00,6.00,1180.00,0.00,1949.00,0.00,98133.00,47.75,-122.34,1180.00,7200.00
321059091.00,20140605T000000,299950.00,4.00,1.75,1560.00,31299.00,1.00,0.00,0.00,4.00,7.00,1560.00,0.00,1965.00,0.00,98092.00,47.34,-122.16,2460.00,44907.00
7772000010.00,20150309T000000,352500.00,4.00,2.00,1970.00,7451.00,1.00,0.00,0.00,3.00,8.00,1350.00,620.00,1962.00,0.00,98133.00,47.77,-122.34,1980.00,7510.00
7200179.00,20141016T000000,150000.00,2.00,1.00,840.00,12750.00,1.00,0.00,0.00,3.00,6.00,840.00,0.00,1925.00,0.00,98055.00,47.48,-122.21,1480.00,6969.00
7200179.00,20150424T000000,175000.00,2.00,1.00,840.00,12750.00,1.00,0.00,0.00,3.00,6.00,840.00,0.00,1925.00,0.00,98055.00,47.48,-122.21,1480.00,6969.00
8029500380.00,20140731T000000,305000.00,3.00,2.00,1830.00,10873.00,1.00,0.00,0.00,3.00,8.00,1830.00,0.00,1989.00,0.00,98023.00,47.31,-122.39,2490.00,8976.00
825059178.00,20140923T000000,2574000.00,4.00,3.75,4475.00,20424.00,2.00,1.00,4.00,3.00,12.00,2659.00,1816.00,1999.00,0.00,98033.00,47.66,-122.21,4340.00,5250.00
6021502750.00,20140715T000000,607500.00,3.00,1.50,1800.00,4700.00,1.00,0.00,0.00,3.00,7.00,1200.00,600.00,1941.00,0.00,98117.00,47.69,-122.39,1580.00,4700.00
9268200380.00,20141118T000000,505000.00,2.00,1.00,1250.00,5040.00,1.00,0.00,0.00,3.00,7.00,950.00,300.00,1920.00,0.00,98117.00,47.70,-122.37,1290.00,5040.00
2008000420.00,20141027T000000,280500.00,3.00,1.75,2440.00,10179.00,1.00,0.00,0.00,4.00,7.00,1220.00,1220.00,1962.00,0.00,98198.00,47.41,-122.31,1650.00,9711.00
8914100170.00,20140731T000000,610000.00,3.00,2.50,2910.00,12283.00,2.00,0.00,2.00,3.00,10.00,2910.00,0.00,1993.00,0.00,98058.00,47.46,-122.15,2680.00,22499.00
6654700250.00,20140812T000000,381000.00,5.00,2.75,3060.00,6895.00,2.00,0.00,0.00,3.00,8.00,3060.00,0.00,2003.00,0.00,98042.00,47.38,-122.10,2590.00,6895.00
6139800430.00,20140522T000000,482000.00,5.00,2.25,2230.00,9600.00,1.00,0.00,0.00,3.00,8.00,1320.00,910.00,1978.00,0.00,98077.00,47.75,-122.08,2080.00,9760.00
9477201470.00,20141022T000000,379950.00,3.00,1.00,1270.00,6900.00,1.00,0.00,0.00,3.00,7.00,1270.00,0.00,1977.00,0.00,98034.00,47.73,-122.19,1480.00,7280.00
3025300095.00,20141009T000000,2500000.00,4.00,4.50,4300.00,19844.00,2.00,0.00,0.00,3.00,11.00,4300.00,0.00,1985.00,1999.00,98039.00,47.62,-122.24,3070.00,19845.00
3211290050.00,20140623T000000,425000.00,3.00,2.25,1580.00,39189.00,1.00,0.00,0.00,3.00,7.00,1180.00,400.00,1992.00,0.00,98053.00,47.64,-121.97,1580.00,29649.00
7511200190.00,20140910T000000,580000.00,4.00,2.25,2570.00,36465.00,2.00,0.00,0.00,4.00,8.00,2570.00,0.00,1980.00,0.00,98053.00,47.66,-122.04,2390.00,41454.00
5739601300.00,20150330T000000,605000.00,2.00,1.00,860.00,6510.00,1.00,0.00,0.00,3.00,7.00,860.00,0.00,1952.00,0.00,98004.00,47.60,-122.20,1740.00,10800.00
3278602660.00,20140520T000000,194000.00,1.00,1.00,820.00,1060.00,1.00,0.00,0.00,3.00,8.00,760.00,60.00,2007.00,0.00,98126.00,47.55,-122.37,1770.00,1853.00
8078410250.00,20150401T000000,546200.00,4.00,2.25,2090.00,8579.00,2.00,0.00,0.00,3.00,8.00,2090.00,0.00,1987.00,0.00,98074.00,47.64,-122.03,1850.00,8843.00
2798000020.00,20140815T000000,1395000.00,4.00,3.50,3560.00,16782.00,2.00,0.00,0.00,3.00,10.00,2560.00,1000.00,2014.00,0.00,98040.00,47.56,-122.23,3100.00,18047.00
2739200050.00,20150403T000000,315000.00,3.00,1.75,1860.00,9629.00,1.00,0.00,0.00,4.00,7.00,1240.00,620.00,1961.00,0.00,98059.00,47.49,-122.14,1940.00,9629.00
9278200095.00,20141217T000000,465000.00,3.00,1.50,900.00,8690.00,1.50,0.00,0.00,5.00,6.00,900.00,0.00,1941.00,0.00,98116.00,47.58,-122.39,1000.00,6150.00
3222079120.00,20141001T000000,330000.00,2.00,1.00,1160.00,32251.00,1.00,0.00,0.00,3.00,6.00,580.00,580.00,1963.00,2000.00,98010.00,47.35,-121.94,1160.00,33656.00
4401200010.00,20140808T000000,795000.00,4.00,2.75,3100.00,7501.00,2.00,0.00,0.00,3.00,10.00,3100.00,0.00,1998.00,0.00,98052.00,47.69,-122.11,3140.00,8672.00
2473250280.00,20140826T000000,265000.00,4.00,2.25,2300.00,9100.00,1.00,0.00,0.00,3.00,7.00,1280.00,1020.00,1977.00,0.00,98058.00,47.46,-122.16,1640.00,9100.00
4441300170.00,20150112T000000,1300000.00,4.00,2.50,3110.00,11857.00,2.00,0.00,4.00,3.00,11.00,2040.00,1070.00,1990.00,0.00,98117.00,47.70,-122.40,3110.00,11570.00
723049530.00,20150505T000000,126500.00,3.00,1.00,1130.00,12212.00,1.00,0.00,0.00,3.00,6.00,1130.00,0.00,1942.00,0.00,98146.00,47.50,-122.34,1190.00,9240.00
6752510010.00,20140805T000000,760000.00,4.00,2.50,2920.00,7901.00,2.00,0.00,0.00,3.00,9.00,2920.00,0.00,2004.00,0.00,98052.00,47.70,-122.13,3020.00,7900.00
955000430.00,20140903T000000,540000.00,2.00,1.25,1230.00,1569.00,2.00,0.00,0.00,3.00,9.00,1050.00,180.00,2009.00,0.00,98112.00,47.62,-122.30,1100.00,1230.00
8663100050.00,20140519T000000,446000.00,5.00,2.75,2190.00,12687.00,1.00,0.00,0.00,5.00,7.00,1370.00,820.00,1978.00,0.00,98028.00,47.78,-122.26,2280.00,10784.00
226109056.00,20150326T000000,170000.00,1.00,0.75,850.00,5600.00,1.00,0.00,2.00,3.00,6.00,850.00,0.00,1903.00,1994.00,98019.00,47.77,-121.48,900.00,12250.00
2558600130.00,20141023T000000,379000.00,3.00,2.50,1500.00,7420.00,1.00,0.00,0.00,3.00,7.00,1000.00,500.00,1972.00,0.00,98034.00,47.72,-122.17,1840.00,7272.00
8823900290.00,20150317T000000,1400000.00,9.00,4.00,4620.00,5508.00,2.50,0.00,0.00,3.00,11.00,3870.00,750.00,1915.00,0.00,98105.00,47.67,-122.31,2710.00,4320.00
8691400080.00,20140620T000000,800000.00,4.00,2.75,3150.00,7035.00,2.00,0.00,0.00,3.00,9.00,3150.00,0.00,2004.00,0.00,98075.00,47.60,-121.97,3200.00,7035.00
621069102.00,20150316T000000,260000.00,3.00,1.00,1300.00,10139.00,1.00,0.00,0.00,3.00,7.00,1300.00,0.00,1962.00,2007.00,98042.00,47.34,-122.09,1260.00,10139.00
5456000280.00,20150310T000000,820000.00,5.00,2.50,3160.00,8000.00,1.00,0.00,0.00,4.00,7.00,1580.00,1580.00,1960.00,0.00,98040.00,47.57,-122.21,2440.00,8079.00
2891400380.00,20150414T000000,449950.00,3.00,1.75,2070.00,96703.00,1.00,0.00,3.00,4.00,7.00,2070.00,0.00,1999.00,0.00,98092.00,47.29,-122.01,1820.00,117612.00
2297400020.00,20140902T000000,392000.00,3.00,2.25,1790.00,7125.00,1.00,0.00,0.00,3.00,7.00,1220.00,570.00,1974.00,0.00,98034.00,47.72,-122.23,2040.00,7950.00
7215721350.00,20150422T000000,465000.00,3.00,2.50,1650.00,4636.00,2.00,0.00,0.00,3.00,8.00,1650.00,0.00,1999.00,0.00,98075.00,47.60,-122.02,1650.00,4504.00
5490210670.00,20140822T000000,449950.00,4.00,2.50,2070.00,7312.00,1.00,0.00,0.00,4.00,7.00,1230.00,840.00,1977.00,0.00,98052.00,47.70,-122.12,1770.00,7668.00
6431500122.00,20150428T000000,520000.00,3.00,1.50,1580.00,8841.00,1.50,0.00,0.00,5.00,7.00,1180.00,400.00,1923.00,0.00,98103.00,47.69,-122.35,1580.00,7512.00
3376600170.00,20140828T000000,546800.00,4.00,2.25,2170.00,10000.00,1.00,0.00,0.00,3.00,8.00,1420.00,750.00,1975.00,0.00,98008.00,47.62,-122.11,2390.00,11000.00
8861000235.00,20150324T000000,825000.00,4.00,2.75,2220.00,11925.00,1.00,0.00,0.00,3.00,7.00,1560.00,660.00,1953.00,1985.00,98004.00,47.64,-122.21,2500.00,11377.00
2881700231.00,20150422T000000,337000.00,3.00,1.75,1440.00,11364.00,1.00,0.00,0.00,3.00,7.00,1440.00,0.00,1985.00,0.00,98155.00,47.74,-122.33,1950.00,9390.00
534000080.00,20140611T000000,333000.00,2.00,1.00,720.00,6686.00,1.00,0.00,0.00,3.00,6.00,720.00,0.00,1942.00,0.00,98117.00,47.70,-122.36,1200.00,6686.00
6371000020.00,20141111T000000,380000.00,2.00,2.00,1120.00,780.00,2.00,0.00,0.00,3.00,8.00,760.00,360.00,2004.00,0.00,98116.00,47.58,-122.41,1120.00,1322.00
7212651440.00,20150428T000000,280000.00,3.00,2.50,1970.00,8426.00,2.00,0.00,0.00,3.00,8.00,1970.00,0.00,1992.00,0.00,98003.00,47.27,-122.31,1970.00,9197.00
7575500080.00,20141120T000000,202000.00,3.00,1.50,1420.00,9081.00,1.00,0.00,0.00,4.00,6.00,1420.00,0.00,1990.00,0.00,98022.00,47.19,-122.00,1090.00,8410.00
7197800020.00,20150427T000000,585000.00,4.00,2.50,2250.00,4119.00,2.00,0.00,0.00,3.00,8.00,2250.00,0.00,2001.00,0.00,98075.00,47.60,-122.03,2290.00,3115.00
5592900285.00,20141104T000000,435000.00,4.00,2.00,2630.00,9663.00,1.00,0.00,1.00,4.00,8.00,1330.00,1300.00,1956.00,0.00,98056.00,47.48,-122.19,1900.00,8894.00
525069127.00,20140523T000000,1200000.00,4.00,3.50,4740.00,172497.00,2.00,0.00,0.00,3.00,11.00,4740.00,0.00,2003.00,0.00,98053.00,47.68,-122.08,2120.00,49658.00
2460900010.00,20140924T000000,364000.00,2.00,2.25,1280.00,2574.00,2.00,0.00,0.00,3.00,7.00,1280.00,0.00,1992.00,0.00,98144.00,47.59,-122.30,1250.00,3960.00
1566100595.00,20140514T000000,300000.00,3.00,1.00,1260.00,8280.00,1.00,0.00,0.00,3.00,6.00,1260.00,0.00,1946.00,0.00,98115.00,47.70,-122.30,2100.00,8280.00
8682291680.00,20150317T000000,558000.00,2.00,1.75,1930.00,4601.00,1.00,0.00,0.00,3.00,8.00,1930.00,0.00,2006.00,0.00,98053.00,47.72,-122.02,1670.00,4500.00
7841300285.00,20140811T000000,199950.00,1.00,1.50,1048.00,4800.00,1.00,0.00,0.00,3.00,7.00,1048.00,0.00,1942.00,0.00,98055.00,47.48,-122.21,950.00,4800.00
6071700020.00,20140827T000000,515000.00,3.00,2.25,1640.00,8400.00,1.00,0.00,0.00,4.00,8.00,1640.00,0.00,1962.00,0.00,98006.00,47.55,-122.17,2110.00,8400.00
4315700275.00,20141107T000000,590000.00,4.00,2.50,2380.00,4950.00,2.00,0.00,0.00,3.00,8.00,2380.00,0.00,2004.00,0.00,98136.00,47.54,-122.39,1370.00,5120.00
2330000130.00,20140723T000000,813500.00,4.00,2.00,2530.00,15520.00,1.00,0.00,0.00,5.00,8.00,2220.00,310.00,1964.00,0.00,98005.00,47.61,-122.17,2500.00,13300.00
1246700103.00,20150423T000000,725000.00,4.00,2.50,2700.00,25870.00,2.00,0.00,0.00,4.00,8.00,2700.00,0.00,1992.00,0.00,98033.00,47.69,-122.16,1540.00,20720.00
7504200250.00,20150428T000000,490000.00,3.00,2.25,2330.00,3600.00,1.50,0.00,0.00,3.00,8.00,2330.00,0.00,1971.00,0.00,98074.00,47.63,-122.06,2050.00,4275.00
3797310010.00,20140827T000000,277000.00,3.00,2.25,2160.00,9612.00,2.00,0.00,0.00,3.00,7.00,2160.00,0.00,1994.00,0.00,98022.00,47.19,-122.01,1970.00,9247.00
4058000010.00,20140509T000000,325000.00,4.00,1.50,1470.00,70800.00,1.00,0.00,0.00,3.00,7.00,1470.00,0.00,1976.00,0.00,98010.00,47.35,-121.95,1810.00,72337.00
3888100022.00,20140925T000000,649800.00,4.00,2.50,2280.00,9827.00,2.00,0.00,0.00,3.00,8.00,2280.00,0.00,1995.00,0.00,98033.00,47.69,-122.17,1660.00,9827.00
1934800022.00,20140723T000000,425000.00,3.00,1.00,1280.00,3200.00,1.50,0.00,0.00,3.00,7.00,1280.00,0.00,1903.00,0.00,98122.00,47.60,-122.31,1320.00,1676.00
3501100280.00,20150329T000000,460000.00,2.00,1.00,850.00,4650.00,1.00,0.00,0.00,3.00,7.00,850.00,0.00,1975.00,0.00,98117.00,47.69,-122.37,980.00,4700.00
2725069108.00,20140805T000000,750000.00,3.00,3.25,4610.00,81935.00,2.00,0.00,0.00,4.00,9.00,4610.00,0.00,1984.00,0.00,98074.00,47.62,-122.02,2900.00,43500.00
126039413.00,20140710T000000,469000.00,5.00,2.50,2690.00,11745.00,1.00,0.00,0.00,3.00,8.00,1790.00,900.00,1960.00,0.00,98177.00,47.77,-122.36,2670.00,7905.00
461001435.00,20140610T000000,566000.00,4.00,1.75,2440.00,5000.00,1.00,0.00,0.00,3.00,8.00,1340.00,1100.00,1954.00,0.00,98117.00,47.68,-122.37,2170.00,5000.00
6403500290.00,20140502T000000,407500.00,3.00,2.50,1930.00,10460.00,2.00,0.00,0.00,3.00,8.00,1930.00,0.00,1996.00,0.00,98059.00,47.49,-122.16,2290.00,8228.00
2826049108.00,20141028T000000,353500.00,2.00,1.00,800.00,8775.00,1.00,0.00,0.00,3.00,6.00,800.00,0.00,1942.00,0.00,98125.00,47.72,-122.31,1470.00,8976.00
1823069102.00,20140508T000000,524000.00,3.00,2.25,2430.00,73151.00,1.00,0.00,0.00,3.00,8.00,2430.00,0.00,1974.00,0.00,98059.00,47.47,-122.09,2800.00,39250.00
4233400280.00,20140822T000000,264950.00,4.00,2.50,1990.00,9656.00,2.00,0.00,0.00,3.00,7.00,1990.00,0.00,1994.00,0.00,98010.00,47.31,-122.00,1500.00,9656.00
1088800470.00,20141028T000000,547500.00,3.00,2.50,2550.00,10355.00,2.00,0.00,0.00,3.00,9.00,2550.00,0.00,1990.00,0.00,98011.00,47.74,-122.20,2550.00,10084.00
2025701060.00,20141117T000000,264500.00,3.00,2.25,1370.00,7087.00,2.00,0.00,0.00,3.00,7.00,1370.00,0.00,1993.00,0.00,98038.00,47.35,-122.04,1400.00,6600.00
7922900250.00,20140520T000000,507500.00,3.00,2.00,2020.00,8118.00,1.00,0.00,0.00,3.00,7.00,1020.00,1000.00,1963.00,0.00,98008.00,47.59,-122.12,1670.00,8118.00
6372000280.00,20141008T000000,560000.00,3.00,3.50,1560.00,2198.00,2.00,0.00,0.00,3.00,8.00,1180.00,380.00,2006.00,0.00,98116.00,47.58,-122.40,1550.00,1467.00
1424130050.00,20141216T000000,995000.00,5.00,4.00,5610.00,22529.00,2.00,0.00,0.00,3.00,11.00,4090.00,1520.00,1996.00,0.00,98072.00,47.72,-122.09,3860.00,24751.00
7942601435.00,20150324T000000,835000.00,6.00,2.00,3560.00,5120.00,2.50,0.00,2.00,3.00,9.00,3560.00,0.00,1900.00,0.00,98122.00,47.61,-122.31,2130.00,5120.00
3959401284.00,20140626T000000,440000.00,3.00,1.50,2120.00,6290.00,1.00,0.00,0.00,4.00,8.00,1220.00,900.00,1949.00,0.00,98108.00,47.57,-122.32,1620.00,5400.00
1370802335.00,20140728T000000,1015000.00,3.00,2.50,2920.00,5629.00,1.00,0.00,2.00,5.00,8.00,1460.00,1460.00,1955.00,0.00,98199.00,47.64,-122.41,2380.00,5000.00
4058801680.00,20140523T000000,300000.00,2.00,1.00,1340.00,7788.00,1.00,0.00,2.00,3.00,7.00,1340.00,0.00,1947.00,0.00,98178.00,47.51,-122.24,2550.00,7788.00
3501100050.00,20141210T000000,125000.00,3.00,1.00,1230.00,4800.00,1.50,0.00,0.00,1.00,6.00,1230.00,0.00,1916.00,0.00,98117.00,47.69,-122.37,1230.00,4800.00
1231000895.00,20141105T000000,986000.00,4.00,3.50,2840.00,5900.00,2.00,0.00,0.00,3.00,10.00,1920.00,920.00,1910.00,2008.00,98118.00,47.55,-122.27,1300.00,4900.00
7129300500.00,20140812T000000,315000.00,4.00,2.50,2080.00,5650.00,1.00,0.00,0.00,3.00,7.00,1680.00,400.00,1950.00,0.00,98178.00,47.51,-122.26,1270.00,5650.00
6752600050.00,20140812T000000,320000.00,4.00,2.50,2070.00,7007.00,2.00,0.00,0.00,3.00,7.00,2070.00,0.00,1996.00,0.00,98031.00,47.40,-122.17,2130.00,8100.00
3303990380.00,20141204T000000,972000.00,4.00,3.25,4010.00,13797.00,2.00,0.00,0.00,3.00,11.00,4010.00,0.00,2003.00,0.00,98059.00,47.52,-122.15,3980.00,12120.00
2579500006.00,20140909T000000,760000.00,3.00,2.50,2190.00,10000.00,1.00,0.00,0.00,4.00,7.00,1540.00,650.00,1957.00,0.00,98040.00,47.54,-122.21,2880.00,11782.00
3365900462.00,20140903T000000,265000.00,4.00,3.00,1730.00,7264.00,2.00,0.00,0.00,3.00,6.00,1730.00,0.00,1920.00,0.00,98168.00,47.47,-122.26,1500.00,12104.00
2695600130.00,20141118T000000,355000.00,2.00,1.00,1250.00,4558.00,1.00,0.00,0.00,3.00,7.00,1250.00,0.00,1948.00,0.00,98126.00,47.53,-122.38,1180.00,4494.00
3438501700.00,20140827T000000,300000.00,3.00,1.00,1300.00,20812.00,1.00,0.00,0.00,3.00,6.00,1300.00,0.00,1927.00,0.00,98106.00,47.54,-122.36,1210.00,17340.00
3876311350.00,20140826T000000,474950.00,5.00,2.50,2080.00,8347.00,1.00,0.00,0.00,4.00,7.00,1460.00,620.00,1975.00,0.00,98034.00,47.73,-122.17,1840.00,7713.00
4046710050.00,20140827T000000,470000.00,4.00,2.00,2180.00,17180.00,2.00,0.00,0.00,4.00,7.00,2180.00,0.00,1977.00,0.00,98014.00,47.70,-121.92,1880.00,14043.00
1725059259.00,20141125T000000,437500.00,3.00,1.00,1630.00,16393.00,1.00,0.00,0.00,3.00,7.00,1630.00,0.00,1969.00,0.00,98033.00,47.66,-122.19,1880.00,23497.00
7518503220.00,20141028T000000,520000.00,2.00,1.50,1840.00,3825.00,1.00,0.00,0.00,3.00,8.00,1040.00,800.00,1928.00,0.00,98117.00,47.68,-122.38,1290.00,5100.00
3445000005.00,20141117T000000,237600.00,2.00,1.00,1370.00,11584.00,1.00,0.00,0.00,4.00,6.00,1370.00,0.00,1950.00,0.00,98198.00,47.42,-122.29,1330.00,8012.00
3530420020.00,20140711T000000,162950.00,2.00,1.00,950.00,2784.00,1.00,0.00,0.00,4.00,8.00,950.00,0.00,1972.00,0.00,98198.00,47.38,-122.32,1080.00,3899.00
6893300290.00,20141111T000000,457000.00,3.00,1.75,1690.00,6375.00,1.00,0.00,0.00,3.00,8.00,1690.00,0.00,1903.00,2002.00,98024.00,47.52,-121.93,1270.00,7774.00
7856560480.00,20140808T000000,635000.00,3.00,2.50,1780.00,11000.00,1.00,0.00,0.00,4.00,8.00,1210.00,570.00,1980.00,0.00,98006.00,47.56,-122.15,2310.00,9700.00
8121100415.00,20140530T000000,735000.00,4.00,3.00,2840.00,4120.00,1.50,0.00,0.00,4.00,8.00,2060.00,780.00,1931.00,0.00,98118.00,47.57,-122.28,1840.00,5871.00
3754501060.00,20140918T000000,910000.00,2.00,2.50,2000.00,5150.00,2.00,0.00,4.00,3.00,9.00,2000.00,0.00,1992.00,0.00,98034.00,47.71,-122.22,2510.00,6800.00
3278602040.00,20141021T000000,346500.00,3.00,3.25,1570.00,2048.00,2.00,0.00,0.00,3.00,8.00,1290.00,280.00,2006.00,0.00,98126.00,47.55,-122.38,1570.00,2006.00
1592000050.00,20140905T000000,655000.00,4.00,2.50,2370.00,9517.00,1.00,0.00,0.00,3.00,9.00,1630.00,740.00,1984.00,0.00,98074.00,47.62,-122.03,2440.00,9035.00
1324079007.00,20141110T000000,425000.00,3.00,1.75,1610.00,144619.00,1.00,0.00,0.00,3.00,7.00,1610.00,0.00,1977.00,0.00,98024.00,47.57,-121.86,2220.00,144619.00
7140600225.00,20150217T000000,137000.00,3.00,1.00,1300.00,10125.00,1.00,0.00,0.00,4.00,6.00,1300.00,0.00,1959.00,0.00,98002.00,47.29,-122.22,1300.00,10125.00
200500680.00,20140715T000000,557500.00,3.00,2.50,2620.00,11056.00,2.00,0.00,0.00,3.00,9.00,2620.00,0.00,1988.00,0.00,98011.00,47.74,-122.22,2560.00,8688.00
421079142.00,20140509T000000,415000.00,4.00,2.25,3060.00,48787.00,2.00,0.00,0.00,3.00,8.00,3060.00,0.00,1992.00,0.00,98010.00,47.34,-121.92,2090.00,48787.00
9346700280.00,20140620T000000,830000.00,5.00,2.25,2780.00,10192.00,2.00,0.00,0.00,4.00,9.00,2780.00,0.00,1978.00,0.00,98007.00,47.61,-122.15,2740.00,9900.00
293800680.00,20150415T000000,949000.00,4.00,3.00,4270.00,85643.00,2.00,0.00,0.00,3.00,11.00,4270.00,0.00,1991.00,0.00,98077.00,47.77,-122.05,3760.00,51170.00
339600190.00,20141014T000000,420000.00,3.00,1.00,1310.00,3963.00,1.00,0.00,0.00,5.00,7.00,1310.00,0.00,1986.00,0.00,98052.00,47.68,-122.10,1010.00,3363.00
1787600190.00,20150403T000000,353000.00,2.00,1.00,1100.00,7500.00,1.00,0.00,0.00,3.00,7.00,1100.00,0.00,1951.00,0.00,98125.00,47.72,-122.33,1920.00,7149.00
2026079016.00,20140904T000000,560000.00,3.00,1.75,1480.00,383328.00,1.50,0.00,0.00,3.00,8.00,1480.00,0.00,1980.00,0.00,98019.00,47.72,-121.93,1480.00,67082.00
8673400086.00,20140502T000000,445700.00,3.00,2.50,1270.00,1180.00,3.00,0.00,0.00,3.00,8.00,1270.00,0.00,2001.00,0.00,98107.00,47.67,-122.39,1320.00,1180.00
2760200050.00,20140717T000000,226000.00,4.00,1.00,1270.00,6459.00,1.50,0.00,0.00,3.00,7.00,1270.00,0.00,1918.00,0.00,98118.00,47.54,-122.27,1300.00,4100.00
3205000050.00,20141205T000000,358000.00,3.00,1.00,890.00,9870.00,1.00,0.00,0.00,4.00,7.00,890.00,0.00,1960.00,0.00,98056.00,47.54,-122.18,1270.00,9861.00
2201500680.00,20150305T000000,501000.00,3.00,1.75,1480.00,8667.00,1.00,0.00,0.00,5.00,7.00,740.00,740.00,1954.00,0.00,98006.00,47.57,-122.14,1600.00,10644.00
4022902555.00,20150321T000000,609000.00,4.00,2.50,3240.00,23870.00,1.00,0.00,0.00,3.00,9.00,1840.00,1400.00,1972.00,0.00,98155.00,47.77,-122.28,2290.00,13340.00
3410600080.00,20140709T000000,734950.00,4.00,3.25,4280.00,47179.00,2.00,0.00,0.00,3.00,10.00,3050.00,1230.00,2002.00,0.00,98092.00,47.30,-122.13,2820.00,43401.00
7385300020.00,20140613T000000,725000.00,5.00,2.50,3210.00,12000.00,1.00,0.00,0.00,4.00,8.00,1830.00,1380.00,1968.00,0.00,98007.00,47.62,-122.15,2450.00,12000.00
3876312570.00,20140811T000000,350500.00,3.00,2.25,1870.00,7200.00,1.00,0.00,0.00,3.00,7.00,1390.00,480.00,1975.00,0.00,98072.00,47.73,-122.17,1830.00,7876.00
5016002275.00,20140602T000000,610000.00,5.00,2.50,3990.00,3839.00,1.00,0.00,0.00,4.00,8.00,1990.00,2000.00,1962.00,0.00,98112.00,47.62,-122.30,2090.00,5000.00
3213200250.00,20141106T000000,605125.00,2.00,1.00,1160.00,5029.00,1.00,0.00,0.00,3.00,7.00,910.00,250.00,1940.00,0.00,98115.00,47.67,-122.27,1220.00,5029.00
6448000010.00,20150428T000000,1388000.00,4.00,2.25,2940.00,20384.00,2.00,0.00,0.00,4.00,9.00,2940.00,0.00,1970.00,0.00,98004.00,47.62,-122.23,3410.00,19910.00
1330900050.00,20150421T000000,550000.00,3.00,2.25,1850.00,37264.00,2.00,0.00,0.00,3.00,8.00,1850.00,0.00,1981.00,0.00,98053.00,47.65,-122.04,2390.00,36036.00
2810600022.00,20141007T000000,335000.00,2.00,1.75,1060.00,1202.00,2.00,0.00,0.00,3.00,7.00,760.00,300.00,2003.00,0.00,98136.00,47.54,-122.39,1060.00,1493.00
1761600050.00,20141231T000000,397000.00,3.00,2.00,1100.00,9165.00,1.00,0.00,0.00,4.00,7.00,1100.00,0.00,1969.00,0.00,98034.00,47.73,-122.23,1510.00,8500.00
4233400480.00,20141124T000000,240000.00,3.00,2.00,1190.00,10299.00,1.00,0.00,0.00,3.00,7.00,1190.00,0.00,1994.00,0.00,98010.00,47.31,-122.00,1700.00,9849.00
4222310680.00,20140926T000000,240000.00,3.00,2.00,1030.00,11118.00,1.00,0.00,0.00,5.00,7.00,1030.00,0.00,1970.00,0.00,98003.00,47.35,-122.31,1300.00,7920.00
5630500005.00,20141120T000000,262500.00,2.00,1.50,1140.00,14373.00,1.00,0.00,0.00,3.00,7.00,1140.00,0.00,1949.00,1996.00,98011.00,47.74,-122.22,2140.00,9860.00
9523102040.00,20140922T000000,440000.00,3.00,1.50,2260.00,5300.00,1.00,0.00,0.00,3.00,7.00,1200.00,1060.00,1940.00,0.00,98103.00,47.68,-122.35,1950.00,5000.00
2626119028.00,20150323T000000,160000.00,3.00,1.00,1140.00,3240.00,1.50,0.00,0.00,4.00,6.00,1140.00,0.00,1910.00,0.00,98014.00,47.71,-121.36,1140.00,4700.00
5015001680.00,20140611T000000,427000.00,4.00,1.00,1860.00,4736.00,1.50,0.00,0.00,1.00,7.00,1860.00,0.00,1901.00,0.00,98112.00,47.63,-122.30,1800.00,4000.00
7202360430.00,20140701T000000,920000.00,4.00,3.50,4080.00,10666.00,2.00,0.00,0.00,3.00,9.00,4080.00,0.00,2005.00,0.00,98053.00,47.68,-122.02,3920.00,8154.00
3880900170.00,20140805T000000,2300000.00,4.00,2.50,3280.00,7100.00,2.00,0.00,4.00,3.00,10.00,2180.00,1100.00,1911.00,1987.00,98119.00,47.63,-122.36,3240.00,6674.00
926069142.00,20141124T000000,480000.00,4.00,2.50,2870.00,35757.00,2.00,0.00,0.00,4.00,9.00,2870.00,0.00,1977.00,0.00,98077.00,47.76,-122.05,2700.00,41221.00
2790410250.00,20140505T000000,615000.00,4.00,1.75,2300.00,11700.00,1.00,0.00,0.00,4.00,9.00,1960.00,340.00,1977.00,0.00,98052.00,47.63,-122.09,2840.00,12000.00
6681500080.00,20140822T000000,736500.00,3.00,2.00,2230.00,4800.00,1.50,0.00,0.00,4.00,7.00,1290.00,940.00,1915.00,0.00,98199.00,47.65,-122.39,1650.00,5040.00
9274201809.00,20141119T000000,542500.00,3.00,2.50,1920.00,1649.00,2.50,0.00,0.00,3.00,8.00,1600.00,320.00,2004.00,0.00,98116.00,47.59,-122.39,1650.00,3053.00
418000415.00,20150319T000000,191000.00,2.00,1.00,700.00,5000.00,1.00,0.00,0.00,5.00,6.00,700.00,0.00,1952.00,0.00,98056.00,47.49,-122.17,1040.00,5200.00
8078460050.00,20140718T000000,730000.00,4.00,2.50,2740.00,11975.00,2.00,0.00,0.00,4.00,8.00,2740.00,0.00,1991.00,0.00,98074.00,47.63,-122.03,2310.00,9068.00
7151700585.00,20141125T000000,1225000.00,5.00,2.25,3440.00,5000.00,2.00,0.00,2.00,5.00,9.00,3440.00,0.00,1901.00,0.00,98122.00,47.61,-122.29,2822.00,5000.00
2722059292.00,20140604T000000,129000.00,1.00,1.00,650.00,15364.00,1.00,0.00,0.00,4.00,5.00,650.00,0.00,1967.00,0.00,98042.00,47.37,-122.16,1630.00,7952.00
2223059099.00,20140709T000000,284000.00,3.00,1.50,1500.00,10018.00,1.00,0.00,0.00,4.00,7.00,1500.00,0.00,1957.00,0.00,98058.00,47.47,-122.16,1500.00,10937.00
1703050500.00,20150321T000000,645000.00,3.00,2.50,2490.00,5978.00,2.00,0.00,0.00,3.00,9.00,2490.00,0.00,2003.00,0.00,98074.00,47.63,-122.02,2710.00,6629.00
6386600130.00,20140624T000000,218000.00,3.00,1.50,1330.00,7600.00,1.00,0.00,0.00,4.00,7.00,1330.00,0.00,1968.00,0.00,98023.00,47.31,-122.37,1500.00,7776.00
9194102188.00,20141009T000000,675000.00,4.00,3.50,3190.00,6875.00,2.00,0.00,2.00,3.00,8.00,2120.00,1070.00,1999.00,0.00,98034.00,47.71,-122.22,2550.00,6875.00
2464400285.00,20141229T000000,575000.00,3.00,2.50,1590.00,2910.00,2.00,0.00,0.00,3.00,7.00,1110.00,480.00,1984.00,0.00,98115.00,47.69,-122.32,1590.00,3880.00
6450301310.00,20141030T000000,225000.00,2.00,1.00,830.00,5720.00,1.00,0.00,0.00,4.00,6.00,830.00,0.00,1950.00,0.00,98133.00,47.73,-122.34,1150.00,5250.00
7427800080.00,20150408T000000,626000.00,3.00,2.25,1810.00,5107.00,2.00,0.00,0.00,3.00,8.00,1810.00,0.00,1989.00,0.00,98033.00,47.69,-122.17,1760.00,5454.00
40000669.00,20150319T000000,499950.00,4.00,2.50,2910.00,20067.00,2.00,0.00,0.00,3.00,9.00,2910.00,0.00,2001.00,0.00,98168.00,47.47,-122.27,1730.00,21420.00
5538300225.00,20140513T000000,405000.00,4.00,1.75,2180.00,13529.00,1.00,0.00,0.00,3.00,7.00,1090.00,1090.00,1956.00,0.00,98155.00,47.75,-122.29,2000.00,13529.00
4239400840.00,20141029T000000,152500.00,3.00,1.00,1090.00,3523.00,1.00,0.00,0.00,4.00,6.00,1090.00,0.00,1969.00,0.00,98092.00,47.32,-122.18,1030.00,3200.00
8035650500.00,20140716T000000,325000.00,4.00,2.50,2160.00,6825.00,2.00,0.00,0.00,3.00,8.00,2160.00,0.00,1994.00,0.00,98031.00,47.41,-122.20,2020.00,7035.00
3888100029.00,20140529T000000,475300.00,3.00,1.00,2110.00,10005.00,1.00,0.00,0.00,5.00,7.00,1110.00,1000.00,1924.00,0.00,98033.00,47.69,-122.17,1360.00,9827.00
4364700585.00,20150408T000000,485000.00,3.00,1.75,2180.00,7318.00,1.00,0.00,0.00,4.00,7.00,1210.00,970.00,1967.00,0.00,98126.00,47.53,-122.37,2140.00,7560.00
9839300285.00,20150412T000000,720000.00,3.00,2.50,2100.00,2200.00,2.00,0.00,0.00,4.00,7.00,1500.00,600.00,1919.00,0.00,98122.00,47.61,-122.29,1750.00,4400.00
6141100380.00,20140515T000000,465000.00,3.00,1.75,1410.00,6886.00,1.00,0.00,0.00,3.00,7.00,1410.00,0.00,1924.00,2013.00,98133.00,47.72,-122.35,1410.00,6561.00
5652601330.00,20140604T000000,489000.00,3.00,1.50,1020.00,9072.00,1.00,0.00,0.00,3.00,7.00,920.00,100.00,1930.00,0.00,98115.00,47.70,-122.30,1620.00,7930.00
3025059093.00,20140729T000000,3100000.00,5.00,5.25,5090.00,23669.00,2.00,0.00,0.00,3.00,12.00,5090.00,0.00,2006.00,0.00,98004.00,47.63,-122.22,3830.00,22605.00
5466700290.00,20150108T000000,288000.00,3.00,2.25,2090.00,7500.00,1.00,0.00,0.00,4.00,7.00,1280.00,810.00,1977.00,0.00,98031.00,47.40,-122.17,1800.00,7350.00
5437800020.00,20140808T000000,225000.00,3.00,1.75,1350.00,9793.00,1.00,0.00,0.00,4.00,7.00,1350.00,0.00,1968.00,0.00,98022.00,47.20,-122.00,1690.00,8080.00
7784400185.00,20150421T000000,499000.00,3.00,1.75,2650.00,11774.00,1.00,0.00,1.00,3.00,8.00,2240.00,410.00,1952.00,0.00,98146.00,47.49,-122.36,2650.00,10120.00
5561301150.00,20141111T000000,632000.00,5.00,3.00,3520.00,36558.00,2.00,0.00,0.00,4.00,8.00,2100.00,1420.00,1985.00,0.00,98027.00,47.47,-122.01,3000.00,36558.00
1523550480.00,20140613T000000,580000.00,3.00,2.50,2040.00,4627.00,2.00,0.00,0.00,3.00,8.00,2040.00,0.00,1992.00,0.00,98052.00,47.64,-122.11,2230.00,4500.00
8083400066.00,20150423T000000,730000.00,4.00,1.50,2340.00,5000.00,2.00,0.00,0.00,3.00,8.00,2100.00,240.00,1912.00,0.00,98122.00,47.61,-122.29,2320.00,5500.00
3797710020.00,20150327T000000,325000.00,4.00,2.25,1770.00,7799.00,2.00,0.00,0.00,3.00,7.00,1770.00,0.00,1998.00,0.00,98031.00,47.42,-122.20,1770.00,7778.00
3205200480.00,20150415T000000,421000.00,3.00,1.75,1100.00,8662.00,1.00,0.00,0.00,5.00,7.00,1100.00,0.00,1964.00,0.00,98056.00,47.54,-122.17,1100.00,9240.00
869700050.00,20150120T000000,316000.00,3.00,2.50,1490.00,4078.00,2.00,0.00,0.00,3.00,8.00,1490.00,0.00,1998.00,0.00,98059.00,47.49,-122.16,1310.00,2767.00
2877101310.00,20140804T000000,415000.00,2.00,1.00,1460.00,4200.00,1.00,0.00,0.00,4.00,6.00,880.00,580.00,1914.00,0.00,98117.00,47.68,-122.36,1540.00,4200.00
7202330280.00,20140922T000000,401000.00,3.00,2.25,1350.00,2839.00,2.00,0.00,0.00,3.00,7.00,1350.00,0.00,2003.00,0.00,98053.00,47.68,-122.04,1650.00,3093.00
6146600420.00,20150224T000000,229950.00,3.00,0.75,1030.00,12700.00,1.00,0.00,0.00,4.00,5.00,1030.00,0.00,1944.00,0.00,98032.00,47.39,-122.24,1140.00,6955.00
8563030500.00,20150330T000000,539950.00,3.00,1.75,1820.00,9875.00,1.00,0.00,0.00,4.00,8.00,1820.00,0.00,1966.00,0.00,98008.00,47.62,-122.09,2670.00,10000.00
3624039150.00,20140605T000000,335000.00,3.00,2.00,1170.00,5360.00,1.00,0.00,0.00,3.00,6.00,1170.00,0.00,1919.00,0.00,98106.00,47.52,-122.36,1180.00,7200.00
7853210050.00,20140707T000000,339000.00,3.00,2.50,1450.00,3748.00,2.00,0.00,0.00,3.00,7.00,1450.00,0.00,2004.00,0.00,98065.00,47.53,-121.85,1970.00,3748.00
3293700480.00,20141020T000000,414950.00,4.00,1.75,2200.00,8545.00,1.00,0.00,0.00,4.00,7.00,1100.00,1100.00,1918.00,1982.00,98133.00,47.75,-122.35,1940.00,9315.00
3210700170.00,20141202T000000,650000.00,4.00,2.00,1610.00,8976.00,1.00,0.00,0.00,4.00,8.00,1610.00,0.00,1966.00,0.00,98004.00,47.60,-122.19,1930.00,8976.00
8161020050.00,20141203T000000,445000.00,3.00,2.50,2690.00,21883.00,2.00,0.00,0.00,3.00,8.00,2690.00,0.00,1994.00,0.00,98014.00,47.65,-121.90,2370.00,21781.00
8731983340.00,20150320T000000,295000.00,3.00,2.25,1850.00,7800.00,2.00,0.00,0.00,3.00,9.00,1850.00,0.00,1974.00,0.00,98023.00,47.31,-122.38,2360.00,8000.00
7871500280.00,20150413T000000,975000.00,4.00,2.25,2250.00,3600.00,2.00,0.00,0.00,4.00,9.00,2010.00,240.00,1912.00,1994.00,98119.00,47.64,-122.37,1910.00,3990.00
3276200280.00,20141219T000000,296500.00,3.00,1.50,1580.00,10100.00,1.00,0.00,0.00,4.00,7.00,1580.00,0.00,1961.00,0.00,98055.00,47.44,-122.19,1650.00,10032.00
826069180.00,20141021T000000,440000.00,4.00,2.75,2030.00,56192.00,1.00,0.00,0.00,3.00,8.00,1550.00,480.00,1979.00,0.00,98077.00,47.75,-122.07,2510.00,44866.00
3955800080.00,20141229T000000,420000.00,5.00,1.50,1890.00,10880.00,1.00,0.00,0.00,3.00,7.00,1890.00,0.00,1962.00,0.00,98034.00,47.72,-122.20,1670.00,9750.00
1657310170.00,20140723T000000,302000.00,3.00,2.50,2140.00,9492.00,2.00,0.00,0.00,3.00,8.00,2140.00,0.00,1994.00,0.00,98092.00,47.33,-122.20,2180.00,9184.00
2597690050.00,20150409T000000,350000.00,4.00,1.75,1770.00,7336.00,1.00,0.00,0.00,4.00,8.00,1770.00,0.00,1986.00,0.00,98058.00,47.43,-122.16,2030.00,8183.00
720079001.00,20140626T000000,667000.00,3.00,1.75,3320.00,478288.00,1.50,0.00,3.00,4.00,8.00,2260.00,1060.00,1933.00,1982.00,98022.00,47.24,-121.95,2960.00,217800.00
3975400185.00,20150513T000000,645000.00,3.00,2.00,1640.00,4218.00,1.00,0.00,0.00,4.00,7.00,910.00,730.00,1941.00,0.00,98103.00,47.65,-122.34,1670.00,4000.00
3342101795.00,20141111T000000,430000.00,4.00,2.75,1820.00,5400.00,1.00,0.00,0.00,4.00,7.00,1220.00,600.00,1988.00,0.00,98056.00,47.52,-122.21,1630.00,5400.00
9297301190.00,20140513T000000,413000.00,4.00,1.00,1410.00,6000.00,1.00,0.00,0.00,3.00,7.00,810.00,600.00,1925.00,0.00,98126.00,47.57,-122.37,1500.00,4800.00
7424100050.00,20141201T000000,420000.00,3.00,1.00,1240.00,7300.00,1.00,0.00,0.00,3.00,7.00,1240.00,0.00,1968.00,0.00,98033.00,47.68,-122.17,1240.00,8260.00
7199340480.00,20141029T000000,495000.00,3.00,2.25,1780.00,8050.00,1.00,0.00,0.00,4.00,7.00,1230.00,550.00,1979.00,0.00,98052.00,47.70,-122.13,1780.00,7200.00
2525049259.00,20140812T000000,2187730.00,4.00,4.50,4240.00,13162.00,2.00,0.00,0.00,3.00,10.00,4240.00,0.00,2004.00,0.00,98039.00,47.62,-122.23,3010.00,12163.00
8835700250.00,20150426T000000,965000.00,4.00,2.50,3570.00,17411.00,2.00,0.00,0.00,3.00,10.00,3570.00,0.00,1990.00,0.00,98075.00,47.56,-122.03,3510.00,16153.00
6150700005.00,20141201T000000,500000.00,4.00,2.50,1900.00,5001.00,1.00,0.00,0.00,3.00,8.00,1200.00,700.00,2008.00,0.00,98133.00,47.73,-122.34,1950.00,4680.00
6819100080.00,20141001T000000,636100.00,3.00,1.00,1010.00,6000.00,1.50,0.00,0.00,3.00,7.00,1010.00,0.00,1919.00,1977.00,98119.00,47.64,-122.36,1960.00,4000.00
3904902630.00,20140603T000000,720000.00,4.00,2.50,2870.00,12648.00,2.00,0.00,0.00,4.00,9.00,2870.00,0.00,1986.00,0.00,98029.00,47.56,-122.02,2560.00,12648.00
5152200020.00,20150504T000000,298000.00,3.00,1.75,1620.00,12825.00,1.00,0.00,0.00,3.00,8.00,1340.00,280.00,1962.00,0.00,98003.00,47.33,-122.32,2076.00,11200.00
3300701440.00,20140729T000000,409000.00,2.00,1.75,1480.00,4000.00,1.00,0.00,0.00,4.00,6.00,740.00,740.00,1925.00,0.00,98117.00,47.69,-122.38,1060.00,4000.00
1152700020.00,20141226T000000,370000.00,4.00,2.50,2650.00,5706.00,2.00,0.00,0.00,3.00,9.00,2650.00,0.00,2005.00,0.00,98042.00,47.35,-122.16,2760.00,5749.00
8944300010.00,20140725T000000,230000.00,5.00,1.00,1410.00,9000.00,1.00,0.00,0.00,5.00,7.00,1410.00,0.00,1967.00,0.00,98023.00,47.31,-122.37,1200.00,8346.00
8680300010.00,20150324T000000,290000.00,3.00,2.00,1360.00,6685.00,1.00,0.00,0.00,3.00,7.00,1360.00,0.00,1952.00,0.00,98155.00,47.74,-122.32,1300.00,8138.00
8731950080.00,20150219T000000,420000.00,4.00,2.25,2930.00,9840.00,1.00,0.00,0.00,4.00,8.00,1560.00,1370.00,1977.00,0.00,98023.00,47.31,-122.38,2800.00,8374.00
5608000080.00,20140722T000000,917000.00,4.00,2.50,3500.00,10891.00,2.00,0.00,2.00,3.00,10.00,3500.00,0.00,1995.00,0.00,98027.00,47.55,-122.09,3820.00,13521.00
2225039130.00,20140625T000000,957000.00,5.00,3.25,3160.00,5000.00,2.00,0.00,2.00,3.00,10.00,2180.00,980.00,2005.00,0.00,98199.00,47.65,-122.41,3160.00,5746.00
7504180130.00,20140701T000000,482000.00,3.00,2.25,1710.00,21485.00,2.00,0.00,0.00,3.00,7.00,1710.00,0.00,1989.00,0.00,98074.00,47.62,-122.05,1680.00,21485.00
3956100190.00,20141121T000000,488000.00,3.00,1.75,2180.00,14734.00,2.00,0.00,0.00,3.00,9.00,2180.00,0.00,1990.00,0.00,98045.00,47.48,-121.77,2300.00,21618.00
2346200050.00,20141017T000000,760369.00,5.00,2.50,2870.00,4712.00,2.00,0.00,0.00,3.00,9.00,2870.00,0.00,2014.00,0.00,98006.00,47.55,-122.18,2870.00,6768.00
40000471.00,20140604T000000,170000.00,2.00,1.00,1500.00,18540.00,1.00,0.00,0.00,3.00,8.00,1500.00,0.00,1950.00,0.00,98168.00,47.47,-122.28,1700.00,9355.00
9346950050.00,20150429T000000,625000.00,3.00,2.50,2120.00,10021.00,1.00,0.00,0.00,4.00,8.00,1230.00,890.00,1976.00,0.00,98006.00,47.56,-122.14,2690.00,10183.00
9477201150.00,20141202T000000,357000.00,3.00,1.50,1590.00,6750.00,1.00,0.00,0.00,3.00,7.00,1080.00,510.00,1976.00,0.00,98034.00,47.73,-122.19,1590.00,7400.00
8078430130.00,20150407T000000,583000.00,3.00,2.25,1830.00,8276.00,1.00,0.00,0.00,3.00,8.00,1350.00,480.00,1989.00,0.00,98074.00,47.63,-122.03,1920.00,8276.00
6404600006.00,20140820T000000,173250.00,3.00,2.00,1210.00,9097.00,1.00,0.00,0.00,4.00,7.00,1210.00,0.00,1954.00,0.00,98168.00,47.48,-122.30,1360.00,10125.00
6415100122.00,20140716T000000,414050.00,4.00,2.00,1590.00,10331.00,1.50,0.00,0.00,4.00,7.00,1590.00,0.00,1956.00,0.00,98133.00,47.73,-122.33,1400.00,9434.00
5505700020.00,20140618T000000,400000.00,3.00,1.75,1050.00,6150.00,1.50,0.00,0.00,4.00,6.00,950.00,100.00,1928.00,0.00,98116.00,47.57,-122.39,1360.00,6150.00
1117300050.00,20150327T000000,537000.00,3.00,2.00,1550.00,27003.00,1.50,0.00,0.00,3.00,8.00,1550.00,0.00,1982.00,0.00,98074.00,47.61,-122.06,2400.00,27003.00
8651710430.00,20140606T000000,465000.00,4.00,2.25,2070.00,7500.00,2.00,0.00,0.00,4.00,7.00,2070.00,0.00,1977.00,0.00,98034.00,47.73,-122.22,2080.00,7700.00
9292000380.00,20140818T000000,425000.00,3.00,2.25,1740.00,9682.00,1.00,0.00,0.00,5.00,8.00,1740.00,0.00,1969.00,0.00,98056.00,47.51,-122.17,2100.00,9536.00
2525059127.00,20141118T000000,445000.00,4.00,2.00,1700.00,21780.00,1.00,0.00,0.00,4.00,6.00,1080.00,620.00,1940.00,0.00,98052.00,47.63,-122.11,2070.00,12054.00
1788300010.00,20141211T000000,179950.00,2.00,1.00,1200.00,9000.00,1.00,0.00,0.00,3.00,6.00,1200.00,0.00,1958.00,0.00,98023.00,47.33,-122.35,1040.00,9600.00
1150700130.00,20150421T000000,275000.00,3.00,2.50,1710.00,7230.00,2.00,0.00,0.00,3.00,7.00,1710.00,0.00,1996.00,0.00,98003.00,47.28,-122.30,1720.00,6537.00
3354400545.00,20140715T000000,190000.00,4.00,2.50,1840.00,13493.00,2.00,0.00,0.00,3.00,7.00,1840.00,0.00,1994.00,0.00,98001.00,47.26,-122.24,1430.00,11463.00
2742100009.00,20140506T000000,385000.00,3.00,1.75,1900.00,5520.00,1.00,0.00,0.00,3.00,7.00,1280.00,620.00,1982.00,0.00,98118.00,47.55,-122.29,1330.00,5196.00
2475900170.00,20150429T000000,303000.00,4.00,1.00,2300.00,9583.00,1.00,0.00,0.00,3.00,6.00,1220.00,1080.00,1928.00,0.00,98024.00,47.57,-121.89,1200.00,11325.00
9189700255.00,20150105T000000,165000.00,3.00,1.00,970.00,7503.00,1.00,0.00,0.00,4.00,6.00,970.00,0.00,1967.00,0.00,98058.00,47.47,-122.16,1230.00,9504.00
2769600480.00,20150430T000000,600000.00,2.00,2.00,1270.00,5000.00,1.00,0.00,0.00,3.00,6.00,1270.00,0.00,1944.00,0.00,98107.00,47.67,-122.36,2190.00,5000.00
2260800170.00,20140718T000000,710000.00,3.00,2.25,3130.00,65775.00,2.00,0.00,0.00,4.00,8.00,3130.00,0.00,1978.00,0.00,98027.00,47.55,-122.09,3130.00,72309.00
1118500010.00,20150327T000000,875000.00,5.00,3.25,4230.00,21455.00,2.00,0.00,0.00,3.00,10.00,2720.00,1510.00,1990.00,0.00,98074.00,47.64,-122.02,3280.00,22393.00
5636010280.00,20140902T000000,269950.00,3.00,2.50,1480.00,9743.00,2.00,0.00,0.00,4.00,7.00,1480.00,0.00,1996.00,0.00,98010.00,47.33,-122.00,1810.00,9601.00
2326059099.00,20140502T000000,838000.00,4.00,2.50,3310.00,42998.00,2.00,0.00,0.00,3.00,9.00,3310.00,0.00,2001.00,0.00,98052.00,47.72,-122.13,3350.00,42847.00
4423100095.00,20140523T000000,670500.00,4.00,2.00,1590.00,6750.00,1.00,0.00,0.00,3.00,7.00,1590.00,0.00,1951.00,0.00,98102.00,47.64,-122.32,2370.00,4500.00
8142000080.00,20150212T000000,420000.00,4.00,1.50,1690.00,9391.00,1.00,0.00,0.00,3.00,7.00,1290.00,400.00,1960.00,0.00,98155.00,47.74,-122.33,1780.00,9390.00
3222059007.00,20140913T000000,370000.00,3.00,1.50,1690.00,161913.00,1.00,0.00,0.00,2.00,7.00,1430.00,260.00,1952.00,0.00,98030.00,47.36,-122.19,1930.00,12548.00
6648000050.00,20140624T000000,360000.00,3.00,1.75,1500.00,7200.00,1.00,0.00,0.00,3.00,7.00,1500.00,0.00,1957.00,0.00,98133.00,47.77,-122.34,1650.00,7392.00
3574900170.00,20141003T000000,562500.00,4.00,2.50,2320.00,8721.00,2.00,0.00,0.00,3.00,8.00,2320.00,0.00,1991.00,0.00,98034.00,47.73,-122.23,2260.00,8268.00
2008000130.00,20140818T000000,360500.00,3.00,2.50,3300.00,11525.00,1.00,0.00,0.00,5.00,8.00,1650.00,1650.00,1961.00,0.00,98198.00,47.41,-122.32,1950.00,9680.00
291300010.00,20140521T000000,389999.00,3.00,2.25,1445.00,1471.00,2.00,0.00,0.00,3.00,7.00,1300.00,145.00,2003.00,0.00,98027.00,47.53,-122.07,1410.00,1399.00
9412200280.00,20140827T000000,450000.00,4.00,3.00,1890.00,13140.00,1.00,0.00,0.00,4.00,7.00,1270.00,620.00,1967.00,0.00,98027.00,47.52,-122.04,1900.00,11160.00
9315000010.00,20150303T000000,247500.00,4.00,2.00,1760.00,8400.00,1.00,0.00,0.00,3.00,7.00,1060.00,700.00,1962.00,0.00,98003.00,47.33,-122.32,1280.00,8415.00
7889600080.00,20150219T000000,208000.00,3.00,1.00,1050.00,6240.00,1.00,0.00,0.00,5.00,5.00,1050.00,0.00,1948.00,0.00,98146.00,47.49,-122.34,1410.00,6240.00
8663310010.00,20141226T000000,455000.00,3.00,2.50,1980.00,7309.00,2.00,0.00,0.00,3.00,7.00,1980.00,0.00,1993.00,0.00,98034.00,47.73,-122.17,2060.00,9681.00
930000305.00,20141110T000000,379400.00,4.00,1.75,2120.00,7680.00,1.00,0.00,0.00,4.00,7.00,1060.00,1060.00,1950.00,0.00,98177.00,47.72,-122.36,1530.00,7680.00
7606200275.00,20141230T000000,190000.00,3.00,1.50,760.00,40039.00,1.00,0.00,0.00,3.00,6.00,760.00,0.00,1906.00,0.00,98065.00,47.53,-121.83,980.00,6000.00
203900380.00,20140821T000000,326188.00,3.00,1.00,1300.00,8800.00,1.00,0.00,0.00,3.00,7.00,1300.00,0.00,1977.00,0.00,98053.00,47.64,-121.97,1600.00,12210.00
880000005.00,20140522T000000,168000.00,2.00,2.50,1160.00,2174.00,2.00,0.00,0.00,3.00,7.00,1160.00,0.00,1998.00,0.00,98106.00,47.53,-122.37,1380.00,1919.00
9406570290.00,20140516T000000,314000.00,4.00,2.50,2340.00,8990.00,2.00,0.00,0.00,3.00,8.00,2340.00,0.00,2003.00,0.00,98038.00,47.38,-122.03,2980.00,6718.00
5561000920.00,20140502T000000,630000.00,4.00,2.75,2710.00,37277.00,2.00,0.00,0.00,3.00,9.00,2710.00,0.00,2000.00,0.00,98027.00,47.46,-121.99,2390.00,39299.00
4037000470.00,20150316T000000,550000.00,3.00,1.75,1440.00,8957.00,1.00,0.00,0.00,4.00,7.00,1440.00,0.00,1957.00,0.00,98008.00,47.60,-122.12,1340.00,8780.00
8651511060.00,20140630T000000,530000.00,4.00,2.25,1980.00,15086.00,2.00,0.00,0.00,3.00,8.00,1980.00,0.00,1981.00,0.00,98074.00,47.65,-122.06,2100.00,10927.00
9413600010.00,20150206T000000,637500.00,3.00,1.75,1680.00,10685.00,1.00,0.00,0.00,4.00,7.00,1680.00,0.00,1966.00,0.00,98033.00,47.66,-122.19,3340.00,10390.00
9358001732.00,20150428T000000,400000.00,3.00,2.50,1390.00,2815.00,2.00,0.00,0.00,3.00,8.00,1390.00,0.00,1999.00,0.00,98126.00,47.57,-122.37,1390.00,3700.00
8820900029.00,20140610T000000,700000.00,5.00,2.75,3100.00,9825.00,2.00,0.00,2.00,4.00,8.00,3100.00,0.00,1950.00,1982.00,98125.00,47.72,-122.28,2120.00,8400.00
6802200670.00,20141114T000000,272000.00,3.00,2.50,1680.00,8512.00,2.00,0.00,0.00,3.00,7.00,1680.00,0.00,1991.00,0.00,98022.00,47.20,-121.99,1580.00,8512.00
7852190630.00,20150417T000000,600000.00,4.00,2.50,2710.00,6474.00,2.00,0.00,0.00,3.00,8.00,2710.00,0.00,2004.00,0.00,98065.00,47.54,-121.88,2870.00,6968.00
2815600235.00,20150402T000000,450600.00,2.00,1.00,840.00,7020.00,1.50,0.00,0.00,4.00,7.00,840.00,0.00,1943.00,0.00,98136.00,47.55,-122.39,1310.00,7072.00
3013300660.00,20141028T000000,550000.00,3.00,2.25,2090.00,8095.00,2.00,0.00,2.00,3.00,10.00,2090.00,0.00,1988.00,0.00,98136.00,47.53,-122.39,1940.00,5635.00
8091600080.00,20150123T000000,225000.00,3.00,1.00,1120.00,8407.00,1.00,0.00,0.00,5.00,6.00,1120.00,0.00,1987.00,0.00,98022.00,47.21,-122.01,1250.00,8658.00
8651402750.00,20150218T000000,132825.00,3.00,1.50,1210.00,5200.00,1.00,0.00,0.00,5.00,6.00,1210.00,0.00,1969.00,0.00,98042.00,47.36,-122.09,1120.00,5200.00
8651402750.00,20150430T000000,219950.00,3.00,1.50,1210.00,5200.00,1.00,0.00,0.00,5.00,6.00,1210.00,0.00,1969.00,0.00,98042.00,47.36,-122.09,1120.00,5200.00
2215500080.00,20140528T000000,580000.00,5.00,2.00,1940.00,6000.00,1.00,0.00,0.00,5.00,7.00,970.00,970.00,1945.00,0.00,98115.00,47.69,-122.29,1700.00,6000.00
225069016.00,20140722T000000,568000.00,3.00,1.75,1930.00,213008.00,1.00,0.00,2.00,3.00,7.00,1300.00,630.00,1980.00,0.00,98053.00,47.68,-121.99,2860.00,208652.00
766900250.00,20150402T000000,406000.00,3.00,1.75,1270.00,6017.00,1.00,0.00,0.00,4.00,7.00,1030.00,240.00,1990.00,0.00,98028.00,47.74,-122.23,1630.00,7381.00
2922703260.00,20140716T000000,469000.00,3.00,1.75,1680.00,2400.00,1.50,0.00,0.00,3.00,7.00,1170.00,510.00,1929.00,0.00,98117.00,47.68,-122.37,1080.00,4560.00
8011100095.00,20140610T000000,415000.00,3.00,2.50,2090.00,6045.00,2.00,0.00,0.00,3.00,8.00,2090.00,0.00,2000.00,0.00,98056.00,47.49,-122.17,2040.00,6392.00
2206700280.00,20141208T000000,390000.00,3.00,1.50,1000.00,13991.00,1.00,0.00,0.00,4.00,7.00,1000.00,0.00,1956.00,0.00,98006.00,47.56,-122.14,1520.00,11465.00
7985000010.00,20150415T000000,251000.00,3.00,1.75,1350.00,10125.00,1.00,0.00,0.00,3.00,8.00,1350.00,0.00,1967.00,0.00,98003.00,47.33,-122.30,1520.00,9720.00
1504800050.00,20150312T000000,750000.00,3.00,2.50,3280.00,6750.00,2.00,0.00,1.00,3.00,9.00,2440.00,840.00,2001.00,0.00,98126.00,47.52,-122.38,1770.00,6387.00
5351200280.00,20150407T000000,845000.00,4.00,2.50,2390.00,5071.00,2.00,0.00,0.00,3.00,9.00,1760.00,630.00,1988.00,0.00,98122.00,47.61,-122.28,1940.00,5071.00
7229900005.00,20141010T000000,350000.00,3.00,1.50,1860.00,17640.00,1.00,0.00,0.00,4.00,7.00,1860.00,0.00,1966.00,0.00,98059.00,47.48,-122.11,1860.00,17820.00
3126049217.00,20150225T000000,322000.00,3.00,1.00,1380.00,5864.00,1.00,0.00,0.00,3.00,7.00,790.00,590.00,1944.00,0.00,98133.00,47.70,-122.34,1509.00,5864.00
7446500010.00,20150507T000000,664500.00,4.00,2.25,3070.00,9210.00,2.00,0.00,0.00,3.00,8.00,2740.00,330.00,2010.00,0.00,98011.00,47.76,-122.20,2580.00,9660.00
2721600010.00,20150107T000000,988000.00,3.00,1.75,2190.00,3800.00,1.50,0.00,2.00,4.00,8.00,2190.00,0.00,1923.00,0.00,98109.00,47.64,-122.36,2190.00,3880.00
3392900080.00,20140706T000000,625000.00,2.00,1.75,1990.00,4000.00,1.00,0.00,0.00,5.00,7.00,1090.00,900.00,1952.00,0.00,98103.00,47.69,-122.34,1270.00,5700.00
1524059027.00,20140506T000000,675000.00,2.00,1.00,930.00,36478.00,1.00,0.00,2.00,3.00,6.00,930.00,0.00,1951.00,0.00,98006.00,47.57,-122.16,2800.00,11141.00
9414500480.00,20150407T000000,503000.00,3.00,1.75,2070.00,9827.00,1.00,0.00,0.00,4.00,7.00,1420.00,650.00,1967.00,0.00,98027.00,47.52,-122.05,2150.00,9827.00
8576400050.00,20140509T000000,431000.00,4.00,2.25,2170.00,10500.00,1.00,0.00,2.00,4.00,8.00,1270.00,900.00,1960.00,0.00,98166.00,47.44,-122.34,2080.00,11019.00
5252000170.00,20141126T000000,250000.00,3.00,1.75,1910.00,10230.00,1.00,0.00,0.00,4.00,7.00,1290.00,620.00,1964.00,0.00,98031.00,47.42,-122.21,1590.00,10800.00
2676500080.00,20140605T000000,268500.00,4.00,2.50,2100.00,4237.00,2.00,0.00,0.00,3.00,8.00,2100.00,0.00,2006.00,0.00,98031.00,47.39,-122.17,2100.00,4575.00
3585900080.00,20150326T000000,1070000.00,6.00,3.25,3560.00,21400.00,2.00,0.00,4.00,4.00,9.00,3560.00,0.00,1952.00,0.00,98177.00,47.76,-122.37,3560.00,24338.00
5126900321.00,20140529T000000,295000.00,4.00,2.50,2290.00,4539.00,2.00,0.00,0.00,3.00,7.00,2290.00,0.00,2001.00,0.00,98058.00,47.48,-122.17,1710.00,7200.00
8563500020.00,20140725T000000,780000.00,3.00,2.25,2130.00,11782.00,1.00,0.00,0.00,4.00,8.00,1590.00,540.00,1977.00,0.00,98040.00,47.54,-122.22,2700.00,11782.00
6624030050.00,20150428T000000,354000.00,3.00,2.50,2160.00,15817.00,2.00,0.00,0.00,3.00,8.00,2160.00,0.00,1999.00,0.00,98031.00,47.42,-122.18,1990.00,15817.00
4343800080.00,20140818T000000,305000.00,2.00,1.00,860.00,7250.00,1.00,0.00,0.00,3.00,6.00,860.00,0.00,1949.00,0.00,98133.00,47.72,-122.35,1270.00,7250.00
1873100050.00,20150401T000000,733000.00,5.00,2.75,2880.00,4425.00,2.00,0.00,0.00,3.00,8.00,2880.00,0.00,2005.00,0.00,98052.00,47.70,-122.11,2940.00,6581.00
3210700380.00,20140916T000000,640000.00,4.00,2.75,2100.00,11894.00,1.00,0.00,0.00,4.00,8.00,1720.00,380.00,1968.00,0.00,98004.00,47.60,-122.19,2390.00,9450.00
4099500605.00,20150417T000000,840000.00,4.00,2.50,2360.00,9600.00,1.00,0.00,2.00,3.00,8.00,1630.00,730.00,1973.00,0.00,98040.00,47.59,-122.25,2140.00,6300.00
4217401365.00,20141210T000000,1475000.00,5.00,3.25,3680.00,10300.00,1.50,0.00,0.00,4.00,10.00,3680.00,0.00,1927.00,0.00,98105.00,47.65,-122.28,2690.00,7200.00
923000095.00,20150326T000000,525000.00,3.00,1.00,1560.00,8100.00,1.00,0.00,0.00,4.00,8.00,1140.00,420.00,1952.00,0.00,98177.00,47.73,-122.36,2130.00,8100.00
1828000050.00,20140514T000000,625000.00,4.00,2.75,1680.00,11180.00,1.00,0.00,0.00,4.00,7.00,1680.00,0.00,1966.00,0.00,98052.00,47.66,-122.13,2400.00,9627.00
9126100346.00,20140617T000000,350000.00,3.00,2.00,1380.00,3600.00,3.00,0.00,0.00,3.00,8.00,1380.00,0.00,2015.00,0.00,98122.00,47.61,-122.31,1480.00,3600.00
2919201365.00,20140616T000000,650000.00,4.00,2.75,2610.00,4160.00,3.00,0.00,0.00,5.00,8.00,1910.00,700.00,1910.00,0.00,98103.00,47.69,-122.36,1470.00,4140.00
9297300500.00,20141023T000000,435000.00,2.00,1.00,870.00,4000.00,1.00,0.00,2.00,3.00,7.00,870.00,0.00,1950.00,0.00,98126.00,47.57,-122.37,1690.00,4000.00
6073200010.00,20140626T000000,660000.00,3.00,1.00,1210.00,9622.00,1.00,0.00,1.00,3.00,8.00,1210.00,0.00,1955.00,2009.00,98006.00,47.57,-122.18,1580.00,9714.00
8807810660.00,20150302T000000,350000.00,3.00,1.00,1150.00,12877.00,1.00,0.00,0.00,4.00,6.00,1150.00,0.00,1970.00,0.00,98053.00,47.66,-122.06,1490.00,12150.00
2112700185.00,20150325T000000,435000.00,3.00,2.50,3110.00,6000.00,1.00,0.00,2.00,3.00,8.00,1560.00,1550.00,1967.00,0.00,98106.00,47.53,-122.35,2060.00,6000.00
1789800020.00,20140603T000000,375900.00,6.00,1.50,2550.00,33740.00,1.00,0.00,0.00,4.00,8.00,1750.00,800.00,1958.00,0.00,98023.00,47.32,-122.36,2010.00,28200.00
3275300050.00,20141124T000000,272000.00,3.00,3.00,2430.00,10500.00,1.00,0.00,0.00,4.00,8.00,2150.00,280.00,1983.00,0.00,98003.00,47.26,-122.31,1670.00,9800.00
3279000420.00,20150115T000000,233000.00,3.00,1.75,1460.00,7800.00,1.00,0.00,0.00,2.00,7.00,1040.00,420.00,1979.00,0.00,98023.00,47.30,-122.38,1310.00,7865.00
952001660.00,20140916T000000,500000.00,4.00,1.50,1330.00,5750.00,1.50,0.00,2.00,3.00,7.00,1330.00,0.00,1915.00,0.00,98116.00,47.57,-122.38,1360.00,5750.00
4023500362.00,20150402T000000,540000.00,4.00,1.75,2040.00,9322.00,1.00,0.00,0.00,3.00,8.00,1440.00,600.00,1977.00,0.00,98155.00,47.76,-122.30,1910.00,10026.00
9510910050.00,20140701T000000,712000.00,3.00,2.50,2375.00,4094.00,2.00,0.00,0.00,3.00,9.00,2375.00,0.00,2002.00,0.00,98052.00,47.66,-122.09,2095.00,4442.00
1137400050.00,20140925T000000,425000.00,4.00,2.50,2480.00,4504.00,2.00,0.00,0.00,3.00,7.00,2480.00,0.00,2005.00,0.00,98059.00,47.50,-122.15,2950.00,4504.00
8864000425.00,20140805T000000,242000.00,3.00,1.75,1580.00,6099.00,1.00,0.00,0.00,5.00,7.00,790.00,790.00,1944.00,0.00,98168.00,47.48,-122.29,1330.00,6099.00
5518800010.00,20140703T000000,515000.00,5.00,3.25,2740.00,9629.00,1.00,0.00,0.00,5.00,7.00,1390.00,1350.00,1977.00,0.00,98011.00,47.76,-122.20,2150.00,10500.00
3204800430.00,20140708T000000,415000.00,4.00,1.75,1920.00,7700.00,2.00,0.00,0.00,4.00,7.00,1920.00,0.00,1970.00,0.00,98056.00,47.54,-122.18,1310.00,7700.00
5152960080.00,20141210T000000,375000.00,3.00,2.75,2200.00,9600.00,1.00,0.00,3.00,4.00,8.00,1570.00,630.00,1977.00,0.00,98003.00,47.34,-122.32,2680.00,9896.00
7696500280.00,20141027T000000,182500.00,3.00,1.00,910.00,7194.00,1.00,0.00,0.00,4.00,7.00,910.00,0.00,1971.00,0.00,98001.00,47.33,-122.28,1530.00,7200.00
8643000190.00,20150323T000000,310000.00,3.00,1.50,1860.00,10379.00,1.00,0.00,0.00,3.00,7.00,1240.00,620.00,1963.00,0.00,98198.00,47.40,-122.31,2240.00,11328.00
7625701045.00,20141027T000000,360000.00,3.00,1.75,1510.00,6000.00,1.00,0.00,0.00,3.00,7.00,1060.00,450.00,1947.00,0.00,98136.00,47.55,-122.39,1610.00,6000.00
7202360670.00,20150408T000000,889000.00,4.00,3.50,3920.00,9555.00,2.00,0.00,0.00,3.00,9.00,3920.00,0.00,2004.00,0.00,98053.00,47.68,-122.03,3920.00,8598.00
4305700086.00,20150410T000000,450500.00,2.00,1.00,1330.00,3698.00,1.00,0.00,0.00,3.00,7.00,1330.00,0.00,1952.00,0.00,98117.00,47.69,-122.37,1900.00,5000.00
731500170.00,20150422T000000,342000.00,4.00,2.25,1964.00,3541.00,2.00,0.00,0.00,3.00,9.00,1964.00,0.00,2013.00,0.00,98030.00,47.36,-122.20,1757.00,3547.00
5096300130.00,20140714T000000,413000.00,3.00,2.00,1520.00,3451.00,1.00,0.00,0.00,3.00,8.00,1520.00,0.00,1996.00,0.00,98177.00,47.78,-122.38,1800.00,3451.00
1441600020.00,20140527T000000,960000.00,5.00,4.00,3720.00,15200.00,2.00,0.00,0.00,3.00,10.00,3720.00,0.00,2005.00,0.00,98075.00,47.60,-122.03,4100.00,19036.00
6163900073.00,20140905T000000,180000.00,2.00,1.00,770.00,9370.00,1.00,0.00,0.00,3.00,7.00,770.00,0.00,1947.00,0.00,98155.00,47.76,-122.32,1060.00,9352.00
5581400080.00,20140618T000000,770000.00,4.00,2.50,3210.00,14910.00,2.00,0.00,0.00,3.00,10.00,3210.00,0.00,1995.00,0.00,98074.00,47.61,-122.06,3280.00,14910.00
8100000080.00,20140813T000000,224400.00,3.00,1.75,1070.00,7200.00,1.00,0.00,0.00,3.00,7.00,1070.00,0.00,1994.00,0.00,98010.00,47.31,-122.02,1280.00,7200.00
5379806590.00,20150430T000000,280000.00,3.00,1.50,1430.00,8861.00,1.00,0.00,0.00,3.00,7.00,1430.00,0.00,1956.00,0.00,98188.00,47.45,-122.29,1080.00,9425.00
9286100250.00,20150319T000000,500000.00,3.00,2.50,1670.00,2575.00,2.00,0.00,0.00,3.00,8.00,1670.00,0.00,2000.00,0.00,98027.00,47.53,-122.05,1670.00,2897.00
4337600005.00,20150203T000000,153000.00,2.00,1.00,710.00,9000.00,1.00,0.00,0.00,5.00,6.00,710.00,0.00,1943.00,0.00,98166.00,47.48,-122.34,1230.00,9000.00
3645100280.00,20140613T000000,385000.00,3.00,2.25,1920.00,4833.00,1.00,0.00,0.00,4.00,7.00,1060.00,860.00,1921.00,0.00,98133.00,47.71,-122.35,1580.00,5134.00
6170900190.00,20140819T000000,325000.00,2.00,1.00,750.00,5534.00,1.00,0.00,0.00,3.00,7.00,750.00,0.00,1947.00,0.00,98177.00,47.70,-122.36,1050.00,5534.00
8581400345.00,20150409T000000,315000.00,4.00,3.00,2210.00,4191.00,2.00,0.00,0.00,3.00,7.00,2210.00,0.00,2004.00,0.00,98002.00,47.30,-122.23,890.00,4288.00
4345300050.00,20140617T000000,294999.00,4.00,2.50,1660.00,9760.00,2.00,0.00,0.00,3.00,7.00,1660.00,0.00,1994.00,0.00,98030.00,47.36,-122.19,1580.00,9614.00
6143000020.00,20141027T000000,175000.00,3.00,1.75,1910.00,17003.00,1.50,0.00,0.00,4.00,8.00,1910.00,0.00,1963.00,0.00,98001.00,47.31,-122.28,1820.00,14806.00
6143000020.00,20150406T000000,299000.00,3.00,1.75,1910.00,17003.00,1.50,0.00,0.00,4.00,8.00,1910.00,0.00,1963.00,0.00,98001.00,47.31,-122.28,1820.00,14806.00
111000190.00,20150209T000000,146000.00,2.00,1.00,780.00,9750.00,1.00,0.00,0.00,3.00,6.00,780.00,0.00,1937.00,0.00,98168.00,47.48,-122.32,1670.00,9750.00
5306100255.00,20141105T000000,290000.00,3.00,2.25,1650.00,10336.00,1.00,0.00,0.00,3.00,7.00,1500.00,150.00,1962.00,0.00,98133.00,47.78,-122.35,1420.00,10260.00
1370803180.00,20140808T000000,1776000.00,3.00,3.25,3230.00,7800.00,2.00,0.00,3.00,3.00,10.00,3230.00,0.00,2005.00,0.00,98199.00,47.63,-122.40,3030.00,6600.00
5249803745.00,20140529T000000,367500.00,2.00,1.00,810.00,4800.00,1.00,0.00,0.00,3.00,6.00,810.00,0.00,1919.00,0.00,98118.00,47.56,-122.27,1040.00,4800.00
2787250080.00,20150327T000000,535000.00,4.00,2.50,2750.00,15099.00,2.00,0.00,0.00,3.00,8.00,2750.00,0.00,1994.00,0.00,98019.00,47.73,-121.97,2500.00,14564.00
8656300345.00,20140805T000000,334999.00,3.00,2.50,1650.00,13816.00,2.00,0.00,0.00,3.00,7.00,1650.00,0.00,1998.00,0.00,98014.00,47.66,-121.91,1630.00,18750.00
582000185.00,20140821T000000,655000.00,3.00,1.75,1960.00,5520.00,1.00,0.00,0.00,4.00,7.00,1080.00,880.00,1952.00,0.00,98199.00,47.65,-122.40,1720.00,5760.00
191100235.00,20140603T000000,1298000.00,4.00,3.50,2790.00,10125.00,1.50,0.00,0.00,5.00,8.00,2790.00,0.00,1985.00,0.00,98040.00,47.57,-122.22,2570.00,10125.00
6662410250.00,20150321T000000,480000.00,4.00,2.25,2230.00,11200.00,1.00,0.00,0.00,4.00,7.00,1300.00,930.00,1977.00,0.00,98011.00,47.77,-122.17,2090.00,10563.00
1053000010.00,20150421T000000,465000.00,3.00,1.50,1280.00,4720.00,1.00,0.00,0.00,4.00,7.00,850.00,430.00,1941.00,0.00,98126.00,47.55,-122.38,1280.00,4720.00
2473100635.00,20140508T000000,297950.00,3.00,2.00,1240.00,10800.00,1.00,0.00,0.00,3.00,7.00,1240.00,0.00,1967.00,2010.00,98058.00,47.45,-122.16,1480.00,8840.00
7960100050.00,20150415T000000,590000.00,3.00,2.00,1860.00,3600.00,1.50,0.00,0.00,3.00,7.00,1110.00,750.00,1915.00,0.00,98122.00,47.61,-122.30,1680.00,3695.00
1177000130.00,20140522T000000,805000.00,4.00,2.75,2410.00,6000.00,1.00,0.00,0.00,5.00,8.00,1410.00,1000.00,1950.00,0.00,98107.00,47.67,-122.40,1760.00,6000.00
8732160250.00,20150120T000000,204250.00,3.00,2.25,1960.00,7708.00,1.00,0.00,0.00,4.00,7.00,1490.00,470.00,1984.00,0.00,98023.00,47.30,-122.37,1580.00,8063.00
3905100630.00,20140716T000000,500000.00,3.00,2.25,1710.00,4561.00,2.00,0.00,0.00,4.00,8.00,1710.00,0.00,1994.00,0.00,98029.00,47.57,-122.00,1810.00,4770.00
5469501410.00,20140917T000000,490000.00,4.00,2.50,3480.00,12696.00,1.00,0.00,0.00,4.00,9.00,1980.00,1500.00,1977.00,0.00,98042.00,47.38,-122.15,3480.00,14175.00
4107100190.00,20150324T000000,2500000.00,4.00,3.75,3480.00,14850.00,1.00,0.00,4.00,3.00,9.00,1870.00,1610.00,1951.00,2013.00,98004.00,47.62,-122.22,4780.00,18480.00
5215200050.00,20140729T000000,750000.00,3.00,2.50,2960.00,69351.00,2.00,1.00,3.00,4.00,9.00,2960.00,0.00,1990.00,0.00,98070.00,47.40,-122.42,2350.00,41433.00
4027700006.00,20150409T000000,405000.00,4.00,2.50,2670.00,20894.00,2.00,0.00,0.00,3.00,9.00,2330.00,340.00,2002.00,0.00,98155.00,47.77,-122.28,2440.00,15815.00
421000500.00,20140721T000000,209995.00,2.00,1.00,700.00,7303.00,1.00,0.00,0.00,5.00,5.00,700.00,0.00,1953.00,0.00,98056.00,47.49,-122.17,960.00,6060.00
305010190.00,20141016T000000,680000.00,4.00,2.50,2830.00,8399.00,2.00,0.00,0.00,3.00,9.00,2830.00,0.00,1998.00,0.00,98075.00,47.59,-122.03,2520.00,6890.00
751000190.00,20141002T000000,355000.00,3.00,1.75,1120.00,7740.00,1.00,0.00,0.00,4.00,6.00,860.00,260.00,1948.00,0.00,98125.00,47.71,-122.29,1240.00,7740.00
1446400715.00,20150422T000000,280000.00,2.00,1.00,1310.00,6600.00,1.00,0.00,0.00,3.00,6.00,1310.00,0.00,1942.00,0.00,98168.00,47.48,-122.33,1240.00,6600.00
4027701284.00,20140605T000000,385000.00,3.00,2.25,1710.00,11500.00,1.00,0.00,0.00,3.00,7.00,1210.00,500.00,1978.00,0.00,98028.00,47.77,-122.27,1800.00,11500.00
6072000380.00,20140701T000000,505000.00,4.00,2.75,2200.00,9778.00,1.00,0.00,0.00,4.00,8.00,1100.00,1100.00,1962.00,0.00,98006.00,47.55,-122.18,2140.00,11321.00
7212651100.00,20140822T000000,429900.00,4.00,3.25,3310.00,8897.00,2.00,0.00,0.00,3.00,9.00,2380.00,930.00,1991.00,0.00,98003.00,47.27,-122.31,2490.00,8638.00
6977000080.00,20140721T000000,560000.00,4.00,2.50,2280.00,9874.00,2.00,0.00,0.00,3.00,9.00,2280.00,0.00,1989.00,0.00,98034.00,47.71,-122.23,2670.00,9782.00
8651440780.00,20140929T000000,231000.00,3.00,2.00,1640.00,4875.00,1.00,0.00,0.00,4.00,7.00,1040.00,600.00,1977.00,0.00,98042.00,47.37,-122.09,1640.00,5200.00
3298701025.00,20150427T000000,135000.00,2.00,1.00,750.00,5217.00,1.00,0.00,0.00,4.00,6.00,750.00,0.00,1943.00,0.00,98106.00,47.52,-122.35,760.00,4440.00
475000605.00,20140623T000000,800000.00,4.00,3.00,3520.00,4895.00,1.00,0.00,0.00,3.00,8.00,1980.00,1540.00,1954.00,0.00,98107.00,47.67,-122.36,1570.00,2153.00
1023059430.00,20141220T000000,420000.00,3.00,2.50,2720.00,8622.00,2.00,0.00,0.00,3.00,8.00,2720.00,0.00,2002.00,0.00,98059.00,47.50,-122.16,1950.00,8603.00
3760000020.00,20141022T000000,360000.00,3.00,1.00,1660.00,9600.00,1.00,0.00,0.00,3.00,7.00,1660.00,0.00,1963.00,0.00,98034.00,47.71,-122.22,2020.00,9600.00
3905090080.00,20140530T000000,642000.00,4.00,2.50,2560.00,8780.00,2.00,0.00,0.00,3.00,9.00,2560.00,0.00,1992.00,0.00,98029.00,47.57,-121.99,2780.00,8357.00
339600290.00,20150406T000000,379950.00,3.00,2.00,1080.00,5077.00,1.00,0.00,0.00,3.00,7.00,1080.00,0.00,1985.00,0.00,98052.00,47.68,-122.10,1070.00,3471.00
9542400010.00,20140711T000000,745000.00,3.00,1.75,2050.00,11041.00,1.50,0.00,0.00,5.00,9.00,2050.00,0.00,1959.00,0.00,98005.00,47.60,-122.17,2530.00,11041.00
1498303895.00,20140729T000000,630000.00,4.00,2.00,2670.00,3240.00,1.50,0.00,0.00,4.00,9.00,1780.00,890.00,1930.00,0.00,98144.00,47.58,-122.29,1820.00,4000.00
739820050.00,20150505T000000,250000.00,3.00,2.50,1730.00,7200.00,2.00,0.00,0.00,4.00,7.00,1730.00,0.00,1985.00,0.00,98031.00,47.40,-122.20,1770.00,7396.00
9238450430.00,20140624T000000,275000.00,3.00,1.00,990.00,9798.00,1.00,0.00,0.00,3.00,7.00,990.00,0.00,1968.00,0.00,98072.00,47.77,-122.16,1210.00,9870.00
3336000050.00,20150501T000000,435000.00,6.00,3.00,3560.00,4290.00,1.00,0.00,0.00,4.00,7.00,1780.00,1780.00,1957.00,0.00,98118.00,47.53,-122.27,3040.00,6000.00
5269200050.00,20150305T000000,175000.00,2.00,1.00,700.00,8174.00,1.00,0.00,0.00,3.00,5.00,700.00,0.00,1941.00,0.00,98146.00,47.51,-122.35,1250.00,8046.00
1982200430.00,20140612T000000,560000.00,4.00,1.75,1880.00,3880.00,1.50,0.00,0.00,4.00,7.00,1090.00,790.00,1944.00,0.00,98107.00,47.66,-122.36,1390.00,3880.00
3763300005.00,20140520T000000,325000.00,4.00,2.25,1870.00,9680.00,1.00,0.00,0.00,4.00,7.00,1170.00,700.00,1959.00,0.00,98034.00,47.72,-122.23,2000.00,9790.00
1336800185.00,20140617T000000,1185000.00,3.00,2.75,2500.00,5568.00,2.00,0.00,0.00,5.00,9.00,2500.00,0.00,1905.00,0.00,98112.00,47.63,-122.31,2810.00,5568.00
1561910190.00,20140627T000000,399950.00,3.00,2.50,2570.00,10431.00,2.00,0.00,0.00,3.00,9.00,2570.00,0.00,1989.00,0.00,98031.00,47.42,-122.21,2590.00,10078.00
5415350480.00,20140617T000000,752000.00,4.00,2.50,2940.00,10382.00,2.00,0.00,0.00,4.00,9.00,2940.00,0.00,1991.00,0.00,98059.00,47.53,-122.15,2980.00,10547.00
1126059108.00,20150423T000000,1200000.00,4.00,3.50,3930.00,43560.00,2.00,0.00,0.00,3.00,10.00,3930.00,0.00,2003.00,0.00,98072.00,47.75,-122.12,2860.00,36460.00
3818700185.00,20140925T000000,400000.00,4.00,1.50,2150.00,11026.00,1.00,0.00,0.00,4.00,7.00,2150.00,0.00,1952.00,0.00,98028.00,47.76,-122.26,1760.00,10283.00
7883601155.00,20140530T000000,240000.00,3.00,2.00,1330.00,6000.00,1.00,0.00,0.00,4.00,7.00,630.00,700.00,1900.00,0.00,98108.00,47.53,-122.33,1140.00,6000.00
7559600430.00,20141111T000000,640000.00,5.00,2.50,3220.00,4759.00,2.00,0.00,0.00,3.00,8.00,3220.00,0.00,2003.00,0.00,98075.00,47.60,-122.03,2550.00,4759.00
3449820380.00,20150402T000000,564450.00,3.00,2.50,2710.00,6174.00,2.00,0.00,0.00,3.00,9.00,2710.00,0.00,1998.00,0.00,98056.00,47.51,-122.17,2730.00,7266.00
1523069022.00,20150506T000000,300000.00,3.00,1.50,1630.00,82764.00,1.00,0.00,0.00,4.00,6.00,1630.00,0.00,1948.00,0.00,98027.00,47.47,-122.03,1680.00,199069.00
7569450480.00,20150317T000000,286000.00,3.00,2.50,1680.00,4226.00,2.00,0.00,0.00,3.00,8.00,1680.00,0.00,2003.00,0.00,98042.00,47.37,-122.12,1800.00,5559.00
7202340190.00,20150219T000000,531800.00,3.00,2.50,1930.00,5344.00,2.00,0.00,0.00,3.00,7.00,1930.00,0.00,2004.00,0.00,98053.00,47.68,-122.03,2410.00,5080.00
8651710190.00,20141024T000000,502000.00,4.00,2.25,2140.00,10943.00,1.00,0.00,0.00,3.00,7.00,1550.00,590.00,1977.00,0.00,98034.00,47.73,-122.22,2350.00,9000.00
5450900010.00,20140821T000000,993500.00,4.00,2.25,4070.00,23321.00,2.00,0.00,0.00,4.00,10.00,4070.00,0.00,1968.00,0.00,98040.00,47.56,-122.22,2820.00,10871.00
2201500980.00,20141020T000000,450000.00,3.00,1.00,1350.00,10000.00,1.00,0.00,0.00,4.00,7.00,1350.00,0.00,1954.00,0.00,98006.00,47.57,-122.13,1450.00,10000.00
2624079028.00,20141027T000000,997950.00,4.00,3.50,4270.00,117176.00,2.00,0.00,0.00,3.00,9.00,4270.00,0.00,2008.00,0.00,98024.00,47.54,-121.88,2610.00,5251.00
3095000185.00,20141013T000000,526000.00,3.00,1.00,1320.00,5250.00,1.50,0.00,0.00,5.00,7.00,1320.00,0.00,1913.00,0.00,98126.00,47.56,-122.38,1490.00,5250.00
4476400275.00,20150114T000000,335000.00,3.00,1.75,2100.00,8298.00,1.00,0.00,0.00,4.00,7.00,1230.00,870.00,1952.00,0.00,98166.00,47.46,-122.36,1700.00,10830.00
8018600980.00,20141203T000000,187250.00,2.00,1.00,710.00,14700.00,1.00,0.00,0.00,5.00,6.00,710.00,0.00,1926.00,0.00,98168.00,47.49,-122.32,1320.00,14700.00
7173700591.00,20140811T000000,735000.00,3.00,2.25,2350.00,6000.00,1.00,0.00,0.00,5.00,7.00,1020.00,1330.00,1948.00,0.00,98115.00,47.68,-122.31,1570.00,5000.00
2568800290.00,20150218T000000,425000.00,3.00,1.00,1180.00,8400.00,1.00,0.00,0.00,3.00,7.00,1180.00,0.00,1951.00,0.00,98125.00,47.70,-122.30,1740.00,7020.00
5111400086.00,20140512T000000,110000.00,3.00,1.00,1250.00,53143.00,1.00,0.00,0.00,5.00,6.00,1250.00,0.00,1945.00,0.00,98038.00,47.42,-122.05,1820.00,217800.00
1079350020.00,20140821T000000,305000.00,3.00,2.00,1490.00,7697.00,1.00,0.00,0.00,3.00,7.00,1490.00,0.00,1994.00,0.00,98059.00,47.49,-122.16,1540.00,7529.00
88000591.00,20150414T000000,212000.00,3.00,1.00,1000.00,9450.00,1.00,0.00,0.00,3.00,6.00,1000.00,0.00,1962.00,0.00,98055.00,47.46,-122.19,1300.00,13500.00
2524049108.00,20150512T000000,1380000.00,5.00,4.25,4050.00,18827.00,1.00,0.00,2.00,4.00,10.00,2150.00,1900.00,1979.00,0.00,98040.00,47.53,-122.24,3600.00,25120.00
1552800280.00,20140918T000000,298950.00,5.00,2.25,2300.00,11505.00,1.00,0.00,0.00,3.00,8.00,1300.00,1000.00,1963.00,0.00,98030.00,47.38,-122.22,2350.00,11505.00
2423020010.00,20150316T000000,525000.00,3.00,1.75,1330.00,8136.00,1.00,0.00,0.00,4.00,7.00,1330.00,0.00,1977.00,0.00,98033.00,47.70,-122.17,1330.00,8136.00
629410130.00,20140514T000000,707000.00,4.00,3.25,3200.00,7081.00,2.00,0.00,0.00,3.00,9.00,3200.00,0.00,2004.00,0.00,98075.00,47.59,-121.99,3120.00,6094.00
4139440480.00,20140626T000000,695000.00,3.00,2.75,2590.00,12063.00,2.00,0.00,0.00,3.00,10.00,2590.00,0.00,1993.00,0.00,98006.00,47.55,-122.12,2850.00,8469.00
4139440480.00,20141201T000000,796500.00,3.00,2.75,2590.00,12063.00,2.00,0.00,0.00,3.00,10.00,2590.00,0.00,1993.00,0.00,98006.00,47.55,-122.12,2850.00,8469.00
7016300050.00,20140723T000000,420000.00,4.00,2.50,2030.00,8100.00,1.00,0.00,0.00,3.00,7.00,1150.00,880.00,1973.00,0.00,98034.00,47.74,-122.19,1770.00,8071.00
3425059099.00,20140625T000000,625000.00,5.00,2.50,2700.00,21208.00,1.00,0.00,0.00,4.00,8.00,1950.00,750.00,1955.00,0.00,98005.00,47.61,-122.15,2550.00,20409.00
9541600280.00,20140823T000000,620000.00,3.00,1.75,1670.00,9900.00,1.00,0.00,0.00,4.00,8.00,1670.00,0.00,1957.00,0.00,98005.00,47.60,-122.17,2410.00,8800.00
3025300225.00,20141031T000000,1450000.00,5.00,2.75,3090.00,19865.00,1.00,0.00,0.00,4.00,9.00,3090.00,0.00,1953.00,0.00,98039.00,47.62,-122.24,2970.00,19862.00
7214770020.00,20150409T000000,549950.00,5.00,2.50,2650.00,54380.00,2.00,0.00,0.00,3.00,9.00,2650.00,0.00,1984.00,0.00,98077.00,47.77,-122.08,2560.00,49044.00
7227801630.00,20150227T000000,275000.00,4.00,2.00,1440.00,10920.00,1.00,0.00,0.00,3.00,5.00,1440.00,0.00,1943.00,0.00,98056.00,47.50,-122.18,1500.00,11902.00
7284900098.00,20140924T000000,705000.00,3.00,2.50,2820.00,7200.00,1.00,0.00,3.00,3.00,9.00,1780.00,1040.00,1979.00,0.00,98177.00,47.77,-122.39,2300.00,7200.00
7696630080.00,20140506T000000,197000.00,3.00,1.75,1690.00,7735.00,1.00,0.00,0.00,4.00,7.00,1060.00,630.00,1976.00,0.00,98001.00,47.33,-122.28,1580.00,7503.00
3235390010.00,20150505T000000,265000.00,3.00,1.75,1420.00,8126.00,1.00,0.00,0.00,3.00,8.00,1420.00,0.00,1991.00,0.00,98031.00,47.39,-122.19,1730.00,7954.00
2966800010.00,20141120T000000,297000.00,4.00,1.75,1790.00,5341.00,1.00,0.00,0.00,4.00,7.00,1050.00,740.00,1951.00,0.00,98166.00,47.47,-122.36,1540.00,6916.00
6600410290.00,20140819T000000,207500.00,3.00,1.75,1320.00,12528.00,1.00,0.00,0.00,4.00,7.00,1320.00,0.00,1970.00,0.00,98042.00,47.32,-122.14,1340.00,11039.00
6300500479.00,20140819T000000,410000.00,3.00,2.50,1509.00,1418.00,3.00,0.00,0.00,3.00,8.00,1509.00,0.00,2014.00,0.00,98133.00,47.70,-122.34,1509.00,1991.00
1450900020.00,20141003T000000,268000.00,3.00,2.00,1610.00,8416.00,1.00,0.00,0.00,3.00,7.00,1610.00,0.00,1994.00,0.00,98031.00,47.40,-122.19,1600.00,8308.00
1284000010.00,20140805T000000,330000.00,4.00,1.75,1550.00,50094.00,1.00,0.00,3.00,4.00,6.00,1550.00,0.00,1967.00,0.00,98022.00,47.22,-122.06,1720.00,50094.00
3626039028.00,20140818T000000,417500.00,3.00,1.00,1160.00,7491.00,1.00,0.00,0.00,4.00,6.00,1160.00,0.00,1917.00,0.00,98177.00,47.70,-122.36,1800.00,2267.00
7856560380.00,20140804T000000,760000.00,4.00,2.25,2500.00,8500.00,2.00,0.00,0.00,4.00,8.00,2500.00,0.00,1979.00,0.00,98006.00,47.56,-122.15,2470.00,9100.00
2770604346.00,20140705T000000,499000.00,3.00,2.50,1540.00,1326.00,3.00,0.00,0.00,3.00,8.00,1390.00,150.00,1995.00,0.00,98119.00,47.65,-122.37,1680.00,1592.00
9202650130.00,20140618T000000,620000.00,4.00,2.50,1910.00,7683.00,2.00,0.00,0.00,3.00,8.00,1910.00,0.00,1987.00,0.00,98027.00,47.56,-122.09,1980.00,8485.00
8700100010.00,20140710T000000,315000.00,3.00,2.50,2340.00,6837.00,2.00,0.00,0.00,3.00,7.00,2340.00,0.00,1992.00,0.00,98030.00,47.36,-122.19,1850.00,6209.00
4045750010.00,20150409T000000,624950.00,3.00,2.50,2060.00,4730.00,2.00,0.00,0.00,4.00,8.00,2060.00,0.00,1994.00,0.00,98033.00,47.69,-122.18,1980.00,5010.00
5706201470.00,20150428T000000,525000.00,3.00,2.25,1960.00,12350.00,1.00,0.00,0.00,4.00,7.00,1960.00,0.00,1961.00,0.00,98027.00,47.52,-122.05,1920.00,13608.00
8835210130.00,20140808T000000,300000.00,2.00,1.50,1150.00,3927.00,2.00,0.00,0.00,3.00,7.00,1150.00,0.00,1982.00,0.00,98034.00,47.72,-122.16,1400.00,3425.00
8731990440.00,20150310T000000,299900.00,4.00,2.75,2330.00,7200.00,1.00,0.00,0.00,4.00,8.00,1560.00,770.00,1977.00,0.00,98023.00,47.32,-122.39,2350.00,7600.00
5540000050.00,20140612T000000,299000.00,3.00,2.50,2210.00,10119.00,1.00,0.00,0.00,4.00,7.00,1450.00,760.00,1966.00,0.00,98030.00,47.38,-122.22,2110.00,10119.00
2470200020.00,20140514T000000,1880000.00,4.00,2.75,3260.00,19542.00,1.00,0.00,0.00,4.00,10.00,2170.00,1090.00,1968.00,0.00,98039.00,47.62,-122.24,3480.00,19863.00
9500900430.00,20140613T000000,265000.00,4.00,1.75,1900.00,10588.00,1.00,0.00,0.00,5.00,6.00,1900.00,0.00,1958.00,0.00,98002.00,47.29,-122.21,1530.00,10587.00
3024089049.00,20140609T000000,280000.00,2.00,1.75,1610.00,158558.00,1.50,0.00,0.00,2.00,6.00,1610.00,0.00,1948.00,0.00,98065.00,47.53,-121.84,1800.00,3572.00
6600410170.00,20140528T000000,124740.00,3.00,1.00,1340.00,15600.00,1.00,0.00,0.00,4.00,6.00,1340.00,0.00,1978.00,0.00,98042.00,47.32,-122.14,1320.00,9800.00
7796000095.00,20150106T000000,1085000.00,3.00,2.75,3170.00,34850.00,1.00,0.00,0.00,5.00,9.00,3170.00,0.00,1957.00,0.00,98033.00,47.66,-122.17,3920.00,36740.00
1338600225.00,20140528T000000,1970000.00,8.00,3.50,4440.00,6480.00,2.00,0.00,3.00,5.00,10.00,3140.00,1300.00,1959.00,0.00,98112.00,47.63,-122.30,4440.00,8640.00
316000190.00,20150215T000000,219000.00,4.00,1.00,1370.00,5339.00,1.50,0.00,0.00,4.00,6.00,1370.00,0.00,1948.00,0.00,98168.00,47.50,-122.30,1280.00,7048.00
9276200190.00,20150416T000000,569950.00,5.00,1.00,1420.00,6250.00,1.50,0.00,0.00,4.00,8.00,1420.00,0.00,1926.00,0.00,98116.00,47.58,-122.39,1420.00,6250.00
1447600285.00,20140609T000000,212500.00,2.00,2.00,1030.00,21712.00,1.00,0.00,0.00,4.00,6.00,1030.00,0.00,1938.00,0.00,98168.00,47.49,-122.33,1790.00,9199.00
5307100280.00,20140811T000000,680000.00,3.00,2.25,1820.00,8316.00,1.00,0.00,0.00,5.00,7.00,1320.00,500.00,1960.00,0.00,98005.00,47.58,-122.17,1780.00,8400.00
1338800280.00,20140929T000000,1457000.00,4.00,1.50,2650.00,6900.00,2.00,0.00,0.00,4.00,9.00,2400.00,250.00,1909.00,0.00,98112.00,47.63,-122.31,2420.00,6900.00
3211200420.00,20140618T000000,300000.00,3.00,1.00,910.00,7700.00,1.00,0.00,0.00,4.00,7.00,910.00,0.00,1971.00,0.00,98034.00,47.73,-122.24,1250.00,7700.00
2770604082.00,20150310T000000,629950.00,3.00,2.50,1680.00,1683.00,2.00,0.00,0.00,3.00,9.00,1120.00,560.00,2014.00,0.00,98119.00,47.64,-122.37,1610.00,1249.00
7334600280.00,20141202T000000,349900.00,2.00,1.75,1550.00,9230.00,1.00,0.00,0.00,3.00,6.00,970.00,580.00,1969.00,0.00,98045.00,47.47,-121.74,1550.00,10856.00
5406500440.00,20140812T000000,690000.00,4.00,2.50,2780.00,6235.00,2.00,0.00,0.00,3.00,8.00,2780.00,0.00,2001.00,0.00,98075.00,47.60,-122.04,2670.00,4410.00
1235100328.00,20150225T000000,1454000.00,5.00,4.00,4070.00,11334.00,2.00,0.00,0.00,3.00,10.00,4070.00,0.00,2014.00,0.00,98033.00,47.68,-122.19,2640.00,9401.00
4141010050.00,20150121T000000,1288000.00,3.00,2.50,3240.00,12625.00,2.00,0.00,0.00,3.00,11.00,3240.00,0.00,1987.00,0.00,98040.00,47.53,-122.23,3470.00,12331.00
9510310280.00,20140709T000000,696000.00,4.00,3.50,3650.00,38546.00,2.00,0.00,0.00,3.00,9.00,2550.00,1100.00,1996.00,0.00,98045.00,47.48,-121.73,2860.00,34284.00
725069102.00,20150330T000000,650000.00,3.00,2.25,2180.00,60112.00,2.00,0.00,0.00,3.00,8.00,2180.00,0.00,1976.00,0.00,98053.00,47.67,-122.08,2060.00,120225.00
8562901350.00,20140812T000000,640000.00,3.00,3.50,2480.00,10800.00,2.00,0.00,0.00,3.00,8.00,2480.00,0.00,1998.00,0.00,98074.00,47.61,-122.06,2380.00,11310.00
1442700430.00,20140808T000000,499950.00,5.00,2.50,3180.00,23809.00,1.00,0.00,0.00,3.00,9.00,3180.00,0.00,1978.00,0.00,98038.00,47.37,-122.05,2500.00,15778.00
6806300980.00,20141223T000000,490000.00,4.00,2.50,3630.00,8387.00,2.00,0.00,0.00,3.00,10.00,3630.00,0.00,1997.00,0.00,98042.00,47.36,-122.13,3370.00,8869.00
8562740290.00,20141010T000000,685000.00,5.00,2.50,3160.00,5635.00,2.00,0.00,0.00,3.00,9.00,3160.00,0.00,2003.00,0.00,98027.00,47.54,-122.07,3670.00,6087.00
7454001405.00,20150403T000000,387500.00,4.00,1.00,1370.00,7140.00,2.00,0.00,0.00,3.00,6.00,1370.00,0.00,1942.00,0.00,98146.00,47.51,-122.38,1090.00,6300.00
952007141.00,20150421T000000,401750.00,2.00,1.50,1070.00,1236.00,2.00,0.00,0.00,3.00,8.00,1000.00,70.00,2005.00,0.00,98116.00,47.56,-122.38,1170.00,1888.00
1545806720.00,20140826T000000,254950.00,4.00,2.00,2180.00,8800.00,1.00,0.00,0.00,5.00,7.00,1170.00,1010.00,1977.00,0.00,98038.00,47.37,-122.05,1630.00,8800.00
5561300980.00,20150320T000000,500000.00,4.00,2.25,2420.00,36680.00,2.00,0.00,0.00,4.00,8.00,2420.00,0.00,1977.00,0.00,98027.00,47.47,-122.01,2410.00,36680.00
9348700480.00,20140715T000000,856500.00,4.00,2.50,3290.00,8147.00,2.00,0.00,0.00,3.00,10.00,3290.00,0.00,2003.00,0.00,98052.00,47.70,-122.11,3290.00,7467.00
1868900285.00,20140523T000000,552000.00,3.00,1.00,1430.00,5000.00,1.00,0.00,0.00,4.00,6.00,1080.00,350.00,1919.00,0.00,98115.00,47.67,-122.30,1630.00,4600.00
8651720470.00,20140910T000000,506500.00,4.00,2.50,1890.00,7200.00,1.00,0.00,0.00,4.00,7.00,1500.00,390.00,1978.00,0.00,98034.00,47.73,-122.22,2070.00,7200.00
3904950190.00,20140527T000000,500000.00,3.00,2.25,1760.00,4539.00,2.00,0.00,0.00,3.00,8.00,1760.00,0.00,1988.00,0.00,98029.00,47.58,-122.01,1960.00,4808.00
5300200050.00,20140729T000000,280000.00,4.00,2.75,2230.00,10160.00,1.00,0.00,0.00,3.00,7.00,1400.00,830.00,1968.00,0.00,98168.00,47.51,-122.32,1740.00,10080.00
7334501300.00,20150306T000000,308000.00,3.00,1.75,1630.00,11475.00,1.00,0.00,0.00,4.00,7.00,1330.00,300.00,1979.00,0.00,98045.00,47.46,-121.75,1630.00,11475.00
8078350280.00,20150205T000000,613500.00,3.00,2.50,2350.00,7035.00,2.00,0.00,0.00,3.00,8.00,2350.00,0.00,1989.00,0.00,98029.00,47.57,-122.02,2270.00,7192.00
4068300280.00,20140708T000000,255000.00,3.00,1.75,1550.00,9720.00,1.00,0.00,0.00,3.00,7.00,1050.00,500.00,1976.00,0.00,98010.00,47.34,-122.04,1550.00,9750.00
2625079030.00,20141028T000000,545000.00,3.00,2.50,3550.00,136343.00,2.00,0.00,0.00,3.00,10.00,3550.00,0.00,1977.00,0.00,98014.00,47.62,-121.87,3080.00,215186.00
1024069063.00,20140923T000000,620000.00,4.00,2.50,2720.00,34498.00,1.00,0.00,0.00,5.00,7.00,1360.00,1360.00,1966.00,0.00,98075.00,47.58,-122.02,1920.00,22474.00
3624039102.00,20141025T000000,450000.00,3.00,1.75,1740.00,6800.00,1.50,0.00,0.00,4.00,7.00,1740.00,0.00,1949.00,0.00,98126.00,47.53,-122.37,990.00,6800.00
8025700460.00,20150508T000000,279000.00,4.00,1.75,1840.00,7275.00,1.00,0.00,0.00,3.00,7.00,1090.00,750.00,1976.00,0.00,98031.00,47.40,-122.19,1840.00,7275.00
8956000460.00,20150123T000000,625000.00,3.00,2.50,2010.00,3200.00,2.00,0.00,0.00,3.00,9.00,2010.00,0.00,2009.00,0.00,98027.00,47.55,-122.02,2250.00,3200.00
2329800630.00,20140527T000000,274950.00,3.00,1.75,1670.00,7415.00,1.00,0.00,0.00,3.00,7.00,1320.00,350.00,1987.00,0.00,98042.00,47.38,-122.12,1650.00,8585.00
2491200050.00,20141023T000000,423000.00,3.00,1.75,1820.00,6038.00,1.00,0.00,0.00,4.00,7.00,1040.00,780.00,1952.00,0.00,98126.00,47.52,-122.38,1700.00,6040.00
6181700250.00,20150226T000000,350000.00,2.00,1.00,720.00,5820.00,1.00,0.00,1.00,5.00,6.00,720.00,0.00,1950.00,0.00,98028.00,47.76,-122.26,952.00,5820.00
2460500020.00,20150330T000000,305000.00,4.00,1.75,2370.00,10140.00,1.00,0.00,0.00,3.00,7.00,1460.00,910.00,1968.00,0.00,98001.00,47.34,-122.28,1450.00,7800.00
7893801760.00,20141117T000000,368000.00,3.00,1.75,2120.00,11340.00,1.00,0.00,3.00,4.00,7.00,1060.00,1060.00,1966.00,0.00,98198.00,47.41,-122.33,1830.00,8650.00
5259800440.00,20140926T000000,232000.00,3.00,1.75,1290.00,6604.00,1.00,0.00,0.00,3.00,7.00,1290.00,0.00,1984.00,0.00,98023.00,47.32,-122.35,1440.00,6682.00
7338402850.00,20141126T000000,250000.00,4.00,3.00,1800.00,2500.00,2.00,0.00,0.00,3.00,7.00,1800.00,0.00,2000.00,0.00,98108.00,47.53,-122.29,1830.00,6900.00
1423910130.00,20150211T000000,220000.00,3.00,1.75,1230.00,8917.00,1.00,0.00,0.00,4.00,7.00,1230.00,0.00,1966.00,0.00,98058.00,47.45,-122.17,1420.00,7938.00
2769602135.00,20140813T000000,435000.00,3.00,2.00,1380.00,2500.00,1.00,0.00,0.00,3.00,7.00,750.00,630.00,1986.00,0.00,98107.00,47.68,-122.36,1630.00,3800.00
4365200425.00,20140624T000000,350000.00,2.00,1.00,740.00,7680.00,1.00,0.00,0.00,4.00,6.00,740.00,0.00,1922.00,0.00,98126.00,47.52,-122.37,1080.00,7680.00
2473380920.00,20140813T000000,206325.00,5.00,2.50,1720.00,10202.00,1.50,0.00,0.00,3.00,7.00,1720.00,0.00,1970.00,0.00,98058.00,47.46,-122.17,1720.00,8478.00
2473380920.00,20150227T000000,339000.00,5.00,2.50,1720.00,10202.00,1.50,0.00,0.00,3.00,7.00,1720.00,0.00,1970.00,0.00,98058.00,47.46,-122.17,1720.00,8478.00
2787700630.00,20150318T000000,399000.00,4.00,2.50,2100.00,7355.00,1.00,0.00,0.00,5.00,7.00,2100.00,0.00,1969.00,0.00,98059.00,47.51,-122.16,1750.00,7200.00
6917700305.00,20150219T000000,529000.00,2.00,1.00,1210.00,7667.00,1.00,0.00,0.00,3.00,6.00,900.00,310.00,1950.00,0.00,98199.00,47.66,-122.40,1330.00,6462.00
7215720420.00,20150304T000000,640000.00,4.00,2.50,2210.00,7722.00,2.00,0.00,0.00,3.00,9.00,2210.00,0.00,1999.00,0.00,98075.00,47.60,-122.02,2970.00,8683.00
2856100250.00,20141106T000000,735000.00,4.00,2.50,2470.00,2550.00,3.00,0.00,0.00,3.00,8.00,2470.00,0.00,2004.00,0.00,98117.00,47.68,-122.39,1270.00,3060.00
9421500130.00,20140616T000000,378000.00,5.00,2.50,2760.00,8015.00,1.00,0.00,0.00,4.00,8.00,1600.00,1160.00,1960.00,0.00,98125.00,47.73,-122.30,460.00,18000.00
1250201640.00,20140507T000000,775000.00,3.00,2.00,2540.00,7200.00,1.50,0.00,3.00,4.00,8.00,1600.00,940.00,1905.00,0.00,98144.00,47.60,-122.29,2040.00,5900.00
5316100920.00,20140725T000000,2250000.00,3.00,4.25,5150.00,7800.00,2.50,0.00,2.00,3.00,11.00,4170.00,980.00,1954.00,0.00,98112.00,47.63,-122.28,4270.00,7800.00
6813600605.00,20150128T000000,1350000.00,4.00,4.50,3420.00,7440.00,3.00,0.00,0.00,3.00,9.00,3420.00,0.00,2014.00,0.00,98103.00,47.69,-122.33,1360.00,5580.00
1974300020.00,20140827T000000,380000.00,4.00,2.50,2270.00,11500.00,1.00,0.00,0.00,3.00,8.00,1540.00,730.00,1967.00,0.00,98034.00,47.71,-122.24,2020.00,10918.00
1974300020.00,20150218T000000,624900.00,4.00,2.50,2270.00,11500.00,1.00,0.00,0.00,3.00,8.00,1540.00,730.00,1967.00,0.00,98034.00,47.71,-122.24,2020.00,10918.00
3630020380.00,20141107T000000,379770.00,3.00,2.50,1470.00,1779.00,2.00,0.00,0.00,3.00,8.00,1160.00,310.00,2005.00,0.00,98029.00,47.55,-122.00,1470.00,1576.00
1771000290.00,20141203T000000,340000.00,3.00,1.75,1280.00,16200.00,1.00,0.00,0.00,3.00,8.00,1030.00,250.00,1976.00,0.00,98077.00,47.74,-122.07,1160.00,10565.00
5126310470.00,20150115T000000,515500.00,4.00,2.75,2830.00,8126.00,2.00,0.00,0.00,3.00,8.00,2830.00,0.00,2005.00,0.00,98059.00,47.49,-122.14,2830.00,7916.00
1870400605.00,20141117T000000,600000.00,4.00,2.25,1970.00,7125.00,1.50,0.00,0.00,3.00,7.00,1500.00,470.00,1908.00,0.00,98115.00,47.67,-122.29,1980.00,4750.00
4047200825.00,20141011T000000,400000.00,1.00,1.00,1390.00,60984.00,1.00,0.00,0.00,3.00,6.00,1390.00,0.00,1960.00,0.00,98019.00,47.77,-121.90,1620.00,24225.00
7304300430.00,20141201T000000,364000.00,4.00,1.00,1020.00,11383.00,1.50,0.00,0.00,5.00,6.00,1020.00,0.00,1947.00,0.00,98155.00,47.74,-122.32,1290.00,11213.00
8079010190.00,20140626T000000,440000.00,4.00,2.50,2250.00,7526.00,2.00,0.00,0.00,3.00,8.00,2250.00,0.00,1989.00,0.00,98059.00,47.51,-122.15,1980.00,7526.00
1453600182.00,20140528T000000,285000.00,2.00,1.00,800.00,6240.00,1.00,0.00,0.00,3.00,6.00,800.00,0.00,1954.00,0.00,98125.00,47.73,-122.30,1530.00,8000.00
9828700235.00,20150401T000000,669000.00,3.00,1.00,1560.00,4500.00,1.50,0.00,0.00,5.00,7.00,1560.00,0.00,1915.00,0.00,98112.00,47.62,-122.29,1530.00,4500.00
3448002285.00,20140702T000000,475000.00,4.00,2.00,2100.00,13468.00,1.00,0.00,0.00,5.00,7.00,1050.00,1050.00,1962.00,0.00,98125.00,47.71,-122.29,1470.00,8675.00
2513500010.00,20150504T000000,747000.00,2.00,1.00,990.00,4000.00,1.00,0.00,0.00,4.00,7.00,990.00,0.00,1911.00,0.00,98103.00,47.66,-122.34,1560.00,4000.00
9284801100.00,20150105T000000,317000.00,3.00,1.50,1060.00,5750.00,1.00,0.00,0.00,2.00,7.00,1060.00,0.00,1981.00,0.00,98126.00,47.55,-122.37,1060.00,5750.00
8901000491.00,20140828T000000,390000.00,2.00,1.00,1270.00,8164.00,1.00,0.00,0.00,4.00,6.00,1270.00,0.00,1941.00,0.00,98125.00,47.71,-122.31,1580.00,9095.00
452002135.00,20150422T000000,1070000.00,4.00,2.50,2740.00,5000.00,2.00,0.00,0.00,3.00,9.00,2740.00,0.00,2012.00,0.00,98107.00,47.67,-122.37,1660.00,5000.00
6610000591.00,20141021T000000,1205000.00,4.00,2.75,2470.00,5500.00,1.00,0.00,3.00,3.00,9.00,1570.00,900.00,1960.00,2005.00,98107.00,47.66,-122.36,1620.00,5500.00
7518501025.00,20150327T000000,580000.00,3.00,1.75,1970.00,5100.00,1.00,0.00,0.00,3.00,7.00,1130.00,840.00,1908.00,1965.00,98117.00,47.68,-122.38,1250.00,4080.00
6072400470.00,20141113T000000,518000.00,4.00,2.50,2070.00,10244.00,1.00,0.00,0.00,3.00,8.00,1370.00,700.00,1969.00,0.00,98006.00,47.56,-122.18,2070.00,9683.00
1865800250.00,20141204T000000,147500.00,3.00,1.75,1010.00,6552.00,1.00,0.00,0.00,3.00,7.00,1010.00,0.00,1969.00,0.00,98042.00,47.38,-122.12,1010.00,6552.00
6072650250.00,20150424T000000,555000.00,4.00,2.25,2220.00,8125.00,1.00,0.00,0.00,4.00,8.00,1450.00,770.00,1965.00,0.00,98006.00,47.54,-122.18,1980.00,8700.00
8807900233.00,20140630T000000,427500.00,2.00,2.00,1090.00,934.00,3.00,0.00,0.00,3.00,8.00,1090.00,0.00,2008.00,0.00,98109.00,47.63,-122.34,1090.00,1376.00
3585901025.00,20140613T000000,1735000.00,3.00,2.50,4310.00,32093.00,1.50,0.00,4.00,5.00,10.00,2510.00,1800.00,1982.00,0.00,98177.00,47.76,-122.38,3810.00,26400.00
9238440020.00,20140717T000000,265950.00,3.00,2.50,1490.00,3840.00,2.00,0.00,0.00,3.00,7.00,1490.00,0.00,2002.00,0.00,98042.00,47.37,-122.13,2060.00,4384.00
9325800005.00,20141201T000000,247500.00,2.00,1.00,700.00,6046.00,1.00,0.00,0.00,3.00,6.00,700.00,0.00,1950.00,0.00,98133.00,47.72,-122.34,990.00,6790.00
7520000020.00,20140523T000000,244000.00,4.00,1.00,1450.00,8960.00,1.00,0.00,0.00,3.00,6.00,1450.00,0.00,1943.00,0.00,98146.00,47.50,-122.35,1160.00,7680.00
3904920380.00,20150323T000000,578550.00,3.00,2.50,2120.00,6602.00,2.00,0.00,0.00,4.00,8.00,2120.00,0.00,1989.00,0.00,98029.00,47.57,-122.01,2330.00,7795.00
3630080430.00,20140617T000000,451000.00,4.00,2.50,1670.00,3315.00,2.00,0.00,0.00,3.00,7.00,1670.00,0.00,2005.00,0.00,98029.00,47.55,-122.00,1650.00,2051.00
8682262230.00,20140826T000000,489000.00,2.00,1.75,1810.00,4220.00,2.00,0.00,0.00,3.00,8.00,1810.00,0.00,2004.00,0.00,98053.00,47.72,-122.03,1350.00,4479.00
3326079016.00,20150504T000000,190000.00,2.00,1.00,710.00,1164794.00,1.00,0.00,0.00,2.00,5.00,710.00,0.00,1915.00,0.00,98014.00,47.69,-121.91,1680.00,16730.00
7214800430.00,20150305T000000,475000.00,3.00,3.00,2540.00,18900.00,1.00,0.00,0.00,3.00,7.00,1580.00,960.00,1978.00,0.00,98072.00,47.75,-122.14,2270.00,16000.00
6430000275.00,20140506T000000,485000.00,3.00,2.00,1420.00,4080.00,1.50,0.00,0.00,3.00,7.00,1420.00,0.00,1905.00,2013.00,98103.00,47.69,-122.35,1420.00,4590.00
1924079090.00,20141016T000000,530000.00,3.00,2.75,2440.00,45738.00,2.00,0.00,0.00,3.00,8.00,1840.00,600.00,1987.00,0.00,98027.00,47.55,-121.96,2440.00,189100.00
1509500380.00,20150128T000000,379000.00,4.00,2.50,2570.00,10155.00,2.00,0.00,0.00,3.00,9.00,2570.00,0.00,1994.00,0.00,98030.00,47.38,-122.17,2770.00,10155.00
9809000010.00,20150106T000000,1629000.00,5.00,2.50,3090.00,16583.00,2.00,0.00,0.00,4.00,9.00,3090.00,0.00,1964.00,0.00,98004.00,47.65,-122.22,3740.00,17853.00
8722101100.00,20150319T000000,739000.00,3.00,1.75,2050.00,5160.00,1.50,0.00,0.00,4.00,8.00,1300.00,750.00,1926.00,0.00,98112.00,47.64,-122.30,2220.00,5960.00
8651410670.00,20141125T000000,189950.00,3.00,1.00,920.00,6460.00,1.00,0.00,0.00,5.00,6.00,920.00,0.00,1969.00,0.00,98042.00,47.37,-122.08,920.00,4770.00
3629830250.00,20141222T000000,637500.00,4.00,3.00,2320.00,4468.00,2.00,0.00,0.00,3.00,8.00,2160.00,160.00,1999.00,0.00,98029.00,47.55,-122.01,2330.00,3541.00
868001435.00,20150127T000000,2225000.00,3.00,3.00,3450.00,16740.00,1.00,0.00,4.00,4.00,9.00,1960.00,1490.00,1949.00,1993.00,98177.00,47.71,-122.38,3220.00,12528.00
4168100020.00,20141204T000000,209950.00,3.00,1.00,1660.00,8800.00,1.00,0.00,0.00,4.00,7.00,960.00,700.00,1963.00,0.00,98023.00,47.32,-122.35,1370.00,10112.00
814000020.00,20150220T000000,460000.00,3.00,1.00,1130.00,7000.00,1.00,0.00,0.00,3.00,6.00,830.00,300.00,1944.00,0.00,98125.00,47.71,-122.28,1050.00,7000.00
7852010950.00,20141020T000000,543500.00,4.00,2.50,2550.00,5835.00,2.00,0.00,0.00,3.00,8.00,2550.00,0.00,1998.00,0.00,98065.00,47.54,-121.87,2420.00,5817.00
2395710010.00,20140605T000000,376000.00,4.00,2.75,2420.00,5773.00,2.00,0.00,0.00,3.00,8.00,2420.00,0.00,2005.00,0.00,98038.00,47.38,-122.03,2420.00,6200.00
3630000130.00,20141028T000000,430000.00,3.00,2.25,1470.00,1703.00,2.00,0.00,0.00,3.00,8.00,1470.00,0.00,2005.00,0.00,98029.00,47.55,-122.00,1380.00,1107.00
2105200010.00,20140904T000000,515000.00,4.00,2.50,2030.00,39049.00,1.00,0.00,0.00,4.00,7.00,1530.00,500.00,1953.00,0.00,98166.00,47.44,-122.35,2400.00,14605.00
2856100381.00,20140711T000000,580000.00,7.00,2.75,2310.00,2400.00,1.50,0.00,0.00,3.00,6.00,2310.00,0.00,1915.00,0.00,98117.00,47.68,-122.39,1340.00,3825.00
5608030020.00,20150203T000000,600000.00,5.00,3.50,3370.00,16846.00,2.00,0.00,1.00,3.00,9.00,2650.00,720.00,1998.00,0.00,98027.00,47.56,-122.09,3330.00,13000.00
3404700080.00,20141112T000000,476800.00,3.00,1.75,1900.00,43700.00,1.50,0.00,0.00,4.00,6.00,1900.00,0.00,1919.00,0.00,98052.00,47.73,-122.14,2070.00,43995.00
1890000275.00,20150429T000000,815000.00,3.00,1.50,1940.00,3570.00,2.00,0.00,0.00,4.00,8.00,1740.00,200.00,1916.00,0.00,98105.00,47.66,-122.33,1580.00,3570.00
7852000010.00,20140527T000000,455600.00,3.00,2.50,2420.00,8252.00,2.00,0.00,0.00,3.00,7.00,2420.00,0.00,1998.00,0.00,98065.00,47.54,-121.87,2420.00,5818.00
5230300280.00,20140515T000000,270000.00,3.00,1.00,1010.00,9514.00,1.00,0.00,0.00,3.00,7.00,1010.00,0.00,1969.00,0.00,98059.00,47.49,-122.11,1010.00,9514.00
4232902335.00,20140814T000000,1200000.00,5.00,4.00,2710.00,2800.00,3.00,0.00,0.00,3.00,10.00,2380.00,330.00,1974.00,2008.00,98119.00,47.63,-122.36,1530.00,3600.00
4232900250.00,20140710T000000,525000.00,2.00,1.50,1340.00,3600.00,1.50,0.00,0.00,3.00,7.00,1340.00,0.00,1903.00,0.00,98119.00,47.64,-122.36,1340.00,3600.00
1312930250.00,20140528T000000,242000.00,3.00,1.75,1310.00,9645.00,1.00,0.00,0.00,3.00,7.00,1310.00,0.00,1979.00,0.00,98198.00,47.41,-122.29,1440.00,9893.00
6446200305.00,20140623T000000,715000.00,4.00,2.50,2650.00,30500.00,1.00,0.00,0.00,4.00,8.00,1680.00,970.00,1960.00,0.00,98029.00,47.55,-122.03,2650.00,30500.00
7852020670.00,20150402T000000,475000.00,3.00,2.75,1890.00,3938.00,2.00,0.00,0.00,3.00,8.00,1890.00,0.00,1999.00,0.00,98065.00,47.53,-121.87,1890.00,4142.00
4475000170.00,20141111T000000,370000.00,4.00,3.00,2580.00,5511.00,2.00,0.00,0.00,3.00,8.00,2580.00,0.00,1999.00,0.00,98058.00,47.43,-122.19,2010.00,5600.00
7202360170.00,20140523T000000,788600.00,4.00,2.75,3500.00,7200.00,2.00,0.00,0.00,3.00,9.00,3500.00,0.00,2005.00,0.00,98053.00,47.68,-122.03,3920.00,7666.00
6146600185.00,20140507T000000,160000.00,2.00,1.00,1040.00,13100.00,1.00,0.00,0.00,5.00,6.00,1040.00,0.00,1912.00,0.00,98032.00,47.39,-122.23,910.00,5080.00
2825079001.00,20140814T000000,800000.00,5.00,1.75,1930.00,501376.00,2.00,0.00,0.00,3.00,7.00,1930.00,0.00,1930.00,0.00,98014.00,47.63,-121.91,1710.00,87120.00
3905040780.00,20140924T000000,520000.00,4.00,3.00,2190.00,5085.00,2.00,0.00,0.00,4.00,8.00,2190.00,0.00,1992.00,0.00,98029.00,47.57,-122.00,2130.00,5142.00
2488200168.00,20140718T000000,725000.00,3.00,1.75,1530.00,4000.00,2.00,0.00,0.00,3.00,8.00,1530.00,0.00,1985.00,0.00,98136.00,47.52,-122.39,2140.00,5000.00
3336000170.00,20141003T000000,335000.00,4.00,1.00,1480.00,6500.00,1.50,0.00,0.00,4.00,7.00,1480.00,0.00,1914.00,0.00,98118.00,47.53,-122.27,2380.00,6000.00
8835700010.00,20150116T000000,919000.00,4.00,2.50,3620.00,17133.00,1.00,0.00,4.00,3.00,10.00,2220.00,1400.00,1993.00,0.00,98075.00,47.56,-122.03,3530.00,17026.00
303800020.00,20150513T000000,425000.00,3.00,2.75,3370.00,13929.00,2.00,0.00,0.00,3.00,9.00,2650.00,720.00,1986.00,0.00,98092.00,47.34,-122.20,2150.00,14048.00
3971700670.00,20150314T000000,420000.00,5.00,2.50,2100.00,14395.00,1.00,0.00,0.00,3.00,7.00,1140.00,960.00,1983.00,0.00,98155.00,47.77,-122.32,1830.00,8700.00
2481610050.00,20141124T000000,905000.00,4.00,3.00,3370.00,47959.00,2.00,0.00,0.00,4.00,10.00,3370.00,0.00,1981.00,0.00,98072.00,47.73,-122.13,3370.00,38896.00
4154304505.00,20140919T000000,435000.00,2.00,1.00,2240.00,7200.00,1.00,0.00,0.00,4.00,7.00,1120.00,1120.00,1940.00,0.00,98118.00,47.56,-122.27,1390.00,6000.00
7202330170.00,20140717T000000,438000.00,3.00,2.50,1650.00,3031.00,2.00,0.00,0.00,3.00,7.00,1650.00,0.00,2003.00,0.00,98053.00,47.68,-122.03,1560.00,3070.00
9430100020.00,20140617T000000,725000.00,4.00,2.75,2630.00,7505.00,2.00,0.00,0.00,3.00,8.00,2630.00,0.00,1994.00,0.00,98052.00,47.68,-122.16,2670.00,7506.00
2436700280.00,20140528T000000,840000.00,4.00,1.75,2330.00,4000.00,2.00,0.00,0.00,5.00,8.00,1300.00,1030.00,1924.00,0.00,98105.00,47.67,-122.29,2040.00,4000.00
7525211410.00,20140715T000000,425500.00,3.00,2.50,1970.00,2752.00,2.00,0.00,0.00,3.00,8.00,1970.00,0.00,1978.00,0.00,98052.00,47.63,-122.11,1850.00,2778.00
3760500514.00,20140912T000000,853505.00,3.00,2.50,2820.00,14890.00,1.00,0.00,4.00,3.00,9.00,1770.00,1050.00,1985.00,0.00,98034.00,47.70,-122.23,3740.00,14890.00
4067600255.00,20140522T000000,398000.00,2.00,1.00,590.00,10945.00,1.50,0.00,0.00,3.00,5.00,590.00,0.00,1983.00,0.00,98010.00,47.34,-122.03,2020.00,15180.00
7853302130.00,20140604T000000,418500.00,3.00,2.50,2060.00,4399.00,2.00,0.00,0.00,3.00,7.00,2060.00,0.00,2007.00,0.00,98065.00,47.54,-121.88,2060.00,4399.00
811000050.00,20141231T000000,826000.00,3.00,1.50,1890.00,5000.00,1.50,0.00,0.00,3.00,9.00,1890.00,0.00,1929.00,0.00,98109.00,47.63,-122.35,2560.00,5000.00
8691330130.00,20140611T000000,742000.00,4.00,2.50,2810.00,10986.00,2.00,0.00,0.00,3.00,10.00,2810.00,0.00,1997.00,0.00,98075.00,47.59,-121.98,3540.00,10986.00
6623400050.00,20140909T000000,180000.00,4.00,1.00,1470.00,18581.00,1.50,0.00,0.00,3.00,6.00,1470.00,0.00,1924.00,0.00,98055.00,47.43,-122.20,1770.00,18581.00
9542801410.00,20150114T000000,286000.00,4.00,1.75,2190.00,8400.00,2.00,0.00,0.00,2.00,8.00,2190.00,0.00,1978.00,0.00,98023.00,47.30,-122.37,2410.00,7700.00
7202330190.00,20141001T000000,421200.00,3.00,2.50,1440.00,3060.00,2.00,0.00,0.00,3.00,7.00,1440.00,0.00,2003.00,0.00,98053.00,47.68,-122.04,1650.00,3060.00
3303950660.00,20140731T000000,390000.00,3.00,3.00,2480.00,14141.00,1.00,0.00,0.00,3.00,8.00,1500.00,980.00,1994.00,0.00,98038.00,47.38,-122.03,2480.00,10667.00
4140930010.00,20140919T000000,739000.00,4.00,2.50,2780.00,6737.00,2.00,0.00,0.00,3.00,9.00,2780.00,0.00,2002.00,0.00,98006.00,47.57,-122.12,2750.00,7950.00
2724069169.00,20140724T000000,499900.00,4.00,3.00,2180.00,12196.00,2.00,0.00,0.00,4.00,7.00,2180.00,0.00,1968.00,0.00,98027.00,47.53,-122.03,1500.00,6534.00
7979900430.00,20141203T000000,670000.00,3.00,2.25,3340.00,13805.00,1.00,0.00,0.00,3.00,8.00,3340.00,0.00,1950.00,1992.00,98155.00,47.74,-122.29,2060.00,12304.00
1338300010.00,20141013T000000,842500.00,3.00,2.25,2560.00,3996.00,1.50,0.00,0.00,3.00,8.00,2150.00,410.00,1910.00,0.00,98112.00,47.63,-122.31,2970.00,4320.00
5238800020.00,20141208T000000,492500.00,2.00,2.25,1600.00,80400.00,2.00,0.00,0.00,4.00,7.00,1600.00,0.00,1978.00,0.00,98070.00,47.44,-122.51,1600.00,198414.00
4154305575.00,20140903T000000,836500.00,3.00,2.50,2230.00,7200.00,3.00,0.00,3.00,3.00,9.00,2230.00,0.00,1996.00,0.00,98118.00,47.56,-122.27,2230.00,7200.00
6821102385.00,20150326T000000,334000.00,2.00,1.00,900.00,1818.00,2.00,0.00,0.00,4.00,7.00,900.00,0.00,1945.00,0.00,98199.00,47.65,-122.40,1570.00,1830.00
6600410480.00,20140828T000000,179900.00,3.00,1.00,1010.00,9920.00,1.00,0.00,0.00,3.00,6.00,1010.00,0.00,1977.00,0.00,98042.00,47.32,-122.14,1270.00,9680.00
4146800050.00,20141126T000000,563000.00,3.00,2.00,1580.00,5289.00,1.00,0.00,0.00,3.00,7.00,870.00,710.00,1940.00,0.00,98103.00,47.69,-122.34,1310.00,5535.00
3793500050.00,20150303T000000,310000.00,3.00,2.50,1890.00,6300.00,2.00,0.00,0.00,3.00,7.00,1890.00,0.00,2003.00,0.00,98038.00,47.37,-122.03,2100.00,6525.00
641900050.00,20140819T000000,335000.00,4.00,2.25,2160.00,8817.00,1.00,0.00,0.00,3.00,7.00,1460.00,700.00,1965.00,0.00,98133.00,47.76,-122.36,1880.00,8817.00
641900050.00,20150206T000000,499950.00,4.00,2.25,2160.00,8817.00,1.00,0.00,0.00,3.00,7.00,1460.00,700.00,1965.00,0.00,98133.00,47.76,-122.36,1880.00,8817.00
2402100715.00,20140726T000000,658500.00,2.00,1.00,1410.00,5101.00,1.50,0.00,0.00,3.00,8.00,1410.00,0.00,1927.00,0.00,98103.00,47.69,-122.33,1410.00,4224.00
1453602313.00,20141029T000000,297000.00,2.00,1.50,1430.00,1650.00,3.00,0.00,0.00,3.00,7.00,1430.00,0.00,1999.00,0.00,98125.00,47.72,-122.29,1430.00,1650.00
1890000225.00,20140620T000000,725000.00,6.00,1.75,2380.00,4080.00,2.00,0.00,0.00,3.00,8.00,2380.00,0.00,1917.00,0.00,98105.00,47.66,-122.33,2030.00,4080.00
7525900050.00,20141205T000000,780000.00,3.00,2.25,2206.00,82031.00,1.00,0.00,2.00,3.00,6.00,866.00,1340.00,1983.00,0.00,98074.00,47.63,-122.07,2590.00,53024.00
6413600290.00,20140509T000000,252500.00,3.00,1.00,1030.00,6127.00,1.00,0.00,0.00,3.00,7.00,880.00,150.00,1947.00,0.00,98125.00,47.72,-122.32,1610.00,6127.00
952006728.00,20140613T000000,330000.00,3.00,2.50,1070.00,1155.00,2.00,0.00,0.00,3.00,7.00,720.00,350.00,2005.00,0.00,98102.00,47.56,-122.39,1120.00,2594.00
1088801350.00,20150210T000000,525000.00,3.00,2.50,2320.00,9610.00,1.00,0.00,0.00,3.00,9.00,1730.00,590.00,1990.00,0.00,98011.00,47.74,-122.20,2450.00,9608.00
3575302759.00,20140806T000000,365000.00,2.00,1.75,1270.00,7500.00,1.00,0.00,0.00,4.00,7.00,1270.00,0.00,1982.00,0.00,98074.00,47.62,-122.06,1280.00,7500.00
3508100161.00,20150327T000000,500000.00,4.00,3.00,2570.00,9104.00,2.00,0.00,2.00,3.00,7.00,2570.00,0.00,1930.00,0.00,98116.00,47.58,-122.40,1630.00,4950.00
8651410190.00,20141112T000000,179950.00,3.00,1.00,920.00,4875.00,1.00,0.00,0.00,5.00,6.00,920.00,0.00,1969.00,0.00,98042.00,47.36,-122.08,960.00,5200.00
1823099028.00,20140722T000000,440000.00,3.00,2.00,1790.00,32379.00,1.00,0.00,0.00,3.00,7.00,1790.00,0.00,2007.00,0.00,98045.00,47.48,-121.70,2290.00,43560.00
745000005.00,20140825T000000,145000.00,1.00,0.75,480.00,9750.00,1.00,0.00,0.00,2.00,4.00,480.00,0.00,1948.00,0.00,98146.00,47.50,-122.36,1550.00,9924.00
9414700020.00,20150422T000000,331000.00,4.00,3.00,2483.00,5701.00,2.00,0.00,0.00,3.00,8.00,2483.00,0.00,2005.00,0.00,98030.00,47.36,-122.20,2075.00,5720.00
2331300415.00,20140620T000000,780000.00,3.00,2.25,2140.00,3000.00,2.00,0.00,0.00,3.00,9.00,2140.00,0.00,1905.00,2006.00,98103.00,47.68,-122.35,1430.00,4712.00
6815100380.00,20150514T000000,855000.00,3.00,1.75,1900.00,4000.00,1.00,0.00,0.00,3.00,7.00,1300.00,600.00,1965.00,0.00,98103.00,47.69,-122.33,1880.00,4000.00
7575610250.00,20141014T000000,225000.00,3.00,2.25,1650.00,7739.00,1.00,0.00,0.00,3.00,8.00,1290.00,360.00,1986.00,0.00,98003.00,47.35,-122.30,1650.00,6033.00
5153900080.00,20140714T000000,199000.00,3.00,1.00,1510.00,9100.00,1.00,0.00,0.00,3.00,7.00,1510.00,0.00,1966.00,0.00,98003.00,47.33,-122.32,1180.00,7220.00
7525410190.00,20140502T000000,550000.00,3.00,1.75,2910.00,35200.00,1.50,0.00,0.00,3.00,8.00,2910.00,0.00,1979.00,0.00,98075.00,47.57,-122.04,2590.00,37500.00
6819100020.00,20140529T000000,1425000.00,4.00,4.25,4960.00,6000.00,2.50,0.00,0.00,3.00,11.00,3680.00,1280.00,1909.00,2003.00,98109.00,47.64,-122.36,2160.00,4080.00
1868902745.00,20140502T000000,805000.00,3.00,2.00,2710.00,4500.00,1.50,0.00,0.00,4.00,8.00,1880.00,830.00,1929.00,0.00,98115.00,47.67,-122.30,2060.00,4500.00
3783100080.00,20140604T000000,261000.00,3.00,1.50,1810.00,29308.00,1.00,0.00,0.00,3.00,7.00,950.00,860.00,1983.00,0.00,98042.00,47.36,-122.07,1790.00,37531.00
3327750020.00,20140909T000000,347000.00,3.00,1.00,940.00,9198.00,1.00,0.00,0.00,3.00,7.00,940.00,0.00,1968.00,0.00,98052.00,47.69,-122.12,1430.00,8370.00
1112700010.00,20140619T000000,390000.00,3.00,2.25,1600.00,10240.00,1.00,0.00,0.00,3.00,7.00,1090.00,510.00,1979.00,0.00,98034.00,47.73,-122.23,1520.00,9394.00
9269260420.00,20141110T000000,436000.00,4.00,2.50,2640.00,3899.00,2.00,0.00,0.00,3.00,7.00,2640.00,0.00,2000.00,0.00,98011.00,47.75,-122.22,2460.00,4057.00
9286730020.00,20150331T000000,1802750.00,5.00,3.25,3890.00,20005.00,1.00,0.00,0.00,3.00,10.00,2260.00,1630.00,1977.00,0.00,98004.00,47.63,-122.22,3450.00,20176.00
8673400190.00,20140723T000000,557000.00,3.00,2.50,1630.00,1587.00,3.00,0.00,0.00,3.00,8.00,1630.00,0.00,2004.00,0.00,98107.00,47.67,-122.39,1500.00,1527.00
1951600250.00,20150406T000000,135000.00,3.00,1.00,830.00,9600.00,1.00,0.00,0.00,3.00,7.00,830.00,0.00,1959.00,0.00,98032.00,47.37,-122.30,1240.00,9198.00
3296900280.00,20150325T000000,425000.00,3.00,2.50,1800.00,14036.00,2.00,0.00,0.00,3.00,8.00,1800.00,0.00,1993.00,0.00,98019.00,47.73,-121.97,2450.00,14025.00
5459000305.00,20150408T000000,648752.00,3.00,2.25,2060.00,9953.00,1.00,0.00,0.00,5.00,8.00,1070.00,990.00,1964.00,0.00,98040.00,47.58,-122.23,2340.00,9600.00
4122900020.00,20140626T000000,1388000.00,4.00,3.00,4040.00,20001.00,1.00,0.00,0.00,3.00,9.00,2020.00,2020.00,1972.00,2001.00,98004.00,47.64,-122.21,2990.00,20098.00
5212000020.00,20150324T000000,630100.00,4.00,2.75,1910.00,11356.00,1.00,0.00,0.00,5.00,7.00,1160.00,750.00,1977.00,0.00,98033.00,47.70,-122.20,1770.00,11357.00
1825079005.00,20140609T000000,739000.00,4.00,2.50,2800.00,246114.00,2.00,0.00,0.00,3.00,9.00,2800.00,0.00,1999.00,0.00,98014.00,47.66,-121.96,2750.00,60351.00
6450303235.00,20140818T000000,269000.00,3.00,1.50,1320.00,2625.00,2.00,0.00,0.00,3.00,7.00,1320.00,0.00,1986.00,0.00,98133.00,47.73,-122.34,1230.00,5250.00
7227501190.00,20150427T000000,250000.00,3.00,1.00,1220.00,5038.00,1.00,0.00,0.00,5.00,6.00,1220.00,0.00,1942.00,0.00,98056.00,47.50,-122.19,1140.00,5038.00
7853300020.00,20150320T000000,475000.00,5.00,2.75,3100.00,5298.00,2.00,0.00,0.00,3.00,7.00,3100.00,0.00,2007.00,0.00,98065.00,47.54,-121.89,2440.00,5250.00
2922703235.00,20141119T000000,290000.00,1.00,1.00,550.00,5700.00,1.00,0.00,0.00,2.00,6.00,550.00,0.00,1916.00,0.00,98117.00,47.68,-122.37,1100.00,4560.00
6138000095.00,20141118T000000,219000.00,3.00,1.00,1080.00,10639.00,1.50,0.00,0.00,3.00,7.00,1080.00,0.00,1953.00,0.00,98002.00,47.32,-122.22,1470.00,10600.00
2356800020.00,20140929T000000,416000.00,2.00,1.00,880.00,6650.00,1.00,0.00,0.00,5.00,6.00,880.00,0.00,1918.00,0.00,98117.00,47.69,-122.37,1250.00,6650.00
5379805495.00,20150413T000000,179000.00,2.00,1.00,720.00,8914.00,1.00,0.00,0.00,3.00,6.00,720.00,0.00,1949.00,0.00,98188.00,47.45,-122.27,1100.00,8916.00
3861440010.00,20140715T000000,302000.00,4.00,2.75,2030.00,9120.00,1.00,0.00,0.00,4.00,7.00,2030.00,0.00,1988.00,0.00,98003.00,47.28,-122.30,1790.00,7627.00
2505500009.00,20150427T000000,565000.00,4.00,2.00,2040.00,8281.00,2.00,0.00,1.00,3.00,7.00,2040.00,0.00,1961.00,0.00,98033.00,47.67,-122.20,2560.00,8281.00
3388000080.00,20150422T000000,281700.00,3.00,1.00,1570.00,8316.00,1.00,0.00,0.00,3.00,7.00,1070.00,500.00,1962.00,0.00,98031.00,47.39,-122.20,2030.00,8295.00
480000170.00,20140627T000000,480000.00,2.00,1.00,1500.00,3420.00,1.00,0.00,0.00,3.00,7.00,1500.00,0.00,1902.00,0.00,98103.00,47.66,-122.34,2050.00,3420.00
2597650660.00,20141013T000000,775000.00,4.00,2.50,3180.00,15358.00,2.00,0.00,0.00,3.00,9.00,3180.00,0.00,1988.00,0.00,98027.00,47.52,-122.05,3020.00,15522.00
7304300470.00,20140904T000000,375000.00,3.00,1.75,1260.00,11224.00,1.00,0.00,0.00,5.00,7.00,1260.00,0.00,1947.00,0.00,98155.00,47.74,-122.32,1570.00,11052.00
7334600170.00,20141013T000000,345000.00,3.00,1.50,1390.00,13860.00,2.00,0.00,0.00,3.00,7.00,1390.00,0.00,1979.00,0.00,98045.00,47.47,-121.75,1390.00,11860.00
7222000244.00,20150223T000000,300000.00,3.00,3.00,2850.00,9375.00,1.00,0.00,0.00,3.00,8.00,2240.00,610.00,1977.00,0.00,98055.00,47.47,-122.21,1800.00,9375.00
9558020840.00,20150422T000000,364950.00,4.00,2.50,2070.00,2992.00,2.00,0.00,0.00,3.00,8.00,2070.00,0.00,2002.00,0.00,98058.00,47.45,-122.12,1900.00,2957.00
5592900020.00,20141202T000000,410000.00,3.00,3.25,2650.00,7819.00,1.00,0.00,2.00,4.00,8.00,1760.00,890.00,1956.00,0.00,98056.00,47.48,-122.19,2400.00,7727.00
8732190380.00,20150414T000000,231000.00,3.00,1.75,1220.00,8817.00,1.00,0.00,0.00,3.00,7.00,1220.00,0.00,1978.00,0.00,98023.00,47.31,-122.40,2000.00,8028.00
2249800080.00,20140523T000000,445000.00,3.00,2.00,1630.00,8702.00,1.00,0.00,0.00,3.00,9.00,1630.00,0.00,1987.00,0.00,98056.00,47.52,-122.19,2250.00,9890.00
2062600020.00,20140708T000000,530000.00,2.00,2.50,1785.00,779.00,2.00,0.00,0.00,3.00,7.00,1595.00,190.00,1975.00,0.00,98004.00,47.60,-122.20,1780.00,794.00
7660100309.00,20141226T000000,353500.00,3.00,2.50,1260.00,972.00,2.00,0.00,0.00,3.00,8.00,840.00,420.00,2008.00,0.00,98144.00,47.59,-122.32,1270.00,925.00
6093900280.00,20140507T000000,209950.00,3.00,1.50,1380.00,11130.00,1.00,0.00,0.00,3.00,7.00,1380.00,0.00,1960.00,0.00,98003.00,47.31,-122.32,1380.00,9200.00
4154303125.00,20150423T000000,650000.00,3.00,1.75,2330.00,7200.00,1.00,0.00,0.00,4.00,8.00,1320.00,1010.00,1950.00,0.00,98118.00,47.57,-122.27,1820.00,7200.00
2695600005.00,20140620T000000,325000.00,2.00,1.00,840.00,4239.00,1.00,0.00,0.00,3.00,7.00,840.00,0.00,1948.00,0.00,98126.00,47.53,-122.38,1120.00,4494.00
3826500020.00,20140828T000000,257000.00,3.00,2.25,1730.00,9516.00,1.00,0.00,0.00,3.00,8.00,1180.00,550.00,1978.00,0.00,98030.00,47.38,-122.17,1870.00,8165.00
9238440130.00,20140630T000000,337000.00,4.00,2.50,2230.00,5970.00,2.00,0.00,0.00,4.00,7.00,2230.00,0.00,2002.00,0.00,98042.00,47.37,-122.13,1970.00,4919.00
3630030010.00,20140926T000000,541000.00,3.00,2.50,1790.00,4038.00,2.00,0.00,0.00,3.00,8.00,1790.00,0.00,2005.00,0.00,98029.00,47.55,-122.00,1700.00,3365.00
1592000130.00,20141114T000000,577500.00,3.00,2.50,2280.00,10879.00,2.00,0.00,0.00,3.00,9.00,2280.00,0.00,1984.00,0.00,98074.00,47.62,-122.03,2400.00,9536.00
2487200279.00,20141124T000000,560000.00,3.00,2.50,2430.00,5128.00,1.00,0.00,1.00,3.00,8.00,1270.00,1160.00,1978.00,0.00,98136.00,47.52,-122.39,2510.00,5330.00
1959703070.00,20141029T000000,979700.00,5.00,3.00,3730.00,5500.00,1.50,0.00,0.00,3.00,7.00,2160.00,1570.00,1927.00,0.00,98102.00,47.65,-122.32,1890.00,5500.00
4038700680.00,20140725T000000,750000.00,5.00,3.00,2230.00,8560.00,1.00,0.00,0.00,3.00,8.00,1150.00,1080.00,1960.00,2014.00,98008.00,47.62,-122.12,2040.00,8560.00
9390700095.00,20140808T000000,407500.00,2.00,1.00,770.00,2971.00,1.00,0.00,2.00,3.00,7.00,770.00,0.00,1923.00,0.00,98102.00,47.64,-122.32,1440.00,4000.00
6392003810.00,20140523T000000,530000.00,4.00,1.75,1814.00,5000.00,1.00,0.00,0.00,4.00,7.00,944.00,870.00,1951.00,0.00,98115.00,47.68,-122.28,1290.00,5000.00
7806210250.00,20150406T000000,235000.00,4.00,1.75,1920.00,9350.00,1.00,0.00,0.00,4.00,7.00,1000.00,920.00,1977.00,0.00,98002.00,47.29,-122.20,1910.00,8400.00
2919200440.00,20150407T000000,715000.00,4.00,2.50,1860.00,3840.00,1.50,0.00,0.00,3.00,7.00,1170.00,690.00,1928.00,2014.00,98117.00,47.69,-122.36,1400.00,3840.00
6751500185.00,20150421T000000,795000.00,5.00,3.00,2750.00,10000.00,1.00,0.00,0.00,4.00,7.00,1730.00,1020.00,1957.00,0.00,98008.00,47.59,-122.13,2520.00,10000.00
5137300130.00,20140509T000000,465000.00,4.00,2.50,1930.00,9653.00,1.00,0.00,0.00,4.00,9.00,1930.00,0.00,1968.00,0.00,98023.00,47.34,-122.34,2100.00,10454.00
2744000010.00,20140513T000000,287600.00,3.00,2.50,1950.00,8251.00,2.00,0.00,0.00,3.00,7.00,1950.00,0.00,1990.00,0.00,98001.00,47.34,-122.28,1540.00,8588.00
4279600010.00,20141230T000000,630000.00,6.00,3.00,2470.00,9328.00,2.00,0.00,0.00,3.00,8.00,2470.00,0.00,1982.00,0.00,98007.00,47.60,-122.15,2470.00,9454.00
2540830020.00,20150401T000000,445000.00,3.00,2.25,1630.00,6449.00,1.00,0.00,0.00,3.00,7.00,1310.00,320.00,1986.00,0.00,98011.00,47.73,-122.23,1620.00,7429.00
7214800190.00,20150105T000000,490000.00,4.00,2.25,2110.00,16200.00,1.00,0.00,0.00,3.00,8.00,1630.00,480.00,1978.00,0.00,98072.00,47.75,-122.14,2370.00,16000.00
9169100185.00,20150225T000000,565000.00,3.00,1.75,1490.00,5000.00,1.00,0.00,1.00,3.00,8.00,1250.00,240.00,1954.00,0.00,98136.00,47.53,-122.39,1980.00,5000.00
859000022.00,20140819T000000,330000.00,3.00,2.50,1740.00,1844.00,2.00,0.00,0.00,3.00,8.00,1320.00,420.00,2008.00,0.00,98106.00,47.52,-122.37,1740.00,1789.00
1180005050.00,20141218T000000,463000.00,4.00,2.75,1900.00,6000.00,1.00,0.00,2.00,3.00,7.00,1300.00,600.00,1961.00,0.00,98178.00,47.50,-122.23,2230.00,6000.00
3625700010.00,20140506T000000,1870000.00,5.00,4.00,4510.00,15175.00,2.00,0.00,0.00,3.00,10.00,4510.00,0.00,1969.00,2002.00,98040.00,47.53,-122.23,3510.00,13500.00
7335400020.00,20140626T000000,219500.00,3.00,1.00,1090.00,6710.00,1.50,0.00,0.00,5.00,5.00,1090.00,0.00,1912.00,0.00,98002.00,47.31,-122.22,1170.00,6708.00
8902000050.00,20141027T000000,622200.00,3.00,1.75,1720.00,7200.00,1.00,0.00,0.00,3.00,7.00,1420.00,300.00,1959.00,0.00,98125.00,47.71,-122.30,1380.00,8000.00
1972200698.00,20140528T000000,474800.00,2.00,3.25,1400.00,1243.00,3.00,0.00,0.00,3.00,8.00,1400.00,0.00,2000.00,0.00,98103.00,47.65,-122.35,1400.00,1335.00
415100010.00,20140611T000000,465000.00,4.00,2.50,2090.00,9702.00,1.00,0.00,0.00,5.00,7.00,1320.00,770.00,1965.00,0.00,98133.00,47.75,-122.34,1850.00,7200.00
5500200010.00,20141014T000000,389950.00,3.00,1.75,1580.00,9049.00,1.00,0.00,0.00,3.00,8.00,1580.00,0.00,1966.00,0.00,98177.00,47.78,-122.38,2100.00,8446.00
1842390130.00,20141024T000000,650000.00,4.00,2.50,2620.00,19864.00,2.00,0.00,0.00,4.00,8.00,2620.00,0.00,1984.00,0.00,98052.00,47.70,-122.12,2500.00,13285.00
6362900007.00,20140905T000000,395000.00,3.00,2.00,1500.00,2506.00,1.00,0.00,0.00,3.00,7.00,870.00,630.00,2003.00,0.00,98144.00,47.60,-122.30,1500.00,4662.00
5466380050.00,20141219T000000,304500.00,4.00,2.50,2030.00,5202.00,2.00,0.00,0.00,3.00,8.00,2030.00,0.00,2001.00,0.00,98031.00,47.39,-122.18,2260.00,5232.00
7417700185.00,20150314T000000,307000.00,3.00,1.00,1020.00,8484.00,1.00,0.00,0.00,3.00,6.00,1020.00,0.00,1949.00,0.00,98155.00,47.77,-122.31,1180.00,9660.00
4127000050.00,20150107T000000,485000.00,3.00,2.50,1540.00,7120.00,1.00,0.00,0.00,3.00,7.00,770.00,770.00,1938.00,2013.00,98038.00,47.37,-122.04,1000.00,6638.00
8084900170.00,20141023T000000,1562000.00,5.00,3.00,3910.00,16200.00,1.00,0.00,0.00,4.00,9.00,2890.00,1020.00,1960.00,0.00,98004.00,47.63,-122.22,3620.00,16200.00
2205700470.00,20150122T000000,650500.00,5.00,4.25,3920.00,11412.00,2.00,0.00,0.00,3.00,7.00,3920.00,0.00,1955.00,2005.00,98006.00,47.58,-122.15,1400.00,9750.00
3629200020.00,20150202T000000,960000.00,4.00,2.50,3180.00,10105.00,2.00,0.00,0.00,4.00,9.00,3180.00,0.00,1986.00,0.00,98040.00,47.53,-122.23,2670.00,10355.00
6070800050.00,20150213T000000,710000.00,3.00,2.50,2330.00,9160.00,2.00,0.00,0.00,3.00,9.00,2330.00,0.00,1997.00,0.00,98006.00,47.55,-122.18,2460.00,9160.00
6329000185.00,20150329T000000,540000.00,3.00,2.50,2600.00,23361.00,1.50,1.00,4.00,3.00,8.00,2150.00,450.00,1912.00,0.00,98146.00,47.50,-122.38,1700.00,14700.00
8815400020.00,20140724T000000,601000.00,4.00,1.75,1950.00,4200.00,1.00,0.00,0.00,5.00,7.00,1040.00,910.00,1951.00,0.00,98115.00,47.68,-122.29,1450.00,5000.00
1742800430.00,20150504T000000,463828.00,5.00,1.75,3250.00,13702.00,1.00,0.00,2.00,3.00,8.00,1650.00,1600.00,1965.00,0.00,98055.00,47.49,-122.23,2620.00,11328.00
5006000170.00,20150211T000000,293000.00,4.00,1.00,1130.00,8308.00,1.50,0.00,0.00,4.00,6.00,1130.00,0.00,1944.00,0.00,98166.00,47.47,-122.36,1130.00,8652.00
7202310010.00,20141020T000000,597500.00,3.00,2.50,2620.00,4800.00,2.00,0.00,0.00,3.00,7.00,2620.00,0.00,2002.00,0.00,98053.00,47.68,-122.04,2400.00,4756.00
323089005.00,20150326T000000,240000.00,2.00,1.00,1120.00,45302.00,1.00,0.00,2.00,4.00,5.00,1120.00,0.00,1932.00,0.00,98045.00,47.51,-121.77,2150.00,101930.00
1525079056.00,20140502T000000,284000.00,3.00,1.75,1800.00,23103.00,1.00,0.00,0.00,3.00,7.00,1800.00,0.00,1968.00,0.00,98014.00,47.65,-121.91,1410.00,18163.00
4140900050.00,20150126T000000,440000.00,4.00,1.75,2180.00,10200.00,1.00,0.00,2.00,3.00,8.00,2000.00,180.00,1966.00,0.00,98028.00,47.76,-122.27,2590.00,10445.00
7387500235.00,20140515T000000,340000.00,3.00,1.75,1960.00,8136.00,1.00,0.00,0.00,3.00,7.00,980.00,980.00,1948.00,0.00,98106.00,47.52,-122.36,1070.00,7480.00
7387500235.00,20150317T000000,363000.00,3.00,1.75,1960.00,8136.00,1.00,0.00,0.00,3.00,7.00,980.00,980.00,1948.00,0.00,98106.00,47.52,-122.36,1070.00,7480.00
3726800010.00,20140714T000000,270000.00,2.00,1.00,1150.00,3600.00,1.00,0.00,0.00,3.00,6.00,1150.00,0.00,1910.00,0.00,98144.00,47.57,-122.31,1160.00,4000.00
2621760290.00,20140827T000000,365000.00,4.00,2.50,2800.00,6820.00,2.00,0.00,0.00,4.00,7.00,2800.00,0.00,1997.00,0.00,98042.00,47.37,-122.11,2060.00,6820.00
6046401300.00,20140609T000000,428000.00,3.00,2.00,1310.00,2550.00,1.00,0.00,0.00,3.00,7.00,780.00,530.00,1986.00,0.00,98103.00,47.69,-122.35,1460.00,5100.00
3326069026.00,20150401T000000,600000.00,3.00,1.75,2340.00,57499.00,1.00,0.00,0.00,3.00,8.00,2340.00,0.00,1988.00,0.00,98053.00,47.70,-122.04,3260.00,137649.00
6608500290.00,20141024T000000,405000.00,3.00,2.50,1430.00,10200.00,1.00,0.00,0.00,3.00,7.00,1430.00,0.00,1960.00,0.00,98033.00,47.70,-122.17,1470.00,10350.00
1862700290.00,20140711T000000,339900.00,4.00,2.50,2340.00,9748.00,1.00,0.00,1.00,3.00,8.00,1610.00,730.00,1981.00,0.00,98003.00,47.34,-122.33,2070.00,8241.00
4331000190.00,20141223T000000,275000.00,3.00,1.00,1290.00,11250.00,1.00,0.00,0.00,3.00,7.00,1290.00,0.00,1956.00,0.00,98166.00,47.47,-122.34,1410.00,11196.00
5101400994.00,20140717T000000,361600.00,2.00,1.00,760.00,6380.00,1.00,0.00,0.00,3.00,6.00,760.00,0.00,1941.00,0.00,98115.00,47.69,-122.31,1590.00,6380.00
1615900020.00,20150320T000000,325000.00,6.00,2.00,2780.00,13950.00,2.50,0.00,0.00,4.00,7.00,2780.00,0.00,1955.00,1964.00,98030.00,47.37,-122.23,2120.00,13950.00
2804600005.00,20141219T000000,1050000.00,3.00,2.00,2090.00,4077.00,1.50,0.00,0.00,4.00,8.00,1530.00,560.00,1931.00,0.00,98112.00,47.64,-122.30,2010.00,4132.00
7431500280.00,20141110T000000,959750.00,4.00,3.00,3060.00,50002.00,1.00,0.00,2.00,4.00,8.00,2460.00,600.00,1957.00,0.00,98008.00,47.62,-122.10,2740.00,16181.00
6303401365.00,20140603T000000,210000.00,3.00,1.00,1110.00,7962.00,1.00,0.00,0.00,3.00,7.00,1110.00,0.00,1962.00,0.00,98146.00,47.50,-122.36,1200.00,8094.00
2817850290.00,20141201T000000,258000.00,3.00,2.00,1790.00,7879.00,1.50,0.00,0.00,3.00,7.00,1790.00,0.00,1998.00,0.00,98001.00,47.26,-122.29,1790.00,7879.00
3205100080.00,20140708T000000,468000.00,3.00,1.50,1830.00,9848.00,1.00,0.00,0.00,5.00,7.00,1830.00,0.00,1962.00,0.00,98056.00,47.54,-122.18,1830.00,8168.00
2464400280.00,20150504T000000,710000.00,4.00,3.50,2850.00,2910.00,2.00,0.00,2.00,3.00,8.00,1970.00,880.00,1905.00,1996.00,98115.00,47.69,-122.32,1460.00,3880.00
7889601300.00,20150421T000000,268000.00,3.00,1.00,1420.00,6000.00,1.00,0.00,0.00,3.00,6.00,1420.00,0.00,1941.00,0.00,98146.00,47.49,-122.34,1480.00,6000.00
8151600101.00,20150116T000000,115000.00,2.00,1.00,790.00,7252.00,1.00,0.00,0.00,3.00,5.00,790.00,0.00,1930.00,0.00,98146.00,47.50,-122.37,1260.00,11470.00
3764650010.00,20150513T000000,500000.00,3.00,2.50,2300.00,4307.00,2.00,0.00,0.00,3.00,8.00,2300.00,0.00,1998.00,0.00,98034.00,47.73,-122.20,2010.00,4307.00
3521069150.00,20141017T000000,431000.00,3.00,2.50,2440.00,71002.00,1.00,0.00,0.00,4.00,9.00,2440.00,0.00,1996.00,0.00,98022.00,47.27,-122.01,3170.00,84000.00
4345000440.00,20150223T000000,241500.00,3.00,2.00,1310.00,7349.00,1.00,0.00,0.00,3.00,7.00,870.00,440.00,1995.00,0.00,98030.00,47.36,-122.19,1690.00,6580.00
1822059073.00,20150414T000000,300000.00,3.00,1.00,1380.00,12000.00,1.00,0.00,0.00,3.00,7.00,1380.00,0.00,1963.00,0.00,98031.00,47.40,-122.22,1890.00,22001.00
2600130190.00,20141107T000000,982000.00,4.00,2.50,2790.00,10289.00,2.00,0.00,0.00,3.00,9.00,2790.00,0.00,1987.00,0.00,98006.00,47.55,-122.16,2650.00,10126.00
7985100190.00,20150106T000000,248500.00,3.00,2.50,1360.00,7293.00,2.00,0.00,0.00,3.00,8.00,1360.00,0.00,1988.00,0.00,98003.00,47.33,-122.30,1540.00,7353.00
305010050.00,20141231T000000,665000.00,4.00,2.50,2510.00,5936.00,2.00,0.00,0.00,3.00,9.00,2510.00,0.00,1998.00,0.00,98075.00,47.58,-122.03,2760.00,6060.00
3761100257.00,20140714T000000,1215000.00,3.00,3.00,4560.00,16339.00,2.00,0.00,2.00,3.00,10.00,4040.00,520.00,2001.00,0.00,98034.00,47.70,-122.24,2620.00,11561.00
952003340.00,20140709T000000,380000.00,2.00,1.00,780.00,3910.00,1.00,0.00,0.00,3.00,6.00,780.00,0.00,1918.00,0.00,98126.00,47.57,-122.38,1500.00,5060.00
3347401315.00,20140616T000000,220000.00,3.00,2.00,1410.00,7998.00,1.00,0.00,0.00,4.00,7.00,1410.00,0.00,1940.00,0.00,98178.00,47.50,-122.28,1780.00,8278.00
513000585.00,20140707T000000,631500.00,4.00,2.00,2530.00,5650.00,1.50,0.00,0.00,4.00,8.00,1910.00,620.00,1910.00,0.00,98116.00,47.58,-122.38,1310.00,5750.00
1049010050.00,20141219T000000,386100.00,3.00,2.00,1270.00,6760.00,1.00,0.00,0.00,5.00,7.00,1270.00,0.00,1972.00,0.00,98034.00,47.74,-122.18,1550.00,5734.00
1370802455.00,20140813T000000,1050000.00,4.00,4.50,3180.00,4606.00,2.00,0.00,3.00,4.00,9.00,1990.00,1190.00,1929.00,0.00,98199.00,47.64,-122.41,2110.00,5323.00
4206901435.00,20150122T000000,650000.00,2.00,1.75,1450.00,4000.00,1.50,0.00,0.00,4.00,7.00,1350.00,100.00,1903.00,0.00,98105.00,47.66,-122.33,1310.00,4000.00
1467400095.00,20150224T000000,545000.00,4.00,1.75,2040.00,53578.00,1.00,0.00,0.00,5.00,7.00,1160.00,880.00,1959.00,0.00,98038.00,47.38,-122.00,2040.00,53578.00
2592210290.00,20141010T000000,870000.00,4.00,2.50,2650.00,12001.00,2.00,0.00,0.00,4.00,9.00,2650.00,0.00,1984.00,0.00,98006.00,47.55,-122.14,2880.00,14054.00
3034200275.00,20140817T000000,380000.00,3.00,1.75,1240.00,8611.00,1.00,0.00,0.00,4.00,7.00,1240.00,0.00,1973.00,0.00,98133.00,47.72,-122.33,1700.00,8037.00
7221400285.00,20150209T000000,265000.00,2.00,1.00,820.00,8423.00,1.00,0.00,2.00,3.00,6.00,820.00,0.00,1957.00,0.00,98055.00,47.47,-122.20,1960.00,9140.00
7518502210.00,20140530T000000,645500.00,2.00,1.00,1890.00,5202.00,1.50,0.00,0.00,4.00,7.00,1890.00,0.00,1909.00,0.00,98117.00,47.68,-122.38,1670.00,5100.00
1646501845.00,20140913T000000,570000.00,3.00,2.00,1270.00,3090.00,2.00,0.00,0.00,5.00,7.00,1270.00,0.00,1911.00,0.00,98117.00,47.69,-122.36,1440.00,3090.00
8081020380.00,20150217T000000,1200000.00,4.00,2.50,3350.00,11688.00,1.00,0.00,2.00,3.00,10.00,1760.00,1590.00,1995.00,0.00,98006.00,47.55,-122.13,4240.00,10804.00
2158900095.00,20141027T000000,605000.00,2.00,1.00,1550.00,3200.00,1.50,0.00,0.00,3.00,8.00,1550.00,0.00,1927.00,0.00,98112.00,47.64,-122.31,1800.00,3937.00
4031000460.00,20140610T000000,199500.00,3.00,1.00,920.00,9812.00,1.00,0.00,0.00,4.00,7.00,920.00,0.00,1962.00,0.00,98001.00,47.30,-122.28,1188.00,9812.00
3881900605.00,20150315T000000,445000.00,2.00,1.00,950.00,4800.00,1.00,0.00,0.00,3.00,6.00,950.00,0.00,1941.00,0.00,98144.00,47.59,-122.30,1420.00,5400.00
5700002285.00,20141016T000000,495000.00,4.00,1.75,2040.00,3570.00,1.00,0.00,0.00,4.00,7.00,1020.00,1020.00,1917.00,0.00,98144.00,47.58,-122.29,1790.00,4206.00
6392002635.00,20140612T000000,594000.00,4.00,1.75,1870.00,5200.00,2.00,0.00,0.00,4.00,7.00,1200.00,670.00,1937.00,0.00,98115.00,47.68,-122.28,1790.00,5000.00
6822100305.00,20140819T000000,465000.00,3.00,1.75,1720.00,5280.00,1.00,0.00,0.00,4.00,8.00,900.00,820.00,1943.00,0.00,98199.00,47.65,-122.40,1600.00,6000.00
1871400585.00,20150422T000000,160000.00,2.00,1.00,1020.00,13647.00,1.00,0.00,0.00,5.00,6.00,1020.00,0.00,1915.00,1974.00,98022.00,47.28,-121.93,980.00,8250.00
7300410010.00,20141204T000000,340000.00,4.00,2.50,2690.00,6099.00,2.00,0.00,0.00,3.00,9.00,2690.00,0.00,1998.00,0.00,98092.00,47.33,-122.17,2520.00,6168.00
925069134.00,20140910T000000,870000.00,4.00,2.00,3090.00,41147.00,1.00,0.00,0.00,3.00,7.00,3090.00,0.00,1990.00,0.00,98052.00,47.67,-122.05,3300.00,34280.00
2114700460.00,20140818T000000,249000.00,3.00,1.50,1070.00,5150.00,1.00,0.00,0.00,4.00,6.00,1070.00,0.00,1940.00,0.00,98106.00,47.53,-122.35,1020.00,4800.00
3326059238.00,20150506T000000,500000.00,4.00,2.25,2050.00,7201.00,2.00,0.00,0.00,3.00,8.00,2050.00,0.00,1994.00,0.00,98033.00,47.70,-122.17,1970.00,7350.00
3750606890.00,20140626T000000,220000.00,3.00,1.50,1660.00,15600.00,2.00,0.00,0.00,3.00,7.00,1660.00,0.00,1981.00,0.00,98001.00,47.26,-122.28,1660.00,14400.00
9117100130.00,20140812T000000,368500.00,5.00,1.75,2810.00,9360.00,1.00,0.00,0.00,4.00,7.00,1520.00,1290.00,1965.00,0.00,98055.00,47.44,-122.19,1770.00,9360.00
5469502660.00,20140929T000000,439950.00,4.00,2.25,2460.00,14600.00,1.00,0.00,0.00,4.00,8.00,1720.00,740.00,1977.00,0.00,98042.00,47.38,-122.16,2460.00,14600.00
3356402232.00,20140924T000000,179900.00,3.00,1.75,1230.00,12000.00,1.00,0.00,0.00,3.00,6.00,1230.00,0.00,1970.00,0.00,98001.00,47.29,-122.25,1550.00,12000.00
8030500010.00,20140528T000000,490000.00,4.00,2.50,2360.00,4367.00,2.00,0.00,0.00,3.00,8.00,2360.00,0.00,2003.00,0.00,98011.00,47.77,-122.17,2360.00,4868.00
2425700022.00,20140929T000000,425000.00,4.00,1.75,1730.00,11890.00,1.00,0.00,0.00,2.00,7.00,980.00,750.00,1955.00,0.00,98004.00,47.60,-122.19,2100.00,12325.00
3956100050.00,20140829T000000,533300.00,4.00,2.50,2770.00,21806.00,2.00,0.00,0.00,3.00,9.00,2770.00,0.00,1991.00,0.00,98045.00,47.48,-121.77,2500.00,21656.00
5292200010.00,20150116T000000,447500.00,4.00,2.00,1770.00,3332.00,2.00,0.00,0.00,3.00,7.00,1630.00,140.00,1924.00,1975.00,98118.00,47.56,-122.28,1640.00,4000.00
4178310080.00,20140723T000000,768000.00,5.00,2.75,3030.00,13640.00,2.00,0.00,0.00,4.00,8.00,3030.00,0.00,1980.00,0.00,98007.00,47.62,-122.15,2500.00,13225.00
1180002745.00,20140521T000000,285000.00,3.00,1.75,2380.00,6000.00,1.50,0.00,0.00,3.00,7.00,1320.00,1060.00,1935.00,0.00,98178.00,47.50,-122.22,1290.00,6000.00
4047200655.00,20140509T000000,336900.00,3.00,1.75,1780.00,120661.00,1.00,0.00,0.00,4.00,6.00,1780.00,0.00,1979.00,0.00,98019.00,47.77,-121.90,1440.00,25000.00
9477000080.00,20140714T000000,415000.00,4.00,1.50,1540.00,7886.00,2.00,0.00,0.00,3.00,7.00,1540.00,0.00,1967.00,0.00,98034.00,47.73,-122.19,1550.00,7396.00
3905100840.00,20140723T000000,500000.00,3.00,2.25,1580.00,4379.00,2.00,0.00,0.00,4.00,8.00,1580.00,0.00,1994.00,0.00,98029.00,47.57,-122.01,1770.00,4187.00
7885800290.00,20141103T000000,337000.00,4.00,2.50,3200.00,5772.00,2.00,0.00,0.00,3.00,8.00,3200.00,0.00,2003.00,0.00,98042.00,47.35,-122.15,3010.00,5772.00
9475710170.00,20140919T000000,419950.00,4.00,2.50,2220.00,6800.00,2.00,0.00,0.00,3.00,7.00,2220.00,0.00,2002.00,0.00,98059.00,47.49,-122.15,2220.00,5303.00
6885900415.00,20150107T000000,290000.00,4.00,2.75,2240.00,8162.00,2.00,0.00,0.00,5.00,7.00,1380.00,860.00,1946.00,0.00,98133.00,47.74,-122.34,1550.00,8163.00
5285200020.00,20140718T000000,349950.00,2.00,1.75,1640.00,4176.00,1.00,0.00,0.00,4.00,7.00,1040.00,600.00,1948.00,0.00,98118.00,47.52,-122.26,1460.00,5200.00
4039400430.00,20140516T000000,330000.00,3.00,1.50,1170.00,4950.00,1.00,0.00,0.00,4.00,7.00,1170.00,0.00,1960.00,0.00,98007.00,47.61,-122.14,1570.00,7700.00
2481610170.00,20140609T000000,965000.00,4.00,2.25,3160.00,34560.00,1.00,0.00,0.00,4.00,10.00,3160.00,0.00,1981.00,0.00,98072.00,47.73,-122.13,3530.00,38045.00
1795910420.00,20141031T000000,515000.00,3.00,2.50,2100.00,7851.00,2.00,0.00,0.00,3.00,8.00,2100.00,0.00,1986.00,0.00,98052.00,47.72,-122.11,2100.00,8187.00
7135521680.00,20140522T000000,665000.00,4.00,2.50,2600.00,17388.00,2.00,0.00,0.00,3.00,9.00,2600.00,0.00,1996.00,0.00,98059.00,47.53,-122.15,2950.00,11553.00
2011000020.00,20140826T000000,265000.00,3.00,1.75,1630.00,5999.00,1.50,0.00,0.00,4.00,7.00,1630.00,0.00,1985.00,0.00,98198.00,47.38,-122.31,1540.00,7500.00
1196002395.00,20140917T000000,545400.00,3.00,2.00,2850.00,19200.00,1.00,0.00,3.00,3.00,8.00,2340.00,510.00,2004.00,0.00,98023.00,47.34,-122.35,2860.00,18240.00
3876590420.00,20140624T000000,350000.00,4.00,3.00,2560.00,5606.00,2.00,0.00,0.00,3.00,9.00,2560.00,0.00,2004.00,0.00,98092.00,47.33,-122.18,2667.00,7334.00
4358700164.00,20141113T000000,260000.00,2.00,1.50,980.00,1296.00,2.00,0.00,0.00,3.00,7.00,840.00,140.00,2001.00,0.00,98133.00,47.71,-122.34,1100.00,1228.00
7631800015.00,20150407T000000,2510000.00,3.00,3.25,5480.00,57990.00,2.00,1.00,4.00,3.00,11.00,5480.00,0.00,1991.00,0.00,98166.00,47.46,-122.37,2500.00,22954.00
3260810150.00,20140926T000000,355000.00,3.00,2.00,2160.00,8091.00,1.50,0.00,0.00,3.00,8.00,2160.00,0.00,2000.00,0.00,98003.00,47.35,-122.30,2190.00,8297.00
7015201015.00,20141028T000000,879000.00,3.00,3.00,3030.00,5156.00,1.50,0.00,0.00,4.00,9.00,2080.00,950.00,1929.00,0.00,98119.00,47.65,-122.37,1910.00,5720.00
9348700450.00,20140818T000000,833000.00,4.00,3.50,3560.00,7178.00,2.00,0.00,3.00,3.00,10.00,2590.00,970.00,2006.00,0.00,98052.00,47.71,-122.11,3290.00,6978.00
3151600035.00,20150107T000000,261590.00,2.00,1.00,760.00,6407.00,1.00,0.00,0.00,3.00,6.00,760.00,0.00,1943.00,0.00,98178.00,47.50,-122.26,1050.00,8580.00
2254502070.00,20141105T000000,512500.00,3.00,3.00,2260.00,2400.00,2.00,0.00,0.00,3.00,7.00,2260.00,0.00,1909.00,1972.00,98122.00,47.61,-122.31,1320.00,2790.00
8127700210.00,20150427T000000,600000.00,2.00,1.75,1560.00,3200.00,1.00,0.00,0.00,5.00,7.00,880.00,680.00,1946.00,0.00,98199.00,47.64,-122.39,2060.00,4940.00
2926049237.00,20141006T000000,417500.00,5.00,3.00,2270.00,6664.00,1.00,0.00,0.00,3.00,7.00,1340.00,930.00,1995.00,0.00,98125.00,47.72,-122.32,1870.00,6187.00
7785000230.00,20140527T000000,970000.00,5.00,3.00,3480.00,15185.00,2.00,0.00,0.00,4.00,8.00,3480.00,0.00,1964.00,0.00,98040.00,47.58,-122.22,3030.00,14257.00
2025701390.00,20140812T000000,316000.00,3.00,2.25,1900.00,7479.00,2.00,0.00,0.00,4.00,7.00,1900.00,0.00,1992.00,0.00,98038.00,47.35,-122.04,1520.00,6559.00
1561900330.00,20150306T000000,397500.00,4.00,3.00,2350.00,9952.00,1.00,0.00,0.00,3.00,9.00,1650.00,700.00,1989.00,0.00,98031.00,47.42,-122.21,2440.00,9100.00
1370800940.00,20140721T000000,1350000.00,3.00,2.50,2390.00,5500.00,1.00,0.00,3.00,3.00,9.00,1700.00,690.00,1952.00,0.00,98199.00,47.64,-122.41,2700.00,5500.00
8691300900.00,20140821T000000,840000.00,4.00,2.50,3730.00,9847.00,2.00,0.00,0.00,3.00,10.00,3730.00,0.00,1997.00,0.00,98075.00,47.59,-121.98,3490.00,10219.00
3751606514.00,20140626T000000,270000.00,2.00,1.00,1780.00,81021.00,1.00,0.00,3.00,4.00,9.00,1780.00,0.00,1954.00,0.00,98001.00,47.27,-122.27,1780.00,26723.00
5104510490.00,20140527T000000,312900.00,4.00,2.50,1630.00,4473.00,2.00,0.00,0.00,3.00,7.00,1630.00,0.00,2003.00,0.00,98038.00,47.35,-122.02,1830.00,5082.00
3432500210.00,20150326T000000,325000.00,2.00,1.00,1130.00,6908.00,1.50,0.00,0.00,3.00,6.00,1130.00,0.00,1945.00,0.00,98155.00,47.75,-122.31,1150.00,6908.00
2771604791.00,20140719T000000,680000.00,3.00,1.75,2140.00,3584.00,1.00,0.00,0.00,3.00,7.00,1070.00,1070.00,1952.00,0.00,98199.00,47.64,-122.39,1620.00,4000.00
2537500040.00,20150304T000000,763000.00,4.00,2.50,3220.00,7873.00,2.00,0.00,0.00,3.00,10.00,3220.00,0.00,1994.00,0.00,98075.00,47.58,-122.03,2610.00,8023.00
1222069089.00,20140904T000000,375000.00,1.00,1.00,800.00,533610.00,1.50,0.00,0.00,5.00,5.00,800.00,0.00,1950.00,0.00,98038.00,47.41,-121.99,1790.00,216057.00
3332500100.00,20150408T000000,475000.00,3.00,2.50,1800.00,3300.00,2.00,0.00,0.00,3.00,7.00,1690.00,110.00,2004.00,0.00,98118.00,47.55,-122.28,1570.00,4097.00
7625702616.00,20141121T000000,219000.00,2.00,2.50,809.00,940.00,2.00,0.00,0.00,3.00,7.00,809.00,0.00,2003.00,0.00,98136.00,47.55,-122.38,1260.00,4240.00
2561330040.00,20150323T000000,415000.00,3.00,2.25,1820.00,9694.00,1.00,0.00,0.00,3.00,7.00,1240.00,580.00,1977.00,0.00,98074.00,47.62,-122.05,1820.00,9694.00
1423049019.00,20140523T000000,90000.00,2.00,1.00,580.00,7500.00,1.00,0.00,0.00,3.00,5.00,580.00,0.00,1943.00,0.00,98178.00,47.49,-122.25,1700.00,11250.00
1423049019.00,20150331T000000,220000.00,2.00,1.00,580.00,7500.00,1.00,0.00,0.00,3.00,5.00,580.00,0.00,1943.00,0.00,98178.00,47.49,-122.25,1700.00,11250.00
9277200065.00,20150226T000000,616000.00,3.00,2.00,2900.00,5650.00,1.00,0.00,2.00,3.00,8.00,1520.00,1380.00,1959.00,0.00,98116.00,47.58,-122.40,1810.00,6250.00
1920079039.00,20140815T000000,269500.00,2.00,1.00,1140.00,74052.00,1.00,0.00,0.00,4.00,6.00,1140.00,0.00,1968.00,0.00,98022.00,47.21,-121.96,1730.00,43560.00
7515000035.00,20150424T000000,395350.00,2.00,1.00,1060.00,5754.00,1.00,0.00,0.00,4.00,6.00,1060.00,0.00,1917.00,0.00,98117.00,47.69,-122.37,1460.00,7200.00
5315101728.00,20150319T000000,770000.00,4.00,3.00,2320.00,7200.00,1.00,0.00,0.00,3.00,7.00,1260.00,1060.00,1943.00,2000.00,98040.00,47.59,-122.23,1760.00,7200.00
326069164.00,20150429T000000,840000.00,4.00,2.50,3450.00,43216.00,2.00,0.00,0.00,3.00,9.00,3450.00,0.00,2000.00,0.00,98072.00,47.76,-122.03,3030.00,50481.00
2695600410.00,20141106T000000,428950.00,2.00,1.00,1760.00,4441.00,1.00,0.00,0.00,3.00,8.00,1310.00,450.00,1950.00,0.00,98126.00,47.53,-122.38,1350.00,5748.00
9348700610.00,20141217T000000,800000.00,4.00,3.75,3370.00,6766.00,2.00,0.00,0.00,3.00,9.00,3370.00,0.00,2005.00,0.00,98052.00,47.71,-122.11,3530.00,6766.00
7308900100.00,20140619T000000,401000.00,4.00,1.00,1940.00,5753.00,1.50,0.00,0.00,3.00,7.00,1940.00,0.00,1947.00,0.00,98177.00,47.72,-122.36,2170.00,6075.00
1453601502.00,20150226T000000,303697.00,4.00,2.00,2520.00,7334.00,1.00,0.00,0.00,3.00,7.00,1600.00,920.00,1955.00,0.00,98125.00,47.73,-122.29,2040.00,7937.00
4077800593.00,20140915T000000,355000.00,3.00,1.00,1360.00,8968.00,1.00,0.00,0.00,3.00,7.00,1360.00,0.00,1956.00,0.00,98125.00,47.71,-122.29,1490.00,7355.00
9268200641.00,20140820T000000,350000.00,2.00,1.00,800.00,5040.00,1.00,0.00,0.00,3.00,6.00,800.00,0.00,1960.00,0.00,98117.00,47.70,-122.36,1020.00,5040.00
6705850300.00,20150414T000000,754999.00,4.00,2.50,3010.00,9323.00,2.00,0.00,0.00,3.00,10.00,3010.00,0.00,1992.00,0.00,98075.00,47.58,-122.05,2840.00,8413.00
3720800115.00,20150331T000000,982218.00,3.00,1.75,2340.00,5500.00,2.00,0.00,2.00,3.00,9.00,2340.00,0.00,1988.00,0.00,98102.00,47.65,-122.32,2830.00,5500.00
8079040330.00,20140927T000000,406500.00,3.00,2.00,1780.00,8621.00,1.00,0.00,0.00,3.00,8.00,1780.00,0.00,1992.00,0.00,98059.00,47.51,-122.15,2470.00,8542.00
1824079052.00,20150401T000000,1650000.00,4.00,3.25,4200.00,210394.00,2.00,0.00,0.00,4.00,10.00,4200.00,0.00,1993.00,0.00,98024.00,47.56,-121.96,2370.00,184694.00
1923300315.00,20150217T000000,565000.00,2.00,1.75,1720.00,3000.00,1.00,0.00,0.00,5.00,7.00,860.00,860.00,1925.00,0.00,98103.00,47.69,-122.35,1360.00,4500.00
3336001316.00,20141106T000000,160000.00,2.00,1.00,830.00,4500.00,1.00,0.00,0.00,3.00,6.00,830.00,0.00,1920.00,0.00,98118.00,47.52,-122.27,1092.00,5350.00
9382200025.00,20150115T000000,220000.00,3.00,1.00,1090.00,6320.00,1.00,0.00,0.00,3.00,6.00,890.00,200.00,1954.00,0.00,98146.00,47.50,-122.35,1460.00,7080.00
7237500650.00,20150213T000000,1284000.00,5.00,4.25,5040.00,9466.00,2.00,0.00,0.00,3.00,11.00,5040.00,0.00,2004.00,0.00,98059.00,47.53,-122.13,4300.00,9417.00
3100500065.00,20140708T000000,970000.00,5.00,2.75,3500.00,5040.00,2.00,0.00,2.00,3.00,9.00,2950.00,550.00,1927.00,2007.00,98126.00,47.55,-122.38,1450.00,5040.00
795000620.00,20140924T000000,115000.00,3.00,1.00,1080.00,6250.00,1.00,0.00,0.00,2.00,5.00,1080.00,0.00,1950.00,0.00,98168.00,47.50,-122.33,1070.00,6250.00
795000620.00,20141215T000000,124000.00,3.00,1.00,1080.00,6250.00,1.00,0.00,0.00,2.00,5.00,1080.00,0.00,1950.00,0.00,98168.00,47.50,-122.33,1070.00,6250.00
795000620.00,20150311T000000,157000.00,3.00,1.00,1080.00,6250.00,1.00,0.00,0.00,2.00,5.00,1080.00,0.00,1950.00,0.00,98168.00,47.50,-122.33,1070.00,6250.00
8651430220.00,20140725T000000,183000.00,3.00,1.00,870.00,5200.00,1.00,0.00,0.00,5.00,6.00,870.00,0.00,1969.00,0.00,98042.00,47.37,-122.08,870.00,5200.00
7954300740.00,20140909T000000,527000.00,4.00,2.50,2830.00,6163.00,2.00,0.00,0.00,3.00,9.00,2830.00,0.00,2000.00,0.00,98056.00,47.52,-122.19,2730.00,6202.00
4046601460.00,20140606T000000,407193.00,4.00,2.00,1880.00,14653.00,2.00,0.00,0.00,3.00,8.00,1880.00,0.00,1978.00,0.00,98014.00,47.70,-121.92,1750.00,14858.00
6933600456.00,20150313T000000,970000.00,4.00,2.75,3600.00,5040.00,2.00,0.00,0.00,3.00,9.00,2610.00,990.00,2004.00,0.00,98199.00,47.65,-122.39,1590.00,5040.00
9357000650.00,20140527T000000,535000.00,4.00,2.50,2340.00,5600.00,2.00,0.00,0.00,3.00,7.00,2340.00,0.00,1921.00,2013.00,98146.00,47.51,-122.38,1310.00,5600.00
7347600490.00,20140814T000000,245000.00,3.00,2.00,2040.00,13125.00,1.00,0.00,0.00,3.00,6.00,810.00,1230.00,1910.00,0.00,98168.00,47.48,-122.28,1460.00,10582.00
5095400760.00,20140623T000000,337000.00,3.00,1.75,1310.00,12750.00,1.00,0.00,0.00,3.00,7.00,1310.00,0.00,1993.00,0.00,98059.00,47.47,-122.07,1790.00,13500.00
1245003660.00,20150321T000000,630000.00,3.00,2.00,1470.00,6000.00,1.00,0.00,0.00,3.00,8.00,1090.00,380.00,1950.00,1996.00,98033.00,47.68,-122.20,1880.00,7799.00
3275300040.00,20140606T000000,320000.00,3.00,1.75,1370.00,9900.00,1.00,0.00,0.00,4.00,7.00,1370.00,0.00,1983.00,0.00,98003.00,47.26,-122.31,1490.00,9600.00
2407000405.00,20150226T000000,228500.00,3.00,1.00,1080.00,7486.00,1.50,0.00,0.00,3.00,6.00,990.00,90.00,1942.00,0.00,98146.00,47.48,-122.34,1170.00,7800.00
6664900330.00,20150223T000000,293000.00,3.00,2.50,1990.00,7577.00,2.00,0.00,0.00,3.00,7.00,1990.00,0.00,1990.00,0.00,98023.00,47.29,-122.35,1900.00,7152.00
4036800900.00,20140924T000000,447000.00,3.00,1.00,1310.00,7000.00,1.00,0.00,0.00,4.00,7.00,1310.00,0.00,1958.00,0.00,98008.00,47.60,-122.12,1280.00,7300.00
8648220150.00,20140507T000000,226500.00,3.00,1.75,1640.00,10762.00,1.00,0.00,0.00,3.00,7.00,1130.00,510.00,1988.00,0.00,98042.00,47.36,-122.07,1680.00,10259.00
3876313170.00,20141209T000000,436000.00,3.00,2.25,1770.00,8000.00,1.00,0.00,0.00,4.00,7.00,1350.00,420.00,1976.00,0.00,98072.00,47.74,-122.17,1850.00,7875.00
2738600220.00,20140804T000000,451000.00,3.00,2.50,2050.00,4876.00,2.00,0.00,0.00,3.00,8.00,2050.00,0.00,2005.00,0.00,98072.00,47.77,-122.16,2320.00,4065.00
1593000690.00,20150408T000000,315000.00,3.00,1.00,1170.00,62290.00,2.00,0.00,0.00,3.00,5.00,1170.00,0.00,1986.00,0.00,98045.00,47.51,-121.79,1810.00,42173.00
5101406536.00,20141028T000000,450000.00,2.00,1.00,1340.00,7250.00,1.00,0.00,0.00,4.00,7.00,1340.00,0.00,1951.00,0.00,98125.00,47.70,-122.32,1450.00,7026.00
2267000485.00,20141201T000000,635000.00,3.00,1.50,2240.00,5300.00,1.00,0.00,0.00,5.00,7.00,1120.00,1120.00,1955.00,0.00,98117.00,47.69,-122.40,1740.00,7110.00
822059059.00,20150325T000000,292500.00,2.00,1.00,880.00,17743.00,1.00,0.00,0.00,4.00,5.00,880.00,0.00,1951.00,0.00,98031.00,47.41,-122.20,1217.00,13000.00
2310110230.00,20140520T000000,329900.00,3.00,2.50,2170.00,4905.00,2.00,0.00,0.00,3.00,8.00,2170.00,0.00,2004.00,0.00,98038.00,47.35,-122.04,2300.00,4935.00
7974200777.00,20141118T000000,531000.00,2.00,1.50,1260.00,6660.00,1.50,0.00,0.00,4.00,7.00,1260.00,0.00,1926.00,0.00,98115.00,47.68,-122.29,2140.00,4770.00
2025059201.00,20140731T000000,725000.00,3.00,1.75,1880.00,13300.00,1.00,0.00,0.00,3.00,7.00,1380.00,500.00,1967.00,0.00,98004.00,47.63,-122.20,3550.00,10883.00
1074100110.00,20140525T000000,355300.00,3.00,2.50,1620.00,7410.00,1.00,0.00,0.00,5.00,7.00,1620.00,0.00,1955.00,0.00,98133.00,47.77,-122.34,1450.00,8121.00
8000200090.00,20150427T000000,280000.00,3.00,2.50,1610.00,10022.00,2.00,0.00,0.00,3.00,7.00,1610.00,0.00,1996.00,0.00,98003.00,47.26,-122.30,1820.00,10017.00
1247100035.00,20140630T000000,1095000.00,4.00,2.75,3330.00,9143.00,2.00,0.00,0.00,4.00,10.00,3330.00,0.00,1995.00,0.00,98033.00,47.68,-122.19,2390.00,9143.00
7010700210.00,20140605T000000,605004.00,4.00,2.00,1370.00,4000.00,2.00,0.00,0.00,3.00,9.00,1370.00,0.00,1951.00,1994.00,98199.00,47.66,-122.39,2010.00,5720.00
7950304065.00,20150309T000000,260000.00,2.00,1.00,690.00,6000.00,1.00,0.00,0.00,3.00,6.00,690.00,0.00,1949.00,0.00,98118.00,47.56,-122.28,840.00,3030.00
9523100026.00,20140723T000000,748000.00,4.00,2.50,3170.00,4979.00,2.00,0.00,0.00,4.00,7.00,2570.00,600.00,1925.00,0.00,98103.00,47.67,-122.34,2060.00,5000.00
1093000090.00,20150416T000000,776000.00,2.00,2.00,1990.00,6180.00,1.00,0.00,0.00,4.00,7.00,1010.00,980.00,1941.00,0.00,98115.00,47.68,-122.30,1470.00,5150.00
1532300155.00,20140916T000000,425000.00,4.00,1.00,1080.00,6095.00,1.50,0.00,0.00,4.00,6.00,1080.00,0.00,1924.00,0.00,98103.00,47.70,-122.35,1200.00,5060.00
4006000423.00,20150108T000000,230000.00,4.00,1.00,1870.00,14703.00,1.50,0.00,0.00,3.00,6.00,1090.00,780.00,1928.00,0.00,98118.00,47.53,-122.28,1650.00,6045.00
8665900331.00,20150130T000000,418000.00,3.00,1.75,1670.00,12075.00,1.00,0.00,0.00,3.00,7.00,1370.00,300.00,1958.00,0.00,98155.00,47.77,-122.31,1800.00,12123.00
3370000150.00,20140804T000000,440000.00,4.00,2.50,2800.00,28254.00,2.00,0.00,0.00,3.00,9.00,2800.00,0.00,2001.00,0.00,98038.00,47.36,-122.06,2530.00,4694.00
1853080540.00,20141124T000000,858450.00,5.00,2.75,3460.00,7977.00,2.00,0.00,0.00,3.00,9.00,3460.00,0.00,2011.00,0.00,98074.00,47.59,-122.06,3390.00,6630.00
1023089197.00,20141007T000000,390000.00,3.00,2.00,1930.00,12443.00,1.00,0.00,0.00,3.00,7.00,1930.00,0.00,1969.00,0.00,98045.00,47.49,-121.78,1400.00,12183.00
1175001075.00,20140916T000000,957000.00,4.00,3.00,2370.00,3836.00,2.00,0.00,0.00,3.00,9.00,1750.00,620.00,1969.00,2008.00,98107.00,47.67,-122.39,1690.00,4698.00
6392001810.00,20140904T000000,507000.00,3.00,1.00,1180.00,6000.00,1.00,0.00,0.00,3.00,7.00,1180.00,0.00,1950.00,0.00,98115.00,47.69,-122.29,1680.00,6000.00
2767603160.00,20150225T000000,575000.00,2.00,1.00,1320.00,4750.00,1.50,0.00,0.00,4.00,7.00,1320.00,0.00,1928.00,0.00,98107.00,47.67,-122.38,1360.00,2873.00
8129700985.00,20150427T000000,700000.00,3.00,1.75,1350.00,4000.00,1.50,0.00,0.00,4.00,7.00,1350.00,0.00,1925.00,0.00,98103.00,47.66,-122.35,1880.00,4000.00
9406500600.00,20150205T000000,239950.00,2.00,1.50,1068.00,1452.00,2.00,0.00,0.00,3.00,7.00,1068.00,0.00,1990.00,0.00,98028.00,47.75,-122.24,1078.00,1357.00
3830620300.00,20141103T000000,253000.00,3.00,1.00,1580.00,8240.00,1.00,0.00,0.00,4.00,7.00,1040.00,540.00,1978.00,0.00,98030.00,47.35,-122.18,1480.00,9200.00
4237901250.00,20150327T000000,540000.00,4.00,1.00,1690.00,3417.00,1.50,0.00,0.00,3.00,7.00,1690.00,0.00,1907.00,0.00,98199.00,47.66,-122.40,1970.00,4800.00
3754501240.00,20150206T000000,1550000.00,3.00,4.00,5120.00,4600.00,3.00,0.00,2.00,3.00,11.00,4490.00,630.00,2008.00,0.00,98034.00,47.71,-122.22,2510.00,5918.00
2226069018.00,20141112T000000,805000.00,4.00,2.50,3960.00,38615.00,2.00,0.00,0.00,3.00,10.00,3960.00,0.00,2000.00,0.00,98077.00,47.72,-122.02,3290.00,43560.00
4206901215.00,20140612T000000,920000.00,4.00,3.25,2420.00,4000.00,1.50,0.00,0.00,5.00,9.00,1870.00,550.00,1911.00,0.00,98105.00,47.66,-122.33,1810.00,4000.00
3904930730.00,20141105T000000,496600.00,3.00,2.50,1910.00,5562.00,2.00,0.00,0.00,3.00,8.00,1910.00,0.00,1988.00,0.00,98029.00,47.57,-122.02,1940.00,4647.00
2115510300.00,20141016T000000,246000.00,3.00,2.25,1440.00,10500.00,1.00,0.00,0.00,3.00,8.00,1130.00,310.00,1983.00,0.00,98023.00,47.32,-122.39,1510.00,8125.00
1773100620.00,20150505T000000,350000.00,5.00,3.00,2320.00,8400.00,1.00,0.00,0.00,3.00,7.00,1510.00,810.00,1963.00,0.00,98106.00,47.56,-122.37,1200.00,4800.00
5075400150.00,20140523T000000,585000.00,3.00,2.00,1670.00,4572.00,1.50,0.00,0.00,3.00,8.00,1670.00,0.00,1931.00,0.00,98117.00,47.69,-122.37,1480.00,4890.00
3893100319.00,20150323T000000,450000.00,3.00,1.75,1390.00,11700.00,1.00,0.00,0.00,4.00,7.00,1390.00,0.00,1966.00,0.00,98033.00,47.70,-122.19,1060.00,8686.00
4139440610.00,20140512T000000,746000.00,3.00,2.50,2620.00,8950.00,2.00,0.00,0.00,3.00,9.00,2620.00,0.00,1992.00,0.00,98006.00,47.55,-122.12,2850.00,8809.00
2481590090.00,20141027T000000,598555.00,3.00,2.50,3040.00,7880.00,2.00,0.00,0.00,3.00,9.00,3040.00,0.00,2004.00,0.00,98056.00,47.53,-122.18,3040.00,7880.00
3222049151.00,20141030T000000,820000.00,3.00,2.50,2990.00,10711.00,1.00,1.00,4.00,3.00,9.00,1560.00,1430.00,1976.00,1991.00,98198.00,47.36,-122.32,2870.00,11476.00
1545805030.00,20141021T000000,266500.00,3.00,2.25,1740.00,5460.00,1.00,0.00,0.00,3.00,7.00,1210.00,530.00,1998.00,0.00,98038.00,47.36,-122.05,1740.00,7500.00
620079042.00,20150323T000000,370000.00,2.00,1.00,2360.00,105850.00,1.00,0.00,2.00,2.00,6.00,1180.00,1180.00,1947.00,0.00,98022.00,47.25,-121.97,2640.00,386812.00
6848200325.00,20140904T000000,625000.00,3.00,2.75,2240.00,3600.00,2.50,0.00,0.00,3.00,7.00,1650.00,590.00,1901.00,0.00,98102.00,47.62,-122.33,1716.00,3120.00
6929603207.00,20141210T000000,243500.00,4.00,2.00,1610.00,6200.00,1.00,0.00,0.00,4.00,7.00,1610.00,0.00,1979.00,0.00,98198.00,47.38,-122.31,1610.00,7500.00
3626039229.00,20150317T000000,340000.00,2.00,1.00,700.00,5829.00,1.00,0.00,0.00,3.00,6.00,700.00,0.00,1945.00,0.00,98103.00,47.70,-122.36,1160.00,6700.00
5589900610.00,20140918T000000,559950.00,5.00,3.00,2730.00,9519.00,1.00,0.00,0.00,3.00,8.00,1670.00,1060.00,2014.00,0.00,98155.00,47.75,-122.31,1150.00,9519.00
7153400100.00,20150219T000000,315000.00,3.00,2.75,1780.00,15114.00,1.00,0.00,0.00,3.00,7.00,1080.00,700.00,1980.00,0.00,98003.00,47.26,-122.31,1792.00,10155.00
1125069086.00,20150428T000000,753000.00,3.00,2.50,3070.00,223463.00,2.00,0.00,0.00,3.00,9.00,3070.00,0.00,2003.00,0.00,98053.00,47.66,-121.99,3640.00,223463.00
2902200076.00,20150128T000000,800000.00,3.00,3.00,2060.00,3200.00,2.00,0.00,0.00,3.00,8.00,2060.00,0.00,1907.00,1984.00,98102.00,47.64,-122.32,1760.00,2669.00
8024201210.00,20140911T000000,550000.00,3.00,2.25,1360.00,5111.00,1.50,0.00,0.00,5.00,7.00,1360.00,0.00,1934.00,0.00,98115.00,47.70,-122.31,1900.00,5111.00
3755500065.00,20141106T000000,465000.00,3.00,2.00,1430.00,14250.00,1.00,0.00,0.00,3.00,7.00,1430.00,0.00,1953.00,0.00,98033.00,47.70,-122.20,1530.00,11475.00
3890600150.00,20140528T000000,465000.00,3.00,2.25,1840.00,5752.00,2.00,0.00,0.00,3.00,7.00,1840.00,0.00,2003.00,0.00,98034.00,47.70,-122.19,1670.00,2462.00
2141320230.00,20150410T000000,710000.00,4.00,2.25,2000.00,8068.00,2.00,0.00,0.00,5.00,8.00,2000.00,0.00,1976.00,0.00,98006.00,47.56,-122.14,2080.00,7837.00
8078430360.00,20141216T000000,505000.00,3.00,2.50,1820.00,11012.00,2.00,0.00,0.00,3.00,8.00,1820.00,0.00,1988.00,0.00,98074.00,47.64,-122.03,1860.00,7767.00
333100209.00,20150318T000000,690000.00,3.00,1.75,2330.00,16300.00,2.00,0.00,0.00,3.00,9.00,2330.00,0.00,1964.00,0.00,98034.00,47.70,-122.24,2330.00,16300.00
5419800090.00,20141121T000000,217500.00,2.00,2.00,1070.00,8400.00,1.00,0.00,0.00,4.00,7.00,1070.00,0.00,1980.00,0.00,98031.00,47.40,-122.19,1430.00,8190.00
1868900395.00,20140902T000000,500000.00,2.00,1.00,930.00,3750.00,1.00,0.00,0.00,4.00,7.00,930.00,0.00,1909.00,0.00,98115.00,47.67,-122.30,1740.00,4300.00
1568100730.00,20150218T000000,325000.00,2.00,2.00,1040.00,5796.00,1.00,0.00,2.00,4.00,6.00,1040.00,0.00,1921.00,0.00,98155.00,47.74,-122.29,2300.00,5796.00
1785400770.00,20140825T000000,500000.00,4.00,2.25,1960.00,12436.00,2.00,0.00,0.00,3.00,8.00,1960.00,0.00,1984.00,0.00,98074.00,47.63,-122.04,1960.00,12436.00
2724079014.00,20150331T000000,721500.00,3.00,3.25,2970.00,234788.00,2.00,0.00,3.00,3.00,9.00,2040.00,930.00,1991.00,0.00,98024.00,47.54,-121.90,2970.00,220413.00
1370801800.00,20140519T000000,924000.00,3.00,1.50,2200.00,5000.00,1.50,0.00,0.00,3.00,9.00,2200.00,0.00,1932.00,0.00,98199.00,47.64,-122.41,2860.00,5000.00
3585901085.00,20140604T000000,2005000.00,6.00,4.50,3810.00,28176.00,1.00,0.00,4.00,5.00,10.00,3810.00,0.00,1969.00,0.00,98177.00,47.76,-122.38,3810.00,26400.00
424049283.00,20150415T000000,345000.00,2.00,1.50,830.00,1034.00,2.00,0.00,0.00,3.00,8.00,830.00,0.00,2009.00,0.00,98144.00,47.59,-122.30,1130.00,2534.00
7851990230.00,20150316T000000,825000.00,4.00,3.50,3920.00,11086.00,2.00,0.00,0.00,3.00,10.00,3920.00,0.00,1999.00,0.00,98065.00,47.54,-121.87,3740.00,10880.00
1423069076.00,20140926T000000,560000.00,3.00,2.00,2870.00,95396.00,1.00,0.00,0.00,4.00,9.00,1350.00,1520.00,1980.00,0.00,98027.00,47.48,-122.00,2870.00,102366.00
1786830090.00,20140708T000000,599000.00,3.00,2.00,2560.00,14680.00,1.00,0.00,0.00,3.00,8.00,1330.00,1230.00,1987.00,0.00,98052.00,47.65,-122.12,2390.00,13848.00
2968801240.00,20140512T000000,211000.00,3.00,1.50,1350.00,7620.00,1.00,0.00,0.00,5.00,6.00,1350.00,0.00,1941.00,0.00,98166.00,47.46,-122.35,1350.00,7620.00
3344500210.00,20150424T000000,425000.00,4.00,2.25,1240.00,21190.00,1.00,0.00,0.00,3.00,8.00,910.00,330.00,1974.00,0.00,98056.00,47.51,-122.20,1760.00,8200.00
226039317.00,20150107T000000,750000.00,4.00,2.75,3210.00,8520.00,1.00,0.00,2.00,4.00,7.00,1810.00,1400.00,1976.00,0.00,98177.00,47.77,-122.39,2450.00,7360.00
7202330530.00,20150116T000000,479000.00,3.00,2.50,1690.00,3322.00,2.00,0.00,0.00,3.00,7.00,1690.00,0.00,2003.00,0.00,98053.00,47.68,-122.04,1650.00,3446.00
3905090230.00,20150227T000000,612500.00,4.00,2.50,2550.00,10623.00,2.00,0.00,0.00,3.00,9.00,2550.00,0.00,1992.00,0.00,98029.00,47.57,-121.99,2750.00,8100.00
6446200365.00,20150505T000000,605000.00,5.00,1.75,3240.00,34510.00,2.00,0.00,0.00,4.00,7.00,2690.00,550.00,1963.00,0.00,98029.00,47.55,-122.03,2650.00,28250.00
856001130.00,20150223T000000,1364000.00,4.00,2.50,3560.00,8960.00,2.00,0.00,0.00,3.00,10.00,3560.00,0.00,2001.00,0.00,98033.00,47.69,-122.21,1660.00,7680.00
7861500150.00,20141202T000000,389900.00,3.00,2.50,2160.00,59241.00,1.00,0.00,0.00,3.00,7.00,2160.00,0.00,2007.00,0.00,98042.00,47.33,-122.13,2290.00,125017.00
5014600210.00,20141215T000000,710000.00,4.00,2.50,3060.00,5000.00,2.00,0.00,0.00,3.00,9.00,3060.00,0.00,2006.00,0.00,98059.00,47.54,-122.19,2870.00,5548.00
2215900900.00,20150505T000000,295000.00,3.00,2.50,1690.00,8564.00,2.00,0.00,0.00,4.00,7.00,1690.00,0.00,1992.00,0.00,98038.00,47.35,-122.06,1690.00,7532.00
2025700740.00,20140702T000000,275250.00,3.00,2.25,1520.00,7199.00,2.00,0.00,0.00,4.00,7.00,1520.00,0.00,1992.00,0.00,98038.00,47.35,-122.03,1410.00,6751.00
2591730230.00,20140912T000000,250000.00,4.00,2.50,2040.00,5770.00,2.00,0.00,0.00,3.00,7.00,2040.00,0.00,1994.00,0.00,98038.00,47.35,-122.06,1570.00,6753.00
7611200195.00,20150220T000000,709000.00,3.00,2.00,2360.00,18000.00,1.00,0.00,0.00,4.00,8.00,2180.00,180.00,1951.00,0.00,98177.00,47.71,-122.37,2600.00,17300.00
9297800090.00,20140708T000000,399500.00,4.00,1.75,1360.00,4840.00,1.50,0.00,0.00,4.00,7.00,1360.00,0.00,1928.00,0.00,98126.00,47.56,-122.38,1320.00,4840.00
2215900930.00,20140509T000000,225000.00,3.00,2.50,2000.00,9202.00,2.00,0.00,0.00,4.00,7.00,2000.00,0.00,1992.00,0.00,98038.00,47.35,-122.06,1750.00,7827.00
7215730930.00,20150112T000000,500000.00,3.00,2.50,1650.00,4648.00,2.00,0.00,0.00,3.00,8.00,1650.00,0.00,2001.00,0.00,98075.00,47.60,-122.02,1800.00,5637.00
5201810110.00,20140609T000000,364900.00,3.00,3.00,2500.00,8304.00,2.00,0.00,0.00,3.00,8.00,2500.00,0.00,1997.00,0.00,98031.00,47.40,-122.17,2290.00,7855.00
3575302562.00,20141113T000000,356000.00,3.00,1.50,1140.00,7500.00,1.00,0.00,0.00,3.00,7.00,1140.00,0.00,1976.00,0.00,98074.00,47.62,-122.06,1380.00,7500.00
3438502290.00,20150202T000000,616750.00,3.00,1.50,2140.00,47743.00,1.50,0.00,0.00,3.00,9.00,2140.00,0.00,1978.00,0.00,98106.00,47.54,-122.37,1060.00,6016.00
8881900230.00,20141202T000000,755000.00,3.00,2.75,2870.00,6600.00,2.00,0.00,2.00,3.00,8.00,2870.00,0.00,1984.00,0.00,98008.00,47.57,-122.11,2570.00,7925.00
3500100015.00,20140812T000000,327500.00,2.00,1.00,830.00,8183.00,1.00,0.00,0.00,5.00,6.00,830.00,0.00,1950.00,0.00,98155.00,47.74,-122.30,1180.00,8184.00
8651511250.00,20150415T000000,605000.00,3.00,2.25,1960.00,10139.00,2.00,0.00,0.00,3.00,8.00,1960.00,0.00,1984.00,0.00,98074.00,47.65,-122.06,2080.00,9753.00
8651401960.00,20150413T000000,179950.00,4.00,1.50,1130.00,5200.00,1.00,0.00,0.00,3.00,6.00,1130.00,0.00,1968.00,0.00,98042.00,47.36,-122.09,1140.00,5200.00
7937900040.00,20141219T000000,633000.00,5.00,2.75,3630.00,30570.00,2.00,0.00,0.00,3.00,11.00,3630.00,0.00,2000.00,0.00,98058.00,47.42,-122.10,3620.00,41965.00
6199000141.00,20150312T000000,349950.00,4.00,2.00,1764.00,15600.00,1.00,0.00,0.00,5.00,7.00,1764.00,0.00,1942.00,0.00,98058.00,47.43,-122.18,1490.00,22387.00
3271300365.00,20150407T000000,1080000.00,3.00,2.75,2770.00,5800.00,1.00,0.00,0.00,4.00,8.00,1650.00,1120.00,1959.00,0.00,98199.00,47.65,-122.41,2340.00,5800.00
9264030040.00,20150430T000000,425000.00,3.00,2.50,2650.00,12247.00,2.00,0.00,0.00,3.00,9.00,2650.00,0.00,2002.00,0.00,98001.00,47.32,-122.26,2920.00,8965.00
9829200580.00,20140917T000000,990000.00,3.00,2.75,2500.00,6350.00,2.00,0.00,0.00,5.00,9.00,2370.00,130.00,1979.00,0.00,98122.00,47.60,-122.29,2090.00,5454.00
2929600035.00,20140627T000000,410000.00,3.00,1.00,2710.00,19000.00,2.00,0.00,3.00,4.00,7.00,2710.00,0.00,1950.00,0.00,98166.00,47.45,-122.36,2150.00,19000.00
3459410230.00,20141111T000000,590000.00,3.00,2.25,2490.00,8800.00,2.00,0.00,0.00,4.00,8.00,2490.00,0.00,1975.00,0.00,98006.00,47.57,-122.13,2690.00,10000.00
7303200450.00,20150408T000000,242000.00,3.00,1.75,1500.00,7560.00,1.00,0.00,0.00,3.00,7.00,1500.00,0.00,1979.00,0.00,98003.00,47.35,-122.30,1500.00,7560.00
924069042.00,20141125T000000,775000.00,3.00,2.00,1160.00,13747.00,1.00,0.00,0.00,5.00,5.00,580.00,580.00,1931.00,0.00,98075.00,47.59,-122.05,2961.00,16320.00
287000110.00,20140625T000000,680000.00,4.00,1.50,1880.00,6200.00,1.00,0.00,2.00,5.00,8.00,1440.00,440.00,1954.00,0.00,98146.00,47.50,-122.38,2070.00,6500.00
1018000276.00,20150327T000000,217000.00,3.00,2.50,1340.00,4200.00,2.00,0.00,0.00,3.00,7.00,1340.00,0.00,2002.00,0.00,98002.00,47.29,-122.23,990.00,4520.00
1560870040.00,20150421T000000,395000.00,3.00,2.50,1960.00,3953.00,2.00,0.00,0.00,3.00,8.00,1960.00,0.00,1999.00,0.00,98059.00,47.49,-122.16,1690.00,3593.00
7135500120.00,20140519T000000,572500.00,3.00,2.25,2030.00,9791.00,1.00,0.00,0.00,4.00,8.00,1500.00,530.00,1984.00,0.00,98059.00,47.53,-122.16,2030.00,11031.00
5101408835.00,20140909T000000,559900.00,5.00,3.00,2200.00,6380.00,1.00,0.00,0.00,3.00,7.00,1440.00,760.00,1987.00,0.00,98125.00,47.70,-122.32,1960.00,5800.00
472000590.00,20140624T000000,845000.00,3.00,2.00,2540.00,4750.00,1.50,0.00,0.00,5.00,9.00,1840.00,700.00,1930.00,0.00,98117.00,47.68,-122.40,2190.00,4750.00
104550750.00,20140728T000000,241000.00,3.00,2.00,1520.00,7131.00,1.00,0.00,0.00,3.00,8.00,1520.00,0.00,1993.00,0.00,98023.00,47.31,-122.36,1890.00,7379.00
7576700150.00,20141001T000000,1325000.00,3.00,2.25,2360.00,5504.00,2.00,0.00,0.00,4.00,8.00,2080.00,280.00,1913.00,0.00,98122.00,47.62,-122.29,2840.00,5470.00
7137300245.00,20150429T000000,475000.00,3.00,1.75,1340.00,2805.00,1.50,0.00,0.00,3.00,7.00,1340.00,0.00,1919.00,0.00,98144.00,47.59,-122.30,1650.00,2805.00
5511600315.00,20150218T000000,575000.00,2.00,1.50,1400.00,5810.00,2.00,0.00,0.00,3.00,7.00,1400.00,0.00,1940.00,0.00,98103.00,47.68,-122.34,1470.00,3920.00
1422059039.00,20140828T000000,455000.00,4.00,2.75,3030.00,117378.00,1.00,0.00,0.00,4.00,8.00,1680.00,1350.00,1959.00,0.00,98042.00,47.40,-122.14,2060.00,110957.00
1026069095.00,20140624T000000,839000.00,3.00,2.50,3200.00,203425.00,1.00,0.00,0.00,3.00,10.00,3200.00,0.00,2000.00,0.00,98077.00,47.76,-122.02,3200.00,203425.00
2207100165.00,20150430T000000,475000.00,4.00,1.50,1580.00,10260.00,1.00,0.00,0.00,4.00,7.00,1030.00,550.00,1955.00,0.00,98007.00,47.60,-122.15,1520.00,7000.00
1705400361.00,20141208T000000,600000.00,2.00,1.00,2120.00,6897.00,1.00,0.00,0.00,4.00,7.00,1060.00,1060.00,1923.00,0.00,98118.00,47.56,-122.28,1900.00,4462.00
1370804115.00,20141106T000000,515000.00,2.00,1.00,1640.00,5200.00,1.00,0.00,0.00,4.00,7.00,1040.00,600.00,1937.00,0.00,98199.00,47.64,-122.40,1780.00,5040.00
9527000090.00,20150318T000000,425000.00,3.00,2.25,1890.00,8400.00,1.00,0.00,0.00,3.00,8.00,1520.00,370.00,1977.00,0.00,98034.00,47.71,-122.23,1830.00,7980.00
1556200145.00,20141007T000000,565000.00,4.00,2.00,1710.00,3875.00,1.50,0.00,0.00,4.00,7.00,1710.00,0.00,1907.00,0.00,98122.00,47.61,-122.29,1710.00,3812.00
1245500286.00,20140523T000000,498000.00,2.00,2.00,1140.00,8282.00,1.00,0.00,0.00,3.00,6.00,1140.00,0.00,1924.00,2009.00,98033.00,47.69,-122.21,1650.00,9000.00
8824900120.00,20140606T000000,739000.00,4.00,3.00,2720.00,3800.00,2.00,0.00,0.00,5.00,8.00,1800.00,920.00,1919.00,0.00,98115.00,47.68,-122.31,1940.00,4001.00
3959401645.00,20140604T000000,355000.00,2.00,1.75,1650.00,4000.00,1.00,0.00,0.00,4.00,7.00,950.00,700.00,1947.00,0.00,98108.00,47.56,-122.32,1060.00,4110.00
9264900880.00,20140715T000000,263000.00,3.00,1.75,1790.00,7485.00,1.00,0.00,0.00,4.00,8.00,1330.00,460.00,1979.00,0.00,98023.00,47.31,-122.34,1970.00,8097.00
2826049160.00,20140905T000000,375000.00,4.00,1.75,1680.00,6834.00,1.50,0.00,0.00,3.00,7.00,1680.00,0.00,1948.00,0.00,98125.00,47.72,-122.31,950.00,7425.00
3449500035.00,20140930T000000,322000.00,3.00,1.75,2200.00,12231.00,1.00,0.00,0.00,4.00,7.00,1250.00,950.00,1964.00,0.00,98056.00,47.51,-122.17,2200.00,9825.00
9266700845.00,20150429T000000,325000.00,2.00,1.00,830.00,5100.00,1.00,0.00,0.00,3.00,6.00,830.00,0.00,1941.00,0.00,98103.00,47.69,-122.35,1050.00,5100.00
2493200455.00,20141021T000000,290000.00,2.00,1.00,770.00,4800.00,1.00,0.00,0.00,3.00,7.00,770.00,0.00,1943.00,0.00,98136.00,47.53,-122.38,1390.00,4800.00
6352600210.00,20140611T000000,809950.00,4.00,2.50,3280.00,6181.00,2.00,0.00,0.00,3.00,10.00,3280.00,0.00,2001.00,0.00,98074.00,47.65,-122.08,3110.00,7570.00
4278900110.00,20141009T000000,969500.00,3.00,3.25,2080.00,3025.00,2.00,0.00,2.00,4.00,8.00,1220.00,860.00,1984.00,0.00,98122.00,47.61,-122.29,2680.00,6518.00
7214790110.00,20140613T000000,665000.00,4.00,2.50,2790.00,43091.00,2.00,0.00,0.00,4.00,9.00,2790.00,0.00,1989.00,0.00,98077.00,47.78,-122.08,2750.00,35290.00
9358400150.00,20150206T000000,635000.00,5.00,3.50,4150.00,13232.00,2.00,0.00,0.00,3.00,11.00,4150.00,0.00,2006.00,0.00,98003.00,47.34,-122.18,3840.00,15121.00
1545802100.00,20141029T000000,272450.00,3.00,2.25,1780.00,7332.00,2.00,0.00,0.00,3.00,7.00,1780.00,0.00,1987.00,0.00,98038.00,47.36,-122.05,1510.00,7625.00
8563000110.00,20150424T000000,427000.00,4.00,1.75,1460.00,9750.00,1.00,0.00,0.00,4.00,7.00,1460.00,0.00,1967.00,0.00,98008.00,47.62,-122.10,1820.00,9840.00
8074400150.00,20150401T000000,261500.00,3.00,1.00,1410.00,8174.00,1.00,0.00,0.00,3.00,8.00,1410.00,0.00,1958.00,0.00,98056.00,47.50,-122.18,1500.00,8058.00
1951800040.00,20140620T000000,488800.00,4.00,2.25,2170.00,9665.00,1.00,0.00,0.00,4.00,8.00,1300.00,870.00,1976.00,0.00,98006.00,47.54,-122.17,2170.00,12054.00
7934000090.00,20150225T000000,340000.00,2.00,1.00,690.00,5200.00,1.00,0.00,0.00,3.00,6.00,690.00,0.00,1918.00,0.00,98136.00,47.56,-122.40,1380.00,5700.00
50300090.00,20140811T000000,398950.00,4.00,3.00,3000.00,10297.00,2.00,0.00,0.00,3.00,8.00,3000.00,0.00,2003.00,0.00,98042.00,47.37,-122.07,2520.00,8366.00
8651430210.00,20150321T000000,217000.00,3.00,1.00,870.00,5200.00,1.00,0.00,0.00,5.00,6.00,870.00,0.00,1969.00,0.00,98042.00,47.37,-122.08,1020.00,5200.00
126059019.00,20150316T000000,799000.00,4.00,2.50,3170.00,94855.00,1.00,0.00,0.00,4.00,9.00,1910.00,1260.00,1978.00,0.00,98072.00,47.76,-122.11,2590.00,65340.00
2599700040.00,20141230T000000,160000.00,4.00,1.00,1540.00,7350.00,1.00,0.00,0.00,4.00,6.00,770.00,770.00,1969.00,0.00,98023.00,47.33,-122.34,910.00,8000.00
9512501400.00,20140902T000000,447000.00,3.00,1.00,1270.00,8800.00,1.00,0.00,0.00,3.00,7.00,1270.00,0.00,1968.00,0.00,98052.00,47.67,-122.15,1560.00,8250.00
9169600043.00,20150424T000000,765000.00,3.00,1.75,2190.00,6450.00,1.00,0.00,0.00,3.00,8.00,1480.00,710.00,1957.00,0.00,98136.00,47.53,-122.39,2190.00,6450.00
4139900210.00,20140620T000000,1320000.00,4.00,3.50,4410.00,36200.00,2.00,0.00,0.00,3.00,11.00,4410.00,0.00,1989.00,0.00,98006.00,47.55,-122.13,4760.00,35860.00
9558010090.00,20140822T000000,445000.00,4.00,2.50,2790.00,8111.00,2.00,0.00,0.00,3.00,9.00,2480.00,310.00,2004.00,0.00,98058.00,47.45,-122.12,2550.00,7634.00
8101900100.00,20150328T000000,310000.00,3.00,1.00,1510.00,6000.00,1.00,0.00,0.00,3.00,8.00,1170.00,340.00,1953.00,0.00,98118.00,47.52,-122.29,1125.00,6000.00
5592900205.00,20150409T000000,380000.00,2.00,1.75,1800.00,7191.00,1.00,0.00,3.00,4.00,7.00,990.00,810.00,1952.00,0.00,98056.00,47.48,-122.19,1940.00,7400.00
1624049228.00,20141124T000000,325000.00,4.00,1.00,2410.00,6975.00,1.00,0.00,0.00,3.00,7.00,1510.00,900.00,1957.00,0.00,98108.00,47.57,-122.30,1880.00,6255.00
2473410360.00,20140617T000000,345000.00,4.00,2.75,2250.00,7412.00,1.00,0.00,0.00,4.00,8.00,1480.00,770.00,1975.00,0.00,98058.00,47.44,-122.13,2070.00,7632.00
7750500120.00,20141118T000000,300000.00,3.00,1.00,950.00,4760.00,1.50,0.00,0.00,3.00,6.00,950.00,0.00,1929.00,0.00,98106.00,47.52,-122.35,1080.00,4760.00
1630700361.00,20140627T000000,530000.00,4.00,1.75,2860.00,48351.00,1.00,0.00,0.00,3.00,8.00,1710.00,1150.00,1978.00,0.00,98077.00,47.76,-122.09,2460.00,43560.00
1630700361.00,20150409T000000,583500.00,4.00,1.75,2860.00,48351.00,1.00,0.00,0.00,3.00,8.00,1710.00,1150.00,1978.00,0.00,98077.00,47.76,-122.09,2460.00,43560.00
4025300210.00,20150217T000000,410000.00,2.00,1.00,1560.00,10125.00,1.00,0.00,0.00,4.00,7.00,1130.00,430.00,1954.00,0.00,98155.00,47.75,-122.30,1680.00,10125.00
2922701175.00,20140919T000000,535000.00,2.00,1.50,1940.00,5700.00,1.00,0.00,0.00,3.00,7.00,970.00,970.00,1937.00,0.00,98117.00,47.69,-122.37,1250.00,5700.00
7352200450.00,20150115T000000,2050000.00,4.00,3.25,3580.00,19989.00,1.50,1.00,4.00,4.00,7.00,3480.00,100.00,1915.00,1965.00,98125.00,47.71,-122.28,2410.00,6389.00
9320990120.00,20140703T000000,345000.00,4.00,2.50,2040.00,5523.00,2.00,0.00,0.00,3.00,7.00,2040.00,0.00,1999.00,0.00,98148.00,47.43,-122.33,1720.00,6646.00
1238500281.00,20150410T000000,539000.00,5.00,1.00,1700.00,11727.00,1.50,0.00,0.00,4.00,7.00,1700.00,0.00,1954.00,0.00,98033.00,47.69,-122.17,1740.00,8212.00
1951800580.00,20141024T000000,590000.00,4.00,2.50,3700.00,12500.00,1.00,0.00,0.00,5.00,8.00,1920.00,1780.00,1973.00,0.00,98006.00,47.54,-122.17,2020.00,8350.00
3530430100.00,20140815T000000,187000.00,2.00,1.75,1050.00,2926.00,1.00,0.00,0.00,4.00,8.00,1050.00,0.00,1974.00,0.00,98198.00,47.38,-122.32,1150.00,3802.00
1623059092.00,20140509T000000,270000.00,3.00,2.00,1690.00,9583.00,1.00,0.00,0.00,4.00,7.00,1690.00,0.00,1969.00,0.00,98059.00,47.48,-122.16,1690.00,9583.00
7177300735.00,20150329T000000,546000.00,2.00,1.00,1120.00,6180.00,1.00,0.00,0.00,4.00,7.00,1120.00,0.00,1939.00,0.00,98115.00,47.68,-122.30,1420.00,5356.00
1525039057.00,20140702T000000,520000.00,3.00,1.75,1490.00,1036.00,2.00,0.00,0.00,3.00,10.00,1090.00,400.00,2008.00,0.00,98199.00,47.66,-122.40,1460.00,1206.00
5393601635.00,20141229T000000,515000.00,5.00,2.00,2220.00,6000.00,1.50,0.00,0.00,4.00,7.00,1390.00,830.00,1925.00,0.00,98144.00,47.58,-122.30,1600.00,6000.00
4217401240.00,20140717T000000,990000.00,3.00,2.50,2160.00,6000.00,1.50,0.00,0.00,4.00,8.00,1880.00,280.00,1939.00,0.00,98105.00,47.66,-122.28,2300.00,6000.00
3438501450.00,20150507T000000,382000.00,2.00,1.00,870.00,10492.00,1.00,0.00,0.00,3.00,7.00,870.00,0.00,1937.00,0.00,98106.00,47.55,-122.37,1300.00,7987.00
1872900065.00,20150410T000000,1210000.00,3.00,1.75,1900.00,13600.00,1.00,0.00,0.00,4.00,8.00,1900.00,0.00,1956.00,0.00,98004.00,47.62,-122.22,2510.00,16600.00
9285800180.00,20140626T000000,900000.00,4.00,3.50,3370.00,5000.00,2.00,0.00,2.00,3.00,8.00,2470.00,900.00,2008.00,0.00,98126.00,47.57,-122.38,1820.00,5000.00
4322200220.00,20150421T000000,675000.00,3.00,2.75,3370.00,5350.00,1.50,0.00,1.00,4.00,7.00,2310.00,1060.00,1910.00,0.00,98136.00,47.54,-122.39,1720.00,5618.00
1819800042.00,20141114T000000,460000.00,2.00,1.00,880.00,3300.00,1.00,0.00,0.00,4.00,7.00,880.00,0.00,1909.00,0.00,98107.00,47.66,-122.36,1960.00,5500.00
2946001675.00,20140603T000000,234000.00,2.00,1.00,940.00,5375.00,1.00,0.00,0.00,4.00,5.00,940.00,0.00,1952.00,0.00,98198.00,47.42,-122.32,1200.00,7500.00
1138010530.00,20150429T000000,399000.00,3.00,1.00,1340.00,7191.00,1.00,0.00,0.00,3.00,7.00,1340.00,0.00,1974.00,0.00,98034.00,47.71,-122.21,1340.00,7215.00
7763400035.00,20150402T000000,253500.00,3.00,1.50,1440.00,12040.00,1.00,0.00,0.00,4.00,7.00,1440.00,0.00,1959.00,0.00,98042.00,47.37,-122.16,1720.00,12040.00
925059107.00,20140820T000000,475000.00,3.00,1.50,1750.00,12632.00,1.00,0.00,0.00,4.00,7.00,1750.00,0.00,1952.00,0.00,98033.00,47.67,-122.18,1740.00,12196.00
1112000100.00,20150330T000000,740000.00,5.00,3.50,3990.00,5000.00,2.00,0.00,0.00,3.00,8.00,2910.00,1080.00,2004.00,0.00,98118.00,47.54,-122.27,1310.00,5000.00
7010700936.00,20140613T000000,799000.00,3.00,2.50,2860.00,4442.00,2.00,0.00,0.00,3.00,8.00,2860.00,0.00,2000.00,0.00,98199.00,47.66,-122.40,1440.00,4400.00
9558010300.00,20150423T000000,390000.00,4.00,2.50,1940.00,3864.00,2.00,0.00,0.00,3.00,8.00,1940.00,0.00,2003.00,0.00,98058.00,47.45,-122.12,1900.00,3864.00
7304301010.00,20140915T000000,421000.00,2.00,1.50,1400.00,11245.00,1.00,0.00,0.00,5.00,7.00,1400.00,0.00,1947.00,0.00,98155.00,47.75,-122.32,1220.00,11241.00
2329800110.00,20150128T000000,296500.00,3.00,2.50,1770.00,6033.00,2.00,0.00,0.00,4.00,7.00,1770.00,0.00,1987.00,0.00,98042.00,47.38,-122.12,1590.00,6510.00
8712100530.00,20140813T000000,895000.00,4.00,2.00,1710.00,4178.00,1.50,0.00,0.00,4.00,8.00,1710.00,0.00,1926.00,0.00,98112.00,47.64,-122.30,1760.00,4178.00
3814800300.00,20140811T000000,386000.00,4.00,2.50,2810.00,11897.00,2.00,0.00,0.00,3.00,8.00,2810.00,0.00,2003.00,0.00,98092.00,47.33,-122.19,1770.00,4240.00
4022300035.00,20141009T000000,424000.00,3.00,1.00,1580.00,13912.00,1.00,0.00,0.00,4.00,8.00,1580.00,0.00,1955.00,0.00,98155.00,47.76,-122.28,2130.00,16420.00
6021503840.00,20140610T000000,749000.00,3.00,1.00,1580.00,5000.00,1.50,0.00,0.00,3.00,7.00,1580.00,0.00,1926.00,0.00,98117.00,47.68,-122.39,1280.00,4000.00
5210200081.00,20141110T000000,523000.00,3.00,1.00,1440.00,8681.00,1.50,0.00,0.00,3.00,7.00,1440.00,0.00,1937.00,0.00,98115.00,47.70,-122.28,1700.00,7770.00
821049123.00,20141028T000000,389000.00,4.00,2.50,2420.00,9147.00,2.00,0.00,0.00,3.00,10.00,2420.00,0.00,1998.00,0.00,98003.00,47.32,-122.32,1400.00,7200.00
6929600945.00,20140825T000000,270000.00,4.00,1.50,1930.00,15000.00,1.00,0.00,0.00,5.00,7.00,1930.00,0.00,1946.00,0.00,98198.00,47.39,-122.31,1620.00,7500.00
5229300027.00,20140910T000000,275000.00,3.00,1.00,1190.00,27215.00,1.00,0.00,0.00,5.00,7.00,1190.00,0.00,1943.00,1989.00,98059.00,47.50,-122.12,1450.00,56628.00
2214800730.00,20140905T000000,287500.00,4.00,2.50,2240.00,6944.00,1.00,0.00,2.00,3.00,7.00,1310.00,930.00,1979.00,0.00,98001.00,47.34,-122.26,1780.00,7477.00
3521059124.00,20140924T000000,345000.00,2.00,2.50,2550.00,216344.00,2.50,0.00,0.00,3.00,7.00,2550.00,0.00,1993.00,0.00,98092.00,47.26,-122.12,1750.00,289978.00
1931300850.00,20140527T000000,427000.00,2.00,1.00,920.00,3780.00,1.00,0.00,0.00,3.00,6.00,920.00,0.00,1910.00,0.00,98103.00,47.66,-122.35,1570.00,2640.00
2206500110.00,20140905T000000,508450.00,4.00,1.75,1520.00,9600.00,1.00,0.00,0.00,4.00,7.00,1000.00,520.00,1955.00,0.00,98006.00,47.58,-122.15,1510.00,9000.00
3856903515.00,20141222T000000,705000.00,3.00,2.00,1460.00,6250.00,1.50,0.00,0.00,4.00,7.00,1460.00,0.00,1912.00,0.00,98103.00,47.67,-122.33,1690.00,4750.00
5561401530.00,20141029T000000,550000.00,1.00,1.50,1900.00,40600.00,1.50,0.00,0.00,5.00,9.00,1450.00,450.00,1977.00,0.00,98027.00,47.47,-122.01,2920.00,40427.00
2206900065.00,20150501T000000,380000.00,3.00,1.50,1430.00,11173.00,1.00,0.00,0.00,1.00,7.00,1430.00,0.00,1955.00,0.00,98006.00,47.57,-122.15,1520.00,11659.00
7852090820.00,20140729T000000,539900.00,3.00,2.50,2500.00,4203.00,2.00,0.00,0.00,3.00,8.00,2500.00,0.00,2001.00,0.00,98065.00,47.53,-121.88,2460.00,4798.00
2354300915.00,20140903T000000,330000.00,2.00,1.00,720.00,7250.00,1.00,0.00,0.00,3.00,5.00,720.00,0.00,1943.00,0.00,98027.00,47.53,-122.03,1760.00,7250.00
9214400120.00,20140602T000000,455000.00,2.00,1.00,1140.00,5720.00,1.00,0.00,0.00,3.00,7.00,850.00,290.00,1947.00,0.00,98115.00,47.68,-122.30,1410.00,5832.00
7298050090.00,20141007T000000,510000.00,4.00,4.00,3530.00,10935.00,2.00,0.00,0.00,3.00,10.00,3530.00,0.00,1992.00,0.00,98023.00,47.30,-122.34,3360.00,11250.00
1323059098.00,20150402T000000,315000.00,3.00,2.00,1220.00,14645.00,1.00,0.00,0.00,3.00,6.00,1220.00,0.00,1970.00,0.00,98059.00,47.48,-122.12,1980.00,24960.00
7345000120.00,20140617T000000,206000.00,3.00,1.00,1320.00,7000.00,1.00,0.00,0.00,4.00,7.00,1320.00,0.00,1967.00,0.00,98002.00,47.28,-122.21,1260.00,7455.00
8563050110.00,20140522T000000,592500.00,4.00,3.00,2170.00,8240.00,1.00,0.00,0.00,4.00,8.00,1370.00,800.00,1968.00,0.00,98052.00,47.63,-122.09,2020.00,7944.00
3754010040.00,20141023T000000,744000.00,3.00,2.50,2020.00,7512.00,2.00,0.00,0.00,4.00,8.00,2020.00,0.00,1981.00,0.00,98033.00,47.69,-122.21,2410.00,8500.00
8944320100.00,20141027T000000,334500.00,3.00,2.50,1990.00,3694.00,2.00,0.00,0.00,3.00,8.00,1990.00,0.00,1989.00,0.00,98042.00,47.39,-122.15,2110.00,3842.00
6788201781.00,20140605T000000,886000.00,4.00,2.00,2660.00,3900.00,1.50,0.00,0.00,4.00,7.00,1480.00,1180.00,1923.00,0.00,98112.00,47.64,-122.31,2350.00,3900.00
1036400100.00,20141021T000000,600000.00,4.00,2.50,2360.00,13500.00,1.00,0.00,0.00,4.00,8.00,1780.00,580.00,1973.00,0.00,98052.00,47.63,-122.10,2780.00,12400.00
323089085.00,20150422T000000,850000.00,3.00,2.00,2740.00,101930.00,1.00,0.00,2.00,3.00,9.00,2740.00,0.00,1999.00,0.00,98045.00,47.51,-121.77,2140.00,83635.00
7905200365.00,20150408T000000,550000.00,3.00,1.75,1360.00,5850.00,1.00,0.00,0.00,4.00,7.00,1000.00,360.00,1938.00,0.00,98116.00,47.57,-122.39,1540.00,5850.00
2420069268.00,20140821T000000,184900.00,2.00,1.00,1230.00,5000.00,1.00,0.00,0.00,5.00,6.00,1230.00,0.00,1911.00,0.00,98022.00,47.21,-121.99,1230.00,5413.00
7957600025.00,20140508T000000,245000.00,3.00,1.50,1260.00,7964.00,1.00,0.00,0.00,4.00,7.00,1260.00,0.00,1955.00,0.00,98148.00,47.43,-122.33,1510.00,8776.00
1338600090.00,20140923T000000,370000.00,2.00,1.00,1040.00,4172.00,1.00,0.00,0.00,3.00,7.00,1040.00,0.00,1946.00,0.00,98112.00,47.63,-122.30,3120.00,4800.00
5255690100.00,20150421T000000,480000.00,4.00,2.50,2700.00,9700.00,1.00,0.00,0.00,3.00,8.00,1670.00,1030.00,1978.00,0.00,98011.00,47.78,-122.20,2470.00,9228.00
1646500365.00,20141121T000000,579000.00,3.00,1.75,1800.00,4429.00,2.00,0.00,0.00,4.00,7.00,1800.00,0.00,1906.00,0.00,98103.00,47.68,-122.36,1310.00,4429.00
2645500021.00,20141009T000000,339275.00,3.00,1.50,1590.00,7260.00,1.00,0.00,0.00,3.00,7.00,1080.00,510.00,1964.00,0.00,98133.00,47.78,-122.35,1590.00,7594.00
2220069003.00,20150223T000000,425000.00,3.00,2.75,1360.00,542322.00,1.00,0.00,2.00,4.00,7.00,1140.00,220.00,1955.00,0.00,98022.00,47.21,-122.02,1700.00,60548.00
2123049498.00,20150120T000000,170000.00,3.00,1.75,1370.00,10780.00,1.00,0.00,0.00,3.00,7.00,1370.00,0.00,1959.00,0.00,98168.00,47.47,-122.30,1370.00,10317.00
4139450360.00,20140514T000000,950000.00,4.00,2.50,3320.00,7644.00,2.00,0.00,0.00,3.00,10.00,3320.00,0.00,1995.00,0.00,98006.00,47.55,-122.11,3320.00,9472.00
2600100300.00,20140916T000000,623000.00,4.00,2.50,2980.00,9235.00,1.00,0.00,0.00,4.00,8.00,1690.00,1290.00,1977.00,0.00,98006.00,47.55,-122.16,2690.00,10046.00
2767600150.00,20140519T000000,477000.00,3.00,2.50,1350.00,2053.00,3.00,0.00,0.00,3.00,8.00,1350.00,0.00,2005.00,0.00,98117.00,47.68,-122.39,1350.00,4150.00
1771000970.00,20141010T000000,330000.00,3.00,1.00,1160.00,9600.00,1.00,0.00,0.00,4.00,7.00,1160.00,0.00,1967.00,0.00,98077.00,47.74,-122.07,1160.00,9730.00
7960100120.00,20140612T000000,600000.00,3.00,2.25,1480.00,5400.00,2.00,0.00,0.00,4.00,8.00,1480.00,0.00,1914.00,0.00,98122.00,47.61,-122.30,1280.00,3600.00
424049039.00,20140707T000000,570000.00,3.00,2.00,1640.00,2808.00,1.00,0.00,3.00,4.00,7.00,820.00,820.00,1924.00,0.00,98144.00,47.59,-122.29,2270.00,5328.00
7853220970.00,20140528T000000,515000.00,4.00,2.50,2680.00,7178.00,2.00,0.00,0.00,3.00,8.00,2680.00,0.00,2004.00,0.00,98065.00,47.53,-121.86,2540.00,7133.00
439000230.00,20150429T000000,805000.00,4.00,2.25,2440.00,9889.00,1.00,0.00,0.00,3.00,7.00,1540.00,900.00,1952.00,0.00,98115.00,47.69,-122.30,1710.00,6284.00
9406510040.00,20150206T000000,555000.00,4.00,2.50,2920.00,24074.00,2.00,0.00,0.00,3.00,9.00,2920.00,0.00,1997.00,0.00,98038.00,47.38,-122.06,2760.00,26023.00
7697850360.00,20150204T000000,245000.00,3.00,2.25,1780.00,9598.00,2.00,0.00,0.00,4.00,7.00,1780.00,0.00,1985.00,0.00,98030.00,47.37,-122.18,1820.00,7533.00
2923500750.00,20140718T000000,638150.00,4.00,2.50,2170.00,7275.00,1.00,0.00,0.00,3.00,8.00,1820.00,350.00,1978.00,0.00,98027.00,47.57,-122.09,2390.00,7275.00
3024059057.00,20150501T000000,1650000.00,4.00,4.50,5550.00,16065.00,2.00,0.00,0.00,3.00,9.00,3880.00,1670.00,2003.00,0.00,98040.00,47.55,-122.21,3470.00,16488.00
322059095.00,20140811T000000,269950.00,4.00,2.50,2060.00,13500.00,1.00,0.00,0.00,3.00,7.00,1260.00,800.00,1968.00,0.00,98042.00,47.42,-122.15,1610.00,10714.00
8651400580.00,20140920T000000,195000.00,3.00,1.50,1050.00,5525.00,1.00,0.00,0.00,5.00,6.00,1050.00,0.00,1969.00,0.00,98042.00,47.36,-122.08,1100.00,5200.00
7812800855.00,20150311T000000,159100.00,2.00,1.00,790.00,7095.00,1.00,0.00,0.00,3.00,6.00,790.00,0.00,1944.00,0.00,98178.00,47.49,-122.24,1150.00,7200.00
4151800265.00,20150306T000000,550000.00,3.00,1.00,1010.00,6120.00,1.00,0.00,0.00,3.00,6.00,1010.00,0.00,1942.00,0.00,98033.00,47.66,-122.20,1260.00,5977.00
1005000062.00,20140801T000000,299000.00,2.00,1.00,1040.00,4600.00,1.00,0.00,0.00,4.00,6.00,1040.00,0.00,1950.00,0.00,98118.00,47.54,-122.28,1390.00,5897.00
9528105305.00,20150121T000000,1375000.00,4.00,3.50,3130.00,4500.00,2.00,0.00,0.00,3.00,9.00,2060.00,1070.00,2014.00,0.00,98103.00,47.68,-122.33,1500.00,4500.00
7225000215.00,20150407T000000,249500.00,2.00,1.00,900.00,4500.00,1.00,0.00,0.00,3.00,6.00,900.00,0.00,1951.00,0.00,98055.00,47.49,-122.20,860.00,4500.00
5605000215.00,20150225T000000,700000.00,4.00,1.00,1470.00,5450.00,1.50,0.00,0.00,3.00,7.00,1470.00,0.00,1918.00,0.00,98112.00,47.65,-122.31,2160.00,5450.00
1922059401.00,20140725T000000,275000.00,4.00,1.00,1080.00,26114.00,1.50,0.00,0.00,5.00,5.00,1080.00,0.00,1900.00,0.00,98030.00,47.38,-122.22,1720.00,20360.00
3824100286.00,20150319T000000,565000.00,3.00,2.25,2440.00,8378.00,1.00,0.00,0.00,3.00,7.00,1480.00,960.00,1962.00,0.00,98028.00,47.77,-122.26,2510.00,9602.00
1226039058.00,20150503T000000,425000.00,4.00,1.75,2520.00,11017.00,1.00,0.00,0.00,4.00,7.00,1320.00,1200.00,1956.00,0.00,98133.00,47.76,-122.36,1660.00,8775.00
2770605175.00,20150227T000000,620047.00,4.00,1.75,1760.00,6000.00,1.00,0.00,0.00,3.00,7.00,880.00,880.00,1946.00,0.00,98119.00,47.65,-122.37,2040.00,6000.00
6791200120.00,20140923T000000,480000.00,3.00,2.25,1820.00,13362.00,1.00,0.00,0.00,3.00,8.00,1220.00,600.00,1977.00,0.00,98075.00,47.59,-122.05,2050.00,15000.00
6791200120.00,20150407T000000,515000.00,3.00,2.25,1820.00,13362.00,1.00,0.00,0.00,3.00,8.00,1220.00,600.00,1977.00,0.00,98075.00,47.59,-122.05,2050.00,15000.00
4137010590.00,20140514T000000,420000.00,4.00,2.50,3040.00,24123.00,2.00,0.00,0.00,3.00,8.00,3040.00,0.00,1999.00,0.00,98092.00,47.27,-122.22,2420.00,10026.00
5495200040.00,20150126T000000,610000.00,5.00,3.25,3490.00,23400.00,1.00,0.00,0.00,4.00,8.00,1890.00,1600.00,1957.00,0.00,98006.00,47.57,-122.12,2660.00,12400.00
868000175.00,20141001T000000,849000.00,4.00,1.50,2440.00,8040.00,1.00,0.00,0.00,4.00,8.00,1440.00,1000.00,1950.00,0.00,98177.00,47.71,-122.37,2140.00,7920.00
8820902549.00,20141119T000000,718000.00,3.00,1.75,2280.00,3446.00,2.00,0.00,0.00,3.00,8.00,2280.00,0.00,1949.00,1991.00,98125.00,47.72,-122.28,1610.00,6670.00
8731980040.00,20140506T000000,295000.00,3.00,2.25,1980.00,8000.00,1.00,0.00,0.00,4.00,9.00,1560.00,420.00,1974.00,0.00,98023.00,47.31,-122.38,2360.00,8000.00
3096000040.00,20150430T000000,871000.00,5.00,1.75,2360.00,6150.00,1.00,0.00,0.00,5.00,7.00,1180.00,1180.00,1940.00,0.00,98107.00,47.67,-122.40,2100.00,5500.00
4058800215.00,20140528T000000,430000.00,3.00,3.75,3890.00,7140.00,1.00,0.00,2.00,3.00,8.00,2390.00,1500.00,1943.00,2007.00,98178.00,47.51,-122.24,1820.00,7320.00
3579800405.00,20140825T000000,440000.00,4.00,2.50,2300.00,10880.00,1.00,0.00,0.00,4.00,7.00,1190.00,1110.00,1961.00,0.00,98028.00,47.73,-122.24,1960.00,10400.00
3188100065.00,20140527T000000,405000.00,2.00,1.00,910.00,6490.00,1.00,0.00,0.00,3.00,7.00,910.00,0.00,1942.00,0.00,98115.00,47.69,-122.31,1040.00,6490.00
8570900038.00,20140811T000000,340000.00,3.00,2.00,1140.00,11620.00,1.00,0.00,0.00,3.00,7.00,1140.00,0.00,1994.00,0.00,98045.00,47.50,-121.78,1140.00,8400.00
4379400490.00,20140710T000000,675000.00,4.00,2.50,2390.00,5249.00,2.00,0.00,0.00,3.00,9.00,2390.00,0.00,2006.00,0.00,98074.00,47.62,-122.03,2600.00,5342.00
952003575.00,20140527T000000,480000.00,3.00,1.00,1150.00,4945.00,1.00,0.00,2.00,3.00,7.00,1150.00,0.00,1943.00,0.00,98126.00,47.57,-122.38,1390.00,4945.00
162500015.00,20141020T000000,362500.00,5.00,2.00,2330.00,8586.00,1.00,0.00,0.00,4.00,7.00,1270.00,1060.00,1961.00,0.00,98133.00,47.77,-122.33,1550.00,8287.00
7732410360.00,20140822T000000,752888.00,3.00,2.50,2420.00,9000.00,2.00,0.00,0.00,4.00,9.00,2420.00,0.00,1987.00,0.00,98007.00,47.66,-122.15,2630.00,9000.00
3031200120.00,20141118T000000,255000.00,4.00,1.75,960.00,8863.00,1.00,0.00,0.00,5.00,6.00,580.00,380.00,1949.00,0.00,98118.00,47.54,-122.29,1720.00,8249.00
2131700900.00,20140813T000000,283700.00,1.00,1.75,1010.00,10900.00,1.00,0.00,0.00,4.00,6.00,1010.00,0.00,1968.00,0.00,98019.00,47.74,-121.98,1410.00,8359.00
2122059198.00,20140825T000000,335000.00,4.00,2.50,2370.00,6000.00,2.00,0.00,0.00,3.00,8.00,2370.00,0.00,2001.00,0.00,98030.00,47.37,-122.18,2190.00,6070.00
7340600735.00,20140603T000000,285000.00,3.00,1.75,2880.00,18296.00,1.00,0.00,0.00,3.00,8.00,1580.00,1300.00,1958.00,0.00,98168.00,47.49,-122.28,1380.00,9592.00
2923049393.00,20140813T000000,278000.00,4.00,2.25,2400.00,7738.00,1.50,0.00,0.00,3.00,8.00,2400.00,0.00,1964.00,0.00,98148.00,47.46,-122.33,2170.00,8452.00
7922710450.00,20150327T000000,731000.00,5.00,2.50,3670.00,8960.00,1.50,0.00,0.00,3.00,8.00,3670.00,0.00,1973.00,0.00,98052.00,47.67,-122.14,2340.00,9425.00
192450180.00,20150310T000000,335000.00,3.00,1.50,1140.00,15890.00,1.00,0.00,0.00,3.00,7.00,840.00,300.00,1985.00,0.00,98045.00,47.48,-121.76,1200.00,15247.00
782700120.00,20150323T000000,334200.00,3.00,1.75,1410.00,45302.00,1.00,0.00,0.00,3.00,7.00,1410.00,0.00,1980.00,0.00,98019.00,47.71,-121.91,2240.00,49222.00
2887703155.00,20150225T000000,642000.00,6.00,1.00,1530.00,4305.00,1.50,0.00,0.00,4.00,7.00,1530.00,0.00,1921.00,0.00,98115.00,47.69,-122.31,1530.00,3800.00
5700000245.00,20140602T000000,540000.00,4.00,1.75,1720.00,4240.00,1.50,0.00,0.00,4.00,7.00,1460.00,260.00,1925.00,0.00,98144.00,47.58,-122.29,1930.00,4280.00
2420069003.00,20150331T000000,299000.00,3.00,2.50,1620.00,79993.00,1.00,0.00,2.00,4.00,6.00,1620.00,0.00,1960.00,0.00,98022.00,47.21,-121.98,1620.00,15680.00
9274202165.00,20150120T000000,560000.00,3.00,1.75,1570.00,4375.00,1.00,0.00,0.00,3.00,7.00,970.00,600.00,1940.00,0.00,98116.00,47.59,-122.39,1790.00,5750.00
9287802410.00,20140822T000000,852000.00,5.00,2.75,1990.00,3750.00,1.50,0.00,0.00,4.00,7.00,1990.00,0.00,1913.00,0.00,98107.00,47.67,-122.36,1820.00,5000.00
2324039077.00,20150427T000000,306000.00,2.00,1.00,930.00,5650.00,1.00,0.00,2.00,3.00,7.00,930.00,0.00,1941.00,0.00,98126.00,47.55,-122.38,1340.00,6400.00
9329300040.00,20140910T000000,440000.00,3.00,1.75,1550.00,7820.00,1.00,0.00,0.00,4.00,7.00,1210.00,340.00,1981.00,0.00,98034.00,47.72,-122.16,1550.00,6900.00
259700180.00,20150428T000000,517000.00,4.00,1.00,1650.00,8250.00,1.00,0.00,0.00,3.00,7.00,1650.00,0.00,1966.00,0.00,98008.00,47.64,-122.12,2240.00,9776.00
5100400315.00,20140523T000000,379000.00,2.00,1.00,800.00,6380.00,1.00,0.00,2.00,3.00,7.00,800.00,0.00,1940.00,0.00,98115.00,47.69,-122.31,920.00,5940.00
3424069076.00,20141013T000000,360000.00,2.00,1.00,930.00,6098.00,1.00,0.00,0.00,4.00,6.00,930.00,0.00,1919.00,0.00,98027.00,47.53,-122.03,1730.00,9000.00
9138100261.00,20141029T000000,645000.00,4.00,1.50,2550.00,4000.00,1.50,0.00,0.00,4.00,7.00,1760.00,790.00,1926.00,0.00,98115.00,47.68,-122.32,1840.00,4000.00
7227500740.00,20141107T000000,217000.00,2.00,1.00,720.00,4760.00,1.00,0.00,0.00,5.00,5.00,720.00,0.00,1942.00,0.00,98056.00,47.50,-122.19,840.00,4760.00
8150100265.00,20141118T000000,255000.00,2.00,1.00,620.00,4760.00,1.00,0.00,0.00,3.00,6.00,620.00,0.00,1941.00,0.00,98126.00,47.53,-122.38,620.00,4760.00
1150000040.00,20140721T000000,625000.00,3.00,2.50,2360.00,12164.00,2.00,0.00,0.00,3.00,10.00,2360.00,0.00,1987.00,0.00,98029.00,47.56,-122.02,2400.00,11260.00
9238900616.00,20140610T000000,680000.00,3.00,1.75,1760.00,8400.00,1.00,0.00,0.00,4.00,8.00,1460.00,300.00,1960.00,0.00,98136.00,47.54,-122.39,1980.00,8400.00
9289900065.00,20140911T000000,440000.00,3.00,1.75,2100.00,29735.00,1.00,0.00,0.00,4.00,7.00,1080.00,1020.00,1957.00,0.00,98155.00,47.76,-122.30,2100.00,11250.00
7504020610.00,20140618T000000,615000.00,5.00,2.25,2480.00,12070.00,2.00,0.00,0.00,3.00,9.00,2480.00,0.00,1978.00,0.00,98074.00,47.63,-122.05,2570.00,12000.00
7454001210.00,20140603T000000,239000.00,3.00,1.00,1040.00,6860.00,2.00,0.00,0.00,3.00,6.00,1040.00,0.00,1942.00,0.00,98146.00,47.51,-122.38,1030.00,6512.00
2122039137.00,20150413T000000,462500.00,3.00,2.50,1656.00,108900.00,1.00,0.00,0.00,4.00,7.00,1656.00,0.00,1985.00,0.00,98070.00,47.38,-122.43,2030.00,29859.00
6884800180.00,20140611T000000,619400.00,4.00,2.00,2090.00,3610.00,1.50,0.00,0.00,5.00,7.00,1790.00,300.00,1927.00,0.00,98115.00,47.69,-122.31,1660.00,3767.00
7110000068.00,20140703T000000,975000.00,6.00,2.75,2520.00,54160.00,2.00,1.00,4.00,3.00,7.00,2520.00,0.00,1954.00,0.00,98146.00,47.50,-122.38,2790.00,26809.00
7625701935.00,20141013T000000,330000.00,2.00,1.00,700.00,4000.00,1.00,0.00,0.00,3.00,6.00,700.00,0.00,1943.00,0.00,98136.00,47.55,-122.39,1060.00,6000.00
4054500180.00,20140724T000000,985000.00,4.00,3.25,4030.00,36762.00,2.00,0.00,0.00,3.00,11.00,4030.00,0.00,1988.00,0.00,98077.00,47.72,-122.04,4090.00,40371.00
2917200475.00,20150323T000000,430000.00,2.00,1.00,760.00,7114.00,1.00,0.00,0.00,3.00,6.00,760.00,0.00,1946.00,0.00,98103.00,47.70,-122.35,780.00,7102.00
3262300555.00,20140708T000000,2458000.00,4.00,5.25,6500.00,14986.00,2.00,0.00,0.00,3.00,11.00,5180.00,1320.00,2001.00,0.00,98039.00,47.63,-122.24,2270.00,8119.00
1245003740.00,20140723T000000,778000.00,3.00,2.00,1840.00,6000.00,2.00,0.00,0.00,5.00,7.00,1720.00,120.00,1946.00,0.00,98033.00,47.68,-122.21,1390.00,6000.00
1796381120.00,20140728T000000,219000.00,3.00,2.00,1090.00,7350.00,1.00,0.00,0.00,4.00,7.00,1090.00,0.00,1990.00,0.00,98042.00,47.37,-122.09,1490.00,7741.00
3761100180.00,20140917T000000,1595000.00,4.00,2.50,2980.00,13341.00,1.50,1.00,4.00,5.00,8.00,1800.00,1180.00,1928.00,0.00,98034.00,47.70,-122.25,2340.00,19810.00
6666800180.00,20150130T000000,715000.00,4.00,2.25,1900.00,8272.00,1.00,0.00,0.00,4.00,9.00,1460.00,440.00,1966.00,0.00,98040.00,47.58,-122.23,2040.00,8479.00
8651200040.00,20140814T000000,950000.00,4.00,2.50,2790.00,15653.00,2.00,0.00,0.00,4.00,10.00,2790.00,0.00,1964.00,0.00,98040.00,47.55,-122.22,3520.00,15653.00
5100402310.00,20141212T000000,425000.00,2.00,1.00,1280.00,5026.00,1.00,0.00,2.00,4.00,8.00,1020.00,260.00,1951.00,0.00,98115.00,47.69,-122.31,1540.00,6380.00
421049170.00,20140717T000000,239000.00,3.00,1.00,1510.00,15022.00,1.00,0.00,0.00,3.00,7.00,1510.00,0.00,1962.00,0.00,98003.00,47.33,-122.30,1510.00,12970.00
726059047.00,20141216T000000,310000.00,1.00,1.00,920.00,8282.00,1.50,0.00,0.00,3.00,6.00,920.00,0.00,1944.00,1980.00,98011.00,47.76,-122.21,2260.00,14025.00
5100403636.00,20150223T000000,400000.00,2.00,1.00,700.00,8120.00,1.00,0.00,0.00,3.00,7.00,700.00,0.00,1927.00,0.00,98115.00,47.70,-122.32,1130.00,5599.00
1535204365.00,20141124T000000,428000.00,2.00,1.75,1980.00,44550.00,2.00,0.00,1.00,5.00,7.00,1280.00,700.00,1977.00,0.00,98070.00,47.42,-122.44,1680.00,25343.00
4240400155.00,20140812T000000,600000.00,3.00,1.00,1440.00,4300.00,1.50,0.00,0.00,3.00,8.00,1440.00,0.00,1929.00,0.00,98117.00,47.68,-122.37,1640.00,4500.00
5468750040.00,20150126T000000,415000.00,4.00,4.00,2740.00,8250.00,2.00,0.00,0.00,4.00,9.00,2740.00,0.00,1990.00,0.00,98042.00,47.37,-122.16,2290.00,8250.00
9158100040.00,20140808T000000,401000.00,2.00,1.00,1400.00,8220.00,1.00,0.00,0.00,3.00,7.00,1400.00,0.00,1949.00,0.00,98133.00,47.72,-122.36,1760.00,8220.00
7460000040.00,20141215T000000,292000.00,3.00,1.75,2270.00,7156.00,1.00,0.00,0.00,3.00,7.00,1370.00,900.00,1948.00,0.00,98168.00,47.49,-122.32,1210.00,7156.00
2927600155.00,20140722T000000,291750.00,3.00,2.25,1310.00,12825.00,1.00,0.00,0.00,3.00,7.00,1310.00,0.00,1950.00,2013.00,98166.00,47.45,-122.37,1600.00,11250.00
8731950910.00,20150218T000000,227000.00,3.00,1.75,1680.00,7455.00,1.00,0.00,0.00,4.00,8.00,1680.00,0.00,1968.00,0.00,98023.00,47.31,-122.38,2040.00,8214.00
1726600110.00,20140717T000000,675000.00,3.00,2.25,2260.00,13209.00,1.00,0.00,0.00,3.00,9.00,2260.00,0.00,1977.00,0.00,98005.00,47.64,-122.17,2820.00,12534.00
3320000212.00,20141006T000000,397500.00,3.00,2.25,1350.00,980.00,2.00,0.00,0.00,3.00,8.00,1050.00,300.00,2007.00,0.00,98144.00,47.60,-122.31,1350.00,1245.00
1670400068.00,20140618T000000,206000.00,2.00,1.50,1820.00,8867.00,2.00,0.00,0.00,3.00,7.00,1820.00,0.00,1921.00,0.00,98168.00,47.48,-122.27,1430.00,9288.00
7424700145.00,20140730T000000,1190000.00,3.00,3.50,3380.00,3333.00,3.00,0.00,0.00,3.00,10.00,2800.00,580.00,2008.00,0.00,98122.00,47.62,-122.29,2790.00,5000.00
2408800120.00,20140716T000000,360000.00,4.00,1.75,2140.00,49658.00,1.00,0.00,0.00,5.00,7.00,2140.00,0.00,1959.00,0.00,98010.00,47.36,-121.92,1720.00,99316.00
1776230180.00,20141008T000000,427500.00,4.00,2.50,2430.00,3249.00,2.00,0.00,0.00,3.00,8.00,2430.00,0.00,2010.00,0.00,98059.00,47.50,-122.16,2650.00,3844.00
7889601320.00,20140725T000000,115000.00,2.00,1.00,940.00,6000.00,1.00,0.00,0.00,3.00,6.00,940.00,0.00,1943.00,0.00,98146.00,47.49,-122.34,1310.00,6000.00
7589200153.00,20140609T000000,559000.00,3.00,1.50,2070.00,5386.00,1.00,0.00,0.00,4.00,7.00,1140.00,930.00,1948.00,0.00,98117.00,47.69,-122.37,1770.00,5386.00
8032700175.00,20141027T000000,420000.00,4.00,1.00,1510.00,1501.00,1.50,0.00,0.00,3.00,7.00,1510.00,0.00,1906.00,0.00,98103.00,47.65,-122.34,1560.00,1602.00
9238430300.00,20141106T000000,550000.00,4.00,1.75,2550.00,39460.00,1.00,0.00,0.00,3.00,8.00,1890.00,660.00,1982.00,0.00,98072.00,47.77,-122.12,2560.00,38638.00
6150700180.00,20140922T000000,282150.00,2.00,1.00,700.00,5940.00,1.00,0.00,0.00,3.00,7.00,700.00,0.00,1948.00,0.00,98133.00,47.73,-122.34,1070.00,5995.00
3330501645.00,20150223T000000,260000.00,3.00,1.00,1150.00,3090.00,1.00,0.00,0.00,3.00,6.00,1150.00,0.00,1910.00,0.00,98118.00,47.55,-122.28,1150.00,5664.00
7853210180.00,20141002T000000,428000.00,3.00,2.50,2340.00,3466.00,2.00,0.00,0.00,3.00,7.00,2340.00,0.00,2004.00,0.00,98065.00,47.53,-121.85,1970.00,3739.00
6149700194.00,20141015T000000,319950.00,3.00,3.25,1510.00,1245.00,3.00,0.00,0.00,3.00,7.00,1510.00,0.00,2007.00,0.00,98133.00,47.73,-122.34,1510.00,1245.00
3625049079.00,20140801T000000,1350000.00,3.00,2.00,2070.00,9600.00,1.00,0.00,1.00,3.00,7.00,1590.00,480.00,1946.00,0.00,98039.00,47.62,-122.24,3000.00,16215.00
2979800750.00,20140911T000000,552000.00,2.00,1.00,1150.00,5000.00,1.00,0.00,0.00,4.00,7.00,1050.00,100.00,1924.00,0.00,98115.00,47.68,-122.32,1463.00,4320.00
2887700970.00,20150209T000000,637000.00,4.00,2.75,2190.00,2867.00,1.50,0.00,0.00,5.00,7.00,1470.00,720.00,1929.00,0.00,98115.00,47.69,-122.31,1600.00,3800.00
8732130940.00,20140609T000000,213000.00,4.00,1.75,1980.00,9000.00,1.00,0.00,0.00,2.00,7.00,1480.00,500.00,1978.00,0.00,98023.00,47.31,-122.38,1980.00,9360.00
2968800645.00,20150428T000000,215000.00,3.00,1.00,960.00,7200.00,1.00,0.00,0.00,4.00,6.00,960.00,0.00,1958.00,0.00,98166.00,47.46,-122.35,1060.00,7620.00
2351800065.00,20150217T000000,590000.00,3.00,1.75,2180.00,6120.00,1.00,0.00,2.00,3.00,8.00,1380.00,800.00,1949.00,0.00,98199.00,47.65,-122.41,2020.00,6122.00
2822069080.00,20141121T000000,390000.00,4.00,2.50,2560.00,43560.00,2.00,0.00,0.00,3.00,8.00,2560.00,0.00,1989.00,0.00,98038.00,47.37,-122.05,2130.00,10150.00
5018200110.00,20140922T000000,287000.00,4.00,2.25,2270.00,11997.00,1.00,0.00,2.00,4.00,7.00,1540.00,730.00,1959.00,0.00,98198.00,47.41,-122.30,1920.00,9634.00
1235100371.00,20140717T000000,580000.00,5.00,2.75,3550.00,9600.00,2.00,0.00,0.00,3.00,7.00,3550.00,0.00,1960.00,0.00,98033.00,47.68,-122.19,3370.00,9600.00
3904930410.00,20141028T000000,424000.00,3.00,2.00,1330.00,5632.00,1.00,0.00,0.00,3.00,8.00,1330.00,0.00,1988.00,0.00,98029.00,47.57,-122.02,1900.00,4842.00
3529000880.00,20150309T000000,610000.00,4.00,2.50,2110.00,6360.00,2.00,0.00,0.00,3.00,8.00,2110.00,0.00,1988.00,0.00,98029.00,47.56,-122.01,2050.00,7000.00
8081020330.00,20140729T000000,1320000.00,4.00,3.25,3470.00,11843.00,1.00,0.00,3.00,3.00,11.00,2270.00,1200.00,1989.00,0.00,98006.00,47.55,-122.14,3910.00,13247.00
2516000515.00,20141218T000000,623500.00,4.00,3.00,1550.00,3350.00,1.00,0.00,0.00,3.00,7.00,860.00,690.00,1918.00,2014.00,98107.00,47.66,-122.36,1310.00,5000.00
3223039010.00,20140804T000000,260000.00,2.00,1.00,570.00,81893.00,1.00,0.00,1.00,3.00,6.00,570.00,0.00,1936.00,0.00,98070.00,47.44,-122.44,2040.00,115434.00
9828702588.00,20150311T000000,906000.00,3.00,2.50,2030.00,1800.00,3.00,0.00,0.00,3.00,9.00,2030.00,0.00,2013.00,0.00,98112.00,47.62,-122.30,1450.00,1441.00
6672920150.00,20150406T000000,330000.00,3.00,2.00,1500.00,11233.00,1.00,0.00,0.00,3.00,7.00,1500.00,0.00,1987.00,0.00,98019.00,47.73,-121.97,1580.00,14013.00
9485700150.00,20150304T000000,275000.00,2.00,1.00,920.00,7688.00,1.00,0.00,0.00,3.00,6.00,920.00,0.00,1955.00,0.00,98106.00,47.53,-122.36,1040.00,7440.00
3500100208.00,20141119T000000,290000.00,3.00,1.00,1470.00,8200.00,1.00,0.00,0.00,3.00,7.00,1040.00,430.00,1953.00,0.00,98155.00,47.73,-122.30,1420.00,8200.00
4083302915.00,20140917T000000,599950.00,2.00,1.00,1150.00,3775.00,1.00,0.00,0.00,3.00,7.00,1150.00,0.00,1917.00,0.00,98103.00,47.65,-122.33,2240.00,3753.00
1560920450.00,20140924T000000,550000.00,4.00,3.00,4180.00,35169.00,2.00,0.00,0.00,3.00,11.00,4180.00,0.00,1986.00,1998.00,98038.00,47.40,-122.03,3010.00,35190.00
2475200930.00,20140722T000000,289000.00,3.00,1.75,1690.00,3449.00,1.00,0.00,0.00,3.00,7.00,1690.00,0.00,1987.00,0.00,98055.00,47.47,-122.19,1530.00,4093.00
2064800120.00,20140602T000000,411000.00,4.00,2.75,2150.00,9915.00,1.00,0.00,0.00,5.00,8.00,1240.00,910.00,1976.00,0.00,98056.00,47.54,-122.17,1980.00,9325.00
272000945.00,20150325T000000,826000.00,3.00,3.25,2330.00,4000.00,1.00,0.00,2.00,3.00,10.00,1730.00,600.00,1964.00,2000.00,98144.00,47.59,-122.30,2080.00,4000.00
9476700035.00,20140710T000000,400000.00,4.00,2.00,2680.00,13680.00,2.00,0.00,2.00,4.00,7.00,2350.00,330.00,1943.00,1965.00,98056.00,47.49,-122.19,1430.00,11000.00
859000018.00,20140814T000000,342000.00,3.00,2.50,1740.00,2226.00,2.00,0.00,0.00,3.00,8.00,1320.00,420.00,2008.00,0.00,98106.00,47.53,-122.37,1740.00,1789.00
4237900645.00,20141010T000000,475000.00,2.00,1.75,1320.00,3420.00,1.00,0.00,1.00,3.00,7.00,1080.00,240.00,1955.00,0.00,98199.00,47.66,-122.40,2070.00,6000.00
2436200436.00,20140708T000000,1205000.00,4.00,3.50,3150.00,5500.00,2.00,0.00,0.00,3.00,9.00,3150.00,0.00,2014.00,0.00,98105.00,47.66,-122.29,1550.00,4200.00
7635801321.00,20140723T000000,455000.00,4.00,3.00,2480.00,9238.00,1.00,0.00,0.00,5.00,7.00,2050.00,430.00,1913.00,0.00,98166.00,47.47,-122.36,1820.00,12214.00
3975400085.00,20140624T000000,850000.00,4.00,3.00,3330.00,4000.00,1.00,0.00,0.00,3.00,8.00,1790.00,1540.00,1958.00,0.00,98103.00,47.66,-122.34,1610.00,4000.00
1099600220.00,20150108T000000,185000.00,3.00,1.00,1010.00,6400.00,1.00,0.00,0.00,3.00,7.00,1010.00,0.00,1971.00,0.00,98023.00,47.30,-122.38,1820.00,6500.00
8952900245.00,20140715T000000,850000.00,6.00,3.25,4920.00,20590.00,1.00,0.00,3.00,4.00,9.00,2730.00,2190.00,1960.00,0.00,98118.00,47.55,-122.27,3700.00,14994.00
1622049140.00,20140805T000000,239900.00,4.00,1.75,1570.00,18730.00,1.00,0.00,0.00,3.00,7.00,1200.00,370.00,1960.00,0.00,98198.00,47.40,-122.30,1920.00,18295.00
2824069373.00,20140515T000000,765000.00,5.00,3.75,3580.00,14275.00,2.00,0.00,0.00,3.00,10.00,3190.00,390.00,1999.00,0.00,98027.00,47.53,-122.06,2740.00,14300.00
1774000330.00,20140707T000000,437000.00,3.00,1.75,2220.00,17568.00,1.00,0.00,0.00,4.00,8.00,2220.00,0.00,1967.00,0.00,98072.00,47.75,-122.08,2070.00,11745.00
1555300530.00,20140714T000000,240000.00,3.00,1.50,1010.00,10350.00,1.00,0.00,0.00,3.00,7.00,1010.00,0.00,1969.00,0.00,98032.00,47.38,-122.29,1640.00,7700.00
4402700593.00,20150428T000000,395000.00,2.00,1.00,1440.00,7808.00,1.00,0.00,0.00,4.00,7.00,860.00,580.00,1949.00,0.00,98133.00,47.74,-122.34,1550.00,7682.00
2556500040.00,20150106T000000,320000.00,3.00,1.00,1230.00,7492.00,1.00,0.00,0.00,3.00,7.00,1230.00,0.00,1955.00,0.00,98155.00,47.76,-122.32,1710.00,7238.00
1737100040.00,20141022T000000,525000.00,3.00,1.75,1710.00,7350.00,1.00,0.00,0.00,3.00,8.00,1280.00,430.00,1981.00,0.00,98033.00,47.70,-122.17,2100.00,7560.00
7575620120.00,20150422T000000,260000.00,3.00,3.00,2390.00,8993.00,2.00,0.00,0.00,3.00,8.00,1680.00,710.00,1988.00,0.00,98003.00,47.35,-122.31,1820.00,10362.00
2817900100.00,20150330T000000,450000.00,3.00,2.75,2840.00,39324.00,1.00,0.00,0.00,3.00,9.00,2200.00,640.00,1988.00,0.00,98092.00,47.31,-122.10,2840.00,39413.00
1939100610.00,20140623T000000,560000.00,4.00,2.50,2300.00,7989.00,2.00,0.00,0.00,3.00,9.00,2300.00,0.00,1990.00,0.00,98074.00,47.63,-122.03,2280.00,8835.00
4174600386.00,20150414T000000,310000.00,5.00,3.00,2270.00,5001.00,1.00,0.00,0.00,3.00,7.00,1360.00,910.00,1989.00,0.00,98108.00,47.55,-122.30,1950.00,5500.00
1310440590.00,20150413T000000,440000.00,3.00,2.50,2290.00,6302.00,2.00,0.00,0.00,3.00,9.00,2290.00,0.00,1997.00,0.00,98058.00,47.44,-122.11,2700.00,7500.00
4037200690.00,20141208T000000,458450.00,4.00,1.00,1330.00,9715.00,1.00,0.00,0.00,4.00,7.00,970.00,360.00,1957.00,0.00,98008.00,47.60,-122.12,1590.00,8400.00
8072000035.00,20150326T000000,200000.00,3.00,1.00,1200.00,10703.00,1.50,0.00,0.00,2.00,7.00,1200.00,0.00,1918.00,0.00,98118.00,47.52,-122.28,1380.00,8068.00
2125410210.00,20141206T000000,430000.00,3.00,2.25,2160.00,6527.00,2.00,0.00,0.00,4.00,7.00,1580.00,580.00,1987.00,0.00,98034.00,47.73,-122.21,1950.00,9675.00
3755000120.00,20150226T000000,360000.00,3.00,1.00,1120.00,10500.00,1.00,0.00,0.00,4.00,7.00,1120.00,0.00,1966.00,0.00,98034.00,47.73,-122.23,1320.00,10500.00
3598600088.00,20150109T000000,311000.00,4.00,2.50,2090.00,11645.00,1.00,0.00,0.00,3.00,7.00,1200.00,890.00,1962.00,0.00,98168.00,47.48,-122.30,1450.00,9481.00
4083305633.00,20140722T000000,615000.00,3.00,3.25,1470.00,1152.00,3.00,0.00,0.00,3.00,8.00,1470.00,0.00,2003.00,0.00,98103.00,47.65,-122.34,1470.00,1506.00
9545200180.00,20141126T000000,575000.00,3.00,1.75,2270.00,10136.00,2.00,0.00,0.00,3.00,8.00,2270.00,0.00,1979.00,0.00,98027.00,47.54,-122.06,2260.00,9600.00
46100504.00,20140617T000000,2027000.00,4.00,3.75,4100.00,22798.00,1.50,0.00,3.00,5.00,11.00,2540.00,1560.00,1934.00,1979.00,98040.00,47.56,-122.21,3880.00,18730.00
952000925.00,20140922T000000,430000.00,3.00,1.75,1440.00,4025.00,1.00,0.00,0.00,4.00,6.00,720.00,720.00,1917.00,0.00,98126.00,47.57,-122.38,1500.00,5750.00
4039300490.00,20140603T000000,400000.00,3.00,1.50,1200.00,4800.00,1.00,0.00,0.00,4.00,7.00,1200.00,0.00,1962.00,0.00,98007.00,47.61,-122.14,1510.00,7668.00
8151600941.00,20140828T000000,340000.00,3.00,1.75,1720.00,10710.00,1.00,0.00,0.00,3.00,7.00,860.00,860.00,1957.00,0.00,98146.00,47.51,-122.36,1480.00,10359.00
3448001975.00,20150504T000000,351000.00,1.00,0.75,930.00,6600.00,1.00,0.00,0.00,3.00,6.00,930.00,0.00,1924.00,0.00,98125.00,47.71,-122.30,1590.00,6600.00
2141500040.00,20140912T000000,440000.00,4.00,2.50,2400.00,8038.00,2.00,0.00,0.00,3.00,8.00,2400.00,0.00,2002.00,0.00,98059.00,47.49,-122.14,2040.00,7756.00
2798600120.00,20150422T000000,298000.00,4.00,2.50,1960.00,11798.00,2.00,0.00,0.00,3.00,8.00,1960.00,0.00,1999.00,0.00,98092.00,47.33,-122.21,2360.00,11785.00
2227900040.00,20150114T000000,300000.00,4.00,1.75,1890.00,9205.00,1.00,0.00,0.00,3.00,8.00,1260.00,630.00,1964.00,0.00,98133.00,47.77,-122.35,1430.00,6775.00
3395040580.00,20141023T000000,310000.00,3.00,2.25,1590.00,3056.00,2.00,0.00,0.00,3.00,7.00,1590.00,0.00,2001.00,0.00,98108.00,47.54,-122.29,1540.00,2890.00
6137610620.00,20140808T000000,500000.00,4.00,2.50,2590.00,9354.00,2.00,0.00,0.00,4.00,9.00,2590.00,0.00,1993.00,0.00,98011.00,47.77,-122.19,2730.00,9264.00
7518505375.00,20150505T000000,399900.00,3.00,1.00,860.00,1664.00,1.50,0.00,0.00,3.00,7.00,860.00,0.00,1927.00,0.00,98117.00,47.68,-122.38,1540.00,4080.00
9206950100.00,20140617T000000,343000.00,3.00,2.50,1270.00,2509.00,2.00,0.00,0.00,3.00,8.00,1270.00,0.00,2004.00,0.00,98106.00,47.54,-122.37,1420.00,2206.00
9542890100.00,20141229T000000,415000.00,2.00,2.25,1130.00,2191.00,2.00,0.00,0.00,3.00,8.00,1130.00,0.00,2010.00,0.00,98052.00,47.69,-122.10,1140.00,1710.00
4254000620.00,20141007T000000,410000.00,3.00,2.50,1860.00,15457.00,2.00,0.00,0.00,3.00,8.00,1860.00,0.00,1997.00,0.00,98019.00,47.74,-121.96,2040.00,14055.00
6414100026.00,20150108T000000,320000.00,2.00,1.00,1802.00,11225.00,1.00,0.00,0.00,3.00,7.00,1802.00,0.00,1961.00,0.00,98125.00,47.72,-122.32,1810.00,7332.00
1346300035.00,20140626T000000,1990000.00,5.00,3.00,4480.00,5000.00,2.50,0.00,0.00,5.00,12.00,3420.00,1060.00,1902.00,0.00,98112.00,47.63,-122.32,3220.00,5600.00
2212210360.00,20140702T000000,253000.00,2.00,1.00,1310.00,7128.00,1.00,0.00,0.00,4.00,7.00,940.00,370.00,1980.00,0.00,98031.00,47.40,-122.19,1400.00,7161.00
205000410.00,20140915T000000,630000.00,3.00,2.50,2320.00,32772.00,2.00,0.00,0.00,3.00,9.00,2320.00,0.00,1992.00,0.00,98053.00,47.63,-121.99,2610.00,33305.00
2892600056.00,20150106T000000,216000.00,2.00,1.00,1130.00,12500.00,1.00,0.00,0.00,4.00,7.00,1130.00,0.00,1953.00,0.00,98055.00,47.45,-122.19,1270.00,10798.00
3396800120.00,20150427T000000,540000.00,3.00,2.50,2180.00,11100.00,1.00,0.00,0.00,3.00,8.00,1230.00,950.00,1983.00,0.00,98052.00,47.72,-122.10,1930.00,12000.00
2320069089.00,20140930T000000,212000.00,3.00,1.50,1830.00,12233.00,1.50,0.00,0.00,4.00,5.00,1830.00,0.00,1930.00,0.00,98022.00,47.21,-122.00,1520.00,12233.00
4036400110.00,20150129T000000,300000.00,3.00,2.75,2340.00,12282.00,1.00,0.00,2.00,3.00,8.00,1470.00,870.00,1978.00,0.00,98155.00,47.74,-122.29,2640.00,8887.00
7518506716.00,20140827T000000,969950.00,3.00,2.50,2830.00,3750.00,3.00,0.00,0.00,3.00,10.00,2830.00,0.00,2014.00,0.00,98117.00,47.68,-122.39,1780.00,5100.00
9826701765.00,20140808T000000,715000.00,3.00,1.00,1610.00,7680.00,1.00,0.00,0.00,3.00,6.00,900.00,710.00,1956.00,0.00,98122.00,47.60,-122.30,1940.00,2880.00
1438700040.00,20140825T000000,1321620.00,5.00,2.75,2410.00,19447.00,2.00,0.00,2.00,3.00,10.00,2290.00,120.00,1968.00,0.00,98040.00,47.55,-122.21,2980.00,19447.00
5494000040.00,20141201T000000,1444000.00,4.00,2.75,2660.00,9547.00,1.00,0.00,1.00,3.00,8.00,1930.00,730.00,1968.00,2006.00,98004.00,47.62,-122.22,2410.00,10001.00
7224500375.00,20140715T000000,305000.00,3.00,1.00,1030.00,5350.00,1.00,0.00,0.00,3.00,7.00,1030.00,0.00,1924.00,2009.00,98055.00,47.49,-122.21,1030.00,5250.00
1025049254.00,20141204T000000,458000.00,3.00,4.00,1390.00,1569.00,2.00,0.00,0.00,3.00,9.00,1150.00,240.00,2006.00,0.00,98105.00,47.67,-122.27,1620.00,1855.00
2407000110.00,20150414T000000,275000.00,3.00,1.75,1580.00,8775.00,1.00,0.00,0.00,3.00,6.00,1220.00,360.00,1942.00,0.00,98146.00,47.48,-122.34,1180.00,8775.00
7203600745.00,20141014T000000,550000.00,3.00,2.75,2330.00,4780.00,2.00,0.00,3.00,3.00,8.00,1730.00,600.00,1930.00,1988.00,98198.00,47.35,-122.33,1100.00,5336.00
7234601198.00,20140604T000000,742000.00,3.00,3.25,1540.00,704.00,3.00,0.00,0.00,3.00,9.00,1540.00,0.00,2011.00,0.00,98122.00,47.62,-122.31,1540.00,1456.00
1931300110.00,20140725T000000,700000.00,3.00,1.00,1570.00,4000.00,2.00,0.00,0.00,5.00,8.00,1570.00,0.00,1908.00,0.00,98103.00,47.66,-122.35,1640.00,4000.00
8624700015.00,20141112T000000,640000.00,4.00,3.00,2940.00,5763.00,1.00,0.00,0.00,5.00,8.00,1640.00,1300.00,1955.00,0.00,98108.00,47.56,-122.30,2020.00,7320.00
6149700315.00,20150410T000000,352000.00,3.00,0.75,1240.00,7200.00,1.00,0.00,0.00,3.00,7.00,1240.00,0.00,1947.00,0.00,98133.00,47.73,-122.34,1210.00,7200.00
2064800880.00,20150201T000000,301500.00,3.00,1.00,1410.00,7419.00,1.00,0.00,0.00,3.00,7.00,1050.00,360.00,1969.00,0.00,98056.00,47.53,-122.17,1800.00,8000.00
3902300450.00,20140702T000000,630000.00,4.00,2.50,2190.00,9880.00,1.00,0.00,0.00,4.00,8.00,1410.00,780.00,1979.00,0.00,98033.00,47.69,-122.19,2190.00,9198.00
1332300110.00,20150223T000000,340000.00,3.00,2.50,3040.00,6255.00,2.00,0.00,0.00,3.00,7.00,3040.00,0.00,1999.00,0.00,98030.00,47.38,-122.21,2670.00,6259.00
7663700610.00,20150310T000000,477500.00,4.00,1.75,1860.00,9364.00,1.00,0.00,0.00,3.00,7.00,1080.00,780.00,1953.00,0.00,98125.00,47.73,-122.30,1800.00,9364.00
7520000330.00,20140813T000000,285000.00,3.00,2.50,1690.00,7460.00,1.00,0.00,0.00,3.00,7.00,870.00,820.00,1997.00,0.00,98146.00,47.50,-122.35,1900.00,7302.00
1521049156.00,20141010T000000,255000.00,3.00,2.75,1900.00,16117.00,1.00,0.00,0.00,4.00,7.00,1900.00,0.00,1958.00,0.00,98001.00,47.31,-122.28,1640.00,19166.00
6648760150.00,20140728T000000,315000.00,3.00,2.50,1600.00,7982.00,2.00,0.00,0.00,3.00,8.00,1600.00,0.00,1993.00,0.00,98001.00,47.34,-122.27,1890.00,9830.00
1807900300.00,20141217T000000,830000.00,6.00,3.00,2530.00,9000.00,1.00,0.00,0.00,3.00,6.00,2530.00,0.00,1978.00,0.00,98033.00,47.67,-122.20,1886.00,6000.00
4310700778.00,20150210T000000,539950.00,3.00,2.25,1860.00,1558.00,3.00,0.00,0.00,3.00,8.00,1860.00,0.00,2014.00,0.00,98103.00,47.70,-122.34,1760.00,2456.00
5364200620.00,20140814T000000,980000.00,3.00,2.25,2390.00,4590.00,2.00,0.00,0.00,3.00,8.00,2090.00,300.00,1941.00,1998.00,98105.00,47.66,-122.28,2280.00,5179.00
1939130120.00,20140718T000000,735000.00,4.00,2.50,3100.00,8529.00,2.00,0.00,0.00,3.00,9.00,3100.00,0.00,1990.00,0.00,98074.00,47.63,-122.03,2710.00,8344.00
7280300375.00,20150122T000000,536000.00,5.00,2.25,2650.00,9140.00,1.00,0.00,1.00,3.00,8.00,1350.00,1300.00,1965.00,0.00,98177.00,47.78,-122.39,2700.00,7800.00
2767602720.00,20150223T000000,575000.00,3.00,2.00,1520.00,5000.00,1.50,0.00,0.00,3.00,7.00,1140.00,380.00,1945.00,0.00,98107.00,47.67,-122.39,1530.00,4650.00
3300701185.00,20140925T000000,500000.00,2.00,1.00,1510.00,4000.00,1.00,0.00,0.00,3.00,6.00,930.00,580.00,1924.00,0.00,98117.00,47.69,-122.38,1300.00,4000.00
8731901910.00,20140616T000000,285500.00,4.00,1.75,1960.00,7950.00,1.00,0.00,0.00,4.00,8.00,1960.00,0.00,1967.00,0.00,98023.00,47.31,-122.38,1960.00,8400.00
2558640110.00,20140514T000000,498000.00,4.00,2.75,2270.00,7375.00,1.00,0.00,0.00,4.00,7.00,1290.00,980.00,1973.00,0.00,98034.00,47.72,-122.17,1750.00,7760.00
9465200405.00,20140821T000000,412000.00,2.00,1.00,910.00,6282.00,1.00,0.00,0.00,4.00,7.00,910.00,0.00,1939.00,0.00,98103.00,47.70,-122.35,970.00,6281.00
2896000450.00,20150323T000000,607000.00,4.00,2.50,2100.00,8220.00,1.00,0.00,0.00,4.00,8.00,1300.00,800.00,1975.00,0.00,98052.00,47.67,-122.15,2160.00,8348.00
1320069255.00,20140624T000000,199000.00,3.00,1.00,1000.00,8512.00,1.00,0.00,0.00,3.00,6.00,1000.00,0.00,1991.00,0.00,98022.00,47.22,-121.99,1490.00,10395.00
8651720150.00,20140721T000000,492500.00,4.00,2.75,2760.00,18306.00,1.00,0.00,0.00,3.00,7.00,1630.00,1130.00,1978.00,0.00,98034.00,47.73,-122.22,2470.00,9856.00
3840700757.00,20140619T000000,585000.00,4.00,2.50,2840.00,11044.00,2.00,0.00,0.00,3.00,8.00,2840.00,0.00,2001.00,0.00,98034.00,47.71,-122.24,1934.00,9605.00
8856970530.00,20141208T000000,326995.00,3.00,2.50,1860.00,5321.00,2.00,0.00,0.00,3.00,7.00,1860.00,0.00,2000.00,0.00,98038.00,47.38,-122.03,1940.00,5205.00
2473351050.00,20140813T000000,372500.00,4.00,2.25,1920.00,9660.00,1.00,0.00,0.00,4.00,8.00,1920.00,0.00,1968.00,0.00,98058.00,47.45,-122.14,1890.00,7800.00
7003200120.00,20140627T000000,528000.00,2.00,0.75,840.00,40642.00,1.00,1.00,4.00,4.00,6.00,840.00,0.00,1937.00,0.00,98070.00,47.40,-122.45,1850.00,64069.00
1321059097.00,20140924T000000,400000.00,3.00,1.50,2390.00,32109.00,1.00,0.00,0.00,3.00,7.00,2390.00,0.00,1975.00,2007.00,98092.00,47.30,-122.10,1370.00,32109.00
2571910100.00,20141029T000000,344000.00,4.00,2.50,2100.00,8501.00,2.00,0.00,0.00,5.00,7.00,2100.00,0.00,1993.00,0.00,98022.00,47.20,-122.01,2130.00,8560.00
5104511050.00,20140902T000000,409950.00,4.00,3.00,2430.00,7163.00,2.00,0.00,0.00,3.00,8.00,2430.00,0.00,2003.00,0.00,98038.00,47.36,-122.01,2430.00,6028.00
2771603990.00,20140715T000000,625000.00,3.00,2.00,1880.00,4000.00,1.00,0.00,2.00,3.00,8.00,1280.00,600.00,1950.00,0.00,98199.00,47.64,-122.39,1920.00,4000.00
9407001770.00,20150512T000000,304950.00,3.00,1.75,1350.00,9000.00,1.00,0.00,0.00,3.00,7.00,1350.00,0.00,1987.00,0.00,98045.00,47.45,-121.77,1370.00,9500.00
3211230300.00,20140929T000000,381500.00,2.00,2.00,2160.00,35183.00,1.00,0.00,0.00,3.00,9.00,2160.00,0.00,1985.00,0.00,98092.00,47.31,-122.12,2450.00,34992.00
3229200040.00,20140723T000000,215000.00,3.00,1.75,1430.00,13399.00,1.00,0.00,0.00,4.00,7.00,900.00,530.00,1946.00,0.00,98168.00,47.48,-122.28,1720.00,6415.00
3810000843.00,20150427T000000,345000.00,5.00,1.75,2840.00,12870.00,2.00,0.00,2.00,4.00,7.00,2840.00,0.00,1925.00,0.00,98178.00,47.50,-122.24,2170.00,9612.00
4045700455.00,20150316T000000,363000.00,3.00,0.75,2510.00,20000.00,2.00,0.00,0.00,4.00,7.00,2510.00,0.00,1961.00,0.00,98001.00,47.29,-122.29,2130.00,20000.00
3322049095.00,20150205T000000,240000.00,3.00,1.00,1690.00,20063.00,1.50,0.00,0.00,4.00,7.00,1690.00,0.00,1913.00,0.00,98001.00,47.36,-122.29,1700.00,15899.00
8682280970.00,20150204T000000,548050.00,2.00,2.00,1930.00,5479.00,1.00,0.00,0.00,3.00,8.00,1930.00,0.00,2005.00,0.00,98053.00,47.71,-122.01,1900.00,5479.00
9269200650.00,20141027T000000,314000.00,2.00,1.00,720.00,4920.00,1.00,0.00,0.00,3.00,6.00,720.00,0.00,1941.00,0.00,98126.00,47.54,-122.37,670.00,4920.00
7701961220.00,20140626T000000,800000.00,4.00,2.50,2990.00,16809.00,2.00,0.00,0.00,3.00,11.00,2990.00,0.00,1990.00,0.00,98077.00,47.71,-122.07,3340.00,18752.00
7883603945.00,20140715T000000,400000.00,5.00,1.75,2300.00,6720.00,2.00,0.00,0.00,3.00,7.00,2300.00,0.00,1905.00,0.00,98108.00,47.53,-122.32,1200.00,6000.00
1352300580.00,20141114T000000,247000.00,1.00,1.00,460.00,4120.00,1.00,0.00,0.00,3.00,4.00,460.00,0.00,1937.00,0.00,98055.00,47.49,-122.20,990.00,4120.00
8714600145.00,20150401T000000,540000.00,2.00,1.75,1240.00,4120.00,1.00,0.00,0.00,4.00,7.00,890.00,350.00,1906.00,0.00,98105.00,47.67,-122.31,1640.00,3740.00
323089172.00,20140718T000000,410000.00,4.00,2.50,1900.00,15123.00,2.00,0.00,0.00,3.00,8.00,1900.00,0.00,1995.00,0.00,98045.00,47.50,-121.77,1900.00,16477.00
8651511030.00,20141002T000000,525000.00,3.00,1.75,2120.00,9146.00,1.00,0.00,0.00,3.00,8.00,1260.00,860.00,1981.00,0.00,98074.00,47.65,-122.06,2040.00,10485.00
7015200900.00,20150410T000000,820000.00,4.00,2.50,2440.00,5737.00,2.00,0.00,0.00,4.00,8.00,1700.00,740.00,1929.00,0.00,98119.00,47.65,-122.37,2020.00,5543.00
736100065.00,20150310T000000,1250000.00,4.00,2.25,3300.00,15375.00,1.50,0.00,3.00,3.00,8.00,2820.00,480.00,1933.00,1984.00,98040.00,47.53,-122.23,3250.00,15375.00
3123049131.00,20141218T000000,244000.00,2.00,1.00,1180.00,10200.00,1.00,0.00,0.00,4.00,7.00,1180.00,0.00,1955.00,0.00,98148.00,47.44,-122.34,1330.00,10200.00
1773101530.00,20141218T000000,275000.00,1.00,1.00,520.00,4800.00,1.00,0.00,0.00,3.00,5.00,520.00,0.00,1930.00,0.00,98106.00,47.55,-122.36,800.00,4960.00
6917700650.00,20141008T000000,577000.00,2.00,1.75,2070.00,23160.00,1.00,0.00,0.00,3.00,7.00,1260.00,810.00,1946.00,0.00,98199.00,47.66,-122.39,1690.00,5458.00
3574800090.00,20141202T000000,446950.00,5.00,2.50,2250.00,7945.00,1.00,0.00,0.00,4.00,7.00,1360.00,890.00,1977.00,0.00,98034.00,47.73,-122.22,1820.00,7866.00
7853220610.00,20140729T000000,457000.00,3.00,2.50,2050.00,5694.00,2.00,0.00,2.00,3.00,8.00,2050.00,0.00,2004.00,0.00,98065.00,47.53,-121.86,2680.00,7187.00
9537200037.00,20150428T000000,320000.00,4.00,1.50,1310.00,137214.00,1.50,0.00,0.00,4.00,7.00,1310.00,0.00,1926.00,0.00,98198.00,47.36,-122.32,1310.00,9450.00
5470100090.00,20140905T000000,210000.00,3.00,1.50,1250.00,9484.00,1.00,0.00,0.00,4.00,7.00,1250.00,0.00,1969.00,0.00,98042.00,47.37,-122.15,1320.00,9600.00
3826500730.00,20140922T000000,220000.00,4.00,2.50,2130.00,9100.00,1.00,0.00,0.00,3.00,8.00,1290.00,840.00,1978.00,0.00,98030.00,47.38,-122.17,1770.00,7700.00
2998800040.00,20140613T000000,589000.00,3.00,2.00,2250.00,8800.00,1.00,0.00,0.00,4.00,7.00,1250.00,1000.00,1925.00,0.00,98116.00,47.57,-122.41,2250.00,4800.00
7658600150.00,20140630T000000,435000.00,4.00,2.00,1880.00,3840.00,1.00,0.00,0.00,3.00,7.00,970.00,910.00,1904.00,0.00,98144.00,47.59,-122.30,1670.00,1820.00
3816300065.00,20140716T000000,375000.00,3.00,1.00,1520.00,10798.00,1.00,0.00,0.00,3.00,7.00,1520.00,0.00,1953.00,0.00,98028.00,47.76,-122.26,1670.00,9876.00
1561600056.00,20141017T000000,1735000.00,4.00,3.50,4010.00,9654.00,2.00,0.00,0.00,3.00,10.00,4010.00,0.00,2007.00,0.00,98004.00,47.59,-122.20,1870.00,9873.00
8682261250.00,20141211T000000,545000.00,2.00,1.75,1660.00,5581.00,1.00,0.00,0.00,3.00,8.00,1660.00,0.00,2005.00,0.00,98053.00,47.71,-122.03,1670.00,4871.00
6392002550.00,20141022T000000,970000.00,3.00,2.25,3400.00,10000.00,2.00,0.00,0.00,3.00,10.00,3400.00,0.00,1983.00,0.00,98115.00,47.68,-122.28,1860.00,5100.00
1370803835.00,20140718T000000,705000.00,2.00,1.75,2320.00,6755.00,1.00,0.00,0.00,5.00,8.00,1380.00,940.00,1946.00,0.00,98199.00,47.64,-122.40,1990.00,5000.00
7805450040.00,20150316T000000,915557.00,5.00,3.25,3740.00,11536.00,2.00,0.00,0.00,4.00,9.00,2540.00,1200.00,1984.00,0.00,98006.00,47.56,-122.11,2920.00,11258.00
8019200823.00,20150209T000000,259000.00,4.00,1.50,1810.00,9000.00,1.50,0.00,0.00,3.00,7.00,1810.00,0.00,1960.00,0.00,98168.00,47.49,-122.32,1520.00,9780.00
5457800930.00,20140613T000000,1695000.00,2.00,2.25,3170.00,3000.00,2.00,0.00,2.00,5.00,10.00,1990.00,1180.00,1900.00,0.00,98109.00,47.63,-122.35,2980.00,5061.00
3715500110.00,20141201T000000,427000.00,3.00,1.75,1680.00,8610.00,1.00,0.00,0.00,4.00,7.00,1290.00,390.00,1969.00,0.00,98034.00,47.72,-122.17,1640.00,8809.00
6058600385.00,20140811T000000,390000.00,2.00,1.00,930.00,3100.00,1.00,0.00,0.00,3.00,6.00,930.00,0.00,1911.00,0.00,98144.00,47.59,-122.30,1670.00,3800.00
7708250040.00,20150212T000000,363000.00,3.00,2.50,2390.00,8000.00,2.00,0.00,0.00,3.00,8.00,2390.00,0.00,1995.00,0.00,98042.00,47.39,-122.15,2070.00,7585.00
2769600035.00,20140807T000000,612000.00,4.00,2.50,2680.00,3626.00,1.50,0.00,3.00,4.00,7.00,1680.00,1000.00,1928.00,0.00,98107.00,47.67,-122.36,1950.00,4500.00
5500100120.00,20140916T000000,380000.00,4.00,1.75,1790.00,10186.00,1.00,0.00,0.00,4.00,8.00,1790.00,0.00,1965.00,0.00,98177.00,47.78,-122.38,1790.00,9142.00
4472000040.00,20140818T000000,230000.00,4.00,3.00,1680.00,6003.00,1.00,0.00,0.00,3.00,7.00,1150.00,530.00,1997.00,0.00,98002.00,47.29,-122.22,1820.00,6207.00
9376301591.00,20150414T000000,580000.00,3.00,1.75,1570.00,2600.00,1.50,0.00,0.00,4.00,8.00,1570.00,0.00,1931.00,0.00,98117.00,47.69,-122.37,1490.00,4000.00
4232903990.00,20141119T000000,770000.00,3.00,1.00,2230.00,3200.00,2.00,0.00,2.00,3.00,8.00,1630.00,600.00,1918.00,0.00,98109.00,47.63,-122.36,2280.00,5400.00
7575500150.00,20140924T000000,207200.00,4.00,2.00,1260.00,8400.00,1.00,0.00,0.00,3.00,6.00,1260.00,0.00,1991.00,0.00,98022.00,47.19,-122.00,1120.00,8400.00
6817801430.00,20150305T000000,525000.00,3.00,2.00,1790.00,11430.00,1.00,0.00,0.00,3.00,7.00,1190.00,600.00,1985.00,0.00,98074.00,47.63,-122.04,1700.00,12114.00
2883200760.00,20150209T000000,925000.00,3.00,2.50,2440.00,7419.00,1.00,0.00,0.00,3.00,7.00,1520.00,920.00,1961.00,0.00,98103.00,47.69,-122.33,2440.00,4880.00
1797500985.00,20140902T000000,883000.00,4.00,2.25,2410.00,4000.00,2.00,0.00,0.00,5.00,8.00,1650.00,760.00,1910.00,0.00,98115.00,47.67,-122.32,1820.00,4000.00
2896400210.00,20150508T000000,455000.00,4.00,2.50,1780.00,2992.00,2.00,0.00,0.00,3.00,7.00,1780.00,0.00,2003.00,0.00,98072.00,47.76,-122.15,1610.00,2961.00
8691510150.00,20140922T000000,343500.00,3.00,2.50,1900.00,5194.00,2.00,0.00,0.00,3.00,7.00,1900.00,0.00,2004.00,0.00,98058.00,47.44,-122.12,2230.00,5194.00
6163901380.00,20141114T000000,244000.00,2.00,1.00,960.00,8450.00,1.00,0.00,0.00,5.00,6.00,960.00,0.00,1950.00,0.00,98155.00,47.76,-122.32,1090.00,8450.00
9477000650.00,20141119T000000,397000.00,3.00,1.75,1640.00,11730.00,1.00,0.00,0.00,5.00,7.00,1640.00,0.00,1967.00,0.00,98034.00,47.74,-122.19,1640.00,7770.00
2560800165.00,20150316T000000,180500.00,2.00,1.00,850.00,5000.00,1.00,0.00,0.00,3.00,6.00,850.00,0.00,1976.00,0.00,98198.00,47.38,-122.31,1160.00,5000.00
5589300495.00,20150304T000000,310000.00,3.00,2.75,2150.00,6576.00,1.00,0.00,0.00,4.00,7.00,1900.00,250.00,1926.00,0.00,98155.00,47.75,-122.31,2150.00,9071.00
2517000600.00,20150128T000000,315000.00,4.00,2.50,2780.00,3969.00,2.00,0.00,0.00,3.00,7.00,2780.00,0.00,2005.00,0.00,98042.00,47.40,-122.16,2260.00,4160.00
5364200477.00,20140603T000000,718000.00,3.00,1.00,1030.00,4958.00,1.00,0.00,0.00,5.00,7.00,1030.00,0.00,1952.00,0.00,98105.00,47.66,-122.28,2230.00,6987.00
7349400100.00,20141009T000000,279950.00,3.00,1.75,1930.00,7267.00,1.00,0.00,0.00,4.00,7.00,1330.00,600.00,1977.00,0.00,98002.00,47.32,-122.21,1600.00,7698.00
1455600062.00,20141021T000000,689000.00,3.00,2.50,2080.00,9612.00,1.00,0.00,3.00,4.00,8.00,1700.00,380.00,1940.00,0.00,98125.00,47.73,-122.28,2560.00,10202.00
629810720.00,20140818T000000,828000.00,4.00,2.50,3520.00,9901.00,2.00,0.00,0.00,3.00,10.00,3520.00,0.00,1998.00,0.00,98074.00,47.61,-122.01,3490.00,9667.00
3395800455.00,20140625T000000,150000.00,2.00,1.00,890.00,8100.00,1.00,0.00,0.00,3.00,6.00,890.00,0.00,1942.00,0.00,98146.00,47.48,-122.34,1260.00,8100.00
9191201385.00,20150301T000000,505400.00,3.00,1.75,1640.00,3400.00,1.00,0.00,0.00,4.00,7.00,930.00,710.00,1926.00,0.00,98105.00,47.67,-122.30,1380.00,3750.00
6648150040.00,20140513T000000,1680000.00,5.00,3.25,4860.00,23723.00,2.00,0.00,2.00,4.00,11.00,3820.00,1040.00,1989.00,0.00,98040.00,47.58,-122.22,4040.00,13860.00
7211400615.00,20140515T000000,217450.00,3.00,1.00,1040.00,5000.00,1.00,0.00,0.00,3.00,7.00,1040.00,0.00,1959.00,0.00,98146.00,47.51,-122.36,1440.00,5000.00
6870000150.00,20141218T000000,677000.00,4.00,2.50,2820.00,4174.00,2.00,0.00,0.00,3.00,9.00,2820.00,0.00,2004.00,0.00,98034.00,47.71,-122.23,2560.00,4853.00
3324079092.00,20150427T000000,361000.00,2.00,2.50,1320.00,48787.00,1.00,0.00,0.00,3.00,8.00,1320.00,0.00,2004.00,0.00,98027.00,47.52,-121.92,1830.00,155073.00
8901000543.00,20140609T000000,620000.00,3.00,2.50,2590.00,7237.00,2.00,0.00,0.00,3.00,8.00,2590.00,0.00,2004.00,0.00,98125.00,47.71,-122.31,1670.00,7648.00
7428000120.00,20141210T000000,176000.00,3.00,2.25,1540.00,5449.00,1.00,0.00,0.00,2.00,7.00,1180.00,360.00,1989.00,0.00,98023.00,47.29,-122.36,1460.00,6740.00
6675500112.00,20150414T000000,330000.00,3.00,1.00,960.00,7218.00,1.00,0.00,0.00,4.00,7.00,960.00,0.00,1969.00,0.00,98034.00,47.73,-122.23,1580.00,9104.00
8898701340.00,20141029T000000,290000.00,3.00,2.50,1190.00,8175.00,1.00,0.00,0.00,3.00,7.00,1190.00,0.00,1986.00,0.00,98055.00,47.46,-122.20,2230.00,9520.00
3904921120.00,20140715T000000,711000.00,4.00,2.50,2770.00,9532.00,2.00,0.00,0.00,4.00,9.00,2770.00,0.00,1988.00,0.00,98029.00,47.57,-122.01,2770.00,9219.00
1545806960.00,20150422T000000,295000.00,3.00,1.75,1060.00,8100.00,2.00,0.00,0.00,4.00,7.00,1060.00,0.00,1983.00,0.00,98038.00,47.36,-122.05,1410.00,8100.00
3303990410.00,20141111T000000,1096500.00,5.00,3.25,4010.00,12110.00,2.00,0.00,0.00,3.00,11.00,4010.00,0.00,2003.00,0.00,98059.00,47.52,-122.15,4010.00,12334.00
1862900690.00,20140925T000000,257500.00,3.00,2.00,1140.00,7078.00,1.00,0.00,0.00,4.00,7.00,1140.00,0.00,1991.00,0.00,98031.00,47.41,-122.19,1460.00,7078.00
123039333.00,20140609T000000,240000.00,4.00,1.00,1910.00,16320.00,1.50,0.00,0.00,3.00,6.00,1910.00,0.00,1934.00,0.00,98106.00,47.52,-122.37,1380.00,9000.00
8077210230.00,20141212T000000,645000.00,4.00,2.50,2340.00,8955.00,2.00,0.00,0.00,3.00,9.00,2340.00,0.00,1990.00,0.00,98074.00,47.63,-122.03,2340.00,8955.00
9550200650.00,20140506T000000,499000.00,2.00,1.75,1170.00,2400.00,1.00,0.00,0.00,4.00,7.00,740.00,430.00,1903.00,0.00,98103.00,47.67,-122.33,1570.00,3919.00
4326000220.00,20141020T000000,321000.00,3.00,1.00,1290.00,9526.00,1.50,0.00,0.00,3.00,7.00,1290.00,0.00,1961.00,0.00,98034.00,47.71,-122.21,1290.00,9508.00
1862400522.00,20140822T000000,449000.00,3.00,2.50,1810.00,1658.00,3.00,0.00,0.00,3.00,8.00,1810.00,0.00,1998.00,0.00,98117.00,47.70,-122.38,1470.00,1585.00
7589200165.00,20150107T000000,515000.00,3.00,2.50,1820.00,5280.00,1.00,0.00,0.00,4.00,7.00,910.00,910.00,1949.00,0.00,98117.00,47.69,-122.38,1600.00,4820.00
925059042.00,20141002T000000,456000.00,4.00,1.50,2220.00,12385.00,1.00,0.00,0.00,3.00,8.00,1270.00,950.00,1978.00,0.00,98033.00,47.67,-122.19,2030.00,8831.00
2924079044.00,20140723T000000,865000.00,3.00,3.75,3830.00,219106.00,2.00,0.00,0.00,3.00,9.00,3830.00,0.00,1977.00,1999.00,98027.00,47.54,-121.95,2440.00,219106.00
5535600110.00,20140618T000000,515500.00,4.00,2.50,2920.00,7700.00,2.00,0.00,0.00,3.00,9.00,2920.00,0.00,2003.00,0.00,98019.00,47.74,-121.98,2920.00,8943.00
1428900033.00,20141119T000000,576925.00,4.00,2.50,2630.00,6100.00,2.00,0.00,0.00,3.00,8.00,2630.00,0.00,2004.00,0.00,98072.00,47.77,-122.17,2360.00,5765.00
1822059382.00,20150102T000000,243000.00,3.00,1.75,1320.00,10416.00,1.00,0.00,0.00,3.00,7.00,1320.00,0.00,1996.00,0.00,98031.00,47.39,-122.21,1670.00,7991.00
3584000180.00,20140528T000000,253400.00,3.00,2.00,1400.00,8640.00,1.00,0.00,0.00,5.00,7.00,1400.00,0.00,1968.00,0.00,98003.00,47.32,-122.32,1270.00,9375.00
7812500180.00,20150413T000000,292000.00,3.00,2.50,1600.00,3580.00,2.00,0.00,0.00,3.00,7.00,1600.00,0.00,2000.00,0.00,98178.00,47.49,-122.26,2020.00,4327.00
984210220.00,20141203T000000,271500.00,3.00,2.50,1490.00,8005.00,1.00,0.00,0.00,3.00,7.00,1090.00,400.00,1976.00,0.00,98058.00,47.44,-122.17,1880.00,7905.00
8682310220.00,20140827T000000,765000.00,2.00,2.50,2170.00,6750.00,1.00,0.00,0.00,3.00,8.00,2170.00,0.00,2012.00,0.00,98053.00,47.71,-122.01,2150.00,6074.00
7586200061.00,20150312T000000,375000.00,3.00,3.25,1280.00,1730.00,2.00,0.00,0.00,3.00,8.00,1090.00,190.00,2005.00,0.00,98177.00,47.70,-122.36,1280.00,2121.00
5127100100.00,20150511T000000,382880.00,3.00,2.00,1620.00,9566.00,1.00,0.00,0.00,4.00,7.00,1620.00,0.00,1968.00,0.00,98059.00,47.47,-122.15,1660.00,10011.00
7856000150.00,20140609T000000,852500.00,3.00,2.50,2630.00,10100.00,1.00,0.00,0.00,4.00,9.00,1580.00,1050.00,1967.00,0.00,98006.00,47.56,-122.15,2400.00,9700.00
5076700025.00,20141124T000000,475000.00,3.00,1.50,1240.00,8738.00,1.00,0.00,0.00,3.00,7.00,1240.00,0.00,1959.00,0.00,98005.00,47.58,-122.17,1440.00,9344.00
9221400600.00,20140523T000000,462000.00,3.00,1.75,1300.00,2580.00,1.00,0.00,0.00,5.00,7.00,820.00,480.00,1919.00,0.00,98115.00,47.67,-122.32,1180.00,2820.00
1924059278.00,20140611T000000,762400.00,3.00,1.75,2430.00,14607.00,1.00,0.00,1.00,3.00,8.00,1230.00,1200.00,1949.00,1970.00,98040.00,47.56,-122.21,2750.00,17425.00
6163901283.00,20150130T000000,330000.00,4.00,1.50,1890.00,7540.00,1.00,0.00,0.00,4.00,7.00,1890.00,0.00,1967.00,0.00,98155.00,47.75,-122.32,1890.00,8515.00
7504460090.00,20140725T000000,473000.00,3.00,2.25,1890.00,12236.00,1.00,0.00,0.00,3.00,8.00,1890.00,0.00,1978.00,0.00,98074.00,47.62,-122.05,2390.00,12323.00
4154302560.00,20141121T000000,550000.00,3.00,1.50,2440.00,7200.00,1.00,0.00,0.00,3.00,7.00,2440.00,0.00,1949.00,0.00,98118.00,47.56,-122.27,1920.00,6900.00
7905390220.00,20140623T000000,449500.00,3.00,2.25,1780.00,7280.00,1.00,0.00,2.00,3.00,7.00,1340.00,440.00,1972.00,0.00,98034.00,47.72,-122.22,2060.00,7280.00
8691330910.00,20140521T000000,744000.00,4.00,2.75,2830.00,13059.00,2.00,0.00,0.00,3.00,10.00,2830.00,0.00,1998.00,0.00,98075.00,47.60,-121.99,3840.00,11596.00
9169100175.00,20150507T000000,700000.00,4.00,2.00,2490.00,4700.00,1.00,0.00,0.00,4.00,7.00,1690.00,800.00,1952.00,0.00,98136.00,47.53,-122.39,2240.00,5000.00
5706202070.00,20140930T000000,511100.00,4.00,2.50,1560.00,12220.00,1.50,0.00,0.00,4.00,7.00,1560.00,0.00,1965.00,0.00,98027.00,47.53,-122.05,1920.00,12220.00
9478501020.00,20140916T000000,317950.00,3.00,2.50,1980.00,4500.00,2.00,0.00,0.00,3.00,7.00,1980.00,0.00,2012.00,0.00,98042.00,47.37,-122.11,2200.00,4500.00
426069095.00,20141014T000000,542950.00,3.00,2.50,2070.00,39768.00,2.00,0.00,0.00,3.00,8.00,2070.00,0.00,1988.00,0.00,98077.00,47.77,-122.04,2740.00,44866.00
6752000330.00,20140815T000000,490000.00,3.00,1.75,1490.00,11360.00,1.00,0.00,0.00,3.00,8.00,1490.00,0.00,1975.00,0.00,98008.00,47.59,-122.12,2350.00,10320.00
9834200555.00,20150219T000000,760000.00,4.00,3.50,3090.00,4060.00,2.00,0.00,0.00,3.00,8.00,2420.00,670.00,1992.00,0.00,98144.00,47.57,-122.29,1720.00,4080.00
726059344.00,20150421T000000,475000.00,3.00,2.25,1580.00,8659.00,1.00,0.00,0.00,4.00,7.00,1220.00,360.00,1961.00,0.00,98011.00,47.76,-122.22,1970.00,9650.00
8106100085.00,20140509T000000,1702500.00,5.00,4.50,5190.00,23716.00,2.00,0.00,2.00,3.00,11.00,3390.00,1800.00,1987.00,2000.00,98040.00,47.58,-122.22,4460.00,22748.00
3831250150.00,20150326T000000,435000.00,3.00,2.75,2692.00,6197.00,2.00,0.00,0.00,3.00,9.00,2692.00,0.00,2007.00,0.00,98030.00,47.36,-122.20,2336.00,5700.00
7852020760.00,20141101T000000,399000.00,3.00,2.50,1740.00,3690.00,2.00,0.00,0.00,3.00,8.00,1740.00,0.00,2000.00,0.00,98065.00,47.53,-121.87,2100.00,4944.00
3142600120.00,20140826T000000,627000.00,3.00,2.00,1940.00,3800.00,1.00,0.00,0.00,4.00,7.00,1050.00,890.00,1927.00,0.00,98115.00,47.68,-122.31,1700.00,3800.00
7831800495.00,20141002T000000,346500.00,4.00,2.50,2150.00,5100.00,1.50,0.00,0.00,3.00,7.00,1290.00,860.00,1991.00,0.00,98106.00,47.53,-122.36,1920.00,5100.00
4037000065.00,20150414T000000,412000.00,3.00,1.50,1320.00,8000.00,1.00,0.00,0.00,3.00,7.00,1320.00,0.00,1957.00,0.00,98008.00,47.60,-122.12,1720.00,8100.00
7574910450.00,20150203T000000,845000.00,4.00,2.50,3360.00,40471.00,2.00,0.00,0.00,4.00,10.00,3360.00,0.00,1994.00,0.00,98077.00,47.74,-122.04,3150.00,36823.00
6703700025.00,20141105T000000,373000.00,3.00,1.75,1850.00,9655.00,1.00,0.00,0.00,3.00,7.00,1100.00,750.00,1959.00,0.00,98155.00,47.74,-122.32,1480.00,8683.00
5418500970.00,20140808T000000,725000.00,4.00,2.25,2880.00,8882.00,2.00,0.00,0.00,4.00,8.00,2480.00,400.00,1965.00,0.00,98115.00,47.70,-122.28,2460.00,9610.00
5379806180.00,20140813T000000,376000.00,6.00,2.50,2420.00,11662.00,1.00,0.00,2.00,4.00,7.00,1420.00,1000.00,1965.00,0.00,98188.00,47.45,-122.28,1630.00,11662.00
3332000061.00,20140805T000000,552500.00,3.00,1.00,2020.00,4120.00,1.50,0.00,0.00,4.00,7.00,1520.00,500.00,1929.00,0.00,98118.00,47.55,-122.27,1200.00,4635.00
7635800600.00,20140626T000000,365000.00,5.00,2.00,2280.00,19000.00,1.50,0.00,0.00,3.00,6.00,2280.00,0.00,1924.00,0.00,98166.00,47.47,-122.36,1790.00,11800.00
1825079086.00,20140521T000000,700000.00,4.00,2.50,3010.00,46173.00,2.00,0.00,0.00,3.00,9.00,3010.00,0.00,1996.00,0.00,98053.00,47.65,-121.96,2590.00,49222.00
4399200085.00,20150305T000000,315000.00,4.00,2.25,2550.00,9736.00,1.00,0.00,0.00,4.00,8.00,2550.00,0.00,1967.00,0.00,98002.00,47.32,-122.21,1770.00,9686.00
7131300031.00,20150331T000000,262500.00,4.00,2.00,1540.00,5110.00,1.00,0.00,0.00,3.00,7.00,1540.00,0.00,1957.00,0.00,98118.00,47.52,-122.27,1540.00,5110.00
2719100355.00,20141104T000000,660000.00,3.00,2.25,2280.00,6150.00,2.00,0.00,2.00,3.00,8.00,2280.00,0.00,1984.00,0.00,98136.00,47.54,-122.39,1920.00,6150.00
2517010120.00,20150413T000000,340000.00,4.00,2.50,2450.00,6941.00,2.00,0.00,0.00,3.00,7.00,2450.00,0.00,2006.00,0.00,98042.00,47.40,-122.16,3300.00,6941.00
5700000600.00,20140702T000000,660500.00,5.00,2.50,2950.00,5500.00,1.50,0.00,0.00,5.00,7.00,1720.00,1230.00,1918.00,0.00,98144.00,47.58,-122.29,2200.00,5000.00
5075400035.00,20140627T000000,280000.00,1.00,1.00,690.00,1950.00,1.00,0.00,0.00,3.00,6.00,690.00,0.00,1928.00,0.00,98117.00,47.68,-122.37,1650.00,4864.00
5141000571.00,20140825T000000,267000.00,1.00,1.00,800.00,2480.00,1.00,0.00,0.00,4.00,6.00,800.00,0.00,1919.00,0.00,98108.00,47.56,-122.32,1490.00,4650.00
3664500300.00,20141106T000000,230000.00,2.00,1.00,1470.00,25661.00,1.50,0.00,0.00,3.00,4.00,1470.00,0.00,1932.00,0.00,98059.00,47.49,-122.13,1670.00,43301.00
2607730490.00,20140922T000000,417000.00,3.00,2.25,1840.00,11403.00,2.00,0.00,0.00,3.00,8.00,1840.00,0.00,1993.00,0.00,98045.00,47.49,-121.80,2150.00,11403.00
88000790.00,20140714T000000,252000.00,3.00,1.00,1170.00,9730.00,1.00,0.00,0.00,3.00,7.00,1170.00,0.00,1968.00,1986.00,98055.00,47.46,-122.20,1680.00,10125.00
4083303540.00,20150320T000000,791000.00,5.00,1.75,2344.00,4800.00,1.50,0.00,0.00,4.00,7.00,1544.00,800.00,1921.00,0.00,98103.00,47.65,-122.34,1770.00,4200.00
6430500219.00,20140910T000000,415000.00,1.00,1.00,1230.00,3774.00,1.00,0.00,0.00,4.00,6.00,830.00,400.00,1924.00,0.00,98103.00,47.69,-122.35,1300.00,3774.00
203900610.00,20140724T000000,339000.00,3.00,1.75,1150.00,13278.00,1.00,0.00,0.00,5.00,7.00,1150.00,0.00,1966.00,0.00,98053.00,47.64,-121.97,1560.00,12400.00
6083000123.00,20150504T000000,158000.00,3.00,1.00,1140.00,10477.00,1.00,0.00,0.00,3.00,6.00,1140.00,0.00,1942.00,0.00,98168.00,47.49,-122.31,1190.00,9750.00
2490200620.00,20140811T000000,535000.00,3.00,1.00,1660.00,5100.00,1.00,0.00,0.00,3.00,7.00,1260.00,400.00,1957.00,0.00,98136.00,47.53,-122.38,1230.00,5100.00
9528102870.00,20150304T000000,818900.00,3.00,1.00,1080.00,4120.00,1.00,0.00,0.00,3.00,7.00,980.00,100.00,1919.00,0.00,98115.00,47.68,-122.32,1280.00,3090.00
2436700610.00,20150422T000000,550000.00,4.00,2.00,1720.00,4000.00,1.00,0.00,0.00,3.00,7.00,1420.00,300.00,1950.00,0.00,98105.00,47.67,-122.29,1350.00,1281.00
7655900031.00,20150306T000000,240000.00,2.00,1.00,590.00,8717.00,1.00,0.00,0.00,3.00,6.00,590.00,0.00,1953.00,0.00,98133.00,47.73,-122.34,1370.00,6760.00
7011201333.00,20140917T000000,590000.00,3.00,3.25,1290.00,1230.00,2.00,0.00,2.00,3.00,9.00,1090.00,200.00,2008.00,0.00,98119.00,47.64,-122.37,1710.00,1797.00
9412200730.00,20150224T000000,369300.00,3.00,1.50,1480.00,21320.00,1.00,0.00,0.00,4.00,7.00,1480.00,0.00,1967.00,0.00,98027.00,47.52,-122.04,1850.00,17825.00
3024079096.00,20150414T000000,510000.00,4.00,2.50,2600.00,118666.00,1.00,0.00,0.00,3.00,7.00,1400.00,1200.00,1981.00,0.00,98027.00,47.54,-121.97,2440.00,131116.00
5423600040.00,20140707T000000,542500.00,3.00,2.50,2040.00,10086.00,2.00,0.00,0.00,3.00,8.00,2040.00,0.00,1987.00,0.00,98052.00,47.68,-122.11,1940.00,10272.00
3291800120.00,20150102T000000,262500.00,3.00,1.00,970.00,7854.00,1.00,0.00,0.00,4.00,7.00,970.00,0.00,1980.00,0.00,98056.00,47.49,-122.19,1480.00,7800.00
3052700921.00,20150211T000000,900000.00,6.00,3.00,2620.00,4350.00,1.00,0.00,0.00,3.00,7.00,1760.00,860.00,1957.00,0.00,98117.00,47.68,-122.37,1760.00,4300.00
2424059119.00,20141014T000000,1100000.00,4.00,3.50,4560.00,41636.00,2.00,0.00,0.00,3.00,9.00,4170.00,390.00,1995.00,0.00,98006.00,47.56,-122.12,2990.00,11381.00
4335000145.00,20140813T000000,368000.00,3.00,1.75,1750.00,14400.00,1.00,0.00,0.00,4.00,7.00,1750.00,0.00,1951.00,0.00,98166.00,47.45,-122.36,2030.00,14400.00
1980200384.00,20141022T000000,825000.00,4.00,3.50,3620.00,6499.00,2.50,0.00,0.00,3.00,9.00,3620.00,0.00,2003.00,2009.00,98177.00,47.73,-122.36,2330.00,7200.00
5637200150.00,20150114T000000,343500.00,3.00,2.00,1660.00,7509.00,1.00,0.00,0.00,3.00,7.00,1660.00,0.00,2002.00,0.00,98059.00,47.49,-122.14,2380.00,8598.00
8864000970.00,20141204T000000,273500.00,4.00,1.00,1360.00,6000.00,1.00,0.00,0.00,4.00,6.00,1020.00,340.00,1944.00,0.00,98168.00,47.48,-122.29,1230.00,6000.00
3885808210.00,20150120T000000,1000000.00,3.00,2.50,2044.00,5610.00,2.00,0.00,0.00,4.00,9.00,2044.00,0.00,1996.00,0.00,98033.00,47.68,-122.21,2440.00,5610.00
7986400265.00,20141029T000000,770000.00,5.00,3.00,2370.00,6000.00,1.50,0.00,2.00,3.00,8.00,1340.00,1030.00,1926.00,2003.00,98107.00,47.66,-122.36,1350.00,4500.00
9459200120.00,20150304T000000,400000.00,3.00,2.00,1170.00,3868.00,1.50,0.00,0.00,4.00,7.00,1170.00,0.00,1925.00,0.00,98118.00,47.55,-122.29,1400.00,3800.00
1311200120.00,20140513T000000,225000.00,3.00,1.00,1660.00,7210.00,1.00,0.00,0.00,3.00,7.00,1100.00,560.00,1963.00,0.00,98001.00,47.34,-122.28,1660.00,7245.00
3649100031.00,20150305T000000,345000.00,4.00,1.00,2020.00,18150.00,1.00,0.00,0.00,4.00,7.00,2020.00,0.00,1955.00,0.00,98028.00,47.74,-122.25,1530.00,11970.00
2475400120.00,20141001T000000,450000.00,3.00,2.50,2530.00,8116.00,2.00,0.00,0.00,3.00,8.00,2530.00,0.00,2001.00,0.00,98011.00,47.76,-122.17,2280.00,8791.00
6365900065.00,20140718T000000,334850.00,2.00,1.00,870.00,5635.00,1.00,0.00,0.00,3.00,7.00,870.00,0.00,1948.00,0.00,98116.00,47.57,-122.40,1310.00,5750.00
3959400645.00,20150107T000000,605000.00,5.00,3.00,3670.00,9600.00,1.00,0.00,1.00,3.00,8.00,1980.00,1690.00,1955.00,0.00,98108.00,47.56,-122.32,1730.00,4933.00
4139660040.00,20141121T000000,760000.00,5.00,3.50,3180.00,14000.00,2.00,0.00,0.00,5.00,10.00,3180.00,0.00,1997.00,0.00,98006.00,47.55,-122.13,3670.00,14450.00
3241600027.00,20141006T000000,390000.00,2.00,1.50,1870.00,12960.00,1.50,0.00,0.00,4.00,6.00,1350.00,520.00,1926.00,0.00,98118.00,47.52,-122.29,1380.00,7800.00
8946400100.00,20140804T000000,488000.00,3.00,2.50,1940.00,5660.00,2.00,0.00,0.00,3.00,8.00,1940.00,0.00,2001.00,0.00,98072.00,47.75,-122.17,2110.00,4581.00
3625059152.00,20141230T000000,3300000.00,3.00,3.25,4220.00,41300.00,1.00,1.00,4.00,4.00,11.00,2460.00,1760.00,1958.00,1987.00,98008.00,47.61,-122.11,3810.00,30401.00
624110110.00,20150222T000000,1063000.00,5.00,4.50,4820.00,13165.00,2.00,0.00,0.00,4.00,11.00,3950.00,870.00,1990.00,0.00,98077.00,47.73,-122.06,3880.00,13810.00
522079015.00,20150322T000000,608000.00,3.00,2.00,2400.00,217800.00,2.00,0.00,0.00,3.00,8.00,1590.00,810.00,1975.00,0.00,98038.00,47.42,-121.94,2340.00,207781.00
3204300455.00,20140822T000000,1385000.00,3.00,2.25,2930.00,6000.00,2.00,0.00,2.00,3.00,11.00,1920.00,1010.00,2000.00,0.00,98112.00,47.63,-122.30,1870.00,5040.00
5414100040.00,20140915T000000,299950.00,2.00,1.00,800.00,3000.00,1.00,0.00,0.00,3.00,6.00,800.00,0.00,1904.00,0.00,98118.00,47.56,-122.29,1640.00,3400.00
1930301015.00,20150428T000000,818000.00,3.00,3.25,2200.00,4800.00,2.00,0.00,2.00,3.00,7.00,1910.00,290.00,1943.00,1996.00,98103.00,47.66,-122.35,1410.00,4800.00
1898200100.00,20140528T000000,355000.00,3.00,2.50,2400.00,9701.00,1.00,0.00,0.00,3.00,9.00,2400.00,0.00,1990.00,0.00,98023.00,47.31,-122.39,2400.00,8258.00
9471200065.00,20141015T000000,1855000.00,5.00,3.25,5570.00,9600.00,2.00,0.00,0.00,5.00,9.00,3860.00,1710.00,1952.00,0.00,98105.00,47.67,-122.26,3170.00,10400.00
510003085.00,20140623T000000,660000.00,3.00,3.25,1980.00,2850.00,3.00,0.00,0.00,3.00,7.00,1980.00,0.00,1987.00,0.00,98103.00,47.66,-122.33,1630.00,4560.00
2579500110.00,20140701T000000,2367000.00,3.00,2.25,3530.00,17450.00,1.00,1.00,3.00,3.00,9.00,1840.00,1690.00,1930.00,1993.00,98040.00,47.54,-122.21,3530.00,17310.00
1762600090.00,20150424T000000,1211000.00,4.00,2.50,3430.00,35120.00,2.00,0.00,0.00,3.00,10.00,3430.00,0.00,1984.00,0.00,98033.00,47.65,-122.18,3920.00,35230.00
6700390090.00,20140625T000000,255950.00,3.00,2.50,1720.00,3676.00,2.00,0.00,0.00,3.00,7.00,1720.00,0.00,1992.00,0.00,98031.00,47.40,-122.19,1720.00,3510.00
6817801020.00,20140821T000000,475000.00,3.00,1.50,1930.00,11092.00,1.00,0.00,0.00,3.00,7.00,1500.00,430.00,1983.00,0.00,98074.00,47.63,-122.03,1230.00,10964.00
7931000053.00,20141229T000000,362950.00,4.00,1.75,2140.00,159865.00,1.00,0.00,0.00,4.00,7.00,1140.00,1000.00,1960.00,0.00,98031.00,47.42,-122.22,1830.00,15569.00
1828000620.00,20140701T000000,452000.00,3.00,1.75,1110.00,9012.00,1.00,0.00,0.00,4.00,7.00,1110.00,0.00,1966.00,0.00,98052.00,47.66,-122.13,1800.00,8679.00
2423400040.00,20140804T000000,315000.00,3.00,1.75,1970.00,8200.00,1.00,0.00,0.00,3.00,7.00,1270.00,700.00,1964.00,0.00,98168.00,47.47,-122.33,1890.00,8348.00
6064800730.00,20150129T000000,330950.00,3.00,2.50,1630.00,2844.00,2.00,0.00,0.00,3.00,7.00,1630.00,0.00,2003.00,0.00,98118.00,47.54,-122.29,1610.00,2582.00
3388300590.00,20140611T000000,535000.00,5.00,2.25,2520.00,49222.00,2.00,0.00,0.00,4.00,8.00,2520.00,0.00,1978.00,0.00,98027.00,47.49,-122.06,2780.00,55321.00
1591600506.00,20150225T000000,479000.00,4.00,2.25,2270.00,9464.00,1.50,0.00,0.00,4.00,7.00,1520.00,750.00,1940.00,0.00,98146.00,47.50,-122.36,1770.00,9464.00
6798100661.00,20140616T000000,340000.00,3.00,2.50,1212.00,1174.00,3.00,0.00,0.00,3.00,7.00,1212.00,0.00,2004.00,0.00,98125.00,47.71,-122.31,1256.00,1226.00
8732800100.00,20140916T000000,312000.00,4.00,2.00,1890.00,8362.00,1.00,0.00,0.00,3.00,7.00,1890.00,0.00,1966.00,0.00,98188.00,47.44,-122.28,1600.00,9257.00
2025701080.00,20150318T000000,305000.00,3.00,2.25,1370.00,6600.00,2.00,0.00,0.00,4.00,7.00,1370.00,0.00,1993.00,0.00,98038.00,47.35,-122.04,1370.00,6600.00
4345000490.00,20141202T000000,270000.00,3.00,2.50,1770.00,7336.00,2.00,0.00,0.00,3.00,7.00,1770.00,0.00,1996.00,0.00,98030.00,47.36,-122.19,1770.00,7349.00
2771104010.00,20140605T000000,529999.00,3.00,2.50,1710.00,1664.00,2.00,0.00,0.00,5.00,8.00,1300.00,410.00,2003.00,0.00,98199.00,47.65,-122.38,1470.00,5400.00
3307700405.00,20140723T000000,587100.00,2.00,1.00,1190.00,6967.00,1.00,0.00,0.00,3.00,7.00,1190.00,0.00,1946.00,0.00,98040.00,47.59,-122.24,1700.00,6968.00
6817800910.00,20141118T000000,459800.00,3.00,2.00,1690.00,16061.00,1.00,0.00,0.00,3.00,7.00,1690.00,0.00,1984.00,0.00,98074.00,47.64,-122.04,1280.00,12436.00
259801140.00,20141212T000000,451000.00,4.00,1.75,1680.00,7800.00,1.00,0.00,0.00,3.00,7.00,1330.00,350.00,1966.00,0.00,98008.00,47.63,-122.12,1680.00,7210.00
1176001293.00,20140617T000000,2475000.00,3.00,3.25,4340.00,4947.00,2.00,0.00,3.00,3.00,11.00,3060.00,1280.00,1993.00,0.00,98107.00,47.67,-122.41,1680.00,5250.00
820079101.00,20141222T000000,525000.00,3.00,2.25,2040.00,435600.00,2.00,0.00,2.00,4.00,7.00,2040.00,0.00,1983.00,0.00,98022.00,47.23,-121.95,2020.00,223027.00
40001065.00,20140529T000000,250000.00,2.00,1.00,1110.00,26051.00,1.00,0.00,0.00,3.00,6.00,1110.00,0.00,1951.00,0.00,98168.00,47.47,-122.29,2240.00,12255.00
3330501975.00,20141117T000000,475000.00,5.00,2.00,2040.00,6180.00,2.00,0.00,0.00,4.00,7.00,2040.00,0.00,1908.00,0.00,98118.00,47.55,-122.28,1870.00,4365.00
3021059175.00,20150312T000000,235000.00,4.00,1.50,1920.00,11595.00,1.00,0.00,0.00,4.00,7.00,1920.00,0.00,1962.00,0.00,98002.00,47.29,-122.21,1400.00,10550.00
8092500720.00,20140711T000000,230000.00,3.00,1.50,1330.00,9548.00,1.00,0.00,0.00,5.00,7.00,1330.00,0.00,1967.00,0.00,98042.00,47.37,-122.11,1420.00,9548.00
9828702120.00,20140701T000000,581000.00,4.00,1.00,1630.00,2566.00,1.50,0.00,0.00,3.00,7.00,1630.00,0.00,1921.00,0.00,98122.00,47.62,-122.30,1220.00,2314.00
6751300375.00,20140702T000000,415000.00,3.00,1.00,1520.00,9030.00,1.00,0.00,0.00,3.00,7.00,1520.00,0.00,1956.00,0.00,98007.00,47.59,-122.13,1470.00,8712.00
6751300375.00,20141016T000000,522500.00,3.00,1.00,1520.00,9030.00,1.00,0.00,0.00,3.00,7.00,1520.00,0.00,1956.00,0.00,98007.00,47.59,-122.13,1470.00,8712.00
6073300790.00,20150105T000000,383000.00,3.00,1.50,1340.00,7725.00,1.00,0.00,0.00,4.00,8.00,1340.00,0.00,1967.00,0.00,98056.00,47.54,-122.17,1990.00,7725.00
8074400035.00,20141030T000000,315000.00,3.00,1.75,2500.00,8289.00,1.00,0.00,0.00,4.00,7.00,1250.00,1250.00,1958.00,0.00,98056.00,47.50,-122.18,1710.00,8205.00
2254501335.00,20140922T000000,591000.00,3.00,2.00,1460.00,3600.00,2.00,0.00,0.00,3.00,7.00,1460.00,0.00,1902.00,0.00,98122.00,47.61,-122.31,1590.00,1210.00
7504021510.00,20141219T000000,750000.00,4.00,2.25,3140.00,12150.00,2.00,0.00,0.00,3.00,9.00,3140.00,0.00,1979.00,0.00,98074.00,47.64,-122.05,2370.00,12054.00
7625701386.00,20140516T000000,430000.00,3.00,1.75,2150.00,4333.00,1.00,0.00,0.00,3.00,7.00,1200.00,950.00,1956.00,0.00,98136.00,47.55,-122.39,1480.00,6500.00
1775500371.00,20150501T000000,712000.00,4.00,2.50,3140.00,32336.00,1.50,0.00,0.00,3.00,10.00,3140.00,0.00,1995.00,0.00,98072.00,47.74,-122.09,2340.00,19965.00
3244500037.00,20150406T000000,510000.00,3.00,2.50,2310.00,53578.00,1.00,0.00,0.00,4.00,8.00,1340.00,970.00,1981.00,0.00,98072.00,47.77,-122.14,2660.00,49658.00
9828701745.00,20150123T000000,480000.00,2.00,1.00,710.00,4800.00,1.00,0.00,0.00,2.00,6.00,710.00,0.00,1950.00,0.00,98112.00,47.62,-122.30,1480.00,1721.00
1994200040.00,20140613T000000,538000.00,3.00,1.00,1460.00,7200.00,1.00,0.00,0.00,3.00,7.00,1260.00,200.00,1906.00,0.00,98103.00,47.69,-122.34,1430.00,4650.00
8122100265.00,20141205T000000,464000.00,2.00,2.75,730.00,5000.00,1.00,0.00,0.00,3.00,7.00,730.00,0.00,1929.00,0.00,98126.00,47.54,-122.37,980.00,5000.00
7202290180.00,20150102T000000,476000.00,3.00,2.50,1440.00,3840.00,2.00,0.00,0.00,3.00,7.00,1440.00,0.00,2001.00,0.00,98053.00,47.69,-122.04,1600.00,3131.00
4025300360.00,20150326T000000,349500.00,3.00,2.00,1130.00,16875.00,1.00,0.00,0.00,4.00,7.00,1130.00,0.00,1947.00,0.00,98155.00,47.75,-122.30,1600.00,14300.00
2557000540.00,20150207T000000,270000.00,3.00,2.25,1810.00,8262.00,2.00,0.00,0.00,4.00,8.00,1810.00,0.00,1981.00,0.00,98023.00,47.30,-122.37,1820.00,8262.00
9388100015.00,20141119T000000,740000.00,3.00,2.50,2710.00,18480.00,2.00,0.00,2.00,3.00,10.00,2000.00,710.00,1978.00,0.00,98034.00,47.73,-122.26,2710.00,18077.00
6305900300.00,20141013T000000,395000.00,4.00,2.50,2740.00,8336.00,2.00,0.00,0.00,4.00,9.00,2740.00,0.00,1990.00,0.00,98031.00,47.39,-122.18,2460.00,9189.00
7202340530.00,20150410T000000,498000.00,3.00,2.50,1690.00,4088.00,2.00,0.00,0.00,3.00,7.00,1690.00,0.00,2004.00,0.00,98053.00,47.68,-122.03,1950.00,4088.00
7849202296.00,20150130T000000,339900.00,3.00,2.50,1470.00,4675.00,2.00,0.00,0.00,3.00,7.00,1470.00,0.00,1999.00,0.00,98065.00,47.53,-121.83,1500.00,4385.00
255520150.00,20140902T000000,539000.00,3.00,2.50,2830.00,9972.00,2.00,0.00,0.00,3.00,9.00,2830.00,0.00,2006.00,0.00,98019.00,47.74,-121.98,3557.00,9159.00
3578401770.00,20150226T000000,400000.00,3.00,1.00,1410.00,9704.00,1.00,0.00,0.00,3.00,8.00,1140.00,270.00,1983.00,0.00,98074.00,47.62,-122.04,1910.00,13639.00
984000410.00,20150218T000000,225000.00,3.00,2.50,2170.00,11745.00,1.00,0.00,0.00,4.00,7.00,1410.00,760.00,1967.00,0.00,98058.00,47.43,-122.17,1860.00,8643.00
9834200925.00,20140910T000000,330000.00,3.00,2.25,1340.00,4080.00,1.50,0.00,0.00,3.00,6.00,1170.00,170.00,1907.00,0.00,98144.00,47.57,-122.29,1670.00,4080.00
2225039103.00,20140626T000000,1387800.00,3.00,3.00,2480.00,5500.00,2.00,0.00,3.00,3.00,10.00,1730.00,750.00,1950.00,2005.00,98199.00,47.65,-122.40,2950.00,5670.00
6445800015.00,20150430T000000,490000.00,3.00,2.75,1990.00,31200.00,1.00,0.00,0.00,3.00,8.00,1990.00,0.00,1986.00,0.00,98029.00,47.55,-122.04,3120.00,29625.00
1311800040.00,20141220T000000,260000.00,4.00,2.75,2240.00,7200.00,1.00,0.00,0.00,3.00,7.00,1140.00,1100.00,1967.00,0.00,98001.00,47.34,-122.28,1580.00,7416.00
1473120730.00,20140627T000000,469900.00,4.00,2.50,2990.00,8913.00,2.00,0.00,0.00,4.00,9.00,2990.00,0.00,1991.00,0.00,98058.00,47.44,-122.16,2740.00,8030.00
6820100035.00,20141112T000000,493000.00,6.00,1.75,2120.00,3801.00,1.50,0.00,0.00,4.00,7.00,1220.00,900.00,1925.00,0.00,98115.00,47.68,-122.31,1850.00,4181.00
1824079107.00,20140528T000000,740000.00,4.00,2.25,2920.00,46355.00,2.00,0.00,0.00,4.00,9.00,2920.00,0.00,1998.00,0.00,98024.00,47.57,-121.96,2310.00,184694.00
2891000610.00,20141211T000000,148900.00,4.00,1.75,1700.00,6000.00,1.00,0.00,0.00,3.00,7.00,1700.00,0.00,1967.00,0.00,98002.00,47.33,-122.21,1280.00,6000.00
6600220090.00,20141118T000000,475000.00,2.00,2.50,1620.00,14467.00,2.00,0.00,0.00,3.00,7.00,1620.00,0.00,1981.00,0.00,98074.00,47.63,-122.04,1470.00,13615.00
4447300165.00,20141223T000000,415000.00,2.00,1.00,760.00,4000.00,1.00,0.00,0.00,3.00,7.00,760.00,0.00,1944.00,0.00,98117.00,47.69,-122.40,1520.00,4000.00
2891000450.00,20140707T000000,229500.00,3.00,1.00,1230.00,6000.00,1.00,0.00,0.00,4.00,7.00,1230.00,0.00,1967.00,0.00,98002.00,47.33,-122.21,1240.00,6000.00
9286000110.00,20140814T000000,1355000.00,5.00,3.75,4960.00,13990.00,2.00,0.00,2.00,3.00,11.00,3760.00,1200.00,2001.00,0.00,98006.00,47.55,-122.14,5200.00,18116.00
2558160220.00,20141210T000000,385000.00,4.00,2.50,2030.00,11375.00,1.00,0.00,0.00,3.00,7.00,1330.00,700.00,1969.00,0.00,98028.00,47.78,-122.26,1500.00,9160.00
2422000067.00,20150427T000000,230000.00,3.00,2.25,1830.00,11331.00,1.00,0.00,0.00,3.00,7.00,1250.00,580.00,1965.00,0.00,98001.00,47.29,-122.29,2240.00,16433.00
2887701970.00,20140808T000000,425000.00,2.00,1.00,970.00,2700.00,1.00,0.00,0.00,4.00,7.00,770.00,200.00,1926.00,0.00,98115.00,47.69,-122.31,1570.00,3348.00
8581400015.00,20140722T000000,189900.00,2.00,1.00,1000.00,4179.00,1.00,0.00,0.00,5.00,5.00,1000.00,0.00,1914.00,0.00,98002.00,47.30,-122.23,1010.00,6327.00
7972603950.00,20150102T000000,238000.00,2.00,1.00,750.00,6480.00,1.00,0.00,0.00,3.00,6.00,750.00,0.00,1943.00,0.00,98106.00,47.52,-122.35,1050.00,6390.00
7882600332.00,20140819T000000,968060.00,4.00,2.50,2620.00,16200.00,1.00,0.00,2.00,4.00,7.00,1570.00,1050.00,1950.00,1993.00,98033.00,47.66,-122.20,3050.00,11875.00
5078400210.00,20140616T000000,921000.00,4.00,1.50,2220.00,9496.00,1.00,0.00,0.00,4.00,7.00,1490.00,730.00,1954.00,0.00,98004.00,47.62,-122.21,1800.00,8286.00
1180008355.00,20140507T000000,380000.00,5.00,1.75,3000.00,6000.00,1.00,0.00,0.00,5.00,7.00,1500.00,1500.00,1958.00,0.00,98178.00,47.49,-122.23,2230.00,7125.00
2781600195.00,20141117T000000,285000.00,1.00,1.00,1060.00,54846.00,1.00,1.00,4.00,3.00,5.00,1060.00,0.00,1935.00,0.00,98070.00,47.47,-122.45,2258.00,31762.00
3342100995.00,20141022T000000,449000.00,4.00,2.50,1980.00,5400.00,2.00,0.00,0.00,3.00,8.00,1980.00,0.00,1998.00,0.00,98056.00,47.52,-122.21,1980.00,5400.00
2818600115.00,20140709T000000,625000.00,4.00,1.00,1600.00,5500.00,1.50,0.00,0.00,4.00,7.00,1600.00,0.00,1946.00,0.00,98117.00,47.70,-122.39,1900.00,5500.00
8732020720.00,20140521T000000,318989.00,4.00,2.25,2000.00,9000.00,1.00,0.00,0.00,4.00,8.00,2000.00,0.00,1978.00,0.00,98023.00,47.31,-122.39,2190.00,8374.00
1563100557.00,20141010T000000,445000.00,3.00,1.50,1310.00,1266.00,2.00,0.00,0.00,3.00,8.00,1120.00,190.00,2002.00,0.00,98116.00,47.57,-122.41,1310.00,1378.00
9533100145.00,20150205T000000,750000.00,3.00,1.00,1120.00,8549.00,1.00,0.00,0.00,3.00,7.00,1120.00,0.00,1952.00,0.00,98004.00,47.63,-122.21,1440.00,8640.00
3761700067.00,20150306T000000,959000.00,3.00,2.50,3320.00,11875.00,1.00,0.00,0.00,5.00,10.00,3320.00,0.00,1979.00,0.00,98034.00,47.72,-122.26,3730.00,11875.00
8029500360.00,20141202T000000,330000.00,3.00,2.50,2370.00,9102.00,2.00,0.00,0.00,3.00,9.00,2370.00,0.00,1990.00,0.00,98023.00,47.31,-122.39,2530.00,9883.00
7011201106.00,20150216T000000,425000.00,2.00,1.50,830.00,1241.00,2.00,0.00,0.00,3.00,7.00,830.00,0.00,2005.00,0.00,98119.00,47.64,-122.37,1610.00,2666.00
3235100110.00,20141202T000000,280000.00,3.00,1.00,940.00,7913.00,1.00,0.00,0.00,3.00,6.00,940.00,0.00,1948.00,0.00,98155.00,47.77,-122.32,940.00,7913.00
2623089141.00,20141023T000000,476500.00,4.00,2.50,2250.00,50155.00,2.00,0.00,0.00,3.00,8.00,2250.00,0.00,1998.00,0.00,98045.00,47.45,-121.76,2040.00,57857.00
1241500147.00,20140521T000000,556000.00,3.00,2.25,2020.00,3600.00,2.00,0.00,0.00,3.00,8.00,2020.00,0.00,1998.00,0.00,98033.00,47.67,-122.17,2070.00,3699.00
1524079188.00,20140729T000000,1862000.00,4.00,5.25,5240.00,320917.00,2.00,0.00,2.00,3.00,10.00,5240.00,0.00,2006.00,0.00,98024.00,47.56,-121.91,1930.00,68824.00
9262800208.00,20140919T000000,637000.00,4.00,3.50,4083.00,68377.00,2.00,0.00,0.00,3.00,10.00,4083.00,0.00,2005.00,0.00,98001.00,47.31,-122.26,2430.00,41382.00
1062100115.00,20141204T000000,405000.00,3.00,2.00,1450.00,6081.00,1.00,0.00,0.00,4.00,7.00,1450.00,0.00,1969.00,0.00,98155.00,47.75,-122.28,1880.00,6000.00
6381500265.00,20140627T000000,397000.00,5.00,1.00,1170.00,6757.00,1.00,0.00,0.00,4.00,6.00,800.00,370.00,1944.00,0.00,98125.00,47.73,-122.30,1590.00,6794.00
7203220300.00,20140724T000000,895990.00,4.00,2.75,3555.00,6565.00,2.00,0.00,0.00,3.00,9.00,3555.00,0.00,2014.00,0.00,98053.00,47.68,-122.02,3625.00,5637.00
4027701220.00,20140828T000000,259000.00,3.00,2.00,1610.00,14046.00,2.00,0.00,0.00,3.00,7.00,1610.00,0.00,1933.00,1988.00,98028.00,47.77,-122.26,2410.00,9000.00
114100758.00,20141022T000000,420000.00,2.00,1.00,960.00,112384.00,1.00,0.00,0.00,3.00,7.00,960.00,0.00,1955.00,0.00,98028.00,47.76,-122.23,1210.00,24875.00
9376301110.00,20140519T000000,518000.00,3.00,2.50,1680.00,2096.00,2.00,0.00,0.00,3.00,8.00,1380.00,300.00,2008.00,0.00,98117.00,47.69,-122.37,1360.00,2096.00
9371700085.00,20140722T000000,425000.00,3.00,1.75,1380.00,8182.00,1.00,0.00,0.00,5.00,7.00,1380.00,0.00,1942.00,0.00,98133.00,47.75,-122.35,1300.00,8188.00
2122049096.00,20140808T000000,182500.00,2.00,1.00,1040.00,13920.00,1.00,0.00,0.00,3.00,6.00,1040.00,0.00,1973.00,0.00,98198.00,47.38,-122.31,1100.00,7575.00
546000245.00,20140716T000000,549900.00,3.00,1.50,1380.00,3031.00,1.50,0.00,0.00,4.00,7.00,1380.00,0.00,1929.00,0.00,98117.00,47.69,-122.38,1440.00,4005.00
2783600210.00,20140916T000000,445000.00,3.00,1.75,1850.00,16863.00,1.00,0.00,0.00,4.00,7.00,1280.00,570.00,1980.00,0.00,98034.00,47.72,-122.23,1790.00,9000.00
5210200184.00,20140606T000000,452000.00,2.00,1.75,1740.00,5400.00,1.00,0.00,0.00,4.00,7.00,990.00,750.00,1946.00,0.00,98115.00,47.70,-122.28,1980.00,5400.00
2125049133.00,20141104T000000,715000.00,5.00,1.75,1920.00,6500.00,1.00,0.00,0.00,3.00,7.00,1260.00,660.00,1951.00,0.00,98112.00,47.64,-122.31,1970.00,5500.00
7940710100.00,20140911T000000,559000.00,3.00,2.50,2010.00,5200.00,2.00,0.00,0.00,3.00,8.00,2010.00,0.00,1989.00,0.00,98034.00,47.71,-122.20,1860.00,4400.00
6072800246.00,20140702T000000,3300000.00,5.00,6.25,8020.00,21738.00,2.00,0.00,0.00,3.00,11.00,8020.00,0.00,2001.00,0.00,98006.00,47.57,-122.19,4160.00,18969.00
5466700450.00,20141015T000000,250000.00,4.00,1.75,1860.00,7350.00,1.00,0.00,0.00,4.00,7.00,1090.00,770.00,1977.00,0.00,98031.00,47.40,-122.17,1710.00,7350.00
1425039029.00,20140923T000000,1230000.00,5.00,4.00,4390.00,6656.00,2.00,0.00,0.00,3.00,9.00,2930.00,1460.00,2008.00,0.00,98199.00,47.65,-122.40,1560.00,6656.00
422069067.00,20150512T000000,276500.00,4.00,2.25,2380.00,128937.00,1.00,0.00,0.00,4.00,7.00,2380.00,0.00,1960.00,0.00,98038.00,47.43,-122.04,1030.00,114998.00
2472920740.00,20141114T000000,440000.00,4.00,2.50,2880.00,7386.00,2.00,0.00,0.00,4.00,9.00,2880.00,0.00,1987.00,0.00,98058.00,47.44,-122.15,2420.00,7663.00
2338800100.00,20140508T000000,543200.00,6.00,2.25,2820.00,15600.00,1.50,0.00,2.00,5.00,7.00,1970.00,850.00,1940.00,0.00,98166.00,47.46,-122.36,2520.00,7797.00
3524039060.00,20140601T000000,250000.00,1.00,1.00,750.00,4000.00,1.00,0.00,0.00,3.00,6.00,750.00,0.00,1918.00,0.00,98136.00,47.52,-122.39,1770.00,4850.00
7539900040.00,20140728T000000,625000.00,4.00,2.50,1750.00,9000.00,1.00,0.00,0.00,3.00,8.00,1410.00,340.00,1977.00,2003.00,98052.00,47.64,-122.11,2120.00,9600.00
1646502055.00,20140613T000000,530100.00,3.00,1.00,1540.00,3399.00,1.50,0.00,0.00,3.00,7.00,1200.00,340.00,1926.00,0.00,98117.00,47.69,-122.36,1500.00,3914.00
1025049268.00,20140721T000000,549900.00,2.00,1.75,1140.00,936.00,2.00,0.00,0.00,3.00,8.00,940.00,200.00,2014.00,0.00,98105.00,47.66,-122.28,1160.00,1327.00
324059076.00,20150311T000000,430000.00,4.00,1.50,1560.00,6534.00,1.00,0.00,0.00,4.00,7.00,1560.00,0.00,1962.00,0.00,98007.00,47.60,-122.15,1560.00,6969.00
1853080730.00,20141210T000000,835000.00,3.00,2.50,2960.00,6856.00,2.00,0.00,0.00,3.00,10.00,2960.00,0.00,2009.00,0.00,98074.00,47.59,-122.06,3320.00,6856.00
6708200040.00,20140507T000000,409500.00,4.00,2.75,2140.00,13000.00,1.00,0.00,0.00,3.00,7.00,1320.00,820.00,1968.00,0.00,98028.00,47.77,-122.25,2360.00,11000.00
3438501452.00,20140520T000000,329000.00,4.00,2.50,1600.00,6765.00,1.00,0.00,0.00,3.00,7.00,830.00,770.00,1947.00,2011.00,98106.00,47.55,-122.37,1600.00,8942.00
9287802380.00,20140522T000000,940000.00,4.00,2.75,2080.00,4000.00,1.50,0.00,0.00,3.00,8.00,2080.00,0.00,1912.00,2000.00,98107.00,47.67,-122.36,1730.00,5000.00
2652501513.00,20140813T000000,539950.00,3.00,2.00,1560.00,3200.00,1.50,0.00,0.00,3.00,7.00,1560.00,0.00,1910.00,2007.00,98109.00,47.64,-122.36,1240.00,3600.00
2421059125.00,20150414T000000,579950.00,4.00,2.50,2880.00,213444.00,1.00,0.00,0.00,5.00,8.00,2140.00,740.00,1984.00,0.00,98092.00,47.29,-122.11,2810.00,213444.00
1250202990.00,20140611T000000,881000.00,5.00,3.00,2510.00,4125.00,1.50,0.00,3.00,5.00,8.00,1590.00,920.00,1925.00,0.00,98144.00,47.60,-122.29,2190.00,5415.00
6914700165.00,20140804T000000,362500.00,3.00,1.00,960.00,5424.00,1.50,0.00,0.00,3.00,6.00,960.00,0.00,1916.00,0.00,98115.00,47.70,-122.32,1550.00,5687.00
920069052.00,20150421T000000,243950.00,2.00,1.00,1120.00,35500.00,1.00,0.00,0.00,5.00,6.00,1120.00,0.00,1961.00,0.00,98022.00,47.24,-122.04,1680.00,66022.00
7853310590.00,20140529T000000,658000.00,4.00,2.75,3310.00,6166.00,2.00,0.00,0.00,3.00,9.00,3310.00,0.00,2008.00,0.00,98065.00,47.52,-121.88,3200.00,7027.00
1898600100.00,20141124T000000,218250.00,3.00,1.50,1080.00,9774.00,1.00,0.00,0.00,3.00,7.00,1080.00,0.00,1968.00,0.00,98023.00,47.32,-122.40,1190.00,9611.00
5611500100.00,20140522T000000,655000.00,4.00,2.50,2860.00,12394.00,2.00,0.00,0.00,3.00,10.00,2860.00,0.00,1999.00,0.00,98075.00,47.58,-122.03,3070.00,8515.00
1796370590.00,20150305T000000,255000.00,3.00,2.00,1490.00,7599.00,1.00,0.00,0.00,3.00,7.00,1490.00,0.00,1990.00,0.00,98042.00,47.37,-122.09,1560.00,7710.00
7831800110.00,20150115T000000,215000.00,3.00,1.00,1210.00,7175.00,1.00,0.00,0.00,3.00,7.00,1210.00,0.00,1918.00,0.00,98106.00,47.53,-122.36,1640.00,5850.00
4218400175.00,20150223T000000,1265000.00,3.00,1.75,2240.00,5657.00,1.50,0.00,2.00,4.00,8.00,1910.00,330.00,1941.00,0.00,98105.00,47.66,-122.27,2970.00,5657.00
5317100750.00,20140711T000000,2920000.00,4.00,4.75,4575.00,24085.00,2.50,0.00,2.00,5.00,10.00,3905.00,670.00,1926.00,0.00,98112.00,47.63,-122.28,3900.00,9687.00
3365900175.00,20150402T000000,424305.00,3.00,2.50,1600.00,5960.00,2.00,0.00,2.00,5.00,8.00,1600.00,0.00,1910.00,0.00,98168.00,47.48,-122.27,1410.00,13056.00
7649900175.00,20140520T000000,494000.00,4.00,1.75,2090.00,4300.00,1.50,0.00,0.00,4.00,7.00,1250.00,840.00,1925.00,0.00,98136.00,47.56,-122.40,1670.00,5000.00
8159600360.00,20140605T000000,560000.00,4.00,2.50,2260.00,3713.00,2.00,0.00,0.00,3.00,9.00,2260.00,0.00,2003.00,0.00,98034.00,47.72,-122.17,2260.00,3713.00
9272202260.00,20140924T000000,130000.00,3.00,1.00,1200.00,7000.00,2.00,0.00,0.00,1.00,7.00,1200.00,0.00,1908.00,0.00,98116.00,47.59,-122.38,3290.00,6000.00
2820069048.00,20150504T000000,468000.00,4.00,2.50,2480.00,176418.00,1.50,0.00,3.00,5.00,8.00,2480.00,0.00,1927.00,0.00,98022.00,47.19,-122.04,1640.00,112384.00
6744700343.00,20141209T000000,480000.00,5.00,3.00,2240.00,15435.00,1.00,0.00,1.00,5.00,7.00,1390.00,850.00,1952.00,0.00,98155.00,47.74,-122.29,2240.00,10750.00
925049318.00,20140811T000000,475000.00,3.00,1.75,1550.00,4054.00,1.50,0.00,0.00,4.00,7.00,1550.00,0.00,1926.00,0.00,98115.00,47.67,-122.30,1510.00,3889.00
6648700150.00,20150225T000000,285000.00,4.00,1.75,2130.00,8151.00,1.00,0.00,0.00,4.00,7.00,1330.00,800.00,1967.00,0.00,98031.00,47.39,-122.20,1600.00,8587.00
510001400.00,20140630T000000,765000.00,5.00,3.00,2870.00,5700.00,1.00,0.00,0.00,3.00,7.00,1950.00,920.00,1964.00,0.00,98103.00,47.66,-122.33,1730.00,5529.00
7606200090.00,20150327T000000,208000.00,2.00,1.00,1160.00,5750.00,1.00,0.00,0.00,4.00,6.00,1160.00,0.00,1924.00,0.00,98065.00,47.53,-121.83,1160.00,8250.00
8562890590.00,20141003T000000,372000.00,3.00,2.50,2430.00,5000.00,2.00,0.00,0.00,3.00,8.00,2430.00,0.00,2001.00,0.00,98042.00,47.38,-122.13,2910.00,5620.00
441000115.00,20141209T000000,470000.00,2.00,1.00,900.00,5512.00,1.00,0.00,0.00,3.00,7.00,900.00,0.00,1947.00,0.00,98115.00,47.69,-122.29,1270.00,5512.00
3876200330.00,20140626T000000,451000.00,5.00,2.75,2830.00,8925.00,1.50,0.00,0.00,3.00,7.00,2830.00,0.00,1967.00,0.00,98034.00,47.73,-122.18,1700.00,8539.00
1508210100.00,20140827T000000,442200.00,4.00,1.75,1620.00,8132.00,1.00,0.00,0.00,3.00,8.00,1620.00,0.00,1974.00,0.00,98052.00,47.68,-122.11,1920.00,8400.00
2944500330.00,20140825T000000,330000.00,4.00,2.50,2510.00,8580.00,2.00,0.00,0.00,4.00,8.00,2510.00,0.00,1991.00,2012.00,98023.00,47.30,-122.37,2290.00,7809.00
4302200625.00,20140924T000000,335000.00,3.00,1.75,1790.00,5120.00,1.00,0.00,0.00,4.00,6.00,940.00,850.00,1949.00,0.00,98106.00,47.53,-122.36,1160.00,5120.00
2722049246.00,20141114T000000,280000.00,3.00,2.00,1640.00,13249.00,1.00,0.00,0.00,3.00,7.00,1640.00,0.00,1995.00,0.00,98032.00,47.36,-122.28,1640.00,9240.00
142000175.00,20140822T000000,625000.00,3.00,1.75,2240.00,6050.00,1.00,0.00,0.00,4.00,8.00,1250.00,990.00,1950.00,0.00,98116.00,47.57,-122.40,1720.00,6050.00
9558041130.00,20140903T000000,345000.00,3.00,2.50,1870.00,3584.00,2.00,0.00,0.00,3.00,8.00,1870.00,0.00,2003.00,0.00,98058.00,47.45,-122.12,1900.00,3920.00
5112800210.00,20141024T000000,255950.00,4.00,1.00,1500.00,11050.00,1.00,0.00,0.00,5.00,7.00,1500.00,0.00,1964.00,0.00,98058.00,47.45,-122.09,1970.00,20800.00
2461900850.00,20150105T000000,570000.00,4.00,1.00,1490.00,6000.00,1.50,0.00,0.00,3.00,7.00,1490.00,0.00,1918.00,0.00,98136.00,47.55,-122.39,1700.00,6000.00
647100096.00,20150331T000000,685000.00,3.00,1.50,2230.00,8558.00,2.00,0.00,0.00,3.00,8.00,2230.00,0.00,1960.00,0.00,98040.00,47.58,-122.22,2200.00,8558.00
2787311110.00,20140902T000000,273148.00,3.00,1.75,1710.00,7210.00,1.00,0.00,0.00,4.00,7.00,1240.00,470.00,1974.00,0.00,98031.00,47.41,-122.18,1840.00,7245.00
1545801500.00,20140625T000000,246500.00,3.00,2.50,1620.00,7686.00,2.00,0.00,0.00,3.00,7.00,1620.00,0.00,1989.00,0.00,98038.00,47.36,-122.05,1370.00,7686.00
3811300110.00,20150406T000000,349950.00,5.00,2.50,2250.00,7176.00,1.00,0.00,0.00,3.00,7.00,1310.00,940.00,1983.00,0.00,98055.00,47.45,-122.19,1550.00,9081.00
7519001321.00,20150210T000000,545000.00,4.00,2.00,1700.00,2350.00,1.00,0.00,0.00,3.00,6.00,850.00,850.00,1926.00,2014.00,98117.00,47.69,-122.37,1600.00,4160.00
8641500252.00,20150227T000000,403000.00,3.00,2.50,1502.00,1400.00,3.00,0.00,0.00,3.00,7.00,1502.00,0.00,2005.00,0.00,98115.00,47.70,-122.31,1377.00,1466.00
8562891240.00,20150211T000000,299950.00,4.00,2.50,1900.00,4054.00,2.00,0.00,0.00,3.00,7.00,1900.00,0.00,2003.00,0.00,98042.00,47.38,-122.12,2520.00,4085.00
8644210110.00,20150501T000000,792000.00,3.00,2.50,3320.00,12840.00,1.00,0.00,0.00,3.00,10.00,2600.00,720.00,1990.00,0.00,98075.00,47.58,-121.99,3230.00,14933.00
8024202380.00,20141002T000000,418000.00,5.00,2.50,1980.00,10205.00,1.00,0.00,0.00,4.00,7.00,1080.00,900.00,1929.00,0.00,98115.00,47.70,-122.31,1310.00,5413.00
5006000035.00,20150427T000000,332500.00,4.00,1.00,1670.00,8102.00,1.50,0.00,0.00,3.00,6.00,1670.00,0.00,1944.00,0.00,98166.00,47.47,-122.36,1310.00,7906.00
421069081.00,20150127T000000,337000.00,3.00,2.50,2235.00,43560.00,1.00,0.00,0.00,5.00,7.00,990.00,1245.00,1975.00,0.00,98010.00,47.33,-122.05,1460.00,29621.00
5053300015.00,20150121T000000,212000.00,2.00,1.00,1070.00,7386.00,1.00,0.00,0.00,3.00,6.00,1070.00,0.00,1949.00,0.00,98108.00,47.54,-122.30,1330.00,6351.00
8857320120.00,20150310T000000,542000.00,2.00,2.25,1800.00,2819.00,2.00,0.00,2.00,4.00,9.00,1800.00,0.00,1979.00,0.00,98008.00,47.61,-122.11,1800.00,2755.00
7852110690.00,20140522T000000,622500.00,4.00,2.50,2980.00,8107.00,2.00,0.00,0.00,3.00,9.00,2980.00,0.00,2000.00,0.00,98065.00,47.54,-121.88,2750.00,7760.00
6084600330.00,20140829T000000,260000.00,3.00,1.75,1670.00,8511.00,1.00,0.00,0.00,3.00,7.00,1340.00,330.00,1985.00,0.00,98001.00,47.33,-122.28,1580.00,7218.00
5561000330.00,20150505T000000,525000.00,3.00,1.75,2620.00,38350.00,1.00,0.00,0.00,4.00,8.00,1320.00,1300.00,1977.00,0.00,98027.00,47.46,-121.99,2170.00,36962.00
2225059273.00,20141114T000000,975000.00,5.00,3.50,5470.00,35071.00,2.00,0.00,0.00,3.00,11.00,4590.00,880.00,1976.00,0.00,98005.00,47.64,-122.16,3600.00,35074.00
1370803445.00,20140909T000000,1140000.00,4.00,1.75,3080.00,6500.00,1.00,0.00,0.00,4.00,9.00,1700.00,1380.00,1941.00,0.00,98199.00,47.64,-122.40,2960.00,5711.00
1236300268.00,20150303T000000,500000.00,3.00,1.00,940.00,10360.00,1.00,0.00,0.00,4.00,7.00,940.00,0.00,1964.00,0.00,98033.00,47.69,-122.19,2019.00,10360.00
7752700110.00,20140618T000000,554000.00,5.00,2.25,1870.00,11411.00,1.00,0.00,0.00,4.00,8.00,1170.00,700.00,1961.00,0.00,98155.00,47.74,-122.29,2420.00,10793.00
2781250230.00,20140605T000000,343000.00,4.00,2.50,2070.00,4500.00,2.00,0.00,0.00,3.00,7.00,2070.00,0.00,2004.00,0.00,98038.00,47.35,-122.03,2760.00,5173.00
4027701055.00,20150424T000000,515000.00,2.00,1.75,950.00,15219.00,1.00,0.00,0.00,3.00,8.00,950.00,0.00,2009.00,0.00,98028.00,47.77,-122.26,1560.00,12416.00
2755200040.00,20140712T000000,492000.00,2.00,1.00,1290.00,6272.00,1.00,0.00,0.00,4.00,6.00,890.00,400.00,1922.00,0.00,98115.00,47.68,-122.31,1260.00,5376.00
2193320450.00,20150213T000000,655000.00,4.00,3.00,2570.00,8022.00,1.00,0.00,0.00,4.00,8.00,1370.00,1200.00,1984.00,0.00,98052.00,47.70,-122.10,2090.00,8022.00
2895550330.00,20150506T000000,290000.00,3.00,2.50,1600.00,6848.00,2.00,0.00,0.00,3.00,7.00,1600.00,0.00,2000.00,0.00,98001.00,47.33,-122.27,1700.00,7210.00
8712100790.00,20140701T000000,952500.00,4.00,1.50,2550.00,5055.00,2.00,0.00,0.00,4.00,10.00,2550.00,0.00,1910.00,0.00,98112.00,47.64,-122.30,1970.00,4431.00
7883603700.00,20140822T000000,235000.00,2.00,1.00,1010.00,7500.00,1.00,0.00,0.00,3.00,7.00,1010.00,0.00,1941.00,0.00,98108.00,47.53,-122.32,1220.00,6000.00
3438502731.00,20150401T000000,323000.00,3.00,1.50,1720.00,7110.00,1.00,0.00,0.00,3.00,8.00,1720.00,0.00,1955.00,0.00,98106.00,47.54,-122.36,1730.00,6840.00
2025049161.00,20140506T000000,1050000.00,3.00,2.50,2200.00,1970.00,2.00,0.00,0.00,3.00,9.00,1610.00,590.00,2008.00,0.00,98102.00,47.64,-122.33,1890.00,3505.00
1222029077.00,20141029T000000,265000.00,0.00,0.75,384.00,213444.00,1.00,0.00,0.00,3.00,4.00,384.00,0.00,2003.00,0.00,98070.00,47.42,-122.49,1920.00,224341.00
5706500385.00,20150129T000000,200000.00,2.00,1.00,1400.00,9600.00,1.50,0.00,0.00,4.00,6.00,1400.00,0.00,1941.00,0.00,98022.00,47.21,-121.99,1230.00,9600.00
4024101254.00,20141204T000000,419995.00,3.00,2.25,1830.00,7500.00,1.00,0.00,0.00,4.00,7.00,1330.00,500.00,1968.00,0.00,98155.00,47.76,-122.31,1830.00,8720.00
7923250090.00,20150310T000000,1500000.00,3.00,3.00,3110.00,9015.00,1.00,0.00,4.00,4.00,10.00,1590.00,1520.00,1980.00,0.00,98033.00,47.66,-122.20,3150.00,11447.00
6675500082.00,20140812T000000,455000.00,3.00,2.50,1600.00,7829.00,2.00,0.00,0.00,3.00,7.00,1600.00,0.00,1987.00,0.00,98034.00,47.73,-122.23,1580.00,9104.00
4046710180.00,20150325T000000,660000.00,3.00,3.50,3600.00,37982.00,2.00,0.00,0.00,4.00,8.00,3600.00,0.00,1996.00,0.00,98014.00,47.70,-121.92,2050.00,18019.00
1771000760.00,20140513T000000,319000.00,3.00,1.00,1390.00,12823.00,1.00,0.00,0.00,4.00,7.00,1390.00,0.00,1968.00,0.00,98077.00,47.74,-122.08,1390.00,10095.00
3421069044.00,20141223T000000,390000.00,3.00,1.75,2092.00,250905.00,1.00,0.00,0.00,3.00,7.00,2092.00,0.00,1981.00,0.00,98022.00,47.27,-122.03,2092.00,217800.00
6600000330.00,20140627T000000,718500.00,3.00,1.50,1200.00,6240.00,1.00,0.00,0.00,3.00,8.00,1030.00,170.00,1952.00,0.00,98112.00,47.62,-122.29,2810.00,6240.00
2041000025.00,20141203T000000,474000.00,2.00,1.00,1090.00,3160.00,1.00,0.00,0.00,3.00,7.00,840.00,250.00,1926.00,0.00,98109.00,47.64,-122.34,1070.00,3160.00
2215500230.00,20140825T000000,615750.00,4.00,2.00,2140.00,6360.00,2.00,0.00,0.00,3.00,7.00,1840.00,300.00,1945.00,0.00,98115.00,47.69,-122.29,1690.00,6360.00
6639900176.00,20141114T000000,551000.00,3.00,2.50,2010.00,17362.00,2.00,0.00,0.00,3.00,8.00,2010.00,0.00,1994.00,0.00,98033.00,47.69,-122.18,1920.00,7200.00
104510180.00,20150211T000000,230000.00,3.00,2.25,1500.00,7210.00,1.00,0.00,0.00,3.00,7.00,1150.00,350.00,1984.00,0.00,98023.00,47.31,-122.35,1500.00,7210.00
7202360760.00,20140711T000000,790000.00,4.00,2.50,3500.00,9198.00,2.00,0.00,0.00,3.00,9.00,3500.00,0.00,2004.00,0.00,98053.00,47.68,-122.03,3990.00,8598.00
3879901285.00,20150326T000000,1230000.00,3.00,2.50,2660.00,1967.00,3.00,0.00,3.00,3.00,9.00,1870.00,790.00,2007.00,0.00,98119.00,47.63,-122.36,1640.00,1369.00
1559900110.00,20141223T000000,325000.00,3.00,2.25,1440.00,6443.00,2.00,0.00,0.00,3.00,7.00,1440.00,0.00,1995.00,0.00,98019.00,47.75,-121.98,1700.00,6749.00
7202260040.00,20140801T000000,705000.00,4.00,2.75,2780.00,6207.00,2.00,0.00,0.00,3.00,8.00,2780.00,0.00,2001.00,0.00,98053.00,47.69,-122.04,2660.00,5592.00
7334600730.00,20141211T000000,259000.00,4.00,1.75,1580.00,8856.00,2.00,0.00,0.00,3.00,7.00,1580.00,0.00,1979.00,0.00,98045.00,47.47,-121.75,1390.00,9490.00
1723049419.00,20141204T000000,306000.00,3.00,1.50,1250.00,8700.00,1.00,0.00,0.00,4.00,7.00,1250.00,0.00,1959.00,0.00,98168.00,47.47,-122.33,1300.00,8700.00
3438501081.00,20141215T000000,315000.00,3.00,1.00,970.00,6828.00,1.00,0.00,0.00,3.00,6.00,970.00,0.00,1928.00,0.00,98106.00,47.55,-122.36,1160.00,11666.00
2916200054.00,20150413T000000,392500.00,3.00,1.00,1100.00,7650.00,1.00,0.00,0.00,3.00,7.00,1100.00,0.00,1952.00,0.00,98133.00,47.72,-122.35,1430.00,7650.00
3024059149.00,20141112T000000,1065000.00,4.00,2.25,3240.00,12930.00,2.00,0.00,0.00,4.00,9.00,2730.00,510.00,1968.00,0.00,98040.00,47.54,-122.22,2610.00,12884.00
1862400528.00,20140716T000000,350500.00,2.00,2.50,1290.00,1445.00,3.00,0.00,0.00,3.00,8.00,1290.00,0.00,1999.00,0.00,98117.00,47.70,-122.38,1470.00,1503.00
6329000385.00,20140618T000000,825000.00,4.00,3.50,3810.00,9792.00,2.00,0.00,0.00,3.00,9.00,3810.00,0.00,1938.00,2013.00,98146.00,47.50,-122.38,1950.00,9792.00
7812800215.00,20140808T000000,235000.00,4.00,1.00,1500.00,6360.00,1.50,0.00,0.00,3.00,6.00,1500.00,0.00,1944.00,0.00,98178.00,47.50,-122.24,1190.00,6360.00
2324079057.00,20150302T000000,650000.00,3.00,2.00,2660.00,257875.00,1.00,0.00,2.00,4.00,8.00,1530.00,1130.00,1976.00,0.00,98024.00,47.55,-121.89,1710.00,64033.00
1982201485.00,20140512T000000,675000.00,4.00,3.00,2400.00,3340.00,1.00,0.00,0.00,4.00,7.00,1200.00,1200.00,1964.00,0.00,98107.00,47.66,-122.37,1520.00,3758.00
740500040.00,20141001T000000,265000.00,4.00,1.00,1860.00,8505.00,1.00,0.00,0.00,4.00,7.00,1860.00,0.00,1955.00,0.00,98055.00,47.44,-122.19,1560.00,8505.00
3025049052.00,20140812T000000,822500.00,2.00,1.00,1450.00,7098.00,1.00,0.00,4.00,3.00,7.00,1450.00,0.00,1924.00,0.00,98109.00,47.63,-122.35,2390.00,6098.00
5244801255.00,20150428T000000,705000.00,3.00,2.75,2260.00,4000.00,2.00,0.00,0.00,4.00,8.00,1540.00,720.00,1956.00,0.00,98109.00,47.64,-122.35,2120.00,4000.00
2397101606.00,20141208T000000,2630000.00,6.00,4.75,5540.00,7200.00,2.50,0.00,2.00,4.00,11.00,3950.00,1590.00,1909.00,0.00,98119.00,47.64,-122.37,2930.00,7200.00
7234601445.00,20140623T000000,685000.00,2.00,1.50,1300.00,1676.00,1.00,0.00,2.00,3.00,7.00,1300.00,0.00,1943.00,0.00,98122.00,47.61,-122.31,1260.00,1740.00
3693901105.00,20141020T000000,630000.00,4.00,2.00,1610.00,5000.00,2.00,0.00,0.00,5.00,7.00,1610.00,0.00,1946.00,0.00,98117.00,47.68,-122.40,1300.00,4950.00
3124059006.00,20140508T000000,1250000.00,4.00,3.25,3820.00,24166.00,2.00,0.00,1.00,4.00,11.00,3310.00,510.00,1990.00,0.00,98040.00,47.53,-122.23,2900.00,18786.00
2523039310.00,20150112T000000,359000.00,4.00,2.50,1820.00,11325.00,1.00,0.00,0.00,3.00,8.00,1390.00,430.00,1976.00,0.00,98166.00,47.46,-122.36,1990.00,10802.00
5469650040.00,20150316T000000,784500.00,4.00,5.00,5820.00,13906.00,2.00,0.00,0.00,3.00,11.00,3750.00,2070.00,1993.00,0.00,98042.00,47.38,-122.16,2980.00,13000.00
5021900945.00,20140703T000000,850000.00,3.00,2.00,2470.00,8800.00,2.00,0.00,0.00,3.00,9.00,2470.00,0.00,1961.00,2004.00,98040.00,47.58,-122.22,2340.00,10980.00
1152700220.00,20140903T000000,410000.00,3.00,2.50,3040.00,6054.00,2.00,0.00,0.00,3.00,9.00,3040.00,0.00,2005.00,0.00,98042.00,47.35,-122.16,2650.00,6054.00
1423900220.00,20140709T000000,252000.00,4.00,1.75,1120.00,8250.00,1.00,0.00,0.00,4.00,7.00,1120.00,0.00,1966.00,0.00,98058.00,47.46,-122.18,1330.00,7975.00
3425059066.00,20140812T000000,618000.00,5.00,1.75,1880.00,18295.00,1.00,0.00,0.00,4.00,7.00,1880.00,0.00,1955.00,0.00,98005.00,47.61,-122.15,2180.00,20674.00
5347200165.00,20141002T000000,265000.00,3.00,1.00,1070.00,4800.00,1.00,0.00,0.00,3.00,6.00,970.00,100.00,1947.00,0.00,98126.00,47.52,-122.38,1120.00,1198.00
5145100300.00,20140918T000000,465000.00,3.00,2.00,1560.00,8509.00,1.00,0.00,0.00,3.00,8.00,790.00,770.00,1969.00,0.00,98034.00,47.73,-122.22,1410.00,7428.00
6141100395.00,20150204T000000,240000.00,2.00,1.00,870.00,6552.00,1.00,0.00,0.00,3.00,6.00,870.00,0.00,1947.00,0.00,98133.00,47.72,-122.35,1500.00,6678.00
5153200506.00,20140731T000000,217000.00,3.00,1.00,1000.00,12000.00,1.00,0.00,0.00,3.00,7.00,1000.00,0.00,1959.00,0.00,98023.00,47.33,-122.35,1490.00,14940.00
9122000385.00,20140806T000000,415000.00,4.00,2.25,2520.00,4200.00,1.50,0.00,0.00,4.00,7.00,1510.00,1010.00,1909.00,0.00,98144.00,47.58,-122.31,1460.00,4200.00
3279000120.00,20141222T000000,274000.00,2.00,2.00,1700.00,7992.00,1.00,0.00,0.00,4.00,7.00,950.00,750.00,1980.00,0.00,98023.00,47.30,-122.39,1700.00,8030.00
3438503223.00,20150223T000000,420000.00,5.00,3.00,2150.00,6117.00,1.00,0.00,0.00,3.00,7.00,1370.00,780.00,2003.00,0.00,98106.00,47.54,-122.36,1990.00,6064.00
6788201240.00,20150318T000000,1062500.00,4.00,2.75,1590.00,6000.00,1.50,0.00,0.00,4.00,8.00,1590.00,0.00,1925.00,0.00,98112.00,47.64,-122.30,1590.00,4000.00
4139900120.00,20140605T000000,1415000.00,4.00,5.25,4670.00,43950.00,2.00,0.00,0.00,3.00,12.00,4670.00,0.00,1989.00,0.00,98006.00,47.55,-122.13,4900.00,35000.00
1868900775.00,20140505T000000,618500.00,3.00,2.00,1800.00,5000.00,1.00,0.00,0.00,4.00,7.00,1080.00,720.00,1942.00,0.00,98115.00,47.67,-122.30,1800.00,5000.00
764000180.00,20150109T000000,295000.00,3.00,1.50,1670.00,10800.00,1.00,0.00,0.00,4.00,8.00,1670.00,0.00,1956.00,0.00,98022.00,47.20,-122.00,1670.00,9169.00
3578400910.00,20150316T000000,400000.00,3.00,2.00,1010.00,12252.00,1.00,0.00,0.00,3.00,8.00,1010.00,0.00,1980.00,0.00,98074.00,47.62,-122.05,1840.00,11497.00
5631500191.00,20150326T000000,595000.00,3.00,2.50,2550.00,6677.00,2.00,0.00,0.00,3.00,8.00,2550.00,0.00,2002.00,0.00,98028.00,47.73,-122.23,1930.00,7217.00
6448000100.00,20140617T000000,1728000.00,4.00,3.00,3700.00,20570.00,1.00,0.00,0.00,4.00,10.00,1850.00,1850.00,1976.00,0.00,98004.00,47.62,-122.22,3080.00,17595.00
1545801340.00,20141231T000000,261000.00,3.00,1.75,1350.00,7686.00,1.00,0.00,0.00,3.00,7.00,1350.00,0.00,1987.00,0.00,98038.00,47.36,-122.05,1370.00,7686.00
5244800915.00,20141016T000000,780000.00,5.00,2.50,1660.00,4000.00,1.50,0.00,0.00,5.00,8.00,1660.00,0.00,1929.00,0.00,98109.00,47.65,-122.35,1210.00,4000.00
4217400590.00,20141118T000000,589000.00,3.00,1.50,1390.00,5040.00,1.00,0.00,0.00,3.00,7.00,1090.00,300.00,1947.00,0.00,98105.00,47.66,-122.28,1910.00,4800.00
1683600110.00,20150305T000000,230000.00,3.00,1.75,1720.00,9125.00,1.00,0.00,0.00,4.00,7.00,1140.00,580.00,1981.00,0.00,98092.00,47.32,-122.18,1120.00,7506.00
3630090110.00,20141018T000000,690000.00,4.00,3.50,2980.00,2147.00,2.50,0.00,0.00,3.00,10.00,2490.00,490.00,2006.00,0.00,98029.00,47.55,-122.00,2880.00,2428.00
1785400210.00,20150129T000000,524000.00,4.00,2.25,2190.00,15491.00,2.00,0.00,0.00,3.00,8.00,2190.00,0.00,1981.00,0.00,98074.00,47.63,-122.04,2090.00,15039.00
3319500317.00,20140522T000000,380000.00,2.00,2.50,1230.00,987.00,2.00,0.00,0.00,3.00,7.00,1060.00,170.00,2011.00,0.00,98144.00,47.60,-122.31,1290.00,1328.00
2492200256.00,20141112T000000,357500.00,3.00,1.00,1000.00,4080.00,1.00,0.00,0.00,4.00,7.00,740.00,260.00,1945.00,0.00,98126.00,47.54,-122.38,1480.00,4080.00
3797300110.00,20141027T000000,330000.00,3.00,2.00,2500.00,10697.00,1.00,0.00,0.00,3.00,8.00,2500.00,0.00,1994.00,0.00,98022.00,47.19,-122.01,2560.00,9772.00
1870400615.00,20150309T000000,635000.00,5.00,1.75,2240.00,4750.00,1.00,0.00,0.00,4.00,7.00,1120.00,1120.00,1920.00,0.00,98115.00,47.67,-122.29,1980.00,4750.00
8823901445.00,20150313T000000,934000.00,9.00,3.00,2820.00,4480.00,2.00,0.00,0.00,3.00,7.00,1880.00,940.00,1918.00,0.00,98105.00,47.67,-122.31,2460.00,4400.00
3630000150.00,20150128T000000,358500.00,2.00,1.75,1400.00,865.00,2.00,0.00,0.00,3.00,8.00,1110.00,290.00,2005.00,0.00,98029.00,47.55,-122.00,1380.00,1107.00
5727500301.00,20141006T000000,401000.00,3.00,1.50,1470.00,6867.00,1.00,0.00,0.00,3.00,8.00,1470.00,0.00,1955.00,0.00,98155.00,47.75,-122.33,1470.00,6523.00
4167960330.00,20150109T000000,270000.00,3.00,2.00,1820.00,7750.00,1.00,0.00,0.00,3.00,8.00,1820.00,0.00,1992.00,0.00,98023.00,47.32,-122.35,2080.00,8084.00
2484700155.00,20141014T000000,705000.00,4.00,2.00,2060.00,6000.00,1.00,0.00,1.00,4.00,8.00,1370.00,690.00,1954.00,0.00,98136.00,47.52,-122.38,2060.00,6600.00
4046700300.00,20141030T000000,325000.00,3.00,2.00,1670.00,17071.00,1.00,0.00,0.00,3.00,7.00,1100.00,570.00,1988.00,0.00,98014.00,47.69,-121.91,1660.00,15593.00
4365200865.00,20140902T000000,384950.00,3.00,1.00,1540.00,7740.00,1.00,0.00,0.00,4.00,7.00,1540.00,0.00,1909.00,0.00,98126.00,47.52,-122.38,1220.00,7740.00
6713700205.00,20140715T000000,310000.00,3.00,1.00,1210.00,9730.00,1.00,0.00,0.00,4.00,7.00,1210.00,0.00,1953.00,0.00,98133.00,47.76,-122.36,1470.00,9730.00
293800900.00,20141006T000000,829950.00,4.00,2.50,3430.00,42775.00,2.00,0.00,0.00,3.00,10.00,3430.00,0.00,1992.00,0.00,98077.00,47.77,-122.05,3190.00,36820.00
3375800220.00,20150330T000000,353000.00,3.00,2.50,2550.00,6021.00,2.00,0.00,0.00,3.00,7.00,2550.00,0.00,2002.00,0.00,98030.00,47.38,-122.21,2080.00,6021.00
8898700820.00,20140707T000000,170500.00,2.00,1.00,1060.00,7700.00,1.00,0.00,0.00,3.00,7.00,820.00,240.00,1981.00,0.00,98055.00,47.46,-122.21,1370.00,8833.00
2725069156.00,20140716T000000,885250.00,4.00,2.50,3670.00,49658.00,2.00,0.00,0.00,3.00,10.00,3670.00,0.00,1999.00,0.00,98074.00,47.62,-122.02,3040.00,49658.00
8043700300.00,20140608T000000,2700000.00,4.00,3.25,4420.00,7850.00,2.00,1.00,4.00,3.00,11.00,3150.00,1270.00,2001.00,0.00,98008.00,47.57,-122.10,2760.00,8525.00
2372800100.00,20140925T000000,245000.00,3.00,1.50,1550.00,9126.00,1.00,0.00,0.00,5.00,7.00,1550.00,0.00,1957.00,0.00,98022.00,47.20,-122.00,1450.00,9282.00
7518501822.00,20141017T000000,469000.00,3.00,2.50,1190.00,1290.00,3.00,0.00,0.00,3.00,8.00,1190.00,0.00,2008.00,0.00,98107.00,47.68,-122.38,1410.00,1923.00
1928300620.00,20140608T000000,455000.00,3.00,1.00,1300.00,3550.00,1.50,0.00,0.00,3.00,7.00,1300.00,0.00,1927.00,0.00,98105.00,47.67,-122.32,1410.00,4080.00
1402950100.00,20141121T000000,305000.00,4.00,2.50,2430.00,5959.00,2.00,0.00,0.00,3.00,8.00,2430.00,0.00,2002.00,0.00,98092.00,47.33,-122.19,2100.00,5414.00
2616800600.00,20140530T000000,840000.00,7.00,4.50,4290.00,37607.00,1.50,0.00,0.00,5.00,10.00,4290.00,0.00,1982.00,0.00,98027.00,47.48,-122.03,2810.00,40510.00
2597530760.00,20140623T000000,905000.00,5.00,3.50,3500.00,10155.00,2.00,0.00,0.00,3.00,10.00,2570.00,930.00,1996.00,0.00,98006.00,47.54,-122.13,2940.00,10753.00
7345200650.00,20141231T000000,219200.00,3.00,2.00,1680.00,7000.00,1.50,0.00,0.00,4.00,7.00,1680.00,0.00,1968.00,0.00,98002.00,47.28,-122.20,1540.00,7480.00
259800750.00,20150223T000000,455000.00,3.00,1.50,1250.00,8004.00,1.00,0.00,0.00,3.00,7.00,1250.00,0.00,1965.00,0.00,98008.00,47.63,-122.12,1450.00,7931.00
723049197.00,20140627T000000,195000.00,2.00,1.00,1020.00,8100.00,1.00,0.00,0.00,3.00,6.00,1020.00,0.00,1940.00,0.00,98168.00,47.50,-122.33,1200.00,12500.00
2883200775.00,20141113T000000,799000.00,3.00,1.00,1510.00,4178.00,2.00,0.00,0.00,3.00,8.00,1510.00,0.00,1902.00,1979.00,98103.00,47.68,-122.34,2140.00,4916.00
3995700245.00,20140627T000000,285000.00,2.00,1.00,910.00,8155.00,1.00,0.00,0.00,4.00,6.00,910.00,0.00,1948.00,0.00,98155.00,47.74,-122.30,1240.00,8155.00
1775900220.00,20140922T000000,300000.00,3.00,1.50,1320.00,15053.00,1.00,0.00,0.00,3.00,7.00,1320.00,0.00,1979.00,0.00,98072.00,47.74,-122.10,1250.00,13368.00
7999600180.00,20140529T000000,83000.00,2.00,1.00,900.00,8580.00,1.00,0.00,0.00,3.00,5.00,900.00,0.00,1918.00,0.00,98168.00,47.47,-122.27,2060.00,6533.00
6145601745.00,20150414T000000,220000.00,2.00,1.00,890.00,4804.00,1.00,0.00,0.00,4.00,7.00,890.00,0.00,1928.00,0.00,98133.00,47.70,-122.35,1010.00,3844.00
818500100.00,20140603T000000,174500.00,2.00,2.50,1240.00,2689.00,2.00,0.00,0.00,3.00,7.00,1240.00,0.00,1986.00,0.00,98003.00,47.32,-122.32,1430.00,3609.00
3904920730.00,20150427T000000,695000.00,4.00,2.50,2960.00,10760.00,2.00,0.00,0.00,3.00,9.00,2960.00,0.00,1987.00,0.00,98029.00,47.57,-122.01,2480.00,9528.00
3211000040.00,20141204T000000,255000.00,3.00,1.50,1020.00,11410.00,1.00,0.00,0.00,3.00,7.00,1020.00,0.00,1959.00,0.00,98059.00,47.48,-122.16,1290.00,8400.00
9557300040.00,20150225T000000,539000.00,5.00,2.25,2590.00,7245.00,1.00,0.00,0.00,3.00,8.00,1510.00,1080.00,1973.00,0.00,98008.00,47.64,-122.11,1930.00,7245.00
7011201482.00,20150317T000000,552700.00,2.00,1.00,1100.00,2800.00,1.00,0.00,0.00,3.00,7.00,1100.00,0.00,1925.00,0.00,98119.00,47.64,-122.37,1110.00,1673.00
5315100667.00,20140603T000000,571500.00,3.00,1.00,1300.00,6710.00,1.00,0.00,0.00,4.00,6.00,1300.00,0.00,1952.00,0.00,98040.00,47.59,-122.24,1630.00,9946.00
8598900157.00,20150313T000000,263700.00,3.00,1.00,1200.00,6561.00,1.00,0.00,0.00,3.00,6.00,1200.00,0.00,1950.00,1968.00,98177.00,47.78,-122.36,1340.00,9450.00
1346300150.00,20141020T000000,3300000.00,8.00,4.00,7710.00,11750.00,3.50,0.00,0.00,5.00,12.00,6090.00,1620.00,1904.00,0.00,98112.00,47.63,-122.31,4210.00,8325.00
9268710220.00,20140528T000000,186950.00,2.00,2.00,1390.00,1302.00,2.00,0.00,0.00,3.00,7.00,1390.00,0.00,1986.00,0.00,98003.00,47.31,-122.33,1390.00,1302.00
2224079086.00,20141110T000000,520000.00,3.00,1.75,1430.00,53628.00,2.00,0.00,0.00,3.00,8.00,1430.00,0.00,1985.00,0.00,98024.00,47.56,-121.89,2100.00,53628.00
1761600150.00,20140730T000000,358000.00,3.00,1.50,1250.00,7194.00,1.00,0.00,0.00,4.00,7.00,1250.00,0.00,1969.00,0.00,98034.00,47.73,-122.23,1340.00,7242.00
2123049086.00,20140807T000000,210000.00,2.00,0.75,840.00,49658.00,1.00,0.00,0.00,2.00,6.00,840.00,0.00,1948.00,0.00,98168.00,47.47,-122.29,1240.00,11000.00
4389201095.00,20150511T000000,3650000.00,5.00,3.75,5020.00,8694.00,2.00,0.00,1.00,3.00,12.00,3970.00,1050.00,2007.00,0.00,98004.00,47.61,-122.21,4190.00,11275.00
2802200100.00,20140811T000000,543000.00,4.00,2.25,2060.00,8767.00,2.00,0.00,0.00,3.00,8.00,2060.00,0.00,1983.00,0.00,98052.00,47.72,-122.10,1610.00,8062.00
6706000040.00,20150423T000000,330000.00,4.00,2.25,2000.00,10679.00,1.00,0.00,0.00,3.00,7.00,1350.00,650.00,1960.00,0.00,98148.00,47.42,-122.33,1650.00,8875.00
9828701690.00,20140806T000000,529000.00,3.00,2.00,1530.00,3400.00,1.00,0.00,0.00,3.00,7.00,990.00,540.00,1907.00,2014.00,98112.00,47.62,-122.30,1880.00,4212.00
7891600165.00,20140627T000000,295000.00,1.00,1.00,700.00,2500.00,1.00,0.00,0.00,4.00,7.00,700.00,0.00,1907.00,0.00,98106.00,47.57,-122.36,1340.00,5000.00
1238500978.00,20140922T000000,365000.00,3.00,1.00,950.00,8450.00,1.00,0.00,0.00,3.00,7.00,950.00,0.00,1962.00,0.00,98033.00,47.69,-122.19,1610.00,10080.00
8673400141.00,20141015T000000,473000.00,3.00,3.00,1380.00,1081.00,3.00,0.00,0.00,3.00,8.00,1380.00,0.00,2005.00,0.00,98107.00,47.67,-122.39,1390.00,1140.00
9421500150.00,20140623T000000,403500.00,3.00,1.00,1830.00,8004.00,1.00,0.00,0.00,3.00,8.00,1200.00,630.00,1960.00,0.00,98125.00,47.73,-122.30,1860.00,7971.00
148000035.00,20140602T000000,544000.00,3.00,1.50,1790.00,8203.00,1.50,0.00,1.00,3.00,7.00,1790.00,0.00,1910.00,0.00,98116.00,47.58,-122.40,1960.00,6047.00
2436700395.00,20141023T000000,621000.00,3.00,1.00,1340.00,4000.00,1.50,0.00,0.00,4.00,7.00,1340.00,0.00,1927.00,0.00,98105.00,47.67,-122.29,1510.00,4000.00
8010100040.00,20140801T000000,672600.00,3.00,2.25,1520.00,5750.00,2.00,0.00,0.00,3.00,8.00,1400.00,120.00,1908.00,2006.00,98116.00,47.58,-122.39,1420.00,5650.00
1193000220.00,20150407T000000,689800.00,2.00,1.75,1370.00,3125.00,1.00,0.00,0.00,3.00,7.00,1090.00,280.00,1950.00,0.00,98199.00,47.65,-122.39,1730.00,5966.00
8827901415.00,20150507T000000,613000.00,3.00,1.50,1470.00,4480.00,1.00,0.00,0.00,4.00,7.00,1130.00,340.00,1918.00,0.00,98105.00,47.67,-122.29,2120.00,4480.00
7732410220.00,20140701T000000,808000.00,4.00,2.25,2500.00,8866.00,2.00,0.00,0.00,4.00,9.00,2500.00,0.00,1987.00,0.00,98007.00,47.66,-122.15,2630.00,8847.00
415100015.00,20140725T000000,301000.00,3.00,1.00,1060.00,9241.00,1.00,0.00,0.00,4.00,7.00,1060.00,0.00,1956.00,0.00,98133.00,47.75,-122.34,1900.00,6484.00
2130400150.00,20140925T000000,340000.00,3.00,1.75,1210.00,9635.00,1.00,0.00,0.00,4.00,7.00,1210.00,0.00,1987.00,0.00,98019.00,47.74,-121.98,1550.00,10707.00
1555200590.00,20141223T000000,206000.00,3.00,1.00,920.00,8400.00,1.00,0.00,0.00,3.00,7.00,920.00,0.00,1963.00,0.00,98032.00,47.38,-122.29,1260.00,8400.00
2174503500.00,20141103T000000,550000.00,3.00,1.50,1340.00,6000.00,1.00,0.00,0.00,4.00,7.00,1340.00,0.00,1960.00,0.00,98040.00,47.59,-122.25,1590.00,9000.00
6371500120.00,20141224T000000,325000.00,2.00,1.00,960.00,4800.00,1.50,0.00,0.00,2.00,6.00,960.00,0.00,1912.00,0.00,98116.00,47.58,-122.41,1440.00,4800.00
3904900610.00,20141012T000000,475000.00,3.00,2.50,1630.00,7586.00,2.00,0.00,0.00,3.00,8.00,1630.00,0.00,1986.00,0.00,98029.00,47.57,-122.02,2090.00,7330.00
9527000490.00,20140730T000000,432100.00,3.00,1.75,1840.00,7350.00,1.00,0.00,0.00,3.00,8.00,1310.00,530.00,1976.00,0.00,98034.00,47.71,-122.23,1860.00,7000.00
2457200120.00,20150303T000000,359000.00,3.00,2.00,3085.00,7280.00,1.00,0.00,0.00,4.00,7.00,1560.00,1525.00,1959.00,0.00,98056.00,47.50,-122.18,1480.00,7900.00
3501600100.00,20150105T000000,490000.00,3.00,1.00,920.00,4800.00,1.00,0.00,0.00,4.00,6.00,780.00,140.00,1926.00,0.00,98117.00,47.69,-122.36,1370.00,4800.00
1245001295.00,20140522T000000,648360.00,4.00,1.75,2260.00,7005.00,1.00,0.00,1.00,4.00,7.00,1130.00,1130.00,1947.00,0.00,98033.00,47.69,-122.21,2330.00,9180.00
9536601295.00,20141007T000000,340000.00,3.00,1.75,1730.00,11986.00,1.00,0.00,3.00,5.00,6.00,1730.00,0.00,1918.00,0.00,98198.00,47.36,-122.32,2490.00,9264.00
2205700180.00,20150403T000000,545000.00,3.00,2.00,1610.00,8069.00,1.00,0.00,0.00,5.00,7.00,1090.00,520.00,1955.00,0.00,98006.00,47.58,-122.15,1510.00,8803.00
623049232.00,20140715T000000,115000.00,2.00,0.75,550.00,7980.00,1.00,0.00,0.00,3.00,5.00,550.00,0.00,1952.00,0.00,98146.00,47.51,-122.35,1330.00,7980.00
9413600100.00,20150219T000000,705640.00,3.00,2.25,2400.00,12350.00,1.00,0.00,0.00,4.00,8.00,1420.00,980.00,1968.00,0.00,98033.00,47.65,-122.19,2615.00,12043.00
6064800410.00,20140730T000000,300000.00,3.00,2.25,1960.00,1585.00,2.00,0.00,0.00,3.00,7.00,1750.00,210.00,2003.00,0.00,98118.00,47.54,-122.29,1760.00,1958.00
8964800975.00,20140731T000000,1650000.00,4.00,2.75,3190.00,14904.00,1.00,0.00,3.00,4.00,9.00,1940.00,1250.00,1949.00,1992.00,98004.00,47.62,-122.21,2600.00,11195.00
4473400155.00,20150417T000000,1137500.00,4.00,3.50,3160.00,4200.00,2.00,0.00,4.00,3.00,8.00,2180.00,980.00,1999.00,0.00,98144.00,47.60,-122.29,2180.00,5200.00
7657000210.00,20140818T000000,280000.00,3.00,1.75,1550.00,7410.00,1.50,0.00,0.00,5.00,7.00,1550.00,0.00,1944.00,0.00,98178.00,47.50,-122.24,1250.00,7467.00
8732040180.00,20141219T000000,245000.00,4.00,1.75,1930.00,7650.00,1.00,0.00,0.00,4.00,8.00,1280.00,650.00,1981.00,0.00,98023.00,47.31,-122.39,1860.00,8800.00
9547202950.00,20141030T000000,564000.00,4.00,1.00,1170.00,4590.00,1.50,0.00,0.00,4.00,7.00,1170.00,0.00,1925.00,0.00,98115.00,47.68,-122.31,1430.00,4080.00
1370802770.00,20140919T000000,849000.00,3.00,1.75,2520.00,4534.00,1.00,0.00,0.00,5.00,9.00,1460.00,1060.00,1954.00,0.00,98199.00,47.64,-122.40,1870.00,5023.00
3885803465.00,20150409T000000,698000.00,3.00,1.75,1220.00,7447.00,1.00,0.00,0.00,4.00,7.00,1220.00,0.00,1964.00,0.00,98033.00,47.69,-122.21,1340.00,7200.00
2896610210.00,20140925T000000,319000.00,3.00,1.00,960.00,8556.00,1.00,0.00,0.00,3.00,7.00,960.00,0.00,1971.00,0.00,98034.00,47.72,-122.22,1320.00,7528.00
3760500455.00,20150224T000000,1450000.00,3.00,3.50,4110.00,15720.00,1.00,0.00,1.00,3.00,10.00,2230.00,1880.00,2000.00,0.00,98034.00,47.70,-122.23,2500.00,15400.00
3324069541.00,20140710T000000,695000.00,4.00,3.50,3310.00,21050.00,2.00,0.00,0.00,5.00,9.00,2400.00,910.00,1992.00,0.00,98027.00,47.52,-122.04,2260.00,23400.00
3600072.00,20150330T000000,680000.00,4.00,2.75,2220.00,5310.00,1.00,0.00,0.00,5.00,7.00,1170.00,1050.00,1951.00,0.00,98144.00,47.58,-122.29,1540.00,4200.00
2722049218.00,20141027T000000,287500.00,4.00,2.25,2250.00,12000.00,2.00,0.00,0.00,3.00,8.00,2250.00,0.00,1985.00,0.00,98032.00,47.37,-122.27,2140.00,11871.00
1225039052.00,20141112T000000,465000.00,3.00,3.25,1510.00,1850.00,2.00,0.00,2.00,3.00,8.00,1230.00,280.00,2001.00,0.00,98107.00,47.67,-122.36,1540.00,1840.00
8807810090.00,20140925T000000,335000.00,3.00,1.00,1350.00,14212.00,1.00,0.00,0.00,4.00,6.00,1350.00,0.00,1981.00,0.00,98053.00,47.66,-122.06,1520.00,14404.00
9508850120.00,20140627T000000,602000.00,4.00,1.75,2420.00,37800.00,1.00,0.00,0.00,4.00,8.00,1880.00,540.00,1981.00,0.00,98053.00,47.67,-122.02,2780.00,35532.00
5126300650.00,20150225T000000,482000.00,3.00,2.50,2950.00,6545.00,2.00,0.00,0.00,3.00,8.00,2950.00,0.00,2003.00,0.00,98059.00,47.48,-122.14,2400.00,6550.00
6303400965.00,20140909T000000,220000.00,5.00,1.00,1260.00,8382.00,1.50,0.00,0.00,3.00,7.00,1260.00,0.00,1918.00,0.00,98146.00,47.51,-122.36,910.00,8382.00
7116500925.00,20140520T000000,206000.00,4.00,2.00,1700.00,6025.00,1.00,0.00,0.00,3.00,6.00,1700.00,0.00,1978.00,0.00,98002.00,47.30,-122.22,1320.00,5956.00
9241900115.00,20150324T000000,1100000.00,4.00,3.00,3320.00,5760.00,2.00,0.00,0.00,3.00,9.00,2120.00,1200.00,1954.00,2007.00,98199.00,47.65,-122.39,2400.00,6144.00
7202330410.00,20150320T000000,491150.00,3.00,2.50,1470.00,3971.00,2.00,0.00,0.00,3.00,7.00,1470.00,0.00,2003.00,0.00,98053.00,47.68,-122.04,1650.00,3148.00
5151600300.00,20140812T000000,390000.00,4.00,2.75,2500.00,12848.00,1.00,0.00,1.00,3.00,8.00,2120.00,380.00,1975.00,0.00,98003.00,47.34,-122.32,2370.00,12497.00
1332200100.00,20150507T000000,393000.00,4.00,2.50,2641.00,8091.00,2.00,0.00,0.00,3.00,7.00,2641.00,0.00,1998.00,0.00,98031.00,47.40,-122.21,2641.00,8535.00
1939130730.00,20140717T000000,635000.00,4.00,2.00,2260.00,8457.00,2.00,0.00,0.00,3.00,9.00,2260.00,0.00,1992.00,0.00,98074.00,47.63,-122.03,2410.00,7713.00
472000015.00,20140516T000000,490000.00,2.00,1.00,1160.00,5000.00,1.00,0.00,0.00,4.00,8.00,1160.00,0.00,1937.00,0.00,98117.00,47.69,-122.40,1750.00,5000.00
3667500015.00,20140925T000000,770000.00,4.00,3.50,3680.00,2242.00,2.50,0.00,0.00,3.00,9.00,2670.00,1010.00,1930.00,2007.00,98112.00,47.62,-122.31,1350.00,1288.00
6430000945.00,20141204T000000,665000.00,2.00,2.00,1615.00,4590.00,1.50,0.00,0.00,5.00,8.00,1615.00,0.00,1906.00,0.00,98103.00,47.69,-122.35,1470.00,4590.00
322059161.00,20141001T000000,287000.00,3.00,1.00,1250.00,26862.00,1.00,0.00,0.00,3.00,7.00,1250.00,0.00,1965.00,0.00,98058.00,47.43,-122.15,1530.00,24463.00
7905200205.00,20141021T000000,410000.00,3.00,1.00,1230.00,7020.00,1.00,0.00,0.00,3.00,7.00,1090.00,140.00,1924.00,0.00,98116.00,47.57,-122.39,1390.00,5850.00
1772600665.00,20150225T000000,562000.00,3.00,2.00,2510.00,5200.00,1.00,0.00,0.00,5.00,8.00,1470.00,1040.00,1925.00,0.00,98106.00,47.56,-122.37,990.00,5400.00
203101530.00,20140530T000000,475000.00,2.00,2.00,1540.00,54450.00,2.00,0.00,0.00,3.00,7.00,1540.00,0.00,1983.00,0.00,98053.00,47.64,-121.95,2280.00,29918.00
820000018.00,20141014T000000,387500.00,3.00,3.25,1860.00,2218.00,3.00,0.00,0.00,3.00,8.00,1860.00,0.00,2001.00,0.00,98125.00,47.72,-122.31,1860.00,2218.00
1560800110.00,20140617T000000,580000.00,5.00,2.00,2700.00,10875.00,1.00,0.00,0.00,4.00,7.00,1540.00,1160.00,1962.00,0.00,98007.00,47.62,-122.14,2040.00,7464.00
2869200110.00,20140621T000000,930000.00,3.00,2.50,3290.00,6830.00,2.00,0.00,0.00,3.00,10.00,3290.00,0.00,2000.00,0.00,98052.00,47.67,-122.14,3200.00,6227.00
6151800300.00,20150213T000000,625000.00,3.00,1.75,2700.00,18893.00,1.00,0.00,0.00,4.00,7.00,2110.00,590.00,1948.00,1983.00,98010.00,47.34,-122.05,2260.00,17494.00
4475000180.00,20141203T000000,325000.00,3.00,2.00,1570.00,5600.00,1.00,0.00,0.00,3.00,8.00,1570.00,0.00,1999.00,0.00,98058.00,47.43,-122.19,2010.00,5600.00
3223059206.00,20140627T000000,235000.00,3.00,1.75,1950.00,8712.00,1.00,0.00,0.00,3.00,7.00,1950.00,0.00,1960.00,0.00,98055.00,47.44,-122.19,1820.00,11520.00
5102400025.00,20140625T000000,450000.00,2.00,1.00,1380.00,4390.00,1.00,0.00,0.00,4.00,8.00,880.00,500.00,1931.00,0.00,98115.00,47.69,-122.32,1390.00,5234.00
194000145.00,20150312T000000,745000.00,4.00,2.75,2410.00,5650.00,1.50,0.00,0.00,5.00,8.00,2070.00,340.00,1909.00,0.00,98116.00,47.57,-122.39,1960.00,5650.00
5560000540.00,20140723T000000,223000.00,4.00,2.00,1200.00,8470.00,1.00,0.00,0.00,4.00,7.00,1200.00,0.00,1961.00,0.00,98023.00,47.33,-122.34,1110.00,8400.00
3326049077.00,20140728T000000,630000.00,4.00,1.75,1770.00,12278.00,1.00,0.00,0.00,3.00,7.00,1350.00,420.00,1937.00,0.00,98115.00,47.70,-122.30,1670.00,9336.00
3126049517.00,20140508T000000,413450.00,3.00,2.50,1540.00,1614.00,3.00,0.00,0.00,3.00,8.00,1470.00,70.00,2008.00,0.00,98103.00,47.70,-122.34,1540.00,1418.00
2568200740.00,20140811T000000,720000.00,5.00,2.75,2860.00,5379.00,2.00,0.00,0.00,3.00,9.00,2860.00,0.00,2005.00,0.00,98052.00,47.71,-122.10,2980.00,6018.00
2622059138.00,20150416T000000,339000.00,3.00,1.50,1740.00,21980.00,1.00,0.00,0.00,4.00,7.00,1740.00,0.00,1973.00,0.00,98042.00,47.36,-122.13,1400.00,16100.00
6738700205.00,20150505T000000,1115500.00,4.00,3.50,2830.00,4000.00,1.50,0.00,0.00,3.00,7.00,1840.00,990.00,1919.00,2014.00,98144.00,47.58,-122.29,2340.00,4000.00
1778350150.00,20140811T000000,839000.00,5.00,4.00,4280.00,11307.00,2.00,0.00,0.00,3.00,10.00,2710.00,1570.00,1996.00,0.00,98027.00,47.55,-122.08,3080.00,11307.00
6613000930.00,20140902T000000,2950000.00,4.00,3.25,3890.00,25470.00,2.00,1.00,3.00,5.00,10.00,3030.00,860.00,1923.00,0.00,98105.00,47.66,-122.27,4140.00,19281.00
324069058.00,20140530T000000,568000.00,4.00,2.00,2340.00,50233.00,1.00,0.00,0.00,4.00,7.00,1170.00,1170.00,1966.00,0.00,98075.00,47.59,-122.02,2470.00,62290.00
4345300180.00,20150406T000000,269000.00,3.00,2.00,1410.00,10577.00,1.00,0.00,0.00,3.00,7.00,1410.00,0.00,1994.00,0.00,98030.00,47.36,-122.19,1660.00,6757.00
7525100590.00,20150406T000000,382000.00,2.00,2.00,1350.00,2560.00,1.00,0.00,0.00,4.00,8.00,1350.00,0.00,1974.00,0.00,98052.00,47.63,-122.11,1800.00,2560.00
955000453.00,20150413T000000,574000.00,2.00,2.25,1100.00,1114.00,2.00,0.00,0.00,3.00,8.00,900.00,200.00,2009.00,0.00,98122.00,47.62,-122.30,1230.00,1800.00
7852150720.00,20140922T000000,405000.00,3.00,2.50,2070.00,4697.00,2.00,0.00,0.00,3.00,7.00,2070.00,0.00,2002.00,0.00,98065.00,47.53,-121.88,2230.00,4437.00
9545220100.00,20140728T000000,572000.00,3.00,2.50,2360.00,9938.00,1.00,0.00,0.00,3.00,8.00,1690.00,670.00,1987.00,0.00,98027.00,47.54,-122.05,2280.00,9626.00
7504000230.00,20141205T000000,675000.00,4.00,2.25,2760.00,12100.00,2.00,0.00,0.00,4.00,9.00,2760.00,0.00,1976.00,0.00,98074.00,47.63,-122.06,2850.00,12410.00
7657000540.00,20140902T000000,165000.00,4.00,1.00,1220.00,7980.00,1.50,0.00,0.00,3.00,6.00,1220.00,0.00,1944.00,0.00,98178.00,47.49,-122.24,1210.00,7920.00
7657000540.00,20150304T000000,260000.00,4.00,1.00,1220.00,7980.00,1.50,0.00,0.00,3.00,6.00,1220.00,0.00,1944.00,0.00,98178.00,47.49,-122.24,1210.00,7920.00
7893203770.00,20150304T000000,196000.00,3.00,1.00,1220.00,6719.00,1.00,0.00,0.00,3.00,6.00,1220.00,0.00,1953.00,0.00,98198.00,47.42,-122.33,1580.00,7200.00
8035350120.00,20150224T000000,515000.00,3.00,2.50,3020.00,12184.00,2.00,0.00,0.00,3.00,8.00,3020.00,0.00,2003.00,0.00,98019.00,47.74,-121.98,2980.00,10029.00
8820902350.00,20141203T000000,810000.00,4.00,3.50,3470.00,7396.00,2.00,0.00,3.00,3.00,8.00,2520.00,950.00,1979.00,0.00,98125.00,47.71,-122.28,2360.00,10541.00
5089700300.00,20150311T000000,365650.00,4.00,2.25,2380.00,7700.00,2.00,0.00,0.00,4.00,8.00,2380.00,0.00,1977.00,0.00,98055.00,47.44,-122.19,2100.00,7700.00
7234601541.00,20140728T000000,651000.00,3.00,3.00,2260.00,1834.00,2.00,0.00,0.00,3.00,8.00,1660.00,600.00,2002.00,0.00,98122.00,47.61,-122.31,2260.00,1834.00
7972603931.00,20141009T000000,240000.00,2.00,1.00,720.00,6345.00,1.00,0.00,0.00,3.00,6.00,720.00,0.00,1943.00,0.00,98106.00,47.52,-122.35,720.00,6345.00
318390180.00,20141029T000000,299000.00,3.00,2.00,1730.00,6007.00,1.00,0.00,0.00,3.00,8.00,1730.00,0.00,2004.00,0.00,98030.00,47.36,-122.20,2000.00,6245.00
2597520900.00,20140804T000000,768000.00,3.00,2.50,2660.00,10928.00,2.00,0.00,0.00,3.00,9.00,1830.00,830.00,1988.00,0.00,98006.00,47.54,-122.14,2800.00,10025.00
5652600556.00,20141028T000000,397380.00,2.00,1.00,1030.00,5072.00,1.00,0.00,0.00,3.00,6.00,1030.00,0.00,1924.00,1958.00,98115.00,47.70,-122.29,1220.00,6781.00
8935100100.00,20140701T000000,476000.00,4.00,3.00,2890.00,6885.00,1.00,0.00,0.00,3.00,7.00,1590.00,1300.00,1945.00,2015.00,98115.00,47.68,-122.28,2180.00,6885.00
4154301371.00,20150106T000000,315000.00,3.00,1.00,890.00,5200.00,1.00,0.00,0.00,3.00,7.00,890.00,0.00,1957.00,0.00,98118.00,47.56,-122.28,1420.00,6000.00
1105000787.00,20140926T000000,240000.00,3.00,2.25,1410.00,7290.00,1.00,0.00,0.00,3.00,7.00,940.00,470.00,1980.00,0.00,98118.00,47.54,-122.27,1550.00,7375.00
2492201005.00,20140708T000000,325000.00,2.00,1.00,810.00,4080.00,1.00,0.00,0.00,4.00,6.00,810.00,0.00,1941.00,0.00,98126.00,47.53,-122.38,1400.00,4080.00
9265410090.00,20141008T000000,160000.00,3.00,1.75,1370.00,8006.00,2.00,0.00,0.00,3.00,7.00,1370.00,0.00,1990.00,0.00,98001.00,47.26,-122.25,1530.00,8006.00
2619950740.00,20150109T000000,435000.00,3.00,2.50,2260.00,5100.00,2.00,0.00,0.00,3.00,8.00,2260.00,0.00,2007.00,0.00,98019.00,47.73,-121.97,2260.00,5100.00
9412200330.00,20150410T000000,427500.00,3.00,1.75,1430.00,16200.00,1.00,0.00,0.00,4.00,7.00,1430.00,0.00,1967.00,0.00,98027.00,47.52,-122.04,1690.00,13125.00
1079450410.00,20150417T000000,450000.00,5.00,2.50,2510.00,10240.00,1.00,0.00,0.00,4.00,8.00,1410.00,1100.00,1984.00,0.00,98059.00,47.47,-122.14,2170.00,10500.00
9238900850.00,20140919T000000,688000.00,3.00,1.50,1760.00,4880.00,1.50,0.00,3.00,3.00,8.00,1290.00,470.00,1928.00,0.00,98136.00,47.53,-122.39,1840.00,4998.00
2112701165.00,20150408T000000,285000.00,4.00,1.00,1430.00,3600.00,1.00,0.00,0.00,3.00,6.00,980.00,450.00,1947.00,0.00,98106.00,47.53,-122.36,1170.00,4000.00
2767604067.00,20140820T000000,530000.00,3.00,3.25,1510.00,1125.00,3.00,0.00,0.00,3.00,8.00,1510.00,0.00,2006.00,0.00,98107.00,47.67,-122.39,1390.00,1174.00
522049122.00,20150402T000000,195000.00,4.00,1.75,1320.00,7694.00,1.00,0.00,0.00,3.00,7.00,1320.00,0.00,1928.00,1972.00,98148.00,47.43,-122.33,1620.00,8468.00
8857600360.00,20140828T000000,250200.00,3.00,1.50,1180.00,7384.00,1.00,0.00,0.00,5.00,7.00,1180.00,0.00,1959.00,0.00,98032.00,47.38,-122.29,1150.00,7455.00
4389200761.00,20150128T000000,1100000.00,3.00,2.25,1560.00,8570.00,1.00,0.00,0.00,5.00,7.00,1080.00,480.00,1977.00,0.00,98004.00,47.62,-122.21,2660.00,9621.00
6421000330.00,20141112T000000,732500.00,3.00,2.50,2470.00,10321.00,2.00,0.00,0.00,3.00,9.00,2470.00,0.00,1988.00,0.00,98052.00,47.67,-122.14,2450.00,8440.00
2154900040.00,20141030T000000,194250.00,3.00,2.25,2190.00,8834.00,1.00,0.00,0.00,3.00,7.00,1390.00,800.00,1987.00,0.00,98001.00,47.26,-122.24,1490.00,8766.00
259801030.00,20150309T000000,526000.00,4.00,2.00,1610.00,8000.00,1.00,0.00,0.00,3.00,7.00,1190.00,420.00,1966.00,0.00,98008.00,47.63,-122.12,1560.00,7896.00
326049038.00,20150504T000000,520000.00,4.00,2.75,2700.00,9882.00,2.00,0.00,0.00,3.00,7.00,2700.00,0.00,1958.00,1989.00,98155.00,47.77,-122.29,2250.00,10797.00
6384500590.00,20141113T000000,526000.00,3.00,1.75,1530.00,6125.00,1.00,0.00,0.00,3.00,7.00,1120.00,410.00,1958.00,0.00,98116.00,47.57,-122.40,1360.00,6125.00
3023069166.00,20140708T000000,1135250.00,5.00,4.00,7320.00,217800.00,2.00,0.00,0.00,3.00,11.00,7320.00,0.00,1992.00,0.00,98058.00,47.45,-122.09,3270.00,34500.00
3826000735.00,20140626T000000,202000.00,2.00,1.00,920.00,7569.00,1.00,0.00,0.00,4.00,6.00,920.00,0.00,1950.00,0.00,98168.00,47.50,-122.30,1280.00,7627.00
7852110740.00,20141112T000000,645500.00,4.00,2.50,2990.00,8622.00,2.00,0.00,0.00,3.00,9.00,2990.00,0.00,2000.00,0.00,98065.00,47.54,-121.88,2980.00,8622.00
3222049087.00,20150422T000000,570000.00,1.00,1.00,720.00,7540.00,1.00,1.00,4.00,4.00,6.00,720.00,0.00,1905.00,0.00,98198.00,47.35,-122.32,1120.00,9736.00
726049131.00,20150320T000000,325000.00,3.00,2.00,1750.00,9000.00,1.50,0.00,0.00,4.00,5.00,1750.00,0.00,1936.00,0.00,98133.00,47.75,-122.35,1830.00,8100.00
9424400110.00,20141216T000000,725000.00,2.00,1.00,2410.00,5930.00,2.00,0.00,0.00,3.00,9.00,1930.00,480.00,2007.00,0.00,98116.00,47.57,-122.40,1540.00,5892.00
193300120.00,20141126T000000,192000.00,3.00,1.75,1240.00,10361.00,1.00,0.00,0.00,3.00,6.00,1240.00,0.00,1987.00,0.00,98042.00,47.37,-122.15,1240.00,8834.00
1245001751.00,20140709T000000,560000.00,2.00,1.00,1010.00,9219.00,1.00,0.00,0.00,4.00,7.00,1010.00,0.00,1960.00,0.00,98033.00,47.69,-122.20,1610.00,9219.00
1386800054.00,20141201T000000,283450.00,5.00,2.75,2770.00,6116.00,1.00,0.00,0.00,3.00,7.00,1490.00,1280.00,1979.00,0.00,98168.00,47.48,-122.29,1920.00,6486.00
6814600150.00,20140905T000000,863000.00,4.00,1.75,2800.00,5400.00,1.00,0.00,0.00,3.00,9.00,1400.00,1400.00,1924.00,2006.00,98115.00,47.68,-122.31,1490.00,5400.00
9828200790.00,20141028T000000,815000.00,4.00,2.00,1400.00,4800.00,2.00,0.00,0.00,3.00,7.00,1400.00,0.00,1986.00,0.00,98122.00,47.62,-122.30,1620.00,2595.00
9476200650.00,20150416T000000,245000.00,2.00,1.00,1020.00,7679.00,1.00,0.00,0.00,5.00,6.00,1020.00,0.00,1942.00,0.00,98056.00,47.49,-122.19,1280.00,6497.00
9533600100.00,20141208T000000,1315000.00,4.00,3.00,2860.00,10292.00,1.00,0.00,0.00,4.00,8.00,2860.00,0.00,1953.00,1999.00,98004.00,47.63,-122.21,1840.00,10273.00
4139430410.00,20141107T000000,1156000.00,4.00,3.50,4270.00,12305.00,2.00,0.00,2.00,3.00,10.00,4270.00,0.00,1994.00,0.00,98006.00,47.55,-122.12,4190.00,13137.00
7852030330.00,20140903T000000,480000.00,3.00,2.50,2270.00,4488.00,2.00,0.00,0.00,3.00,7.00,2270.00,0.00,1999.00,0.00,98065.00,47.53,-121.88,2360.00,4427.00
7202270930.00,20140606T000000,600000.00,4.00,2.50,2560.00,5593.00,2.00,0.00,0.00,3.00,7.00,2560.00,0.00,2001.00,0.00,98053.00,47.69,-122.04,2800.00,5890.00
223039254.00,20140624T000000,329950.00,2.00,1.00,900.00,5220.00,1.00,0.00,0.00,4.00,6.00,900.00,0.00,1956.00,0.00,98146.00,47.51,-122.39,1480.00,6660.00
7843500090.00,20140822T000000,299500.00,4.00,2.50,2010.00,12085.00,2.00,0.00,0.00,3.00,8.00,2010.00,0.00,1986.00,0.00,98042.00,47.34,-122.06,1910.00,12133.00
2491200330.00,20140918T000000,460000.00,3.00,2.50,1690.00,5131.00,1.00,0.00,0.00,3.00,7.00,1690.00,0.00,1941.00,1998.00,98126.00,47.52,-122.38,860.00,5137.00
8113101582.00,20150415T000000,515000.00,5.00,3.50,2310.00,5249.00,2.00,0.00,0.00,3.00,8.00,1560.00,750.00,2000.00,0.00,98118.00,47.55,-122.27,1900.00,7296.00
993002225.00,20140623T000000,405000.00,3.00,2.25,1520.00,1245.00,3.00,0.00,0.00,3.00,8.00,1520.00,0.00,2004.00,0.00,98103.00,47.69,-122.34,1520.00,1470.00
9530100921.00,20141027T000000,483000.00,4.00,1.50,1220.00,3780.00,1.50,0.00,0.00,3.00,7.00,1220.00,0.00,1927.00,0.00,98107.00,47.67,-122.36,1400.00,3185.00
3235390100.00,20150203T000000,377000.00,4.00,2.50,2170.00,11511.00,2.00,0.00,0.00,3.00,8.00,2170.00,0.00,1992.00,0.00,98031.00,47.39,-122.19,1900.00,8961.00
5122400025.00,20140708T000000,568000.00,4.00,1.75,2790.00,17476.00,1.00,0.00,2.00,3.00,7.00,1450.00,1340.00,1956.00,0.00,98166.00,47.46,-122.37,2790.00,16401.00
9297300750.00,20141105T000000,355000.00,2.00,1.75,1760.00,4600.00,1.00,0.00,0.00,4.00,7.00,850.00,910.00,1926.00,0.00,98126.00,47.57,-122.37,1150.00,4800.00
3856900590.00,20140806T000000,640000.00,4.00,1.75,2100.00,3000.00,1.50,0.00,0.00,4.00,7.00,1500.00,600.00,1911.00,0.00,98103.00,47.67,-122.33,1690.00,4000.00
4024700100.00,20150121T000000,270000.00,4.00,1.00,1430.00,5909.00,1.00,0.00,0.00,3.00,6.00,1070.00,360.00,1947.00,0.00,98155.00,47.76,-122.31,1460.00,8433.00
114100131.00,20150114T000000,559950.00,5.00,3.50,2450.00,8193.00,2.00,0.00,0.00,3.00,9.00,2450.00,0.00,2005.00,0.00,98028.00,47.77,-122.24,2310.00,8193.00
2296700330.00,20141014T000000,515000.00,4.00,3.00,1820.00,8261.00,1.00,0.00,0.00,3.00,7.00,1420.00,400.00,1969.00,0.00,98034.00,47.72,-122.22,1920.00,7961.00
1995200215.00,20140826T000000,352000.00,4.00,1.75,1850.00,5712.00,1.00,0.00,0.00,3.00,7.00,1850.00,0.00,1954.00,0.00,98115.00,47.70,-122.32,1510.00,6038.00
2287600035.00,20140625T000000,595888.00,3.00,1.75,1870.00,9000.00,1.00,0.00,0.00,5.00,9.00,1870.00,0.00,1958.00,0.00,98177.00,47.72,-122.36,2030.00,8160.00
2923501130.00,20140722T000000,588000.00,4.00,2.25,2580.00,7344.00,2.00,0.00,0.00,3.00,8.00,2580.00,0.00,1977.00,0.00,98027.00,47.56,-122.09,2390.00,7507.00
2485000076.00,20150122T000000,1050000.00,4.00,3.25,3680.00,8580.00,1.00,0.00,3.00,5.00,10.00,1840.00,1840.00,1959.00,0.00,98136.00,47.53,-122.39,2700.00,9100.00
9264921020.00,20140908T000000,260000.00,3.00,1.50,1750.00,7000.00,2.00,0.00,0.00,3.00,8.00,1750.00,0.00,1983.00,0.00,98023.00,47.31,-122.35,1840.00,9305.00
5318100965.00,20150217T000000,1600000.00,4.00,3.50,3890.00,3600.00,2.00,0.00,0.00,3.00,9.00,2860.00,1030.00,2005.00,0.00,98112.00,47.63,-122.28,2460.00,6050.00
3501600215.00,20150414T000000,380000.00,2.00,1.00,1000.00,4800.00,1.00,0.00,0.00,3.00,6.00,1000.00,0.00,1952.00,0.00,98117.00,47.69,-122.36,1000.00,4800.00
8682230610.00,20140602T000000,802000.00,2.00,2.50,2210.00,6327.00,1.00,0.00,0.00,3.00,8.00,2210.00,0.00,2003.00,0.00,98053.00,47.71,-122.03,2170.00,6327.00
1337800665.00,20140811T000000,1325000.00,4.00,3.25,2850.00,4800.00,2.50,0.00,0.00,5.00,10.00,2700.00,150.00,1905.00,0.00,98112.00,47.63,-122.31,2850.00,4800.00
7960100220.00,20150416T000000,710000.00,4.00,2.75,2460.00,3600.00,2.00,0.00,0.00,3.00,8.00,1640.00,820.00,1907.00,2007.00,98122.00,47.61,-122.30,1890.00,3600.00
1549500272.00,20140609T000000,600000.00,3.00,2.50,2630.00,77972.00,2.00,0.00,0.00,3.00,9.00,2630.00,0.00,2004.00,0.00,98019.00,47.75,-121.92,2250.00,75794.00
9547202380.00,20140902T000000,707900.00,3.00,1.00,1750.00,5355.00,2.00,0.00,0.00,4.00,7.00,1750.00,0.00,1929.00,0.00,98115.00,47.68,-122.31,2240.00,4590.00
3518000180.00,20141120T000000,179950.00,2.00,1.00,1100.00,7323.00,1.00,0.00,0.00,3.00,7.00,780.00,320.00,1982.00,0.00,98023.00,47.29,-122.37,1410.00,7227.00
6792100090.00,20140914T000000,683000.00,4.00,2.50,2620.00,10489.00,2.00,0.00,0.00,3.00,9.00,2620.00,0.00,1990.00,0.00,98052.00,47.67,-122.14,2430.00,7701.00
5702330120.00,20140603T000000,222400.00,3.00,2.00,1200.00,9566.00,1.00,0.00,0.00,3.00,7.00,1200.00,0.00,1995.00,0.00,98001.00,47.26,-122.25,1590.00,9518.00
1189000910.00,20140708T000000,517000.00,2.00,1.50,1920.00,3408.00,1.00,0.00,0.00,4.00,7.00,960.00,960.00,1912.00,0.00,98122.00,47.61,-122.30,1130.00,3408.00
6204200590.00,20141029T000000,410000.00,3.00,2.75,1690.00,5763.00,1.00,0.00,0.00,5.00,7.00,1180.00,510.00,1985.00,0.00,98011.00,47.73,-122.20,1560.00,7518.00
4443801340.00,20141006T000000,480000.00,3.00,1.75,1680.00,2552.00,1.00,0.00,0.00,4.00,7.00,840.00,840.00,1952.00,0.00,98117.00,47.68,-122.39,1220.00,3880.00
2473370750.00,20150224T000000,430000.00,3.00,1.75,3440.00,10428.00,1.50,0.00,0.00,5.00,8.00,3440.00,0.00,1974.00,0.00,98058.00,47.45,-122.13,2160.00,8400.00
2644900109.00,20150427T000000,439950.00,5.00,1.75,2190.00,7500.00,1.00,0.00,0.00,3.00,7.00,1290.00,900.00,1979.00,0.00,98133.00,47.78,-122.36,1790.00,8820.00
293620220.00,20150421T000000,797500.00,4.00,2.50,3270.00,8223.00,2.00,0.00,0.00,3.00,10.00,3270.00,0.00,1998.00,0.00,98075.00,47.60,-122.07,3460.00,8872.00
2624049115.00,20140710T000000,379000.00,4.00,1.50,1280.00,5460.00,1.50,0.00,0.00,5.00,7.00,1080.00,200.00,1920.00,0.00,98118.00,47.53,-122.27,1470.00,5934.00
7942600910.00,20141216T000000,575000.00,1.00,1.00,1310.00,8667.00,1.50,0.00,0.00,1.00,6.00,1310.00,0.00,1918.00,0.00,98122.00,47.61,-122.31,1130.00,4800.00
643000110.00,20150325T000000,247500.00,3.00,1.00,1660.00,11060.00,1.00,0.00,0.00,4.00,7.00,1110.00,550.00,1962.00,0.00,98003.00,47.33,-122.33,1890.00,11060.00
9485951460.00,20140623T000000,385000.00,4.00,2.75,2700.00,37011.00,2.00,0.00,0.00,3.00,9.00,2700.00,0.00,1984.00,0.00,98042.00,47.35,-122.09,2700.00,37457.00
6378500230.00,20140520T000000,423000.00,4.00,1.75,1940.00,6909.00,1.00,0.00,0.00,4.00,7.00,970.00,970.00,1941.00,0.00,98133.00,47.71,-122.35,1460.00,6906.00
430000175.00,20141215T000000,550000.00,3.00,1.75,1520.00,5618.00,1.00,0.00,0.00,3.00,7.00,1170.00,350.00,1953.00,0.00,98115.00,47.68,-122.28,1550.00,5618.00
1493300115.00,20140910T000000,415000.00,4.00,1.00,1620.00,4329.00,1.50,0.00,0.00,3.00,7.00,1620.00,0.00,1927.00,0.00,98116.00,47.57,-122.39,1220.00,5520.00
2024059059.00,20141010T000000,693000.00,3.00,2.25,2090.00,45535.00,1.00,0.00,2.00,5.00,8.00,1280.00,810.00,1952.00,0.00,98006.00,47.55,-122.19,3090.00,12889.00
2922701085.00,20150327T000000,543000.00,2.00,1.00,1070.00,4700.00,1.00,0.00,0.00,5.00,7.00,1070.00,0.00,1910.00,0.00,98117.00,47.69,-122.37,1370.00,4700.00
4058801780.00,20150327T000000,465000.00,5.00,1.75,2000.00,10246.00,1.00,0.00,2.00,3.00,7.00,1200.00,800.00,1953.00,0.00,98178.00,47.51,-122.25,2340.00,9030.00
2114700384.00,20150427T000000,280000.00,3.00,2.50,1020.00,2217.00,2.00,0.00,0.00,3.00,7.00,720.00,300.00,2004.00,0.00,98106.00,47.53,-122.35,1060.00,1524.00
9829201020.00,20141118T000000,1388000.00,3.00,1.25,2400.00,6653.00,3.00,0.00,2.00,3.00,11.00,2400.00,0.00,1992.00,0.00,98122.00,47.60,-122.29,1910.00,6653.00
6918720100.00,20150130T000000,665000.00,6.00,3.00,2480.00,9720.00,2.00,0.00,0.00,3.00,8.00,2480.00,0.00,1972.00,0.00,98007.00,47.61,-122.15,2480.00,9200.00
1450100330.00,20150312T000000,237950.00,3.00,1.75,1310.00,7314.00,1.00,0.00,0.00,5.00,6.00,1310.00,0.00,1960.00,0.00,98002.00,47.29,-122.22,1010.00,7314.00
518000040.00,20150102T000000,440000.00,4.00,2.75,2420.00,10200.00,1.00,0.00,0.00,3.00,8.00,1220.00,1200.00,1962.00,0.00,98034.00,47.72,-122.24,2240.00,9750.00
4242900245.00,20150112T000000,618000.00,2.00,1.00,1890.00,4700.00,1.00,0.00,0.00,4.00,7.00,1030.00,860.00,1928.00,0.00,98107.00,47.67,-122.39,2150.00,4700.00
1231001130.00,20141113T000000,572000.00,3.00,2.25,1860.00,4000.00,1.50,0.00,0.00,5.00,7.00,1020.00,840.00,1920.00,0.00,98118.00,47.55,-122.27,1180.00,4000.00
7445000115.00,20140527T000000,725000.00,3.00,1.50,2500.00,4774.00,1.50,0.00,2.00,3.00,7.00,1450.00,1050.00,1940.00,0.00,98107.00,47.66,-122.36,1300.00,4000.00
7802900504.00,20140625T000000,454000.00,3.00,1.00,1970.00,22144.00,1.00,0.00,0.00,4.00,7.00,1970.00,0.00,1970.00,0.00,98065.00,47.52,-121.84,1970.00,13500.00
4317700085.00,20150122T000000,535000.00,4.00,1.00,1660.00,10656.00,1.50,0.00,0.00,4.00,7.00,1180.00,480.00,1920.00,0.00,98136.00,47.54,-122.39,1120.00,8816.00
8732040580.00,20141218T000000,249000.00,3.00,2.50,1850.00,7200.00,1.00,0.00,0.00,3.00,7.00,1500.00,350.00,1979.00,0.00,98023.00,47.31,-122.38,2140.00,7500.00
3223039149.00,20140709T000000,395000.00,4.00,2.75,1970.00,37026.00,1.00,0.00,0.00,4.00,8.00,1970.00,0.00,1961.00,0.00,98070.00,47.44,-122.45,1970.00,51836.00
4073200757.00,20141231T000000,690000.00,3.00,2.00,1890.00,6620.00,1.00,0.00,3.00,4.00,8.00,1890.00,0.00,1954.00,0.00,98125.00,47.70,-122.27,2590.00,7188.00
3226049054.00,20141003T000000,526500.00,3.00,1.50,1310.00,7236.00,1.00,0.00,0.00,4.00,7.00,1170.00,140.00,1928.00,0.00,98103.00,47.69,-122.33,1680.00,8431.00
5490700035.00,20140807T000000,325000.00,4.00,1.50,1870.00,7220.00,2.00,0.00,0.00,3.00,7.00,1870.00,0.00,1956.00,0.00,98155.00,47.77,-122.32,1550.00,7592.00
9834200975.00,20150210T000000,495000.00,3.00,3.00,1520.00,4080.00,2.00,0.00,0.00,5.00,7.00,1520.00,0.00,1948.00,0.00,98144.00,47.57,-122.29,1320.00,4080.00
3305100210.00,20141021T000000,825000.00,5.00,3.00,3070.00,8474.00,2.00,0.00,0.00,3.00,9.00,3070.00,0.00,2011.00,0.00,98033.00,47.69,-122.18,3070.00,8527.00
3123039042.00,20141223T000000,383000.00,3.00,1.50,1400.00,14850.00,1.50,0.00,0.00,4.00,7.00,1400.00,0.00,1910.00,0.00,98070.00,47.45,-122.46,1350.00,14850.00
1105000360.00,20150428T000000,320000.00,3.00,1.75,1960.00,11931.00,1.00,0.00,0.00,3.00,7.00,980.00,980.00,1954.00,0.00,98118.00,47.54,-122.27,1460.00,4498.00
1724079048.00,20141208T000000,475000.00,3.00,2.50,2680.00,87117.00,1.00,0.00,0.00,3.00,7.00,1340.00,1340.00,1989.00,0.00,98024.00,47.56,-121.94,2580.00,87117.00
7437100770.00,20140521T000000,275000.00,3.00,2.50,2030.00,6326.00,2.00,0.00,0.00,3.00,7.00,2030.00,0.00,1993.00,0.00,98038.00,47.35,-122.03,1810.00,6825.00
8925100115.00,20141015T000000,1150000.00,2.00,2.25,2320.00,9300.00,1.50,0.00,4.00,5.00,9.00,1920.00,400.00,1937.00,0.00,98115.00,47.68,-122.27,2790.00,9300.00
4019300051.00,20141125T000000,455000.00,3.00,1.75,1760.00,11371.00,1.00,0.00,0.00,5.00,8.00,1760.00,0.00,1959.00,0.00,98155.00,47.76,-122.27,2220.00,19884.00
5300200085.00,20140702T000000,262000.00,5.00,1.00,1870.00,7800.00,1.00,0.00,0.00,3.00,7.00,1580.00,290.00,1962.00,0.00,98168.00,47.51,-122.32,1740.00,7808.00
9417400110.00,20140915T000000,390000.00,4.00,1.00,1280.00,4840.00,1.00,0.00,0.00,3.00,7.00,940.00,340.00,1950.00,0.00,98136.00,47.55,-122.40,1360.00,4840.00
9264920870.00,20141023T000000,300000.00,3.00,2.25,1730.00,10030.00,1.00,0.00,0.00,4.00,8.00,1730.00,0.00,1985.00,0.00,98023.00,47.31,-122.35,2090.00,8823.00
9169600209.00,20140820T000000,746300.00,3.00,1.75,2060.00,5721.00,1.00,0.00,2.00,3.00,9.00,1140.00,920.00,1964.00,0.00,98136.00,47.53,-122.39,2060.00,8124.00
6123000090.00,20140908T000000,267000.00,3.00,1.50,1030.00,8223.00,1.00,0.00,0.00,4.00,7.00,1030.00,0.00,1952.00,0.00,98148.00,47.43,-122.33,1460.00,9463.00
2592401080.00,20150402T000000,525000.00,3.00,2.50,1720.00,7950.00,1.50,0.00,0.00,4.00,7.00,1720.00,0.00,1972.00,0.00,98034.00,47.72,-122.17,1790.00,7030.00
2423020090.00,20150424T000000,570000.00,3.00,1.75,1210.00,7350.00,1.00,0.00,0.00,3.00,7.00,1210.00,0.00,1977.00,0.00,98033.00,47.70,-122.17,1610.00,7313.00
2968801130.00,20141027T000000,360000.00,4.00,2.25,2620.00,8100.00,1.00,0.00,0.00,4.00,7.00,1550.00,1070.00,1964.00,0.00,98166.00,47.46,-122.35,1650.00,8100.00
3325069064.00,20150326T000000,1052000.00,3.00,1.00,1860.00,44431.00,1.00,0.00,0.00,4.00,6.00,1860.00,0.00,1947.00,0.00,98074.00,47.61,-122.04,2000.00,44431.00
3629910210.00,20141103T000000,699950.00,3.00,2.50,2510.00,4106.00,2.00,0.00,0.00,3.00,9.00,2510.00,0.00,2003.00,0.00,98029.00,47.55,-121.99,2470.00,4106.00
622079089.00,20140616T000000,375000.00,4.00,2.50,2040.00,109336.00,1.50,0.00,0.00,4.00,8.00,2040.00,0.00,1973.00,0.00,98038.00,47.42,-121.96,2370.00,133729.00
1919800090.00,20141215T000000,625000.00,4.00,1.75,2410.00,6770.00,1.00,0.00,0.00,4.00,7.00,1220.00,1190.00,1924.00,0.00,98103.00,47.69,-122.34,1440.00,6770.00
9274200850.00,20141016T000000,464050.00,2.00,1.00,780.00,2750.00,1.00,0.00,0.00,4.00,7.00,780.00,0.00,1928.00,0.00,98116.00,47.58,-122.39,1320.00,4440.00
1737320120.00,20140502T000000,470000.00,5.00,2.50,2210.00,9655.00,1.00,0.00,0.00,3.00,8.00,1460.00,750.00,1976.00,0.00,98011.00,47.77,-122.22,2080.00,8633.00
2473100450.00,20140909T000000,330000.00,4.00,2.00,1590.00,9100.00,1.00,0.00,0.00,3.00,7.00,1040.00,550.00,1967.00,2014.00,98058.00,47.45,-122.16,1670.00,9100.00
7923200150.00,20140915T000000,537000.00,4.00,1.75,2230.00,7957.00,1.00,0.00,0.00,4.00,7.00,2230.00,0.00,1967.00,0.00,98008.00,47.59,-122.12,2230.00,8040.00
7524600120.00,20150305T000000,250000.00,3.00,2.00,1560.00,32137.00,1.00,0.00,0.00,5.00,7.00,910.00,650.00,1976.00,0.00,98092.00,47.32,-122.12,1470.00,29150.00
424069206.00,20150112T000000,835000.00,4.00,2.50,2950.00,48351.00,2.00,0.00,0.00,3.00,10.00,2950.00,0.00,1986.00,0.00,98075.00,47.59,-122.05,2870.00,34417.00
9523103590.00,20150316T000000,770000.00,4.00,1.00,1480.00,3750.00,1.50,0.00,0.00,4.00,7.00,1480.00,0.00,1912.00,0.00,98103.00,47.67,-122.35,1570.00,3750.00
161000120.00,20141118T000000,650000.00,4.00,2.00,2850.00,4497.00,1.50,0.00,1.00,3.00,7.00,1730.00,1120.00,1910.00,0.00,98144.00,47.59,-122.29,2450.00,6000.00
1623049241.00,20141107T000000,335000.00,3.00,1.75,2390.00,30409.00,1.00,0.00,0.00,3.00,7.00,1560.00,830.00,1953.00,0.00,98168.00,47.48,-122.30,1750.00,13500.00
7229700165.00,20141202T000000,350000.00,3.00,1.75,1740.00,29597.00,1.00,0.00,0.00,4.00,7.00,1740.00,0.00,1965.00,0.00,98059.00,47.48,-122.12,1560.00,20741.00
3031200205.00,20140724T000000,415000.00,5.00,2.75,2060.00,8906.00,1.00,0.00,0.00,4.00,7.00,1220.00,840.00,1978.00,0.00,98118.00,47.54,-122.29,1840.00,8906.00
2600100110.00,20141119T000000,788000.00,4.00,2.50,2680.00,8778.00,2.00,0.00,0.00,4.00,8.00,2680.00,0.00,1977.00,0.00,98006.00,47.55,-122.16,2680.00,10020.00
5652601140.00,20141014T000000,640000.00,4.00,2.75,3150.00,7379.00,1.50,0.00,0.00,4.00,7.00,2430.00,720.00,1915.00,0.00,98115.00,47.70,-122.30,1990.00,7379.00
2473530100.00,20140523T000000,388000.00,4.00,2.50,2440.00,7155.00,2.00,0.00,0.00,3.00,8.00,2440.00,0.00,1993.00,0.00,98058.00,47.45,-122.13,2450.00,8109.00
3558900590.00,20141125T000000,360000.00,6.00,1.75,2230.00,10080.00,1.00,0.00,0.00,3.00,7.00,1390.00,840.00,1969.00,0.00,98034.00,47.71,-122.20,2110.00,8475.00
3558900590.00,20150324T000000,692500.00,6.00,1.75,2230.00,10080.00,1.00,0.00,0.00,3.00,7.00,1390.00,840.00,1969.00,0.00,98034.00,47.71,-122.20,2110.00,8475.00
8121100395.00,20140624T000000,425000.00,4.00,1.50,1600.00,6180.00,1.50,0.00,0.00,3.00,6.00,1600.00,0.00,1946.00,0.00,98118.00,47.57,-122.29,1410.00,6180.00
8121100395.00,20150311T000000,645000.00,4.00,1.50,1600.00,6180.00,1.50,0.00,0.00,3.00,6.00,1600.00,0.00,1946.00,0.00,98118.00,47.57,-122.29,1410.00,6180.00
7100000110.00,20150114T000000,340000.00,3.00,1.00,1580.00,8308.00,1.50,0.00,0.00,3.00,7.00,1580.00,0.00,1948.00,0.00,98146.00,47.51,-122.38,1200.00,8308.00
925069042.00,20150105T000000,713000.00,4.00,3.25,2840.00,54400.00,1.00,0.00,0.00,4.00,8.00,2840.00,0.00,1984.00,0.00,98053.00,47.67,-122.05,2550.00,43560.00
7568700740.00,20140521T000000,430000.00,3.00,2.75,2550.00,11160.00,2.00,0.00,0.00,3.00,8.00,2550.00,0.00,1994.00,0.00,98155.00,47.74,-122.32,1020.00,7440.00
7205510230.00,20150306T000000,280000.00,3.00,2.25,1700.00,7210.00,1.00,0.00,0.00,4.00,7.00,1250.00,450.00,1974.00,0.00,98003.00,47.35,-122.32,2070.00,7300.00
9268700040.00,20150226T000000,215000.00,3.00,2.00,1470.00,2052.00,1.50,0.00,0.00,3.00,7.00,1470.00,0.00,1986.00,0.00,98003.00,47.31,-122.33,1390.00,2052.00
2473480210.00,20140528T000000,306000.00,3.00,2.50,1680.00,11193.00,2.00,0.00,0.00,3.00,8.00,1680.00,0.00,1984.00,0.00,98058.00,47.45,-122.13,2080.00,8084.00
4024100120.00,20140625T000000,299900.00,3.00,1.00,1110.00,8593.00,1.00,0.00,0.00,3.00,7.00,1110.00,0.00,1979.00,0.00,98155.00,47.76,-122.31,1780.00,8593.00
4038200120.00,20140825T000000,534000.00,5.00,1.75,2120.00,8625.00,1.00,0.00,0.00,3.00,7.00,1200.00,920.00,1959.00,0.00,98008.00,47.61,-122.13,1930.00,8625.00
4218400395.00,20140728T000000,1160000.00,3.00,2.75,2380.00,5572.00,2.00,0.00,4.00,3.00,9.00,1930.00,450.00,1939.00,0.00,98105.00,47.66,-122.27,3370.00,5500.00
669000210.00,20140716T000000,1165000.00,3.00,2.50,2670.00,5000.00,2.00,0.00,3.00,5.00,9.00,2000.00,670.00,1942.00,1995.00,98144.00,47.59,-122.29,2320.00,5000.00
6018500015.00,20140711T000000,199990.00,2.00,1.00,890.00,6430.00,1.00,0.00,0.00,3.00,6.00,890.00,0.00,1935.00,1997.00,98022.00,47.20,-122.00,1460.00,6430.00
2600140120.00,20140812T000000,946000.00,4.00,3.00,3140.00,9058.00,1.00,0.00,0.00,3.00,9.00,2140.00,1000.00,1989.00,0.00,98006.00,47.55,-122.15,2760.00,10018.00
6381500090.00,20150220T000000,295000.00,4.00,1.00,1260.00,7800.00,1.50,0.00,0.00,3.00,7.00,1260.00,0.00,1947.00,2007.00,98125.00,47.73,-122.31,1639.00,7492.00
4109600306.00,20150218T000000,475000.00,2.00,1.00,920.00,5157.00,1.00,0.00,0.00,3.00,6.00,920.00,0.00,1909.00,0.00,98118.00,47.55,-122.27,1700.00,5150.00
2624079010.00,20150429T000000,750000.00,5.00,3.50,2990.00,212137.00,2.00,0.00,0.00,3.00,8.00,2450.00,540.00,1994.00,0.00,98024.00,47.53,-121.89,1060.00,69260.00
7204200025.00,20141028T000000,1225000.00,4.00,2.50,3120.00,49456.00,2.00,1.00,4.00,4.00,9.00,2590.00,530.00,1974.00,1989.00,98198.00,47.35,-122.32,2030.00,32181.00
8856003525.00,20150323T000000,183500.00,3.00,1.00,1010.00,7520.00,1.00,0.00,0.00,4.00,6.00,1010.00,0.00,1975.00,0.00,98001.00,47.27,-122.26,1370.00,8469.00
1695900025.00,20150327T000000,450000.00,2.00,1.00,1010.00,3627.00,1.00,0.00,2.00,4.00,6.00,1010.00,0.00,1924.00,0.00,98144.00,47.59,-122.29,1630.00,4040.00
3331001285.00,20150108T000000,180000.00,3.00,1.00,1020.00,5500.00,1.50,0.00,0.00,3.00,7.00,1020.00,0.00,1961.00,0.00,98118.00,47.55,-122.29,1160.00,5500.00
239000155.00,20150105T000000,707000.00,5.00,4.50,3540.00,21217.00,2.00,0.00,0.00,4.00,8.00,2940.00,600.00,1926.00,0.00,98188.00,47.43,-122.28,1290.00,12040.00
1721801280.00,20150304T000000,230000.00,2.00,0.75,900.00,3527.00,1.00,0.00,0.00,3.00,6.00,900.00,0.00,1939.00,0.00,98146.00,47.51,-122.34,1220.00,4080.00
5557700210.00,20141209T000000,192500.00,3.00,1.00,1100.00,9750.00,1.00,0.00,0.00,4.00,7.00,1100.00,0.00,1966.00,0.00,98023.00,47.32,-122.35,1190.00,9750.00
5416500040.00,20141017T000000,309000.00,3.00,2.50,1990.00,3614.00,2.00,0.00,0.00,3.00,7.00,1990.00,0.00,2005.00,0.00,98038.00,47.36,-122.04,1980.00,3800.00
3271300155.00,20141001T000000,759000.00,3.00,1.50,1980.00,5800.00,1.00,0.00,0.00,4.00,8.00,1520.00,460.00,1949.00,0.00,98199.00,47.65,-122.41,2280.00,5800.00
3303980210.00,20150427T000000,1115000.00,4.00,3.75,4040.00,14212.00,2.00,0.00,0.00,3.00,11.00,4040.00,0.00,2002.00,0.00,98059.00,47.52,-122.15,3940.00,14212.00
1944900090.00,20140519T000000,462000.00,5.00,1.75,1250.00,10530.00,1.00,0.00,0.00,4.00,7.00,1250.00,0.00,1966.00,0.00,98007.00,47.61,-122.14,1560.00,8190.00
7663700401.00,20141220T000000,229000.00,4.00,1.50,1820.00,22814.00,1.50,0.00,0.00,3.00,7.00,1820.00,0.00,1920.00,0.00,98125.00,47.73,-122.30,1770.00,9150.00
5694500386.00,20141020T000000,399950.00,2.00,2.25,1140.00,1184.00,2.00,0.00,0.00,3.00,8.00,1010.00,130.00,1999.00,0.00,98103.00,47.66,-122.35,1140.00,1339.00
7227800180.00,20150403T000000,325000.00,5.00,2.00,1730.00,10532.00,1.00,0.00,0.00,4.00,5.00,1730.00,0.00,1943.00,0.00,98056.00,47.51,-122.18,1940.00,8501.00
2767604558.00,20140721T000000,512000.00,2.00,2.25,1170.00,1313.00,3.00,0.00,0.00,3.00,8.00,1170.00,0.00,2007.00,0.00,98107.00,47.67,-122.38,1310.00,1304.00
5422950040.00,20140725T000000,410000.00,5.00,2.75,2910.00,5802.00,2.00,0.00,0.00,3.00,7.00,2910.00,0.00,2006.00,0.00,98038.00,47.36,-122.04,2910.00,5000.00
2660500283.00,20140624T000000,210000.00,2.00,1.00,970.00,5500.00,1.00,0.00,0.00,3.00,7.00,970.00,0.00,1956.00,0.00,98118.00,47.56,-122.29,1180.00,6000.00
3308010040.00,20140925T000000,325000.00,4.00,2.25,2130.00,8499.00,1.00,0.00,0.00,4.00,7.00,1600.00,530.00,1975.00,0.00,98030.00,47.37,-122.21,1890.00,11368.00
5423030040.00,20150406T000000,685000.00,3.00,2.50,2520.00,10175.00,1.00,0.00,0.00,3.00,8.00,1630.00,890.00,1979.00,0.00,98027.00,47.57,-122.09,2220.00,8388.00
8604900245.00,20140518T000000,488000.00,2.00,2.00,1360.00,4688.00,1.00,0.00,0.00,3.00,7.00,780.00,580.00,1944.00,0.00,98115.00,47.69,-122.32,1340.00,4750.00
7349650230.00,20150302T000000,247500.00,3.00,2.25,1620.00,6000.00,1.00,0.00,0.00,3.00,7.00,1280.00,340.00,1998.00,0.00,98002.00,47.28,-122.20,1710.00,6318.00
8902000175.00,20140620T000000,489000.00,4.00,2.00,2120.00,11479.00,1.00,0.00,0.00,4.00,7.00,1060.00,1060.00,1940.00,0.00,98125.00,47.71,-122.30,1540.00,11000.00
582000065.00,20141125T000000,725000.00,4.00,1.75,2700.00,6000.00,1.00,0.00,0.00,4.00,8.00,1450.00,1250.00,1953.00,0.00,98199.00,47.65,-122.40,2080.00,6000.00
2123049194.00,20150409T000000,199950.00,3.00,1.50,1370.00,10317.00,1.50,0.00,0.00,3.00,6.00,1370.00,0.00,1958.00,0.00,98168.00,47.47,-122.30,1370.00,9884.00
1830300090.00,20150401T000000,670000.00,5.00,3.00,2520.00,13001.00,2.00,0.00,1.00,3.00,8.00,2010.00,510.00,1973.00,0.00,98008.00,47.64,-122.11,2170.00,8215.00
7522600110.00,20141229T000000,275000.00,3.00,2.00,1540.00,10410.00,1.00,0.00,0.00,4.00,7.00,1540.00,0.00,1967.00,0.00,98198.00,47.37,-122.32,1590.00,7725.00
5457800740.00,20150407T000000,1000000.00,3.00,1.75,2610.00,6360.00,2.00,0.00,2.00,3.00,8.00,2130.00,480.00,1924.00,0.00,98109.00,47.63,-122.35,3010.00,6000.00
5115000100.00,20140523T000000,255000.00,3.00,2.00,1490.00,8371.00,1.50,0.00,0.00,3.00,7.00,1490.00,0.00,1984.00,0.00,98031.00,47.40,-122.19,1350.00,7846.00
4038400150.00,20141113T000000,465000.00,3.00,1.75,2760.00,9137.00,1.00,0.00,0.00,3.00,7.00,1380.00,1380.00,1960.00,0.00,98007.00,47.61,-122.13,1980.00,9137.00
1796500100.00,20150211T000000,259000.00,3.00,1.75,1260.00,3604.00,1.00,0.00,0.00,3.00,7.00,1260.00,0.00,2012.00,0.00,98042.00,47.36,-122.10,1430.00,3767.00
8956000100.00,20141121T000000,695000.00,3.00,3.50,2630.00,4713.00,2.00,0.00,2.00,3.00,9.00,2030.00,600.00,2008.00,0.00,98027.00,47.55,-122.02,2450.00,4187.00
3876313120.00,20150501T000000,505000.00,3.00,1.75,1800.00,7210.00,1.00,0.00,0.00,3.00,7.00,1370.00,430.00,1976.00,0.00,98072.00,47.73,-122.17,1820.00,8100.00
6819100040.00,20140624T000000,631500.00,2.00,1.00,1130.00,2640.00,1.00,0.00,0.00,4.00,8.00,1130.00,0.00,1927.00,0.00,98109.00,47.64,-122.36,1680.00,3200.00
5318101185.00,20141016T000000,630500.00,3.00,1.00,1180.00,3600.00,1.50,0.00,0.00,3.00,7.00,1180.00,0.00,1926.00,0.00,98112.00,47.63,-122.28,1900.00,3600.00
424069112.00,20140616T000000,999000.00,4.00,2.75,2800.00,19168.00,2.00,0.00,0.00,3.00,10.00,2800.00,0.00,1992.00,0.00,98075.00,47.59,-122.04,2010.00,16020.00
2533300025.00,20140710T000000,740000.00,3.00,1.50,1830.00,4000.00,1.00,0.00,0.00,4.00,7.00,1350.00,480.00,1910.00,0.00,98119.00,47.65,-122.37,1570.00,3672.00
5101404482.00,20140929T000000,650000.00,3.00,2.50,2220.00,6380.00,1.50,0.00,0.00,4.00,8.00,1660.00,560.00,1931.00,0.00,98115.00,47.70,-122.31,950.00,6380.00
8682231210.00,20140805T000000,554000.00,2.00,2.00,1870.00,5580.00,1.00,0.00,0.00,3.00,8.00,1870.00,0.00,2004.00,0.00,98053.00,47.71,-122.03,1670.00,4500.00
1525069021.00,20141201T000000,400000.00,3.00,2.50,2580.00,214315.00,1.50,0.00,0.00,3.00,8.00,2580.00,0.00,1946.00,1986.00,98053.00,47.65,-122.02,2580.00,70131.00
5076700115.00,20150223T000000,529941.00,3.00,2.00,1660.00,10000.00,1.00,0.00,0.00,4.00,7.00,1010.00,650.00,1961.00,0.00,98005.00,47.59,-122.17,2020.00,9720.00
3332000615.00,20141020T000000,310000.00,3.00,1.00,1330.00,3740.00,1.50,0.00,0.00,3.00,6.00,1330.00,0.00,1903.00,0.00,98118.00,47.55,-122.27,1330.00,5053.00
3332000615.00,20150422T000000,389000.00,3.00,1.00,1330.00,3740.00,1.50,0.00,0.00,3.00,6.00,1330.00,0.00,1903.00,0.00,98118.00,47.55,-122.27,1330.00,5053.00
5569620410.00,20140909T000000,731781.00,3.00,3.00,2630.00,4972.00,2.00,0.00,0.00,3.00,9.00,2630.00,0.00,2006.00,0.00,98052.00,47.69,-122.13,2880.00,4972.00
3009800015.00,20150422T000000,502501.00,2.00,1.00,1100.00,4750.00,1.00,0.00,0.00,3.00,7.00,1100.00,0.00,1946.00,0.00,98116.00,47.58,-122.38,1830.00,4750.00
6189600040.00,20141117T000000,443000.00,3.00,1.75,1810.00,7950.00,1.00,0.00,0.00,4.00,7.00,1810.00,0.00,1968.00,0.00,98008.00,47.62,-122.12,1680.00,7725.00
9834200365.00,20140815T000000,607000.00,3.00,2.00,2060.00,4080.00,1.00,0.00,0.00,5.00,7.00,1060.00,1000.00,1921.00,0.00,98144.00,47.57,-122.29,1400.00,4080.00
1959701800.00,20140702T000000,2147500.00,3.00,3.50,4660.00,5500.00,2.00,0.00,4.00,5.00,10.00,3040.00,1620.00,1909.00,0.00,98102.00,47.65,-122.32,2980.00,5500.00
8917100153.00,20140910T000000,585000.00,4.00,2.50,2370.00,15200.00,1.00,0.00,0.00,3.00,8.00,1660.00,710.00,1975.00,0.00,98052.00,47.63,-122.09,2360.00,13879.00
2344300180.00,20140619T000000,1027000.00,3.00,2.50,2430.00,10500.00,2.00,0.00,1.00,3.00,9.00,2430.00,0.00,1989.00,0.00,98004.00,47.58,-122.20,3440.00,12842.00
3216900100.00,20140612T000000,315000.00,3.00,2.50,1880.00,7000.00,2.00,0.00,0.00,3.00,8.00,1880.00,0.00,1993.00,0.00,98031.00,47.42,-122.18,1880.00,7000.00
425000065.00,20141021T000000,180000.00,2.00,1.00,1150.00,5695.00,1.00,0.00,0.00,4.00,6.00,1150.00,0.00,1958.00,0.00,98056.00,47.50,-122.17,1150.00,5695.00
2426069085.00,20140513T000000,322500.00,3.00,2.00,1350.00,14200.00,1.00,0.00,0.00,3.00,7.00,1350.00,0.00,1989.00,0.00,98019.00,47.73,-121.97,2100.00,15101.00
7199350600.00,20140602T000000,568500.00,3.00,2.75,2180.00,7519.00,1.00,0.00,0.00,4.00,7.00,1310.00,870.00,1981.00,0.00,98052.00,47.70,-122.13,1510.00,7107.00
6909700040.00,20140611T000000,813000.00,4.00,2.75,3370.00,6675.00,1.00,0.00,3.00,4.00,8.00,1920.00,1450.00,1948.00,0.00,98144.00,47.59,-122.29,2250.00,5550.00
4147200040.00,20150414T000000,1085000.00,5.00,2.25,3650.00,13068.00,1.00,0.00,0.00,4.00,10.00,1850.00,1800.00,1976.00,0.00,98040.00,47.55,-122.23,2760.00,13927.00
1062100100.00,20140626T000000,424000.00,4.00,2.00,2100.00,4857.00,2.00,0.00,0.00,3.00,8.00,2100.00,0.00,1965.00,1984.00,98155.00,47.75,-122.28,1450.00,5965.00
2124049254.00,20140717T000000,235000.00,2.00,1.00,670.00,5600.00,1.00,0.00,0.00,3.00,6.00,670.00,0.00,1903.00,0.00,98108.00,47.55,-122.30,1960.00,7176.00
6841700100.00,20140929T000000,740000.00,3.00,3.50,2420.00,4000.00,2.00,0.00,0.00,5.00,9.00,1820.00,600.00,1907.00,0.00,98122.00,47.61,-122.30,2030.00,4550.00
7544800195.00,20140813T000000,415000.00,1.00,1.00,760.00,3000.00,1.00,0.00,0.00,3.00,7.00,760.00,0.00,1900.00,0.00,98122.00,47.61,-122.30,1270.00,3000.00
8807810110.00,20140522T000000,432000.00,3.00,2.75,2200.00,14925.00,1.00,0.00,0.00,3.00,6.00,1100.00,1100.00,1982.00,0.00,98053.00,47.66,-122.06,1520.00,14212.00
1126059201.00,20150504T000000,1268890.00,5.00,3.25,4410.00,35192.00,2.00,0.00,2.00,3.00,12.00,3880.00,530.00,1990.00,0.00,98072.00,47.75,-122.13,4410.00,59677.00
1422200090.00,20140915T000000,676500.00,3.00,1.75,1300.00,2446.00,1.00,0.00,3.00,3.00,8.00,880.00,420.00,1961.00,0.00,98122.00,47.61,-122.29,2440.00,5051.00
871000065.00,20141120T000000,419000.00,2.00,1.00,720.00,4592.00,1.00,0.00,0.00,4.00,6.00,720.00,0.00,1943.00,0.00,98199.00,47.65,-122.40,1030.00,5816.00
4054710090.00,20150320T000000,650000.00,3.00,2.50,2180.00,37042.00,2.00,0.00,0.00,3.00,9.00,2180.00,0.00,1998.00,0.00,98077.00,47.72,-122.03,2880.00,32688.00
8075400360.00,20140822T000000,239000.00,2.00,1.00,1130.00,15190.00,1.00,0.00,0.00,4.00,7.00,1130.00,0.00,1954.00,0.00,98032.00,47.39,-122.28,1490.00,16920.00
9551202875.00,20140709T000000,900000.00,4.00,2.50,2230.00,4372.00,2.00,0.00,0.00,5.00,8.00,1540.00,690.00,1935.00,0.00,98103.00,47.67,-122.33,2020.00,4372.00
4027700930.00,20150428T000000,330000.00,5.00,1.75,2100.00,7347.00,1.00,0.00,0.00,3.00,7.00,1070.00,1030.00,1981.00,0.00,98028.00,47.78,-122.27,2170.00,9418.00
1535204165.00,20141204T000000,510000.00,3.00,1.75,2060.00,58341.00,1.00,0.00,4.00,3.00,8.00,1100.00,960.00,1982.00,0.00,98070.00,47.42,-122.44,1230.00,14904.00
3303860590.00,20140627T000000,465000.00,4.00,2.50,3060.00,6000.00,2.00,0.00,0.00,3.00,9.00,3060.00,0.00,2012.00,0.00,98038.00,47.37,-122.06,3040.00,6000.00
1925069066.00,20140623T000000,1700000.00,3.00,2.75,2810.00,18731.00,2.00,1.00,4.00,4.00,10.00,2810.00,0.00,1974.00,0.00,98052.00,47.64,-122.09,3120.00,14810.00
6137610540.00,20140827T000000,490000.00,3.00,2.25,2550.00,8588.00,1.00,0.00,4.00,3.00,9.00,2550.00,0.00,1989.00,0.00,98011.00,47.77,-122.20,3050.00,8588.00
2525049263.00,20140709T000000,2680000.00,5.00,3.00,4290.00,20445.00,2.00,0.00,0.00,4.00,11.00,4290.00,0.00,1985.00,0.00,98039.00,47.62,-122.24,3620.00,22325.00
126059310.00,20141130T000000,1000000.00,3.00,2.25,3040.00,52302.00,1.00,0.00,0.00,3.00,9.00,3040.00,0.00,2005.00,0.00,98072.00,47.76,-122.11,2070.00,38600.00
4254000540.00,20140708T000000,469950.00,4.00,2.75,2530.00,14178.00,2.00,0.00,0.00,3.00,8.00,2530.00,0.00,1997.00,0.00,98019.00,47.74,-121.96,2530.00,14055.00
5101405067.00,20140509T000000,536000.00,3.00,1.75,1300.00,5413.00,1.50,0.00,0.00,3.00,7.00,1300.00,0.00,1925.00,1992.00,98115.00,47.70,-122.32,1590.00,6380.00
5468000180.00,20150305T000000,244950.00,4.00,2.50,1790.00,19177.00,1.00,0.00,0.00,4.00,7.00,1790.00,0.00,1966.00,0.00,98030.00,47.36,-122.17,1760.00,11726.00
1930301220.00,20150417T000000,575000.00,3.00,1.00,1530.00,2400.00,1.00,0.00,0.00,4.00,7.00,890.00,640.00,1928.00,0.00,98103.00,47.65,-122.35,1240.00,2400.00
9282801450.00,20150325T000000,361000.00,5.00,2.75,2380.00,7500.00,1.00,0.00,0.00,3.00,7.00,1300.00,1080.00,1984.00,0.00,98178.00,47.50,-122.24,2400.00,6000.00
4037000925.00,20150327T000000,650000.00,5.00,2.25,2400.00,13450.00,1.00,0.00,0.00,5.00,7.00,1200.00,1200.00,1957.00,0.00,98008.00,47.60,-122.12,1950.00,10361.00
3336000230.00,20150323T000000,230005.00,2.00,1.00,1030.00,6000.00,1.00,0.00,0.00,2.00,7.00,830.00,200.00,1951.00,0.00,98118.00,47.53,-122.27,1770.00,5000.00
3621059043.00,20140527T000000,293000.00,4.00,2.50,3250.00,235063.00,1.00,0.00,2.00,3.00,9.00,3250.00,0.00,1973.00,0.00,98092.00,47.26,-122.11,1600.00,44287.00
126049231.00,20140516T000000,445000.00,3.00,3.00,1970.00,24318.00,1.00,0.00,0.00,3.00,8.00,1970.00,0.00,2010.00,0.00,98028.00,47.77,-122.25,2150.00,14695.00
3331000220.00,20140814T000000,280000.00,4.00,1.50,1940.00,6386.00,1.00,0.00,0.00,3.00,7.00,1140.00,800.00,1954.00,0.00,98118.00,47.55,-122.29,1340.00,6165.00
3904900230.00,20140716T000000,520000.00,3.00,2.25,1850.00,10855.00,1.00,0.00,0.00,3.00,8.00,1370.00,480.00,1985.00,0.00,98029.00,47.57,-122.02,1850.00,8209.00
525069133.00,20140805T000000,780000.00,4.00,3.25,3900.00,40962.00,2.00,0.00,0.00,3.00,10.00,3900.00,0.00,1991.00,0.00,98053.00,47.68,-122.06,1730.00,11775.00
2721049061.00,20140709T000000,625000.00,3.00,1.75,3160.00,76230.00,1.00,0.00,0.00,4.00,8.00,2160.00,1000.00,1978.00,0.00,98001.00,47.27,-122.29,1990.00,45789.00
5381000411.00,20150410T000000,239950.00,3.00,1.75,1440.00,7200.00,1.00,0.00,0.00,3.00,7.00,1440.00,0.00,1986.00,0.00,98188.00,47.45,-122.28,1640.00,9167.00
603000150.00,20140616T000000,335000.00,3.00,1.50,2040.00,6000.00,1.00,0.00,0.00,3.00,7.00,1340.00,700.00,1957.00,0.00,98118.00,47.52,-122.29,1190.00,6000.00
3904960690.00,20150417T000000,612000.00,3.00,2.50,2120.00,7401.00,2.00,0.00,0.00,3.00,8.00,2120.00,0.00,1989.00,0.00,98029.00,47.58,-122.02,2010.00,7972.00
7686202730.00,20140804T000000,200000.00,2.00,1.00,830.00,8000.00,1.00,0.00,0.00,3.00,6.00,830.00,0.00,1954.00,0.00,98198.00,47.42,-122.32,1300.00,8000.00
9264910300.00,20140710T000000,345000.00,3.00,1.75,3140.00,8571.00,1.00,0.00,0.00,4.00,8.00,1670.00,1470.00,1985.00,0.00,98023.00,47.31,-122.34,2590.00,7949.00
1437910090.00,20150128T000000,520000.00,4.00,2.50,2410.00,6440.00,1.00,0.00,0.00,3.00,8.00,1550.00,860.00,1974.00,0.00,98034.00,47.72,-122.19,2330.00,6938.00
2652500740.00,20140618T000000,855000.00,4.00,2.25,2190.00,4080.00,2.00,0.00,0.00,3.00,8.00,1800.00,390.00,1918.00,0.00,98119.00,47.64,-122.36,2100.00,4080.00
9274200735.00,20150507T000000,567500.00,4.00,1.75,2190.00,5060.00,1.00,0.00,0.00,3.00,7.00,1190.00,1000.00,1950.00,0.00,98116.00,47.58,-122.39,1510.00,4600.00
1745000090.00,20141110T000000,208000.00,3.00,1.50,1210.00,7247.00,1.00,0.00,0.00,4.00,7.00,1210.00,0.00,1967.00,0.00,98003.00,47.33,-122.32,1370.00,7869.00
5101405338.00,20140821T000000,452000.00,3.00,1.75,1880.00,16239.00,1.00,0.00,0.00,3.00,7.00,880.00,1000.00,1922.00,0.00,98115.00,47.70,-122.30,1260.00,7528.00
9348500220.00,20140728T000000,555000.00,3.00,3.00,2410.00,12183.00,2.00,0.00,0.00,3.00,9.00,2410.00,0.00,1988.00,0.00,98011.00,47.75,-122.18,2540.00,9979.00
1066600090.00,20140905T000000,519000.00,5.00,2.75,2620.00,8861.00,1.00,0.00,0.00,5.00,8.00,1350.00,1270.00,1979.00,0.00,98056.00,47.52,-122.18,1940.00,10800.00
3331500455.00,20141203T000000,474950.00,3.00,2.25,1850.00,2575.00,2.00,0.00,0.00,3.00,9.00,1850.00,0.00,2013.00,0.00,98118.00,47.55,-122.27,1080.00,4120.00
1427300120.00,20150121T000000,419000.00,3.00,2.25,1760.00,16418.00,1.00,0.00,0.00,3.00,7.00,1190.00,570.00,1990.00,0.00,98053.00,47.65,-121.99,2260.00,20747.00
1861400068.00,20140911T000000,390000.00,2.00,1.00,860.00,1800.00,1.00,0.00,0.00,3.00,7.00,860.00,0.00,1909.00,0.00,98119.00,47.63,-122.37,2160.00,3120.00
4040500100.00,20141020T000000,539000.00,7.00,2.25,2620.00,6890.00,2.00,0.00,0.00,4.00,7.00,2620.00,0.00,1961.00,0.00,98007.00,47.61,-122.13,2070.00,7910.00
6117501250.00,20140801T000000,569000.00,4.00,1.75,2400.00,21196.00,1.00,0.00,0.00,5.00,8.00,1590.00,810.00,1956.00,0.00,98166.00,47.43,-122.35,2200.00,19134.00
9523103990.00,20141208T000000,611000.00,3.00,1.00,1850.00,5000.00,1.50,0.00,0.00,3.00,7.00,1850.00,0.00,1922.00,0.00,98103.00,47.67,-122.35,1850.00,5000.00
3221069054.00,20141028T000000,760000.00,3.00,2.50,4040.00,147856.00,2.00,0.00,0.00,3.00,9.00,4040.00,0.00,2004.00,0.00,98092.00,47.27,-122.07,3000.00,125452.00
8838900032.00,20140518T000000,732000.00,3.00,2.00,1940.00,55756.00,1.00,0.00,0.00,5.00,9.00,1940.00,0.00,1954.00,0.00,98007.00,47.59,-122.15,2330.00,10018.00
1455100355.00,20140708T000000,1675000.00,3.00,2.50,3490.00,8343.00,2.00,1.00,4.00,4.00,9.00,2150.00,1340.00,1939.00,1991.00,98125.00,47.73,-122.28,2990.00,13104.00
1853080120.00,20140903T000000,919950.00,5.00,2.75,3170.00,7062.00,2.00,0.00,0.00,3.00,9.00,3170.00,0.00,2014.00,0.00,98074.00,47.59,-122.06,3210.00,6891.00
2806800120.00,20140610T000000,400000.00,4.00,2.50,2530.00,7563.00,1.00,0.00,0.00,3.00,7.00,1440.00,1090.00,1978.00,0.00,98011.00,47.78,-122.21,1960.00,7811.00
3216000090.00,20140729T000000,785000.00,4.00,2.50,3230.00,21781.00,2.00,0.00,0.00,3.00,9.00,3230.00,0.00,1993.00,0.00,98053.00,47.63,-122.01,3230.00,21780.00
1525059165.00,20140629T000000,835000.00,3.00,2.25,2120.00,54014.00,2.00,0.00,0.00,4.00,9.00,2120.00,0.00,1964.00,0.00,98005.00,47.65,-122.16,3280.00,50690.00
8901000835.00,20150211T000000,640500.00,2.00,1.75,1640.00,6750.00,1.00,0.00,0.00,4.00,8.00,1340.00,300.00,1939.00,0.00,98125.00,47.71,-122.31,1760.00,7490.00
8001400300.00,20150316T000000,310000.00,4.00,2.50,2130.00,9013.00,2.00,0.00,0.00,3.00,8.00,2130.00,0.00,1988.00,0.00,98001.00,47.32,-122.27,2350.00,8982.00
1138000450.00,20141016T000000,355000.00,4.00,1.00,1440.00,7215.00,1.50,0.00,0.00,3.00,7.00,1440.00,0.00,1969.00,0.00,98034.00,47.71,-122.21,1150.00,7215.00
2485000100.00,20140529T000000,685000.00,3.00,1.75,1940.00,7313.00,1.00,0.00,1.00,4.00,8.00,1440.00,500.00,1960.00,0.00,98136.00,47.52,-122.39,2160.00,7200.00
7689600215.00,20141017T000000,202500.00,3.00,1.00,1120.00,8576.00,1.00,0.00,0.00,3.00,6.00,1120.00,0.00,1943.00,0.00,98178.00,47.49,-122.25,1050.00,8812.00
7852010940.00,20150505T000000,540000.00,3.00,2.50,2400.00,5817.00,2.00,0.00,0.00,3.00,8.00,2400.00,0.00,1998.00,0.00,98065.00,47.54,-121.87,2420.00,5817.00
739980360.00,20141117T000000,295000.00,4.00,2.50,1810.00,4871.00,2.00,0.00,0.00,3.00,8.00,1810.00,0.00,1999.00,0.00,98031.00,47.41,-122.19,1850.00,5003.00
1102001055.00,20150424T000000,518000.00,3.00,1.00,1270.00,6612.00,1.50,0.00,3.00,3.00,7.00,1270.00,0.00,1927.00,0.00,98118.00,47.54,-122.26,2100.00,7680.00
2781250970.00,20150501T000000,250000.00,2.00,1.75,1350.00,4023.00,1.00,0.00,0.00,3.00,7.00,1350.00,0.00,2005.00,0.00,98038.00,47.35,-122.02,1370.00,3570.00
3624079067.00,20140508T000000,330000.00,2.00,2.00,1550.00,435600.00,1.50,0.00,0.00,2.00,7.00,1550.00,0.00,1972.00,0.00,98065.00,47.51,-121.85,1600.00,217800.00
4443800785.00,20141121T000000,481000.00,2.00,1.00,1620.00,3880.00,1.00,0.00,0.00,4.00,7.00,920.00,700.00,1924.00,0.00,98117.00,47.69,-122.39,1330.00,3880.00
3303900090.00,20141023T000000,898000.00,3.00,2.25,2650.00,12845.00,1.00,0.00,3.00,3.00,9.00,1770.00,880.00,1977.00,0.00,98034.00,47.72,-122.26,2650.00,12902.00
686530530.00,20140804T000000,570000.00,5.00,1.75,2510.00,9750.00,1.50,0.00,0.00,3.00,8.00,2510.00,0.00,1969.00,0.00,98052.00,47.66,-122.15,1900.00,9750.00
4254000220.00,20150307T000000,475000.00,4.00,2.50,2040.00,16200.00,2.00,0.00,0.00,3.00,8.00,2040.00,0.00,1997.00,0.00,98019.00,47.74,-121.96,2530.00,15389.00
7575600610.00,20150209T000000,265000.00,3.00,2.50,1660.00,5250.00,2.00,0.00,0.00,4.00,8.00,1660.00,0.00,1988.00,0.00,98003.00,47.35,-122.30,1630.00,5505.00
7631800110.00,20140918T000000,380000.00,3.00,2.50,1980.00,17342.00,2.00,1.00,4.00,3.00,10.00,1580.00,400.00,1984.00,0.00,98166.00,47.46,-122.37,2060.00,17313.00
7732410120.00,20140819T000000,790000.00,4.00,2.50,2690.00,8036.00,2.00,0.00,0.00,4.00,9.00,2690.00,0.00,1987.00,0.00,98007.00,47.66,-122.14,2420.00,8087.00
2493200040.00,20150312T000000,620000.00,2.00,2.25,2910.00,6110.00,2.00,0.00,2.00,4.00,9.00,2910.00,0.00,1985.00,0.00,98136.00,47.53,-122.39,2090.00,5763.00
2568300040.00,20140819T000000,709050.00,4.00,3.50,2720.00,9000.00,2.00,0.00,0.00,3.00,8.00,2670.00,50.00,1997.00,0.00,98125.00,47.70,-122.30,1960.00,7772.00
1781500385.00,20140806T000000,296500.00,3.00,1.00,1280.00,5100.00,1.00,0.00,0.00,3.00,7.00,1280.00,0.00,1948.00,0.00,98126.00,47.53,-122.38,1380.00,7140.00
626710220.00,20140813T000000,475000.00,3.00,2.50,2160.00,35912.00,2.00,0.00,0.00,3.00,8.00,2160.00,0.00,1982.00,0.00,98077.00,47.73,-122.08,2230.00,35244.00
9414500230.00,20141022T000000,440000.00,3.00,2.25,1760.00,10835.00,1.00,0.00,0.00,4.00,8.00,1290.00,470.00,1976.00,0.00,98027.00,47.52,-122.05,2050.00,10488.00
6638900405.00,20141208T000000,405000.00,2.00,1.00,800.00,6016.00,1.00,0.00,0.00,3.00,6.00,800.00,0.00,1942.00,0.00,98117.00,47.69,-122.37,1470.00,3734.00
7327902612.00,20150513T000000,269500.00,2.00,1.00,930.00,4000.00,1.00,0.00,0.00,3.00,6.00,730.00,200.00,1943.00,0.00,98108.00,47.53,-122.32,1100.00,5000.00
7923600330.00,20141119T000000,520000.00,5.00,1.75,2040.00,5280.00,1.00,0.00,0.00,4.00,7.00,1020.00,1020.00,1961.00,0.00,98007.00,47.59,-122.14,1720.00,7344.00
2011400782.00,20140804T000000,229500.00,1.00,1.00,1180.00,22000.00,1.00,0.00,2.00,3.00,6.00,1180.00,0.00,1948.00,0.00,98198.00,47.40,-122.32,1890.00,11761.00
821049149.00,20141009T000000,335000.00,4.00,1.75,2000.00,10890.00,1.00,0.00,0.00,4.00,7.00,1390.00,610.00,1961.00,0.00,98003.00,47.32,-122.32,1520.00,9250.00
4054700300.00,20141021T000000,680000.00,4.00,2.75,3310.00,50951.00,2.00,0.00,0.00,3.00,9.00,3310.00,0.00,1998.00,0.00,98077.00,47.72,-122.03,3230.00,39340.00
3931900580.00,20150313T000000,1389000.00,4.00,3.50,3130.00,3900.00,2.00,0.00,0.00,3.00,9.00,2550.00,580.00,2008.00,0.00,98115.00,47.68,-122.33,1830.00,3900.00
2485000165.00,20141215T000000,740000.00,4.00,2.50,2300.00,9900.00,1.00,0.00,2.00,3.00,8.00,1600.00,700.00,1961.00,0.00,98136.00,47.53,-122.39,2510.00,7500.00
1117000150.00,20150317T000000,270000.00,3.00,2.25,2140.00,9990.00,1.00,0.00,0.00,4.00,8.00,2140.00,0.00,1962.00,0.00,98003.00,47.35,-122.30,2060.00,9990.00
4321200600.00,20150504T000000,510000.00,4.00,2.00,2210.00,5572.00,1.50,0.00,3.00,3.00,7.00,1760.00,450.00,1911.00,0.00,98126.00,47.57,-122.38,1760.00,4713.00
123039364.00,20140521T000000,300000.00,2.00,1.00,970.00,13700.00,1.00,0.00,0.00,3.00,6.00,970.00,0.00,1949.00,0.00,98106.00,47.52,-122.36,1570.00,10880.00
2175100205.00,20150323T000000,1298890.00,5.00,2.25,2690.00,10800.00,1.00,0.00,3.00,4.00,8.00,2020.00,670.00,1956.00,0.00,98040.00,47.58,-122.25,3380.00,9134.00
8813400165.00,20140819T000000,675000.00,4.00,2.00,1890.00,5188.00,1.50,0.00,0.00,4.00,7.00,1670.00,220.00,1940.00,0.00,98105.00,47.66,-122.29,1800.00,4848.00
2597531020.00,20141104T000000,925850.00,6.00,3.25,3140.00,14923.00,2.00,0.00,0.00,3.00,10.00,3140.00,0.00,1991.00,0.00,98006.00,47.54,-122.13,2980.00,10758.00
723069013.00,20140718T000000,255500.00,2.00,1.00,1440.00,43560.00,1.00,0.00,0.00,4.00,7.00,1150.00,290.00,1965.00,0.00,98027.00,47.49,-122.08,1870.00,56628.00
1137800230.00,20140514T000000,450000.00,3.00,2.50,2910.00,17172.00,2.00,0.00,0.00,3.00,10.00,2910.00,0.00,1989.00,0.00,98003.00,47.28,-122.33,2910.00,20048.00
3221069057.00,20141105T000000,280000.00,3.00,1.00,1310.00,22652.00,1.00,0.00,0.00,3.00,7.00,1310.00,0.00,1968.00,0.00,98092.00,47.26,-122.07,1600.00,103672.00
3832500230.00,20150105T000000,245000.00,4.00,2.25,2140.00,8800.00,2.00,0.00,0.00,4.00,7.00,2140.00,0.00,1963.00,0.00,98032.00,47.37,-122.29,2060.00,9790.00
1138010220.00,20150317T000000,344950.00,3.00,1.00,1090.00,6712.00,1.00,0.00,0.00,4.00,7.00,1090.00,0.00,1972.00,0.00,98034.00,47.72,-122.21,1440.00,7350.00
3205500230.00,20140811T000000,381000.00,3.00,1.75,1330.00,7216.00,1.00,0.00,0.00,3.00,7.00,1330.00,0.00,1969.00,0.00,98034.00,47.72,-122.18,1500.00,8000.00
4389201241.00,20141230T000000,1945000.00,4.00,4.00,4690.00,6900.00,2.00,0.00,0.00,3.00,11.00,3480.00,1210.00,2001.00,0.00,98004.00,47.62,-122.22,2800.00,11240.00
9808700025.00,20150211T000000,1500000.00,3.00,1.50,1910.00,21374.00,1.00,0.00,0.00,1.00,8.00,1910.00,0.00,1955.00,0.00,98004.00,47.65,-122.21,2850.00,16167.00
4399210110.00,20140619T000000,232603.00,3.00,1.75,1750.00,11461.00,2.00,0.00,0.00,4.00,7.00,1750.00,0.00,1976.00,0.00,98002.00,47.32,-122.21,2140.00,11276.00
7972602490.00,20141212T000000,220000.00,5.00,2.50,1760.00,10200.00,1.50,0.00,0.00,3.00,6.00,1760.00,0.00,1925.00,0.00,98106.00,47.53,-122.35,1370.00,7620.00
2128000180.00,20140811T000000,600000.00,4.00,1.75,1810.00,7700.00,1.00,0.00,0.00,5.00,8.00,1390.00,420.00,1977.00,0.00,98033.00,47.70,-122.17,2080.00,7700.00
4345000090.00,20141105T000000,239000.00,3.00,2.50,1360.00,5754.00,2.00,0.00,0.00,3.00,7.00,1360.00,0.00,1994.00,0.00,98030.00,47.36,-122.18,1360.00,7050.00
6413100242.00,20140826T000000,400000.00,3.00,1.75,1730.00,9211.00,1.00,0.00,0.00,3.00,8.00,1730.00,0.00,1961.00,0.00,98125.00,47.71,-122.32,1440.00,9211.00
4218400455.00,20140708T000000,2180000.00,6.00,2.75,4710.00,11000.00,2.00,0.00,3.00,3.00,10.00,3690.00,1020.00,1931.00,0.00,98105.00,47.66,-122.27,2950.00,5300.00
1568100220.00,20140908T000000,350000.00,3.00,1.00,1010.00,8551.00,1.00,0.00,0.00,5.00,7.00,1010.00,0.00,1953.00,0.00,98155.00,47.74,-122.30,1310.00,8504.00
1626069220.00,20140905T000000,562000.00,3.00,2.50,2400.00,97138.00,2.00,0.00,0.00,5.00,8.00,2400.00,0.00,1983.00,0.00,98077.00,47.74,-122.05,2230.00,54450.00
3342103149.00,20140910T000000,380000.00,3.00,1.50,1540.00,8400.00,1.00,0.00,0.00,5.00,7.00,1540.00,0.00,1968.00,0.00,98056.00,47.52,-122.20,1690.00,7689.00
8127700410.00,20141015T000000,511200.00,4.00,1.75,1480.00,7875.00,1.00,0.00,0.00,3.00,7.00,740.00,740.00,1927.00,0.00,98199.00,47.64,-122.40,1680.00,5851.00
3629970090.00,20141014T000000,680000.00,4.00,2.50,2520.00,5000.00,2.00,0.00,0.00,3.00,9.00,2520.00,0.00,2004.00,0.00,98029.00,47.55,-121.99,2910.00,5001.00
8910500237.00,20140726T000000,350000.00,3.00,3.25,1210.00,941.00,2.00,0.00,0.00,3.00,8.00,1000.00,210.00,2002.00,0.00,98133.00,47.71,-122.36,1650.00,1493.00
621069218.00,20150219T000000,410000.00,5.00,2.50,2670.00,184140.00,1.00,0.00,0.00,3.00,8.00,1410.00,1260.00,1980.00,0.00,98042.00,47.34,-122.10,1860.00,35719.00
3394100230.00,20140522T000000,1050000.00,4.00,2.50,3030.00,12590.00,1.50,0.00,0.00,4.00,10.00,3030.00,0.00,1988.00,0.00,98004.00,47.58,-122.19,2980.00,11635.00
8682211030.00,20141028T000000,391265.00,3.00,2.00,1440.00,3900.00,1.00,0.00,0.00,3.00,8.00,1440.00,0.00,2002.00,0.00,98053.00,47.70,-122.02,1350.00,3900.00
5427100150.00,20140626T000000,1410000.00,4.00,2.25,3250.00,16684.00,2.00,0.00,0.00,3.00,9.00,3250.00,0.00,1979.00,0.00,98039.00,47.63,-122.23,2890.00,16927.00
7579200600.00,20150428T000000,575000.00,3.00,2.00,1750.00,5750.00,1.00,0.00,2.00,5.00,7.00,870.00,880.00,1956.00,0.00,98116.00,47.56,-122.38,1750.00,5750.00
7302000610.00,20150508T000000,316000.00,4.00,1.50,2120.00,46173.00,2.00,0.00,0.00,3.00,7.00,2120.00,0.00,1974.00,0.00,98053.00,47.65,-121.97,2000.00,46173.00
3004800175.00,20150416T000000,165000.00,3.00,1.00,1050.00,5156.00,1.50,0.00,0.00,3.00,7.00,1050.00,0.00,1919.00,0.00,98106.00,47.52,-122.36,1050.00,5502.00
2397101055.00,20140812T000000,850000.00,3.00,2.25,1950.00,3600.00,1.50,0.00,0.00,5.00,8.00,1430.00,520.00,1911.00,0.00,98119.00,47.64,-122.36,1950.00,3600.00
2354300845.00,20140804T000000,210000.00,3.00,1.00,1020.00,6000.00,1.00,0.00,0.00,3.00,5.00,1020.00,0.00,1900.00,0.00,98027.00,47.53,-122.03,2070.00,7200.00
984220330.00,20140824T000000,325000.00,4.00,2.50,1820.00,9161.00,1.00,0.00,0.00,4.00,7.00,1220.00,600.00,1975.00,0.00,98058.00,47.43,-122.17,1860.00,7650.00
7273100026.00,20150407T000000,682000.00,4.00,2.50,2390.00,53941.00,2.00,0.00,0.00,3.00,8.00,2390.00,0.00,1989.00,0.00,98053.00,47.71,-122.08,2610.00,104108.00
6386200100.00,20140718T000000,430000.00,3.00,2.50,1400.00,7508.00,2.00,0.00,0.00,4.00,7.00,1400.00,0.00,1987.00,0.00,98034.00,47.72,-122.17,1710.00,7700.00
9324800025.00,20141125T000000,325500.00,3.00,1.50,1540.00,8110.00,1.00,0.00,0.00,4.00,7.00,1190.00,350.00,1959.00,0.00,98125.00,47.73,-122.29,1290.00,8110.00
4058800930.00,20140720T000000,385000.00,3.00,1.75,2370.00,6360.00,1.00,0.00,3.00,3.00,7.00,1280.00,1090.00,1954.00,0.00,98178.00,47.50,-122.24,1990.00,6360.00
1972201161.00,20150323T000000,435000.00,1.00,1.00,670.00,1800.00,1.00,0.00,0.00,5.00,6.00,670.00,0.00,1905.00,0.00,98103.00,47.65,-122.35,1330.00,3360.00
2202500025.00,20140721T000000,550000.00,4.00,1.00,2420.00,15520.00,2.00,0.00,0.00,4.00,7.00,2420.00,0.00,1945.00,0.00,98006.00,47.57,-122.14,1630.00,9965.00
4077800258.00,20141009T000000,400000.00,3.00,1.00,1000.00,7800.00,1.00,0.00,0.00,4.00,6.00,860.00,140.00,1930.00,0.00,98125.00,47.71,-122.28,1700.00,7800.00
2558700220.00,20140721T000000,503000.00,4.00,2.75,2100.00,7350.00,1.00,0.00,0.00,5.00,7.00,1240.00,860.00,1978.00,0.00,98034.00,47.72,-122.17,2490.00,7350.00
290200230.00,20140819T000000,676000.00,4.00,2.50,2800.00,5368.00,2.00,0.00,0.00,3.00,8.00,2800.00,0.00,2003.00,0.00,98074.00,47.61,-122.05,2790.00,5368.00
1951100100.00,20141113T000000,180000.00,3.00,1.00,940.00,11055.00,1.50,0.00,0.00,4.00,7.00,940.00,0.00,1959.00,0.00,98032.00,47.37,-122.30,1420.00,9100.00
9499200220.00,20140611T000000,234000.00,3.00,2.00,1640.00,5280.00,1.50,0.00,0.00,5.00,6.00,1640.00,0.00,1910.00,0.00,98002.00,47.31,-122.21,1160.00,7875.00
999000215.00,20140512T000000,734200.00,4.00,2.50,2760.00,5000.00,1.50,0.00,0.00,5.00,7.00,1680.00,1080.00,1928.00,0.00,98107.00,47.67,-122.37,1850.00,5000.00
822069118.00,20140729T000000,920000.00,3.00,3.25,3660.00,66211.00,2.00,0.00,0.00,3.00,10.00,3660.00,0.00,2003.00,0.00,98038.00,47.41,-122.06,3660.00,107153.00
2425049066.00,20140616T000000,1920000.00,4.00,2.50,3070.00,34412.00,1.00,0.00,3.00,4.00,9.00,2070.00,1000.00,1950.00,0.00,98039.00,47.64,-122.24,3780.00,27940.00
7950700110.00,20141209T000000,224000.00,3.00,1.75,1100.00,10125.00,1.00,0.00,0.00,4.00,7.00,1100.00,0.00,1969.00,0.00,98092.00,47.32,-122.10,1520.00,10125.00
9253900408.00,20150408T000000,1400000.00,3.00,2.75,3130.00,19530.00,1.00,1.00,4.00,3.00,8.00,1690.00,1440.00,1947.00,1984.00,98008.00,47.59,-122.11,2980.00,18782.00
3313600077.00,20140919T000000,185000.00,3.00,1.00,1320.00,7155.00,1.00,0.00,0.00,4.00,6.00,1320.00,0.00,1961.00,0.00,98002.00,47.29,-122.22,1070.00,8100.00
452001540.00,20140818T000000,554600.00,3.00,1.75,1470.00,5000.00,1.50,0.00,0.00,5.00,7.00,1470.00,0.00,1900.00,0.00,98107.00,47.68,-122.37,1530.00,5000.00
3832710210.00,20140825T000000,268000.00,3.00,1.75,1480.00,8009.00,1.00,0.00,0.00,3.00,7.00,980.00,500.00,1980.00,0.00,98032.00,47.37,-122.28,1790.00,7678.00
8563000300.00,20140915T000000,675000.00,4.00,2.25,2260.00,8715.00,1.00,0.00,0.00,4.00,8.00,1530.00,730.00,1976.00,0.00,98008.00,47.62,-122.11,2220.00,8650.00
1313000650.00,20140711T000000,620000.00,4.00,2.25,2210.00,10039.00,1.00,0.00,0.00,4.00,8.00,1710.00,500.00,1967.00,0.00,98052.00,47.63,-122.10,2070.00,10965.00
3424069066.00,20140521T000000,396450.00,3.00,1.75,1540.00,12446.00,1.00,0.00,0.00,5.00,8.00,1540.00,0.00,1967.00,0.00,98027.00,47.52,-122.03,1330.00,11508.00
2206500300.00,20140820T000000,565000.00,5.00,1.75,1910.00,9720.00,1.00,0.00,0.00,4.00,7.00,1390.00,520.00,1955.00,0.00,98006.00,47.58,-122.16,1750.00,9720.00
3083001095.00,20140824T000000,410000.00,3.00,1.75,1760.00,3520.00,1.00,0.00,0.00,3.00,7.00,1160.00,600.00,1966.00,0.00,98144.00,47.58,-122.30,1840.00,5000.00
809002290.00,20140519T000000,1190000.00,4.00,3.00,2240.00,6000.00,1.50,0.00,0.00,4.00,8.00,1270.00,970.00,1914.00,0.00,98109.00,47.64,-122.35,2240.00,4250.00
6669070220.00,20140821T000000,716125.00,3.00,2.25,2110.00,7279.00,1.00,0.00,0.00,4.00,9.00,2110.00,0.00,1984.00,0.00,98033.00,47.67,-122.17,2130.00,7279.00
2325069054.00,20140521T000000,225000.00,2.00,1.00,1396.00,111949.00,1.00,0.00,0.00,3.00,7.00,1396.00,0.00,1940.00,1997.00,98053.00,47.64,-122.01,2020.00,111949.00
8820901792.00,20140711T000000,640000.00,4.00,2.75,3040.00,7274.00,2.00,0.00,3.00,3.00,9.00,2320.00,720.00,1986.00,0.00,98125.00,47.72,-122.28,2830.00,10080.00
3488300110.00,20140910T000000,374000.00,2.00,1.00,1140.00,5650.00,1.00,0.00,1.00,3.00,6.00,980.00,160.00,1920.00,0.00,98116.00,47.56,-122.39,1220.00,5700.00
3971700330.00,20150415T000000,415000.00,4.00,2.00,1780.00,12161.00,1.00,0.00,0.00,5.00,7.00,1160.00,620.00,1950.00,0.00,98155.00,47.77,-122.32,1780.00,8170.00
5561400220.00,20140819T000000,592500.00,4.00,2.50,3370.00,35150.00,1.00,0.00,0.00,5.00,8.00,1770.00,1600.00,1993.00,0.00,98027.00,47.46,-122.00,2920.00,41241.00
2979800762.00,20140904T000000,365000.00,3.00,2.50,1484.00,1761.00,3.00,0.00,0.00,3.00,7.00,1484.00,0.00,2003.00,0.00,98115.00,47.68,-122.32,1484.00,4320.00
6600220300.00,20140914T000000,600000.00,4.00,2.50,2230.00,12753.00,1.00,0.00,0.00,4.00,7.00,1180.00,1050.00,1981.00,0.00,98074.00,47.63,-122.03,1860.00,12753.00
2817910220.00,20141216T000000,465000.00,4.00,2.50,2820.00,39413.00,2.00,0.00,0.00,4.00,9.00,2820.00,0.00,1989.00,0.00,98092.00,47.31,-122.10,2910.00,39413.00
7696620100.00,20150422T000000,254999.00,3.00,1.00,1580.00,7560.00,1.00,0.00,0.00,4.00,7.00,1000.00,580.00,1976.00,0.00,98001.00,47.33,-122.28,1580.00,7560.00
7760400900.00,20140916T000000,279000.00,4.00,2.50,2040.00,8076.00,2.00,0.00,0.00,3.00,7.00,2040.00,0.00,1994.00,0.00,98042.00,47.37,-122.07,2040.00,8408.00
3353404265.00,20141231T000000,460000.00,3.00,2.50,2720.00,40813.00,2.00,0.00,0.00,3.00,8.00,2720.00,0.00,2001.00,0.00,98001.00,47.26,-122.27,2250.00,40511.00
9828702666.00,20140728T000000,507000.00,4.00,2.25,1490.00,956.00,2.00,0.00,0.00,3.00,7.00,1020.00,470.00,2005.00,0.00,98122.00,47.62,-122.30,1510.00,1350.00
1823059223.00,20140520T000000,291000.00,3.00,1.75,1560.00,9788.00,1.00,0.00,0.00,3.00,7.00,1560.00,0.00,1964.00,0.00,98178.00,47.49,-122.23,1840.00,11180.00
2197600388.00,20141202T000000,350000.00,2.00,1.50,830.00,1077.00,2.00,0.00,0.00,3.00,7.00,830.00,0.00,2006.00,0.00,98122.00,47.61,-122.32,830.00,1366.00
4239400300.00,20141129T000000,90000.00,3.00,1.00,980.00,2490.00,2.00,0.00,0.00,4.00,6.00,980.00,0.00,1969.00,0.00,98092.00,47.32,-122.18,980.00,3154.00
1328300820.00,20140806T000000,329000.00,3.00,1.75,1980.00,7000.00,1.00,0.00,0.00,4.00,8.00,1360.00,620.00,1977.00,0.00,98058.00,47.44,-122.13,1880.00,7200.00
7805450870.00,20140814T000000,909000.00,4.00,2.50,3680.00,11648.00,2.00,0.00,0.00,3.00,10.00,3680.00,0.00,1986.00,0.00,98006.00,47.56,-122.11,2830.00,11251.00
419000035.00,20141015T000000,187000.00,2.00,1.00,860.00,5400.00,1.00,0.00,0.00,4.00,5.00,860.00,0.00,1953.00,0.00,98056.00,47.49,-122.17,960.00,5400.00
3131201105.00,20140709T000000,580000.00,3.00,1.75,1850.00,5100.00,1.00,0.00,0.00,3.00,7.00,1020.00,830.00,1909.00,0.00,98105.00,47.66,-122.33,1850.00,5100.00
112900110.00,20140903T000000,345000.00,3.00,2.50,1620.00,5992.00,2.00,0.00,0.00,3.00,7.00,1620.00,0.00,2001.00,0.00,98019.00,47.74,-121.97,1620.00,4644.00
5249802240.00,20140515T000000,497000.00,4.00,2.50,2240.00,7200.00,2.00,0.00,0.00,3.00,8.00,2240.00,0.00,1995.00,0.00,98118.00,47.56,-122.28,1860.00,6600.00
7950302345.00,20140815T000000,345000.00,3.00,1.00,1010.00,3060.00,1.50,0.00,0.00,3.00,6.00,1010.00,0.00,1904.00,0.00,98118.00,47.57,-122.29,1330.00,4590.00
2473371570.00,20141119T000000,313500.00,3.00,1.75,1610.00,7350.00,1.00,0.00,0.00,3.00,8.00,1610.00,0.00,1974.00,0.00,98058.00,47.45,-122.13,2120.00,7350.00
3982700088.00,20150402T000000,910000.00,3.00,2.50,2720.00,7250.00,2.00,0.00,0.00,3.00,9.00,2720.00,0.00,1990.00,0.00,98033.00,47.69,-122.20,2870.00,7250.00
3448000755.00,20140604T000000,399950.00,3.00,1.50,2080.00,5244.00,1.00,0.00,0.00,3.00,7.00,1190.00,890.00,1959.00,0.00,98125.00,47.71,-122.29,1850.00,6982.00
1446400615.00,20140527T000000,268000.00,4.00,2.00,1930.00,6600.00,1.00,0.00,0.00,4.00,7.00,1030.00,900.00,1967.00,0.00,98168.00,47.48,-122.33,1220.00,6600.00
2484700145.00,20141229T000000,559000.00,4.00,1.75,2250.00,8458.00,1.00,0.00,0.00,3.00,8.00,1450.00,800.00,1954.00,0.00,98136.00,47.52,-122.38,1950.00,7198.00
1753500100.00,20140709T000000,309000.00,3.00,2.25,1980.00,8755.00,1.00,0.00,0.00,4.00,7.00,1300.00,680.00,1963.00,0.00,98198.00,47.39,-122.32,2030.00,8671.00
7853300770.00,20140609T000000,410000.00,3.00,2.50,1960.00,4400.00,2.00,0.00,0.00,3.00,7.00,1960.00,0.00,2006.00,0.00,98065.00,47.54,-121.89,2060.00,4400.00
7236100015.00,20140520T000000,259000.00,3.00,1.00,1320.00,8625.00,1.00,0.00,0.00,4.00,7.00,1320.00,0.00,1957.00,0.00,98056.00,47.49,-122.18,1370.00,8295.00
1959701695.00,20141124T000000,950000.00,5.00,2.00,2940.00,5500.00,2.00,0.00,0.00,4.00,9.00,2340.00,600.00,1909.00,0.00,98102.00,47.65,-122.32,2940.00,5500.00
4024101421.00,20141202T000000,320000.00,4.00,1.00,1460.00,7200.00,1.50,0.00,0.00,4.00,7.00,1460.00,0.00,1955.00,0.00,98155.00,47.76,-122.31,1690.00,7357.00
327000165.00,20150413T000000,1150000.00,4.00,2.50,2330.00,30122.00,1.00,0.00,1.00,3.00,8.00,1490.00,840.00,1951.00,0.00,98115.00,47.68,-122.27,2430.00,6726.00
7893800534.00,20141124T000000,394250.00,3.00,2.00,2620.00,10107.00,1.00,0.00,3.00,3.00,7.00,2620.00,0.00,1982.00,0.00,98198.00,47.41,-122.33,1730.00,7812.00
6430500191.00,20141106T000000,315000.00,1.00,1.00,700.00,3876.00,1.00,0.00,0.00,3.00,6.00,700.00,0.00,1910.00,0.00,98103.00,47.69,-122.35,1150.00,3952.00
2354300835.00,20141224T000000,480000.00,2.00,2.00,1140.00,12000.00,1.00,0.00,0.00,3.00,6.00,1140.00,0.00,1943.00,0.00,98027.00,47.53,-122.03,1880.00,6125.00
9510300220.00,20140804T000000,556000.00,3.00,2.50,2750.00,35440.00,2.00,0.00,0.00,3.00,9.00,2750.00,0.00,1994.00,0.00,98045.00,47.47,-121.72,2710.00,35440.00
7852130410.00,20141027T000000,450000.00,3.00,2.50,2480.00,5647.00,2.00,0.00,0.00,3.00,7.00,2480.00,0.00,2002.00,0.00,98065.00,47.54,-121.88,2510.00,5018.00
5101406522.00,20141001T000000,420000.00,3.00,1.50,1130.00,5413.00,1.00,0.00,0.00,3.00,7.00,940.00,190.00,1946.00,0.00,98125.00,47.70,-122.32,1400.00,7168.00
2768200090.00,20150317T000000,890000.00,6.00,3.75,2770.00,5000.00,1.00,0.00,0.00,3.00,8.00,1870.00,900.00,1969.00,0.00,98107.00,47.67,-122.37,1570.00,2108.00
1761300650.00,20141006T000000,295000.00,4.00,2.00,1710.00,8814.00,1.00,0.00,0.00,5.00,7.00,1030.00,680.00,1975.00,0.00,98031.00,47.40,-122.17,1710.00,7272.00
1081330210.00,20140911T000000,410000.00,4.00,2.25,2150.00,27345.00,2.00,0.00,0.00,5.00,8.00,2150.00,0.00,1976.00,0.00,98059.00,47.47,-122.12,2200.00,11923.00
4137070090.00,20140611T000000,308900.00,3.00,2.50,2250.00,7294.00,2.00,0.00,0.00,3.00,8.00,2250.00,0.00,1994.00,0.00,98092.00,47.26,-122.21,2140.00,7363.00
327000100.00,20141022T000000,1161000.00,4.00,2.50,2960.00,26742.00,1.00,0.00,3.00,3.00,8.00,1480.00,1480.00,1949.00,1996.00,98115.00,47.68,-122.27,2500.00,9460.00
8682281510.00,20150128T000000,665000.00,2.00,2.50,2300.00,6984.00,1.00,0.00,0.00,3.00,8.00,2300.00,0.00,2006.00,0.00,98053.00,47.71,-122.02,1820.00,4950.00
3297700100.00,20140903T000000,577000.00,3.00,1.75,1740.00,5500.00,1.00,0.00,0.00,5.00,7.00,970.00,770.00,1953.00,0.00,98116.00,47.58,-122.40,1740.00,7250.00
7518506717.00,20140917T000000,959000.00,3.00,2.50,2830.00,3750.00,3.00,0.00,0.00,3.00,10.00,2830.00,0.00,2014.00,0.00,98117.00,47.68,-122.39,1780.00,5000.00
65000210.00,20140626T000000,471000.00,2.00,1.75,1240.00,6417.00,1.00,0.00,0.00,5.00,7.00,1240.00,0.00,1924.00,0.00,98126.00,47.54,-122.38,1800.00,6417.00
3905040590.00,20150421T000000,560000.00,3.00,2.50,2180.00,7169.00,2.00,0.00,0.00,3.00,8.00,2180.00,0.00,1990.00,0.00,98029.00,47.57,-122.00,2150.00,5914.00
5451210150.00,20140514T000000,955000.00,5.00,2.25,2510.00,9887.00,2.00,0.00,0.00,3.00,8.00,2510.00,0.00,1972.00,0.00,98040.00,47.53,-122.22,2510.00,10006.00
1778360150.00,20140620T000000,1240000.00,7.00,5.50,6630.00,13782.00,2.00,0.00,0.00,3.00,10.00,4930.00,1700.00,2004.00,0.00,98006.00,47.54,-122.12,4470.00,8639.00
6649900301.00,20141231T000000,579000.00,3.00,2.50,2300.00,18540.00,1.00,0.00,0.00,3.00,8.00,1800.00,500.00,1961.00,0.00,98177.00,47.78,-122.37,2460.00,18540.00
9264901490.00,20150428T000000,335000.00,4.00,2.25,3220.00,7889.00,2.00,0.00,0.00,3.00,8.00,3220.00,0.00,1978.00,0.00,98023.00,47.31,-122.34,2120.00,7651.00
7853220910.00,20140915T000000,485000.00,3.00,2.50,2270.00,7887.00,2.00,0.00,2.00,3.00,8.00,2270.00,0.00,2004.00,0.00,98065.00,47.53,-121.86,2550.00,7133.00
9346700150.00,20140702T000000,552000.00,3.00,2.50,1840.00,9900.00,1.00,0.00,0.00,3.00,9.00,1840.00,0.00,1978.00,0.00,98007.00,47.61,-122.15,2730.00,9900.00
2327000110.00,20140714T000000,950000.00,4.00,3.25,3820.00,15293.00,2.00,0.00,0.00,3.00,10.00,3820.00,0.00,2003.00,0.00,98074.00,47.61,-122.02,2790.00,7142.00
7137900490.00,20150316T000000,203700.00,3.00,2.00,1660.00,7958.00,1.00,0.00,0.00,3.00,7.00,1130.00,530.00,1983.00,0.00,98092.00,47.32,-122.17,1550.00,7647.00
9264960850.00,20140709T000000,412000.00,4.00,3.50,3360.00,9767.00,2.00,0.00,0.00,3.00,9.00,2450.00,910.00,1990.00,0.00,98023.00,47.30,-122.35,2580.00,8757.00
1545808960.00,20150106T000000,237500.00,3.00,2.00,1350.00,8960.00,1.00,0.00,0.00,4.00,7.00,1350.00,0.00,1986.00,0.00,98038.00,47.36,-122.05,1470.00,8288.00
486000085.00,20140815T000000,866800.00,4.00,3.50,2970.00,5000.00,2.00,0.00,2.00,3.00,9.00,2200.00,770.00,2001.00,0.00,98117.00,47.68,-122.40,1470.00,4560.00
7977200945.00,20150310T000000,425000.00,3.00,1.00,1000.00,5100.00,1.00,0.00,0.00,3.00,7.00,860.00,140.00,1946.00,0.00,98115.00,47.69,-122.29,1000.00,5100.00
3056700150.00,20140625T000000,200000.00,3.00,2.00,1190.00,6833.00,1.00,0.00,0.00,3.00,7.00,1190.00,0.00,1995.00,0.00,98092.00,47.32,-122.18,1540.00,8000.00
7896300150.00,20140929T000000,280000.00,3.00,1.75,1670.00,6034.00,1.00,0.00,0.00,3.00,7.00,990.00,680.00,1957.00,0.00,98118.00,47.52,-122.29,1230.00,6034.00
7399100210.00,20141126T000000,140000.00,3.00,1.50,1200.00,2002.00,2.00,0.00,0.00,3.00,8.00,1200.00,0.00,1966.00,0.00,98055.00,47.47,-122.19,1270.00,1848.00
2473370110.00,20141114T000000,370000.00,5.00,2.50,2250.00,10400.00,1.00,0.00,0.00,3.00,8.00,1280.00,970.00,1973.00,0.00,98058.00,47.45,-122.14,2140.00,9592.00
2770605420.00,20140916T000000,550000.00,2.00,0.75,1040.00,4000.00,1.00,0.00,0.00,3.00,7.00,930.00,110.00,1909.00,0.00,98119.00,47.65,-122.37,1700.00,4800.00
7856400300.00,20140702T000000,1411600.00,2.00,2.50,3180.00,9400.00,2.00,0.00,4.00,5.00,10.00,2610.00,570.00,1985.00,0.00,98006.00,47.56,-122.16,3760.00,9450.00
7856400300.00,20150322T000000,1505000.00,2.00,2.50,3180.00,9400.00,2.00,0.00,4.00,5.00,10.00,2610.00,570.00,1985.00,0.00,98006.00,47.56,-122.16,3760.00,9450.00
7923700330.00,20140528T000000,510000.00,4.00,1.50,2040.00,8800.00,1.00,0.00,0.00,4.00,7.00,1020.00,1020.00,1961.00,0.00,98007.00,47.60,-122.14,1490.00,8800.00
5632500110.00,20140716T000000,351000.00,3.00,1.00,1160.00,10518.00,1.00,0.00,0.00,3.00,7.00,1160.00,0.00,1960.00,0.00,98028.00,47.73,-122.22,1670.00,9380.00
723049219.00,20150325T000000,210000.00,3.00,1.00,880.00,10800.00,1.00,0.00,0.00,3.00,6.00,880.00,0.00,1942.00,0.00,98146.00,47.49,-122.34,1100.00,8820.00
2320069111.00,20150507T000000,449999.00,4.00,1.75,2290.00,36900.00,1.50,0.00,2.00,5.00,7.00,1690.00,600.00,1938.00,0.00,98022.00,47.20,-122.00,2170.00,12434.00
7972604345.00,20140519T000000,137000.00,3.00,1.00,950.00,7620.00,1.00,0.00,0.00,3.00,6.00,950.00,0.00,1954.00,0.00,98106.00,47.52,-122.35,1260.00,7620.00
3222069156.00,20141217T000000,270000.00,3.00,1.00,1010.00,14510.00,1.00,0.00,0.00,5.00,7.00,1010.00,0.00,1974.00,0.00,98042.00,47.34,-122.08,2020.00,44866.00
1722069097.00,20141229T000000,540000.00,3.00,2.50,3100.00,100188.00,1.00,0.00,0.00,4.00,7.00,1820.00,1280.00,1981.00,0.00,98038.00,47.39,-122.07,2430.00,104979.00
4022905473.00,20141205T000000,565000.00,5.00,3.00,2560.00,12480.00,1.00,0.00,0.00,3.00,8.00,1590.00,970.00,2012.00,0.00,98155.00,47.77,-122.28,2500.00,17299.00
5318101695.00,20150409T000000,940000.00,4.00,1.50,2430.00,3600.00,2.50,0.00,0.00,3.00,8.00,2430.00,0.00,1980.00,0.00,98112.00,47.64,-122.29,2020.00,4800.00
5216200090.00,20140616T000000,385000.00,2.00,1.00,830.00,26329.00,1.00,1.00,3.00,4.00,6.00,830.00,0.00,1928.00,0.00,98070.00,47.40,-122.43,2030.00,27338.00
9526500090.00,20140822T000000,400000.00,3.00,3.00,2090.00,7634.00,1.00,0.00,0.00,3.00,8.00,1450.00,640.00,2001.00,0.00,98019.00,47.74,-121.97,2090.00,9600.00
423059039.00,20150321T000000,365000.00,3.00,2.00,2030.00,8649.00,1.00,0.00,0.00,3.00,7.00,2030.00,0.00,1998.00,0.00,98056.00,47.51,-122.17,1760.00,7200.00
6909700437.00,20140522T000000,353250.00,2.00,1.00,1060.00,1600.00,2.00,0.00,0.00,3.00,7.00,1060.00,0.00,1979.00,0.00,98144.00,47.59,-122.29,1360.00,3360.00
1205000215.00,20150429T000000,455000.00,2.00,1.50,1090.00,6750.00,1.00,0.00,0.00,3.00,7.00,950.00,140.00,1942.00,0.00,98117.00,47.68,-122.40,1640.00,6750.00
3223039229.00,20140527T000000,475000.00,4.00,3.50,3400.00,234352.00,2.00,0.00,0.00,3.00,8.00,2500.00,900.00,1991.00,0.00,98070.00,47.43,-122.45,1300.00,39639.00
4077800474.00,20141124T000000,571500.00,4.00,1.75,1920.00,7455.00,1.00,0.00,0.00,4.00,7.00,960.00,960.00,1939.00,1964.00,98125.00,47.71,-122.29,1920.00,7455.00
1604600227.00,20150328T000000,441000.00,2.00,1.00,1150.00,3000.00,1.00,0.00,0.00,3.00,6.00,780.00,370.00,1915.00,0.00,98118.00,47.56,-122.29,1150.00,5000.00
9542200220.00,20150213T000000,810000.00,6.00,2.75,3970.00,9500.00,1.00,0.00,0.00,4.00,10.00,2180.00,1790.00,1970.00,0.00,98005.00,47.60,-122.18,2490.00,9775.00
6600220490.00,20150409T000000,550000.00,3.00,2.25,1880.00,11556.00,2.00,0.00,0.00,3.00,8.00,1880.00,0.00,1987.00,0.00,98074.00,47.63,-122.03,1880.00,12000.00
2138700141.00,20140702T000000,736000.00,2.00,1.00,1500.00,4000.00,1.00,0.00,0.00,3.00,8.00,1100.00,400.00,1933.00,0.00,98109.00,47.64,-122.35,1980.00,4000.00
4046600820.00,20150224T000000,375000.00,3.00,1.75,2190.00,17550.00,1.00,0.00,0.00,3.00,7.00,2190.00,0.00,1989.00,0.00,98014.00,47.70,-121.91,1700.00,17550.00
9430100360.00,20150205T000000,717500.00,3.00,2.50,2530.00,9932.00,2.00,0.00,0.00,3.00,8.00,2530.00,0.00,1995.00,0.00,98052.00,47.69,-122.16,2140.00,7950.00
2447500015.00,20141121T000000,581000.00,2.00,1.75,1930.00,11200.00,1.00,0.00,2.00,3.00,8.00,1430.00,500.00,1951.00,0.00,98177.00,47.76,-122.37,2840.00,12408.00
1524039043.00,20140725T000000,629000.00,3.00,2.00,1510.00,4560.00,2.00,0.00,0.00,4.00,7.00,1510.00,0.00,1909.00,1995.00,98116.00,47.57,-122.41,1990.00,5000.00
2303900100.00,20140911T000000,3800000.00,3.00,4.25,5510.00,35000.00,2.00,0.00,4.00,3.00,13.00,4910.00,600.00,1997.00,0.00,98177.00,47.73,-122.37,3430.00,45302.00
8651400230.00,20141208T000000,225000.00,3.00,2.00,1100.00,5200.00,1.00,0.00,0.00,3.00,6.00,1100.00,0.00,1969.00,2014.00,98042.00,47.36,-122.08,1050.00,5330.00
7437100210.00,20140618T000000,315000.00,3.00,2.50,1730.00,6368.00,2.00,0.00,0.00,3.00,7.00,1730.00,0.00,1993.00,0.00,98038.00,47.35,-122.03,1780.00,6597.00
3630020150.00,20150310T000000,425000.00,3.00,2.50,1480.00,1386.00,3.00,0.00,0.00,3.00,8.00,1480.00,0.00,2005.00,0.00,98029.00,47.55,-122.00,1470.00,1593.00
1773600691.00,20140625T000000,346500.00,3.00,1.00,1150.00,11802.00,1.00,0.00,0.00,4.00,7.00,1150.00,0.00,1932.00,1958.00,98106.00,47.56,-122.36,1880.00,6082.00
5448300150.00,20150105T000000,550000.00,3.00,2.25,1950.00,26500.00,1.00,0.00,0.00,4.00,8.00,1570.00,380.00,1965.00,0.00,98006.00,47.58,-122.18,2160.00,12751.00
2260000210.00,20150209T000000,565000.00,3.00,1.75,2380.00,10450.00,1.00,0.00,0.00,3.00,8.00,1400.00,980.00,1977.00,0.00,98052.00,47.64,-122.11,2150.00,9600.00
6815100085.00,20141224T000000,1001000.00,4.00,2.00,3100.00,8000.00,1.50,0.00,0.00,5.00,7.00,2040.00,1060.00,1939.00,0.00,98103.00,47.69,-122.33,1650.00,4000.00
5141000720.00,20140805T000000,400000.00,2.00,2.00,2010.00,3797.00,1.50,0.00,0.00,3.00,7.00,1450.00,560.00,1922.00,2004.00,98108.00,47.56,-122.32,1660.00,4650.00
9276200455.00,20141121T000000,724950.00,4.00,2.00,2270.00,5760.00,2.00,0.00,0.00,4.00,8.00,2270.00,0.00,1909.00,0.00,98116.00,47.58,-122.39,1420.00,5760.00
5459500165.00,20140708T000000,623000.00,3.00,1.75,2050.00,16313.00,1.00,0.00,0.00,2.00,8.00,2050.00,0.00,1973.00,0.00,98040.00,47.57,-122.21,3180.00,10264.00
9828701295.00,20140624T000000,295000.00,2.00,1.00,650.00,5400.00,1.00,0.00,0.00,3.00,6.00,650.00,0.00,1950.00,0.00,98122.00,47.62,-122.30,1310.00,4906.00
164000261.00,20140521T000000,700000.00,4.00,3.25,2780.00,7875.00,2.00,0.00,0.00,3.00,9.00,2780.00,0.00,2006.00,0.00,98133.00,47.73,-122.35,1000.00,7500.00
2767704682.00,20150408T000000,482000.00,2.00,1.50,1300.00,1229.00,2.00,0.00,0.00,3.00,8.00,1160.00,140.00,2000.00,0.00,98107.00,47.67,-122.38,1430.00,1255.00
6791050450.00,20140821T000000,770000.00,3.00,2.50,2730.00,11380.00,2.00,0.00,0.00,3.00,10.00,2730.00,0.00,1995.00,0.00,98075.00,47.58,-122.06,2800.00,10070.00
1221039066.00,20141017T000000,310000.00,4.00,2.50,3140.00,22100.00,1.00,0.00,0.00,4.00,8.00,1820.00,1320.00,1960.00,0.00,98023.00,47.32,-122.36,2700.00,25500.00
686300450.00,20140708T000000,720000.00,4.00,2.25,2410.00,8400.00,2.00,0.00,0.00,5.00,8.00,2410.00,0.00,1965.00,0.00,98008.00,47.63,-122.12,1910.00,8056.00
3822200087.00,20150319T000000,355000.00,3.00,1.00,1180.00,5965.00,1.50,0.00,0.00,4.00,6.00,1180.00,0.00,1928.00,0.00,98125.00,47.73,-122.30,1270.00,7710.00
6669250100.00,20140729T000000,512000.00,4.00,2.50,2600.00,4506.00,2.00,0.00,0.00,3.00,9.00,2600.00,0.00,2005.00,0.00,98056.00,47.51,-122.19,2470.00,6041.00
1453602310.00,20141216T000000,303000.00,2.00,1.50,1400.00,1650.00,3.00,0.00,0.00,3.00,7.00,1400.00,0.00,1999.00,0.00,98125.00,47.72,-122.29,1430.00,1650.00
984200690.00,20140618T000000,299000.00,5.00,2.50,2220.00,9360.00,1.00,0.00,0.00,4.00,7.00,1110.00,1110.00,1968.00,0.00,98058.00,47.43,-122.17,1780.00,7704.00
5468770180.00,20140623T000000,285000.00,3.00,2.50,1660.00,6263.00,2.00,0.00,0.00,3.00,8.00,1660.00,0.00,2003.00,0.00,98042.00,47.35,-122.14,2190.00,6192.00
5459500100.00,20140924T000000,680000.00,3.00,1.75,2330.00,9652.00,1.00,0.00,0.00,4.00,8.00,1590.00,740.00,1968.00,0.00,98040.00,47.57,-122.21,2420.00,9631.00
2968801605.00,20140902T000000,285000.00,4.00,1.75,1440.00,6720.00,1.00,0.00,0.00,5.00,6.00,720.00,720.00,1954.00,0.00,98166.00,47.46,-122.35,1820.00,6784.00
2141310580.00,20141125T000000,707000.00,4.00,2.25,2920.00,17023.00,1.00,0.00,0.00,4.00,9.00,1690.00,1230.00,1977.00,0.00,98006.00,47.56,-122.13,2710.00,10681.00
2325039067.00,20140507T000000,690000.00,3.00,2.00,1760.00,6428.00,1.00,0.00,0.00,4.00,7.00,980.00,780.00,1942.00,0.00,98199.00,47.64,-122.40,1760.00,6004.00
2426059103.00,20150422T000000,872000.00,4.00,2.25,2860.00,40284.00,2.00,0.00,0.00,3.00,10.00,2860.00,0.00,1983.00,0.00,98072.00,47.73,-122.12,2670.00,92782.00
3541600450.00,20141104T000000,290000.00,4.00,1.75,2090.00,12750.00,1.00,0.00,0.00,3.00,8.00,1360.00,730.00,1967.00,0.00,98166.00,47.48,-122.36,2040.00,12300.00
5631501161.00,20150417T000000,425000.00,4.00,1.75,1910.00,16785.00,1.00,0.00,0.00,4.00,7.00,1110.00,800.00,1981.00,0.00,98028.00,47.75,-122.24,1590.00,9900.00
3224510300.00,20150126T000000,925000.00,3.00,2.75,3280.00,10558.00,1.00,0.00,2.00,4.00,9.00,2040.00,1240.00,1979.00,0.00,98006.00,47.56,-122.13,3150.00,9998.00
4027700466.00,20141219T000000,340500.00,3.00,1.00,1770.00,12458.00,1.00,0.00,0.00,3.00,7.00,1770.00,0.00,1957.00,0.00,98155.00,47.77,-122.27,2000.00,8225.00
1702901500.00,20141121T000000,365000.00,2.00,1.00,920.00,6600.00,1.00,0.00,0.00,4.00,6.00,920.00,0.00,1910.00,0.00,98118.00,47.56,-122.28,1370.00,5500.00
8146300205.00,20140710T000000,725000.00,3.00,1.75,1690.00,8489.00,1.00,0.00,0.00,4.00,7.00,1690.00,0.00,1959.00,0.00,98004.00,47.61,-122.19,1850.00,8536.00
3526039019.00,20140702T000000,811000.00,3.00,3.00,2470.00,7410.00,2.00,0.00,0.00,5.00,8.00,1860.00,610.00,1977.00,0.00,98117.00,47.69,-122.39,2390.00,7800.00
5230300210.00,20141210T000000,299000.00,3.00,1.00,1040.00,9514.00,1.00,0.00,0.00,4.00,7.00,1040.00,0.00,1969.00,0.00,98059.00,47.49,-122.10,1040.00,9514.00
7907600100.00,20150421T000000,287500.00,4.00,2.00,1220.00,9147.00,1.00,0.00,0.00,5.00,7.00,1220.00,0.00,1953.00,0.00,98146.00,47.50,-122.34,1220.00,8576.00
9322800210.00,20140520T000000,879950.00,4.00,2.25,3500.00,13875.00,1.00,0.00,4.00,4.00,9.00,1830.00,1670.00,1938.00,0.00,98146.00,47.51,-122.39,2960.00,15000.00
3352400661.00,20141110T000000,135900.00,2.00,1.00,760.00,3800.00,1.00,0.00,0.00,3.00,6.00,760.00,0.00,1950.00,0.00,98178.00,47.50,-122.27,1220.00,7410.00
3625710100.00,20140512T000000,1225000.00,4.00,2.25,3070.00,16028.00,1.00,0.00,3.00,3.00,9.00,1870.00,1200.00,1976.00,0.00,98040.00,47.53,-122.23,3070.00,19822.00
3626039207.00,20141017T000000,522500.00,4.00,1.75,2100.00,6480.00,1.00,0.00,0.00,5.00,7.00,1300.00,800.00,1947.00,0.00,98177.00,47.70,-122.36,1840.00,7500.00
7568700215.00,20150312T000000,399500.00,4.00,1.50,1660.00,6617.00,1.00,0.00,0.00,5.00,7.00,1660.00,0.00,1947.00,0.00,98155.00,47.74,-122.32,950.00,7440.00
1604600540.00,20150504T000000,450000.00,3.00,1.00,1430.00,5960.00,1.50,0.00,0.00,4.00,7.00,1430.00,0.00,1917.00,0.00,98118.00,47.56,-122.29,1140.00,3960.00
1421039067.00,20141027T000000,218000.00,4.00,1.00,1620.00,17500.00,1.00,0.00,0.00,3.00,7.00,1620.00,0.00,1962.00,0.00,98023.00,47.30,-122.39,2400.00,17394.00
7137970210.00,20150327T000000,289999.00,3.00,2.00,1490.00,9285.00,1.00,0.00,0.00,3.00,8.00,1490.00,0.00,1995.00,0.00,98092.00,47.32,-122.17,2040.00,6681.00
2767603255.00,20150224T000000,540000.00,2.00,1.00,1170.00,4750.00,1.00,0.00,0.00,3.00,6.00,1170.00,0.00,1903.00,0.00,98107.00,47.67,-122.38,1170.00,2023.00
3575303700.00,20140725T000000,324950.00,3.00,1.00,1240.00,7500.00,1.00,0.00,0.00,4.00,7.00,1240.00,0.00,1976.00,0.00,98074.00,47.62,-122.06,1240.00,9750.00
1702901340.00,20140613T000000,718500.00,3.00,2.00,2910.00,6600.00,2.00,0.00,0.00,4.00,7.00,1920.00,990.00,1900.00,1988.00,98118.00,47.56,-122.28,1370.00,5500.00
2320069014.00,20140709T000000,495000.00,3.00,2.00,2660.00,192099.00,1.00,0.00,0.00,4.00,9.00,2660.00,0.00,1964.00,0.00,98022.00,47.21,-122.02,2570.00,43561.00
3141600600.00,20140521T000000,260000.00,6.00,2.00,2220.00,8797.00,1.00,0.00,0.00,3.00,7.00,2220.00,0.00,1977.00,0.00,98002.00,47.30,-122.23,1170.00,5123.00
2201501015.00,20140502T000000,430000.00,4.00,1.50,1920.00,10000.00,1.00,0.00,0.00,4.00,7.00,1070.00,850.00,1954.00,0.00,98006.00,47.57,-122.13,1450.00,10836.00
3782760040.00,20140603T000000,402500.00,3.00,3.25,2780.00,4002.00,2.00,0.00,0.00,3.00,8.00,2780.00,0.00,2009.00,0.00,98019.00,47.73,-121.97,1890.00,4090.00
6613001241.00,20140811T000000,1415000.00,4.00,3.00,3110.00,4408.00,2.50,0.00,3.00,4.00,10.00,2510.00,600.00,1931.00,0.00,98105.00,47.66,-122.27,3250.00,5669.00
3276980120.00,20141028T000000,275000.00,3.00,2.25,1820.00,9766.00,1.00,0.00,0.00,4.00,7.00,1450.00,370.00,1987.00,0.00,98031.00,47.40,-122.20,1860.00,8236.00
1321400650.00,20140603T000000,250000.00,3.00,2.25,1765.00,7652.00,2.00,0.00,0.00,3.00,7.00,1765.00,0.00,1996.00,0.00,98003.00,47.31,-122.33,1765.00,7719.00
643300180.00,20140523T000000,665000.00,3.00,2.75,1800.00,9550.00,1.00,0.00,0.00,4.00,7.00,1320.00,480.00,1966.00,0.00,98006.00,47.57,-122.18,1890.00,9902.00
322059210.00,20150203T000000,425000.00,3.00,2.50,2650.00,144183.00,1.00,0.00,0.00,3.00,8.00,2650.00,0.00,1967.00,0.00,98042.00,47.42,-122.14,1940.00,41210.00
9551201560.00,20140722T000000,760000.00,2.00,1.00,1410.00,3600.00,1.50,0.00,0.00,4.00,7.00,1310.00,100.00,1925.00,0.00,98103.00,47.67,-122.34,1740.00,4200.00
7202330330.00,20140814T000000,447000.00,3.00,2.50,1650.00,3076.00,2.00,0.00,0.00,3.00,7.00,1650.00,0.00,2003.00,0.00,98053.00,47.68,-122.04,1560.00,3064.00
5153900150.00,20140708T000000,205000.00,3.00,1.00,1180.00,8240.00,1.00,0.00,0.00,4.00,7.00,1180.00,0.00,1967.00,0.00,98003.00,47.33,-122.32,1180.00,7840.00
1788700230.00,20140506T000000,191000.00,3.00,1.50,800.00,8850.00,1.00,0.00,0.00,4.00,6.00,800.00,0.00,1959.00,0.00,98023.00,47.33,-122.35,820.00,8775.00
49000051.00,20150316T000000,350000.00,2.00,1.75,1430.00,7921.00,1.00,0.00,0.00,3.00,7.00,1430.00,0.00,1983.00,0.00,98146.00,47.51,-122.37,1290.00,8040.00
3343301393.00,20150330T000000,789888.00,5.00,3.50,3300.00,7860.00,2.00,0.00,0.00,3.00,9.00,2410.00,890.00,2001.00,0.00,98006.00,47.55,-122.19,2540.00,9920.00
2832100215.00,20150323T000000,443000.00,2.00,1.00,1220.00,10170.00,1.00,0.00,0.00,3.00,7.00,980.00,240.00,1948.00,0.00,98125.00,47.73,-122.33,1990.00,9064.00
1980200015.00,20140929T000000,695000.00,4.00,3.50,3530.00,7202.00,2.00,0.00,0.00,3.00,9.00,2660.00,870.00,2000.00,0.00,98177.00,47.73,-122.36,2810.00,8100.00
1825049013.00,20150213T000000,560000.00,4.00,2.00,1380.00,4048.00,1.50,0.00,0.00,4.00,7.00,1380.00,0.00,1906.00,0.00,98103.00,47.66,-122.34,1440.00,3956.00
7550800015.00,20140714T000000,550000.00,3.00,1.75,1410.00,5000.00,1.00,0.00,0.00,4.00,7.00,810.00,600.00,1923.00,0.00,98107.00,47.67,-122.40,1760.00,5000.00
8682230760.00,20140724T000000,850000.00,2.00,2.50,3360.00,6750.00,2.00,0.00,0.00,3.00,9.00,3360.00,0.00,2004.00,0.00,98053.00,47.71,-122.03,2510.00,6750.00
8645511500.00,20150420T000000,352750.00,4.00,2.75,2270.00,24237.00,1.00,0.00,0.00,4.00,7.00,1360.00,910.00,1977.00,0.00,98058.00,47.47,-122.18,2050.00,8016.00
8567450220.00,20140818T000000,550000.00,4.00,2.50,2890.00,9045.00,2.00,0.00,0.00,3.00,8.00,2890.00,0.00,2001.00,0.00,98019.00,47.74,-121.97,2840.00,10114.00
1556200205.00,20141118T000000,774900.00,5.00,1.00,1750.00,3861.00,1.50,0.00,0.00,3.00,7.00,1750.00,0.00,1903.00,0.00,98122.00,47.61,-122.30,1700.00,4255.00
9476200580.00,20140710T000000,250000.00,3.00,1.00,1010.00,8711.00,1.00,0.00,0.00,5.00,6.00,1010.00,0.00,1944.00,0.00,98056.00,47.49,-122.19,1250.00,8053.00
8965410150.00,20140825T000000,962800.00,4.00,2.50,3780.00,23623.00,2.00,0.00,0.00,3.00,9.00,3780.00,0.00,1997.00,0.00,98006.00,47.56,-122.12,3370.00,10210.00
5031300011.00,20141104T000000,299500.00,3.00,1.75,1880.00,11700.00,1.00,0.00,0.00,4.00,7.00,1880.00,0.00,1968.00,0.00,98092.00,47.32,-122.19,2230.00,35200.00
5101408735.00,20141103T000000,250000.00,2.00,1.00,800.00,5220.00,1.00,0.00,0.00,3.00,6.00,800.00,0.00,1943.00,0.00,98125.00,47.70,-122.32,1910.00,5376.00
2623069010.00,20150116T000000,745000.00,5.00,4.00,4720.00,493534.00,2.00,0.00,0.00,5.00,9.00,3960.00,760.00,1975.00,0.00,98027.00,47.45,-122.01,2160.00,219542.00
2624089040.00,20150217T000000,279475.00,2.00,1.00,1060.00,10600.00,1.50,0.00,0.00,3.00,6.00,1060.00,0.00,1968.00,0.00,98065.00,47.54,-121.74,1560.00,21344.00
3345700165.00,20141202T000000,450000.00,3.00,2.25,2530.00,27227.00,2.00,0.00,0.00,3.00,8.00,2530.00,0.00,1987.00,0.00,98056.00,47.53,-122.19,2160.00,30192.00
379000051.00,20140826T000000,307700.00,5.00,2.25,1980.00,13132.00,1.00,0.00,0.00,4.00,7.00,1260.00,720.00,1962.00,0.00,98198.00,47.40,-122.30,1880.00,11325.00
871000155.00,20141211T000000,665000.00,3.00,1.00,1650.00,5102.00,1.00,0.00,0.00,4.00,8.00,1300.00,350.00,1953.00,0.00,98199.00,47.65,-122.40,1440.00,5102.00
7852020580.00,20140724T000000,375000.00,3.00,2.75,1890.00,3930.00,2.00,0.00,0.00,3.00,8.00,1890.00,0.00,1999.00,0.00,98065.00,47.53,-121.87,2100.00,4259.00
7298050110.00,20150303T000000,420000.00,4.00,2.50,3360.00,11637.00,2.00,0.00,0.00,3.00,11.00,3360.00,0.00,1990.00,0.00,98023.00,47.30,-122.34,3530.00,11205.00
2114700615.00,20140708T000000,148000.00,2.00,1.00,630.00,4200.00,1.00,0.00,0.00,3.00,6.00,630.00,0.00,1930.00,0.00,98106.00,47.53,-122.35,970.00,4200.00
809001965.00,20140729T000000,707000.00,3.00,1.50,1980.00,4000.00,2.00,0.00,0.00,3.00,8.00,1980.00,0.00,1919.00,0.00,98109.00,47.64,-122.35,1980.00,3600.00
9557200090.00,20141112T000000,399000.00,3.00,1.00,990.00,4250.00,1.00,0.00,0.00,4.00,7.00,840.00,150.00,1924.00,0.00,98136.00,47.54,-122.39,990.00,4500.00
5126210360.00,20141022T000000,570000.00,4.00,2.50,3420.00,115434.00,2.00,0.00,0.00,3.00,9.00,3420.00,0.00,1989.00,0.00,98038.00,47.39,-121.99,3250.00,111513.00
3528000210.00,20150323T000000,853000.00,4.00,2.25,3440.00,35025.00,2.00,0.00,0.00,3.00,10.00,3440.00,0.00,1988.00,0.00,98053.00,47.67,-122.06,3210.00,35005.00
424059052.00,20141222T000000,400000.00,3.00,1.00,1300.00,14138.00,1.00,0.00,0.00,4.00,7.00,1300.00,0.00,1943.00,0.00,98005.00,47.59,-122.17,2440.00,12196.00
594000115.00,20140512T000000,615000.00,2.00,1.75,2040.00,28593.00,1.50,1.00,3.00,4.00,7.00,2040.00,0.00,1919.00,1990.00,98070.00,47.40,-122.47,2040.00,35124.00
2207100740.00,20150106T000000,463000.00,3.00,1.00,1250.00,7700.00,1.00,0.00,0.00,4.00,7.00,1250.00,0.00,1955.00,0.00,98007.00,47.60,-122.15,1520.00,7700.00
7784000100.00,20140603T000000,600000.00,4.00,2.50,1960.00,14242.00,1.00,0.00,1.00,4.00,8.00,1290.00,670.00,1958.00,0.00,98146.00,47.49,-122.37,2490.00,10907.00
3732800495.00,20141028T000000,429000.00,5.00,2.50,2720.00,8120.00,1.00,0.00,0.00,3.00,7.00,1360.00,1360.00,1970.00,0.00,98108.00,47.56,-122.31,2020.00,8120.00
2025059131.00,20140904T000000,980000.00,4.00,4.25,3250.00,11780.00,2.00,0.00,0.00,3.00,8.00,2360.00,890.00,1944.00,2001.00,98004.00,47.63,-122.20,1800.00,9000.00
6699000740.00,20150421T000000,359500.00,6.00,3.75,3190.00,4700.00,2.00,0.00,0.00,3.00,8.00,3190.00,0.00,2003.00,0.00,98042.00,47.37,-122.11,2680.00,5640.00
8651610580.00,20141107T000000,715000.00,4.00,2.50,2570.00,7980.00,2.00,0.00,0.00,3.00,9.00,2570.00,0.00,1998.00,0.00,98074.00,47.64,-122.07,2760.00,6866.00
5412300100.00,20150325T000000,240000.00,3.00,1.75,1420.00,6984.00,1.00,0.00,0.00,4.00,7.00,980.00,440.00,1980.00,0.00,98030.00,47.37,-122.18,1430.00,7875.00
8096600100.00,20141215T000000,455000.00,4.00,2.00,2120.00,9442.00,1.00,0.00,0.00,5.00,7.00,1060.00,1060.00,1968.00,0.00,98011.00,47.77,-122.23,1290.00,9600.00
722079015.00,20141017T000000,610000.00,3.00,2.50,2080.00,167270.00,1.00,0.00,0.00,3.00,7.00,2080.00,0.00,2000.00,0.00,98038.00,47.40,-121.96,2080.00,55321.00
339350150.00,20150311T000000,675000.00,3.00,2.75,2740.00,5735.00,2.00,0.00,0.00,3.00,9.00,2740.00,0.00,2004.00,0.00,98052.00,47.69,-122.09,2210.00,5026.00
2560805440.00,20150129T000000,283500.00,3.00,1.75,1250.00,5375.00,1.00,0.00,0.00,3.00,7.00,1250.00,0.00,1985.00,0.00,98198.00,47.38,-122.32,1320.00,6258.00
7131300047.00,20140826T000000,235000.00,2.00,1.00,2150.00,4500.00,1.50,0.00,0.00,3.00,7.00,1260.00,890.00,1917.00,0.00,98118.00,47.52,-122.27,1590.00,5010.00
3459600180.00,20140626T000000,827000.00,4.00,2.50,3230.00,12100.00,1.00,0.00,0.00,3.00,9.00,1870.00,1360.00,1977.00,0.00,98006.00,47.56,-122.15,2670.00,10200.00
7663700663.00,20140910T000000,353000.00,2.00,1.00,860.00,8511.00,1.00,0.00,0.00,3.00,7.00,860.00,0.00,1949.00,0.00,98125.00,47.73,-122.30,1554.00,8499.00
5415350770.00,20140923T000000,747500.00,4.00,2.50,2810.00,11902.00,2.00,0.00,0.00,4.00,9.00,2810.00,0.00,1993.00,0.00,98059.00,47.53,-122.14,2990.00,10754.00
3083000940.00,20150412T000000,341000.00,2.00,1.00,1040.00,4000.00,1.00,0.00,0.00,3.00,6.00,1040.00,0.00,1914.00,0.00,98144.00,47.58,-122.30,1740.00,4000.00
1670400090.00,20141124T000000,182000.00,3.00,1.00,1160.00,18055.00,1.00,0.00,0.00,2.00,5.00,1160.00,0.00,1950.00,0.00,98168.00,47.48,-122.27,1340.00,10324.00
2781250610.00,20141202T000000,250000.00,3.00,2.00,1470.00,2781.00,2.00,0.00,0.00,3.00,6.00,1470.00,0.00,2003.00,0.00,98038.00,47.35,-122.02,1360.00,3008.00
3764500090.00,20140521T000000,655000.00,4.00,3.50,2350.00,13402.00,2.00,0.00,3.00,3.00,8.00,1670.00,680.00,1994.00,0.00,98033.00,47.69,-122.19,2250.00,9474.00
7401000040.00,20140507T000000,405000.00,3.00,2.25,1660.00,8307.00,1.00,0.00,0.00,4.00,8.00,1660.00,0.00,1961.00,0.00,98133.00,47.76,-122.35,2510.00,7800.00
4323700230.00,20140818T000000,390000.00,4.00,1.75,2020.00,9750.00,1.00,0.00,0.00,3.00,7.00,1100.00,920.00,1975.00,0.00,98074.00,47.62,-122.06,1670.00,9600.00
3500100047.00,20141008T000000,275400.00,2.00,1.00,890.00,8180.00,1.00,0.00,0.00,3.00,7.00,890.00,0.00,1947.00,0.00,98155.00,47.74,-122.30,1130.00,8180.00
3885807362.00,20140604T000000,791000.00,3.00,2.25,2430.00,5500.00,2.00,0.00,0.00,3.00,8.00,1810.00,620.00,1989.00,0.00,98033.00,47.68,-122.20,2040.00,5500.00
7199340650.00,20140508T000000,424500.00,3.00,1.75,1460.00,7700.00,1.00,0.00,0.00,3.00,7.00,1460.00,0.00,1979.00,0.00,98052.00,47.70,-122.13,1720.00,7280.00
5014000120.00,20140617T000000,430000.00,3.00,1.00,980.00,7200.00,1.00,0.00,0.00,4.00,7.00,980.00,0.00,1950.00,0.00,98116.00,47.57,-122.40,1180.00,6572.00
3758900037.00,20150505T000000,865000.00,4.00,2.50,2580.00,10631.00,2.00,0.00,2.00,4.00,9.00,2580.00,0.00,1992.00,0.00,98033.00,47.70,-122.21,4220.00,10631.00
2724201202.00,20150304T000000,163000.00,2.00,2.00,1250.00,7543.00,1.00,0.00,0.00,3.00,7.00,1250.00,0.00,1962.00,0.00,98198.00,47.41,-122.30,1250.00,7506.00
7855600730.00,20140908T000000,920000.00,4.00,2.75,3140.00,9085.00,1.00,0.00,2.00,5.00,8.00,1570.00,1570.00,1961.00,0.00,98006.00,47.57,-122.16,2430.00,9350.00
7151700360.00,20141211T000000,1028950.00,5.00,3.25,2680.00,3011.00,2.00,0.00,0.00,3.00,9.00,1870.00,810.00,1910.00,2014.00,98122.00,47.61,-122.29,3440.00,5165.00
3811300090.00,20140724T000000,325000.00,3.00,1.75,1810.00,8048.00,1.00,0.00,0.00,4.00,7.00,1290.00,520.00,1983.00,0.00,98055.00,47.45,-122.19,1550.00,9081.00
538000450.00,20140603T000000,315000.00,5.00,2.50,2090.00,4698.00,2.00,0.00,0.00,3.00,7.00,2090.00,0.00,1998.00,0.00,98038.00,47.35,-122.03,2070.00,4698.00
6303400475.00,20140911T000000,227000.00,4.00,1.00,1120.00,8763.00,1.00,0.00,0.00,3.00,6.00,1120.00,0.00,1971.00,0.00,98146.00,47.51,-122.36,1120.00,8636.00
3388110230.00,20140729T000000,179000.00,4.00,1.75,1790.00,7175.00,1.50,0.00,0.00,3.00,6.00,1410.00,380.00,1900.00,0.00,98168.00,47.50,-122.32,1790.00,8417.00
9834201215.00,20141009T000000,276000.00,2.00,1.00,870.00,2676.00,1.00,0.00,0.00,3.00,7.00,820.00,50.00,2004.00,0.00,98144.00,47.57,-122.29,1500.00,1719.00
844000375.00,20150303T000000,335000.00,4.00,1.50,3160.00,19745.00,1.50,0.00,0.00,4.00,6.00,1840.00,1320.00,1968.00,0.00,98010.00,47.31,-122.01,1540.00,8611.00
3816700150.00,20141114T000000,430000.00,3.00,2.00,2350.00,12480.00,1.00,0.00,0.00,3.00,7.00,1600.00,750.00,1981.00,0.00,98028.00,47.77,-122.26,2160.00,12000.00
7237301210.00,20141118T000000,266490.00,3.00,2.50,1810.00,4113.00,2.00,0.00,0.00,3.00,7.00,1810.00,0.00,2004.00,0.00,98042.00,47.37,-122.13,1880.00,4465.00
130000175.00,20140806T000000,655000.00,4.00,2.75,3160.00,8197.00,1.00,0.00,0.00,3.00,8.00,1580.00,1580.00,1962.00,0.00,98115.00,47.70,-122.29,2050.00,8197.00
9468200175.00,20141114T000000,635500.00,3.00,2.00,1660.00,3600.00,1.00,0.00,0.00,3.00,7.00,1000.00,660.00,1939.00,2006.00,98103.00,47.68,-122.35,1700.00,4356.00
8643200061.00,20140626T000000,235000.00,5.00,2.50,2500.00,9583.00,1.00,0.00,0.00,3.00,7.00,1300.00,1200.00,1979.00,0.00,98198.00,47.39,-122.31,2120.00,19352.00
7805460760.00,20150427T000000,885000.00,3.00,2.50,2880.00,11443.00,2.00,0.00,0.00,4.00,9.00,2880.00,0.00,1986.00,0.00,98006.00,47.56,-122.11,2840.00,12530.00
6713700155.00,20140818T000000,352500.00,3.00,1.00,1470.00,8400.00,1.00,0.00,0.00,4.00,7.00,1470.00,0.00,1953.00,0.00,98133.00,47.76,-122.35,1470.00,8400.00
3236500220.00,20140709T000000,450000.00,3.00,2.50,1460.00,7573.00,2.00,0.00,0.00,3.00,8.00,1460.00,0.00,1983.00,0.00,98007.00,47.60,-122.14,1910.00,7668.00
3625049042.00,20141011T000000,3635000.00,5.00,6.00,5490.00,19897.00,2.00,0.00,0.00,3.00,12.00,5490.00,0.00,2005.00,0.00,98039.00,47.62,-122.24,2910.00,17600.00
7935000450.00,20140919T000000,1050000.00,3.00,2.25,2480.00,15022.00,1.00,0.00,4.00,3.00,9.00,1330.00,1150.00,1967.00,2003.00,98136.00,47.55,-122.40,2500.00,8178.00
1324300018.00,20141121T000000,476000.00,2.00,2.25,1140.00,1332.00,3.00,0.00,0.00,3.00,8.00,1140.00,0.00,1999.00,0.00,98103.00,47.65,-122.36,1140.00,1267.00
4123820450.00,20140507T000000,375000.00,3.00,2.50,1830.00,13042.00,2.00,0.00,0.00,3.00,8.00,1830.00,0.00,1990.00,0.00,98038.00,47.37,-122.04,1940.00,6996.00
9325200120.00,20140909T000000,600600.00,4.00,3.50,3110.00,6829.00,2.00,0.00,0.00,3.00,8.00,3110.00,0.00,2014.00,0.00,98148.00,47.43,-122.33,2910.00,7425.00
3918400097.00,20141117T000000,567000.00,4.00,1.75,2630.00,11213.00,1.00,0.00,2.00,4.00,8.00,1430.00,1200.00,1948.00,0.00,98177.00,47.72,-122.37,2240.00,15186.00
8126300410.00,20140725T000000,650000.00,4.00,1.75,2390.00,12000.00,1.00,0.00,0.00,3.00,8.00,1470.00,920.00,1979.00,0.00,98052.00,47.71,-122.16,2110.00,12000.00
7227800040.00,20140604T000000,190000.00,5.00,2.00,1750.00,10284.00,1.00,0.00,0.00,4.00,5.00,1750.00,0.00,1943.00,0.00,98056.00,47.51,-122.18,1560.00,9010.00
1020069042.00,20141001T000000,858000.00,4.00,3.50,4370.00,422967.00,1.00,0.00,2.00,4.00,10.00,2580.00,1790.00,1978.00,0.00,98022.00,47.23,-122.03,3260.00,422967.00
3213200245.00,20150115T000000,435500.00,1.00,1.75,1020.00,4512.00,1.00,0.00,0.00,3.00,7.00,770.00,250.00,1937.00,0.00,98115.00,47.67,-122.27,1230.00,5029.00
455000760.00,20150311T000000,685000.00,3.00,2.00,2500.00,6733.00,1.00,0.00,0.00,3.00,8.00,1770.00,730.00,1979.00,0.00,98107.00,47.67,-122.36,1770.00,6343.00
104510230.00,20141119T000000,252000.00,3.00,2.00,1540.00,7210.00,2.00,0.00,0.00,4.00,7.00,1540.00,0.00,1984.00,0.00,98023.00,47.31,-122.35,1500.00,7210.00
4140090110.00,20140912T000000,512500.00,4.00,2.25,2200.00,6900.00,2.00,0.00,0.00,4.00,8.00,2200.00,0.00,1975.00,0.00,98028.00,47.77,-122.26,2400.00,6900.00
6072500490.00,20140801T000000,423800.00,3.00,2.50,1940.00,7415.00,2.00,0.00,0.00,3.00,8.00,1940.00,0.00,1965.00,0.00,98006.00,47.54,-122.18,1940.00,8425.00
6705120100.00,20150504T000000,460000.00,3.00,2.25,1453.00,2225.00,2.00,0.00,0.00,4.00,8.00,1453.00,0.00,1986.00,0.00,98006.00,47.54,-122.19,1860.00,2526.00
3764390100.00,20140722T000000,434000.00,3.00,2.75,1830.00,3200.00,2.00,0.00,0.00,3.00,8.00,1830.00,0.00,1991.00,0.00,98034.00,47.72,-122.22,2030.00,3331.00
2988800011.00,20150414T000000,244000.00,3.00,1.00,2000.00,15900.00,1.00,0.00,0.00,3.00,6.00,1000.00,1000.00,1948.00,0.00,98178.00,47.48,-122.23,1760.00,10500.00
1073100065.00,20150217T000000,348125.00,3.00,1.00,1400.00,8451.00,1.50,0.00,0.00,3.00,7.00,1400.00,0.00,1953.00,0.00,98133.00,47.77,-122.34,1590.00,8433.00
1136100062.00,20140509T000000,585000.00,4.00,3.25,2400.00,29252.00,2.00,0.00,0.00,4.00,8.00,2400.00,0.00,1982.00,0.00,98072.00,47.74,-122.13,2280.00,45000.00
3356402020.00,20140508T000000,230000.00,3.00,1.00,1390.00,16000.00,1.00,0.00,0.00,4.00,6.00,1390.00,0.00,1960.00,0.00,98001.00,47.29,-122.25,1420.00,10000.00
8039900180.00,20140805T000000,450000.00,3.00,2.00,1680.00,11250.00,1.00,0.00,0.00,4.00,8.00,1680.00,0.00,1967.00,0.00,98045.00,47.49,-121.79,1760.00,12160.00
4174600391.00,20150323T000000,393000.00,5.00,2.00,1820.00,5054.00,1.00,0.00,0.00,4.00,7.00,910.00,910.00,1970.00,0.00,98108.00,47.55,-122.30,1180.00,5628.00
6865200981.00,20141221T000000,517000.00,2.00,1.00,1140.00,3750.00,1.00,0.00,0.00,4.00,7.00,1140.00,0.00,1925.00,0.00,98103.00,47.66,-122.34,1660.00,4000.00
1236900090.00,20140915T000000,400000.00,3.00,1.00,1060.00,12690.00,1.00,0.00,0.00,3.00,7.00,1060.00,0.00,1969.00,0.00,98033.00,47.67,-122.17,1920.00,10200.00
925069152.00,20150304T000000,890000.00,2.00,1.75,3050.00,50965.00,2.00,0.00,0.00,3.00,10.00,3050.00,0.00,1991.00,0.00,98053.00,47.67,-122.05,3050.00,40107.00
9456200405.00,20150310T000000,205950.00,3.00,1.00,970.00,11963.00,1.00,0.00,0.00,4.00,6.00,970.00,0.00,1970.00,0.00,98198.00,47.38,-122.32,1210.00,11963.00
2420069220.00,20141203T000000,209000.00,3.00,1.00,1320.00,3954.00,1.50,0.00,0.00,3.00,6.00,1320.00,0.00,1912.00,2014.00,98022.00,47.20,-121.99,1270.00,5184.00
6381501965.00,20140612T000000,430000.00,4.00,1.75,1890.00,6000.00,1.00,0.00,0.00,4.00,6.00,1110.00,780.00,1947.00,0.00,98125.00,47.73,-122.31,1560.00,6356.00
9191201325.00,20150301T000000,534000.00,4.00,1.75,2040.00,2750.00,1.50,0.00,0.00,4.00,6.00,1260.00,780.00,1926.00,0.00,98105.00,47.67,-122.30,1940.00,3750.00
9547202245.00,20140627T000000,735000.00,4.00,3.00,2370.00,3672.00,1.50,0.00,0.00,5.00,7.00,1650.00,720.00,1916.00,0.00,98115.00,47.68,-122.31,2140.00,4182.00
1924069115.00,20150224T000000,873000.00,3.00,2.25,2720.00,54450.00,2.00,0.00,0.00,3.00,11.00,2720.00,0.00,1997.00,0.00,98027.00,47.55,-122.09,3170.00,60548.00
8121200970.00,20141118T000000,475000.00,4.00,2.25,1970.00,7532.00,1.00,0.00,0.00,3.00,8.00,1390.00,580.00,1983.00,0.00,98052.00,47.72,-122.11,1970.00,8248.00
323049176.00,20140530T000000,325000.00,3.00,1.75,2180.00,10230.00,1.00,0.00,0.00,4.00,7.00,1090.00,1090.00,1961.00,0.00,98118.00,47.52,-122.28,2130.00,7200.00
826079047.00,20140814T000000,500000.00,3.00,2.25,2990.00,216057.00,2.00,0.00,0.00,3.00,9.00,2990.00,0.00,1994.00,0.00,98019.00,47.75,-121.94,2840.00,215622.00
8078550610.00,20150120T000000,279000.00,4.00,2.75,2180.00,8475.00,1.00,0.00,0.00,4.00,7.00,1330.00,850.00,1987.00,0.00,98031.00,47.40,-122.17,1500.00,7140.00
3904930530.00,20150414T000000,350000.00,3.00,2.00,1440.00,5469.00,1.00,0.00,0.00,3.00,8.00,1440.00,0.00,1988.00,0.00,98029.00,47.58,-122.02,1980.00,6198.00
7504020970.00,20150421T000000,660000.00,4.00,2.25,3180.00,13653.00,2.00,0.00,0.00,3.00,9.00,3180.00,0.00,1978.00,0.00,98074.00,47.63,-122.05,2910.00,12350.00
8642600090.00,20150218T000000,324950.00,2.00,1.50,1643.00,14616.00,1.00,0.00,1.00,4.00,7.00,1643.00,0.00,1954.00,0.00,98198.00,47.40,-122.31,2270.00,9940.00
2239000011.00,20150127T000000,500000.00,4.00,2.00,1530.00,7816.00,1.00,0.00,0.00,3.00,7.00,1530.00,0.00,1955.00,0.00,98133.00,47.73,-122.33,1480.00,7816.00
9382200121.00,20140718T000000,187300.00,2.00,1.00,1310.00,7697.00,1.00,0.00,0.00,3.00,6.00,850.00,460.00,1950.00,0.00,98146.00,47.50,-122.35,1270.00,6410.00
7942601475.00,20140520T000000,345600.00,5.00,3.50,2800.00,5120.00,2.50,0.00,0.00,3.00,9.00,2800.00,0.00,1903.00,2005.00,98122.00,47.61,-122.31,1780.00,5120.00
7375300100.00,20141124T000000,400000.00,3.00,1.50,1510.00,7642.00,1.00,0.00,0.00,3.00,7.00,1510.00,0.00,1959.00,0.00,98008.00,47.60,-122.12,2180.00,8357.00
7974200457.00,20150122T000000,935000.00,5.00,3.00,2700.00,5001.00,2.00,0.00,0.00,3.00,10.00,2700.00,0.00,2009.00,0.00,98115.00,47.68,-122.29,1610.00,5191.00
923059206.00,20140715T000000,374000.00,4.00,1.75,2220.00,15600.00,1.00,0.00,0.00,5.00,7.00,1140.00,1080.00,1963.00,0.00,98056.00,47.49,-122.17,1670.00,4800.00
782700150.00,20140609T000000,328000.00,3.00,1.75,1440.00,45302.00,2.00,0.00,0.00,3.00,7.00,1440.00,0.00,1977.00,0.00,98019.00,47.71,-121.92,2080.00,49658.00
2144800146.00,20140826T000000,257500.00,3.00,2.00,1300.00,9334.00,1.00,0.00,0.00,5.00,7.00,1300.00,0.00,1981.00,0.00,98178.00,47.49,-122.24,2210.00,9636.00
1337800220.00,20140908T000000,1003000.00,4.00,2.50,2230.00,3600.00,2.00,0.00,0.00,5.00,8.00,1630.00,600.00,1906.00,0.00,98112.00,47.63,-122.31,2410.00,4800.00
3530410081.00,20140626T000000,216500.00,2.00,1.75,1390.00,4482.00,1.00,0.00,0.00,4.00,8.00,1390.00,0.00,1980.00,0.00,98198.00,47.38,-122.32,1390.00,4680.00
1525059198.00,20140521T000000,1185000.00,3.00,2.25,2760.00,40946.00,2.00,0.00,0.00,5.00,10.00,2760.00,0.00,1978.00,0.00,98005.00,47.65,-122.16,3030.00,42253.00
8665000040.00,20140730T000000,360000.00,4.00,2.50,3200.00,7282.00,2.00,0.00,0.00,3.00,9.00,3200.00,0.00,2007.00,0.00,98188.00,47.43,-122.29,3030.00,7290.00
5016001619.00,20150122T000000,699999.00,3.00,0.75,1240.00,4000.00,1.00,0.00,0.00,4.00,7.00,1240.00,0.00,1968.00,0.00,98112.00,47.62,-122.30,1460.00,4000.00
826069184.00,20141002T000000,535000.00,3.00,2.50,1960.00,47044.00,2.00,0.00,0.00,4.00,8.00,1960.00,0.00,1978.00,0.00,98077.00,47.76,-122.07,2020.00,29004.00
123039147.00,20150319T000000,464950.00,3.00,2.00,2190.00,19800.00,1.00,0.00,0.00,3.00,7.00,2190.00,0.00,1994.00,0.00,98146.00,47.51,-122.37,1640.00,9719.00
8089510150.00,20141202T000000,925000.00,4.00,2.50,3540.00,18168.00,2.00,0.00,0.00,3.00,10.00,3540.00,0.00,1996.00,0.00,98006.00,47.54,-122.13,4130.00,11180.00
8818400450.00,20140508T000000,930000.00,3.00,3.25,2640.00,4080.00,2.00,0.00,0.00,3.00,9.00,1840.00,800.00,1912.00,2000.00,98105.00,47.66,-122.33,1990.00,4080.00
6324000115.00,20140922T000000,727500.00,3.00,2.00,2660.00,5000.00,1.50,0.00,3.00,3.00,8.00,1940.00,720.00,1910.00,0.00,98116.00,47.58,-122.38,2270.00,5000.00
1133000694.00,20150312T000000,325000.00,4.00,1.75,1670.00,9500.00,1.00,0.00,0.00,3.00,7.00,1670.00,0.00,1976.00,0.00,98125.00,47.73,-122.31,1620.00,9500.00
4441300325.00,20140905T000000,695000.00,3.00,3.25,3080.00,12100.00,2.00,0.00,0.00,3.00,8.00,2080.00,1000.00,1984.00,0.00,98117.00,47.70,-122.40,2100.00,6581.00
3288301010.00,20140625T000000,585000.00,4.00,2.75,2890.00,6825.00,1.00,0.00,0.00,3.00,8.00,1560.00,1330.00,1973.00,0.00,98034.00,47.73,-122.18,1900.00,10120.00
8125200481.00,20140926T000000,319000.00,3.00,2.25,1800.00,9597.00,1.00,0.00,2.00,3.00,7.00,1200.00,600.00,1963.00,0.00,98188.00,47.45,-122.27,1700.00,13502.00
8857600540.00,20150106T000000,265000.00,6.00,2.50,2000.00,7650.00,1.50,0.00,0.00,4.00,7.00,1790.00,210.00,1960.00,0.00,98032.00,47.38,-122.29,1710.00,7650.00
1901600090.00,20140626T000000,359000.00,5.00,1.75,1940.00,6654.00,1.50,0.00,0.00,4.00,7.00,1940.00,0.00,1953.00,0.00,98166.00,47.47,-122.36,2300.00,9500.00
1901600090.00,20150426T000000,390000.00,5.00,1.75,1940.00,6654.00,1.50,0.00,0.00,4.00,7.00,1940.00,0.00,1953.00,0.00,98166.00,47.47,-122.36,2300.00,9500.00
9144300120.00,20150128T000000,374500.00,3.00,1.00,960.00,9531.00,1.00,0.00,0.00,5.00,7.00,960.00,0.00,1969.00,0.00,98072.00,47.76,-122.16,1670.00,9250.00
3401700031.00,20140822T000000,661000.00,2.00,1.50,1750.00,46173.00,2.00,0.00,0.00,4.00,8.00,1750.00,0.00,1964.00,0.00,98072.00,47.74,-122.13,2220.00,42224.00
5332200375.00,20141203T000000,900000.00,3.00,2.50,2320.00,5000.00,2.00,0.00,0.00,3.00,8.00,1620.00,700.00,1907.00,1993.00,98112.00,47.63,-122.29,2160.00,5000.00
8582400015.00,20150413T000000,600000.00,5.00,2.50,2380.00,8204.00,1.00,0.00,0.00,3.00,8.00,1540.00,840.00,1957.00,0.00,98115.00,47.70,-122.29,2270.00,8204.00
4131900042.00,20140516T000000,2000000.00,5.00,4.25,6490.00,10862.00,2.00,0.00,3.00,4.00,11.00,3940.00,2550.00,1991.00,0.00,98040.00,47.57,-122.21,3290.00,14080.00
3964400120.00,20150508T000000,512500.00,4.00,1.75,1620.00,4240.00,1.50,0.00,0.00,5.00,7.00,1620.00,0.00,1916.00,0.00,98144.00,47.57,-122.31,1450.00,4240.00
2212600040.00,20140604T000000,229500.00,3.00,1.75,1770.00,33224.00,1.00,0.00,0.00,4.00,8.00,1770.00,0.00,1968.00,0.00,98092.00,47.34,-122.19,1690.00,22069.00
8562750300.00,20140731T000000,589000.00,3.00,2.50,2320.00,5663.00,2.00,0.00,0.00,3.00,8.00,2320.00,0.00,2003.00,0.00,98027.00,47.54,-122.07,2500.00,4500.00
2705600067.00,20150323T000000,539950.00,3.00,2.50,1330.00,2183.00,3.00,0.00,0.00,3.00,8.00,1330.00,0.00,2014.00,0.00,98117.00,47.70,-122.37,1310.00,5000.00
3023049143.00,20141020T000000,640000.00,4.00,2.50,3420.00,21344.00,2.00,0.00,0.00,3.00,9.00,3420.00,0.00,2002.00,0.00,98166.00,47.45,-122.33,2110.00,21344.00
8944300110.00,20150108T000000,218250.00,3.00,1.00,1270.00,7344.00,1.00,0.00,0.00,3.00,7.00,970.00,300.00,1967.00,0.00,98023.00,47.31,-122.37,1290.00,7300.00
7277100395.00,20150225T000000,675000.00,4.00,3.50,2550.00,3600.00,2.00,0.00,2.00,3.00,8.00,1880.00,670.00,1997.00,0.00,98177.00,47.77,-122.39,2090.00,6000.00
9407001830.00,20140717T000000,338000.00,5.00,2.00,1860.00,9000.00,2.00,0.00,0.00,3.00,7.00,1860.00,0.00,1980.00,0.00,98045.00,47.45,-121.77,1390.00,9752.00
4406000620.00,20150331T000000,231750.00,3.00,1.00,1020.00,7615.00,1.00,0.00,0.00,3.00,7.00,1020.00,0.00,1981.00,0.00,98058.00,47.43,-122.15,1470.00,9515.00
2414600366.00,20141114T000000,199900.00,1.00,1.00,720.00,7140.00,1.00,0.00,0.00,3.00,6.00,720.00,0.00,1930.00,0.00,98146.00,47.51,-122.34,1140.00,7577.00
98000870.00,20141001T000000,1059000.00,4.00,3.50,4460.00,16271.00,2.00,0.00,2.00,3.00,11.00,4460.00,0.00,2001.00,0.00,98075.00,47.59,-121.97,4540.00,17122.00
9211500230.00,20141002T000000,263000.00,4.00,2.75,1830.00,7315.00,1.00,0.00,0.00,5.00,7.00,1250.00,580.00,1979.00,0.00,98023.00,47.30,-122.38,1730.00,7208.00
3600600065.00,20140820T000000,279950.00,3.00,1.50,1520.00,7200.00,1.00,0.00,0.00,4.00,7.00,1160.00,360.00,1990.00,0.00,98198.00,47.39,-122.30,1460.00,7200.00
7177300090.00,20140520T000000,395000.00,3.00,1.50,1080.00,2940.00,1.50,0.00,0.00,4.00,7.00,1080.00,0.00,1920.00,0.00,98115.00,47.68,-122.30,1400.00,4930.00
6664900410.00,20140626T000000,252500.00,3.00,2.00,1900.00,8002.00,1.00,0.00,0.00,3.00,7.00,1900.00,0.00,1991.00,0.00,98023.00,47.29,-122.35,1900.00,6086.00
1853000530.00,20150312T000000,1150000.00,4.00,3.75,5300.00,37034.00,2.00,0.00,0.00,3.00,11.00,5300.00,0.00,1989.00,0.00,98077.00,47.73,-122.08,3730.00,37034.00
3751604653.00,20140826T000000,205000.00,3.00,1.00,1370.00,10708.00,1.00,0.00,0.00,3.00,7.00,1370.00,0.00,1969.00,0.00,98001.00,47.28,-122.26,1770.00,14482.00
8563001130.00,20140828T000000,654000.00,5.00,2.50,2960.00,8968.00,1.00,0.00,0.00,4.00,8.00,1640.00,1320.00,1965.00,0.00,98008.00,47.62,-122.10,1890.00,9077.00
1324079029.00,20150317T000000,200000.00,3.00,1.00,960.00,213008.00,1.00,0.00,0.00,2.00,6.00,960.00,0.00,1933.00,0.00,98024.00,47.56,-121.86,1520.00,57499.00
1236300214.00,20140722T000000,700000.00,3.00,2.50,2190.00,7982.00,2.00,0.00,0.00,3.00,8.00,2190.00,0.00,2004.00,0.00,98033.00,47.69,-122.19,2090.00,8888.00
2525049086.00,20141003T000000,2720000.00,4.00,3.25,3990.00,18115.00,2.00,0.00,0.00,4.00,11.00,3990.00,0.00,1989.00,0.00,98039.00,47.62,-122.23,3450.00,16087.00
8822900115.00,20141209T000000,306000.00,2.00,1.75,1200.00,2622.00,1.00,0.00,0.00,5.00,7.00,800.00,400.00,1956.00,0.00,98125.00,47.72,-122.29,1310.00,1926.00
3832080610.00,20150406T000000,270000.00,3.00,2.50,1780.00,5015.00,2.00,0.00,0.00,3.00,7.00,1780.00,0.00,2010.00,0.00,98042.00,47.34,-122.05,2010.00,5250.00
1657300450.00,20141029T000000,340000.00,3.00,2.25,2630.00,9916.00,2.00,0.00,0.00,4.00,9.00,2630.00,0.00,1988.00,0.00,98092.00,47.33,-122.20,2470.00,10810.00
1151100035.00,20140611T000000,450000.00,4.00,2.50,2300.00,19250.00,1.00,0.00,0.00,4.00,7.00,2300.00,0.00,1955.00,0.00,98045.00,47.48,-121.78,1460.00,19250.00
3876311490.00,20140724T000000,580000.00,4.00,2.75,3210.00,6825.00,1.00,0.00,0.00,5.00,7.00,1810.00,1400.00,1975.00,0.00,98034.00,47.73,-122.17,1840.00,8000.00
9297300590.00,20141103T000000,435000.00,4.00,1.75,2290.00,4400.00,1.00,0.00,3.00,3.00,7.00,1290.00,1000.00,1959.00,0.00,98126.00,47.57,-122.38,1820.00,4000.00
3260350100.00,20140818T000000,690000.00,4.00,2.50,2780.00,4688.00,2.00,0.00,0.00,3.00,9.00,2780.00,0.00,2003.00,0.00,98059.00,47.52,-122.16,3000.00,6029.00
3886902615.00,20140617T000000,720000.00,4.00,2.50,2650.00,11520.00,2.00,0.00,0.00,3.00,8.00,2110.00,540.00,1988.00,0.00,98033.00,47.68,-122.19,2000.00,7680.00
2193300620.00,20150217T000000,403000.00,3.00,2.25,1840.00,13020.00,1.00,0.00,0.00,3.00,8.00,1390.00,450.00,1980.00,0.00,98052.00,47.69,-122.10,2210.00,13020.00
7016100120.00,20140612T000000,440000.00,3.00,2.75,1560.00,7392.00,1.00,0.00,0.00,5.00,7.00,1030.00,530.00,1972.00,0.00,98011.00,47.74,-122.18,1870.00,7520.00
8857600220.00,20141023T000000,178500.00,3.00,1.00,1200.00,8470.00,1.00,0.00,0.00,5.00,7.00,1200.00,0.00,1961.00,0.00,98032.00,47.39,-122.29,1200.00,7952.00
1645000580.00,20141002T000000,270000.00,4.00,2.50,1900.00,8282.00,1.00,0.00,0.00,3.00,7.00,1900.00,0.00,1968.00,1997.00,98022.00,47.21,-122.00,1420.00,8350.00
4337600205.00,20141112T000000,129888.00,2.00,1.00,710.00,9900.00,1.00,0.00,0.00,3.00,6.00,710.00,0.00,1943.00,0.00,98166.00,47.48,-122.34,1070.00,9900.00
1545805730.00,20150218T000000,260000.00,3.00,1.75,1360.00,15210.00,1.00,0.00,0.00,3.00,7.00,1360.00,0.00,1987.00,0.00,98038.00,47.37,-122.05,1610.00,7800.00
8650100120.00,20140829T000000,339950.00,5.00,2.50,2990.00,7292.00,2.00,0.00,0.00,4.00,8.00,2990.00,0.00,1990.00,0.00,98042.00,47.36,-122.09,2150.00,8190.00
4047200820.00,20140822T000000,250000.00,3.00,1.00,1640.00,26127.00,2.00,0.00,0.00,3.00,6.00,1640.00,0.00,1975.00,0.00,98019.00,47.77,-121.91,1620.00,25788.00
1822059156.00,20150114T000000,680000.00,3.00,3.50,3650.00,103672.00,1.00,0.00,0.00,3.00,10.00,2050.00,1600.00,2011.00,0.00,98031.00,47.40,-122.22,2550.00,16140.00
8812401450.00,20141229T000000,660000.00,10.00,3.00,2920.00,3745.00,2.00,0.00,0.00,4.00,7.00,1860.00,1060.00,1913.00,0.00,98105.00,47.66,-122.32,1810.00,3745.00
1854750090.00,20140716T000000,1225000.00,3.00,3.50,3680.00,11491.00,2.00,0.00,2.00,3.00,11.00,3680.00,0.00,1999.00,0.00,98007.00,47.56,-122.13,3710.00,10030.00
6071200455.00,20140523T000000,550000.00,3.00,2.00,1830.00,9152.00,1.00,0.00,0.00,5.00,8.00,1830.00,0.00,1959.00,0.00,98006.00,47.55,-122.18,1770.00,9220.00
6790200110.00,20150102T000000,675000.00,5.00,2.75,2570.00,12906.00,2.00,0.00,0.00,3.00,8.00,2570.00,0.00,1987.00,0.00,98075.00,47.58,-122.05,2580.00,12927.00
6710100131.00,20150410T000000,981000.00,3.00,3.25,2730.00,9588.00,2.00,0.00,1.00,3.00,10.00,1900.00,830.00,1984.00,0.00,98052.00,47.63,-122.09,2730.00,12736.00
8856004415.00,20150325T000000,168000.00,3.00,1.00,1150.00,8000.00,1.50,0.00,0.00,4.00,6.00,1150.00,0.00,1913.00,1957.00,98001.00,47.27,-122.25,1170.00,9600.00
3276940100.00,20140522T000000,1000000.00,4.00,3.00,4260.00,18687.00,2.00,0.00,0.00,3.00,11.00,4260.00,0.00,1996.00,0.00,98075.00,47.59,-121.98,3490.00,16772.00
9407100300.00,20150401T000000,320000.00,3.00,1.00,1260.00,9600.00,1.00,0.00,0.00,3.00,7.00,1260.00,0.00,1970.00,1995.00,98045.00,47.44,-121.76,1530.00,9790.00
1224049095.00,20150204T000000,959000.00,6.00,3.25,4440.00,17424.00,1.00,0.00,1.00,4.00,9.00,2220.00,2220.00,1959.00,0.00,98040.00,47.58,-122.23,2660.00,10768.00
7899800586.00,20150409T000000,372000.00,4.00,1.00,2300.00,7680.00,1.00,0.00,0.00,3.00,7.00,1270.00,1030.00,1959.00,0.00,98106.00,47.52,-122.36,1840.00,5120.00
2607730110.00,20140707T000000,391500.00,3.00,2.50,1920.00,9625.00,2.00,0.00,0.00,3.00,8.00,1920.00,0.00,1993.00,0.00,98045.00,47.49,-121.80,1920.00,10343.00
1781500180.00,20150327T000000,390000.00,2.00,1.00,1080.00,4725.00,1.50,0.00,0.00,3.00,7.00,1080.00,0.00,1944.00,0.00,98126.00,47.53,-122.38,1520.00,4961.00
2341800195.00,20141106T000000,302000.00,2.00,1.00,890.00,5000.00,1.00,0.00,0.00,4.00,6.00,890.00,0.00,1947.00,0.00,98118.00,47.55,-122.29,1160.00,5000.00
52000067.00,20141103T000000,495000.00,3.00,3.50,1650.00,1577.00,2.00,0.00,0.00,3.00,7.00,1100.00,550.00,2012.00,0.00,98109.00,47.63,-122.34,1580.00,1280.00
1972202023.00,20140904T000000,504500.00,3.00,2.50,1820.00,1545.00,3.00,0.00,2.00,3.00,8.00,1640.00,180.00,1998.00,0.00,98103.00,47.65,-122.35,1440.00,1290.00
2919700540.00,20150318T000000,555000.00,4.00,1.75,2320.00,4800.00,1.50,0.00,0.00,3.00,7.00,2170.00,150.00,1918.00,0.00,98117.00,47.69,-122.37,1390.00,4800.00
6613000375.00,20150317T000000,1550000.00,4.00,3.50,3260.00,5000.00,2.00,0.00,0.00,5.00,9.00,2630.00,630.00,1937.00,0.00,98105.00,47.66,-122.27,2600.00,5000.00
2391600735.00,20140909T000000,550000.00,3.00,1.50,1730.00,5750.00,1.00,0.00,0.00,3.00,7.00,1250.00,480.00,1947.00,0.00,98116.00,47.56,-122.40,1370.00,5750.00
1337300145.00,20140721T000000,1800000.00,4.00,2.50,3320.00,8325.00,2.50,0.00,0.00,5.00,10.00,3320.00,0.00,1905.00,0.00,98112.00,47.63,-122.31,3680.00,6050.00
9164100035.00,20150429T000000,655000.00,1.00,1.00,1660.00,5422.00,1.00,0.00,0.00,4.00,7.00,830.00,830.00,1908.00,0.00,98117.00,47.68,-122.39,1100.00,5356.00
821069025.00,20150213T000000,685000.00,3.00,2.50,3290.00,90796.00,2.00,0.00,0.00,4.00,10.00,3290.00,0.00,1992.00,0.00,98042.00,47.32,-122.08,2700.00,55023.00
1566100555.00,20150501T000000,721000.00,4.00,2.00,2280.00,8339.00,1.00,0.00,0.00,4.00,7.00,1220.00,1060.00,1954.00,0.00,98115.00,47.70,-122.30,1970.00,8340.00
2397100705.00,20140714T000000,1518630.00,4.00,4.25,3650.00,5328.00,1.50,0.00,0.00,3.00,9.00,2330.00,1320.00,1907.00,2014.00,98119.00,47.64,-122.36,1710.00,3600.00
822069066.00,20150223T000000,365000.00,4.00,2.50,1620.00,219542.00,2.00,0.00,0.00,3.00,7.00,1620.00,0.00,1980.00,0.00,98038.00,47.40,-122.07,2240.00,217800.00
3834000820.00,20140613T000000,458000.00,3.00,2.00,2020.00,8555.00,1.00,0.00,0.00,4.00,7.00,1220.00,800.00,1957.00,0.00,98125.00,47.73,-122.29,1600.00,8148.00
1432700880.00,20150409T000000,280000.00,2.00,1.00,1150.00,12861.00,1.00,0.00,0.00,3.00,6.00,1150.00,0.00,1959.00,0.00,98058.00,47.45,-122.17,1170.00,7574.00
3658700395.00,20150409T000000,628000.00,4.00,1.75,1940.00,3060.00,1.00,0.00,0.00,4.00,7.00,1000.00,940.00,1911.00,0.00,98115.00,47.68,-122.32,1320.00,3060.00
1564000410.00,20150218T000000,781500.00,4.00,2.50,3440.00,6332.00,2.00,0.00,0.00,3.00,10.00,3440.00,0.00,2001.00,0.00,98059.00,47.53,-122.16,3310.00,6528.00
984100450.00,20140624T000000,295000.00,3.00,1.75,2000.00,7560.00,1.00,0.00,0.00,4.00,7.00,1300.00,700.00,1968.00,0.00,98058.00,47.43,-122.17,1900.00,8301.00
4449800063.00,20150403T000000,435000.00,2.00,1.00,750.00,2786.00,1.00,0.00,0.00,5.00,7.00,750.00,0.00,1947.00,0.00,98117.00,47.69,-122.39,1700.00,4653.00
7694600201.00,20150322T000000,300000.00,3.00,1.75,1420.00,7200.00,1.00,0.00,0.00,3.00,7.00,1000.00,420.00,1979.00,0.00,98146.00,47.51,-122.37,1550.00,8640.00
844001145.00,20150326T000000,208500.00,2.00,1.00,880.00,4814.00,1.00,0.00,0.00,4.00,5.00,880.00,0.00,1906.00,0.00,98010.00,47.31,-122.00,1010.00,6160.00
8682281960.00,20140603T000000,930000.00,2.00,2.50,2680.00,11214.00,1.00,0.00,0.00,3.00,9.00,2680.00,0.00,2006.00,0.00,98053.00,47.71,-122.02,2305.00,6908.00
1604600790.00,20150211T000000,316000.00,2.00,2.00,860.00,3000.00,1.00,0.00,0.00,3.00,6.00,860.00,0.00,1906.00,0.00,98118.00,47.56,-122.29,1290.00,3500.00
1796380330.00,20140623T000000,249900.00,3.00,2.00,1310.00,6738.00,1.00,0.00,0.00,4.00,7.00,1310.00,0.00,1990.00,0.00,98042.00,47.37,-122.08,1290.00,8067.00
3416600490.00,20140731T000000,675000.00,3.00,2.25,1780.00,4252.00,2.00,0.00,0.00,4.00,8.00,1540.00,240.00,1989.00,0.00,98144.00,47.60,-122.29,2220.00,4000.00
3904901520.00,20141030T000000,447000.00,3.00,2.25,1440.00,4667.00,2.00,0.00,0.00,3.00,7.00,1440.00,0.00,1985.00,0.00,98029.00,47.57,-122.02,1610.00,4756.00
1556200155.00,20150417T000000,675000.00,3.00,2.00,1510.00,3817.00,1.50,0.00,0.00,3.00,8.00,1510.00,0.00,1905.00,1994.00,98122.00,47.61,-122.29,1510.00,3817.00
567000401.00,20150421T000000,546000.00,4.00,2.50,2100.00,1397.00,3.00,0.00,0.00,3.00,8.00,1580.00,520.00,2008.00,0.00,98144.00,47.59,-122.30,1490.00,1201.00
6450300673.00,20141231T000000,310000.00,3.00,2.00,1310.00,1361.00,3.00,0.00,0.00,3.00,7.00,1310.00,0.00,2003.00,0.00,98133.00,47.73,-122.34,1370.00,1608.00
4440400155.00,20150106T000000,190000.00,3.00,1.00,1280.00,5100.00,1.00,0.00,0.00,3.00,7.00,880.00,400.00,1961.00,0.00,98178.00,47.50,-122.26,1360.00,6120.00
2450000165.00,20140618T000000,650000.00,3.00,1.50,1320.00,8114.00,1.00,0.00,0.00,3.00,8.00,1320.00,0.00,1951.00,0.00,98004.00,47.58,-122.20,2110.00,8114.00
9828701605.00,20141002T000000,585000.00,3.00,2.50,1740.00,2350.00,2.00,0.00,0.00,3.00,8.00,1130.00,610.00,1995.00,0.00,98112.00,47.62,-122.30,1740.00,3201.00
856000985.00,20141106T000000,1430800.00,4.00,2.50,2910.00,7364.00,2.00,0.00,0.00,3.00,10.00,2910.00,0.00,2003.00,0.00,98033.00,47.69,-122.21,2480.00,8400.00
7504100360.00,20150112T000000,565000.00,4.00,2.50,2500.00,12090.00,1.00,0.00,0.00,3.00,9.00,2500.00,0.00,1983.00,0.00,98074.00,47.63,-122.05,3380.00,12760.00
7883606725.00,20141111T000000,174900.00,3.00,1.00,1100.00,6000.00,1.50,0.00,0.00,2.00,6.00,1100.00,0.00,1926.00,0.00,98108.00,47.53,-122.32,960.00,5880.00
2926049564.00,20140924T000000,360000.00,3.00,2.25,1381.00,1180.00,3.00,0.00,0.00,3.00,8.00,1381.00,0.00,2007.00,0.00,98125.00,47.71,-122.32,1381.00,1180.00
7418700040.00,20150429T000000,234000.00,3.00,1.00,960.00,9624.00,1.00,0.00,0.00,3.00,7.00,960.00,0.00,1953.00,0.00,98155.00,47.78,-122.30,1540.00,9624.00
3756900027.00,20141125T000000,575000.00,8.00,3.00,3840.00,15990.00,1.00,0.00,0.00,3.00,7.00,2530.00,1310.00,1961.00,0.00,98034.00,47.71,-122.21,1380.00,8172.00
7237300610.00,20150303T000000,315000.00,3.00,2.50,2200.00,5954.00,2.00,0.00,0.00,3.00,7.00,2200.00,0.00,2004.00,0.00,98042.00,47.37,-122.13,2200.00,5046.00
1312900180.00,20150325T000000,225000.00,3.00,1.00,1250.00,7820.00,1.00,0.00,0.00,3.00,7.00,1250.00,0.00,1967.00,0.00,98001.00,47.34,-122.29,1300.00,7920.00
3824100211.00,20140626T000000,370000.00,3.00,1.50,2380.00,14500.00,1.00,0.00,0.00,4.00,7.00,1850.00,530.00,1961.00,0.00,98028.00,47.77,-122.26,1830.00,13600.00
455000395.00,20140523T000000,606000.00,3.00,1.00,1500.00,3920.00,1.00,0.00,0.00,3.00,7.00,1000.00,500.00,1947.00,0.00,98107.00,47.67,-122.36,1640.00,4017.00
2472950120.00,20140603T000000,272500.00,3.00,2.00,1410.00,7622.00,1.00,0.00,0.00,4.00,7.00,1410.00,0.00,1983.00,0.00,98058.00,47.43,-122.15,1830.00,8330.00
7977201709.00,20150323T000000,475000.00,3.00,1.75,1680.00,3420.00,1.00,0.00,0.00,3.00,7.00,960.00,720.00,1992.00,0.00,98115.00,47.69,-122.29,1680.00,4080.00
5095400040.00,20140605T000000,270000.00,3.00,1.00,1500.00,13500.00,1.00,0.00,0.00,4.00,7.00,1500.00,0.00,1968.00,0.00,98059.00,47.47,-122.07,1350.00,13680.00
2324039152.00,20140818T000000,624000.00,4.00,1.75,2710.00,9216.00,1.00,0.00,0.00,3.00,8.00,1440.00,1270.00,1961.00,0.00,98126.00,47.55,-122.38,1960.00,6350.00
1442300035.00,20140702T000000,355000.00,3.00,1.75,1730.00,7416.00,1.50,0.00,0.00,3.00,7.00,1730.00,0.00,1954.00,0.00,98133.00,47.76,-122.35,1390.00,6490.00
6145601725.00,20141104T000000,345000.00,3.00,1.00,960.00,3844.00,1.00,0.00,0.00,3.00,7.00,960.00,0.00,1972.00,0.00,98133.00,47.70,-122.35,1020.00,3844.00
7137950210.00,20141120T000000,342000.00,4.00,2.50,2380.00,7792.00,2.00,0.00,0.00,3.00,8.00,2380.00,0.00,1993.00,0.00,98092.00,47.33,-122.17,2260.00,7378.00
2720069019.00,20141103T000000,316000.00,3.00,1.75,1120.00,98445.00,1.50,0.00,2.00,4.00,7.00,1120.00,0.00,1917.00,0.00,98022.00,47.19,-122.02,1620.00,34200.00
1560920040.00,20140731T000000,539950.00,4.00,2.50,2960.00,37430.00,2.00,0.00,0.00,3.00,9.00,2960.00,0.00,1990.00,0.00,98038.00,47.40,-122.02,2800.00,36384.00
7812801785.00,20150218T000000,221347.00,3.00,2.00,1580.00,6655.00,1.00,0.00,0.00,3.00,6.00,790.00,790.00,1944.00,0.00,98178.00,47.49,-122.25,1090.00,6655.00
8860500300.00,20140718T000000,330000.00,3.00,2.50,1870.00,4657.00,2.00,0.00,0.00,3.00,8.00,1870.00,0.00,2000.00,0.00,98055.00,47.46,-122.21,2290.00,4795.00
6142100090.00,20140718T000000,279000.00,4.00,2.50,1810.00,13000.00,1.00,0.00,0.00,4.00,8.00,1470.00,340.00,1977.00,0.00,98022.00,47.22,-121.99,1850.00,13000.00
4083302225.00,20141014T000000,850000.00,4.00,3.00,2550.00,3784.00,1.50,0.00,0.00,4.00,8.00,1750.00,800.00,1900.00,0.00,98103.00,47.66,-122.34,2100.00,4560.00
2591700037.00,20150212T000000,746000.00,3.00,1.75,1910.00,12321.00,1.00,0.00,0.00,4.00,7.00,1100.00,810.00,1952.00,0.00,98004.00,47.60,-122.20,1910.00,11761.00
5458300580.00,20141001T000000,478000.00,2.00,2.00,1200.00,1867.00,1.00,0.00,0.00,3.00,7.00,600.00,600.00,1924.00,1998.00,98109.00,47.63,-122.35,1790.00,2221.00
3362400650.00,20150116T000000,820000.00,4.00,2.75,2420.00,4635.00,1.50,0.00,0.00,5.00,7.00,2420.00,0.00,1905.00,0.00,98103.00,47.68,-122.35,1590.00,3150.00
5553300375.00,20140820T000000,2160000.00,3.00,3.50,3080.00,6495.00,2.00,0.00,3.00,3.00,11.00,2530.00,550.00,1996.00,2006.00,98199.00,47.63,-122.39,4120.00,8620.00
2024059111.00,20141023T000000,820000.00,3.00,3.00,3850.00,38830.00,2.00,0.00,1.00,3.00,10.00,3850.00,0.00,2000.00,0.00,98006.00,47.55,-122.19,2970.00,14050.00
6649900090.00,20150418T000000,887000.00,3.00,2.00,3000.00,22040.00,2.00,0.00,2.00,4.00,8.00,2470.00,530.00,1942.00,0.00,98177.00,47.77,-122.37,2600.00,7947.00
3356403400.00,20140724T000000,159000.00,3.00,1.00,1360.00,20000.00,1.00,0.00,0.00,4.00,7.00,1360.00,0.00,1953.00,0.00,98001.00,47.29,-122.25,1530.00,9997.00
2771604190.00,20140617T000000,824000.00,7.00,4.25,3670.00,4000.00,2.00,0.00,1.00,3.00,8.00,2800.00,870.00,1964.00,0.00,98199.00,47.64,-122.39,2010.00,4000.00
6638900265.00,20140925T000000,812000.00,4.00,2.50,2270.00,5000.00,2.00,0.00,0.00,3.00,9.00,2270.00,0.00,2014.00,0.00,98117.00,47.69,-122.37,1210.00,5000.00
8731960540.00,20141215T000000,242000.00,4.00,2.50,1750.00,11400.00,2.00,0.00,0.00,4.00,7.00,1750.00,0.00,1975.00,0.00,98023.00,47.31,-122.39,1890.00,9024.00
7853301400.00,20140520T000000,625000.00,4.00,2.50,3550.00,8048.00,2.00,0.00,0.00,3.00,9.00,3550.00,0.00,2007.00,0.00,98065.00,47.54,-121.89,3920.00,7871.00
123039176.00,20141212T000000,399888.00,4.00,1.00,2370.00,30200.00,1.50,0.00,0.00,4.00,7.00,1570.00,800.00,1948.00,0.00,98146.00,47.51,-122.37,1640.00,9719.00
4178500150.00,20140922T000000,289000.00,3.00,2.25,1670.00,6600.00,2.00,0.00,0.00,4.00,7.00,1670.00,0.00,1990.00,0.00,98042.00,47.36,-122.09,1670.00,6801.00
7702600930.00,20140804T000000,400000.00,3.00,2.00,1860.00,12944.00,1.00,0.00,0.00,3.00,9.00,1860.00,0.00,2002.00,0.00,98058.00,47.43,-122.10,2500.00,29279.00
3892500150.00,20140521T000000,1550000.00,3.00,2.50,4460.00,26027.00,2.00,0.00,0.00,3.00,12.00,4460.00,0.00,1992.00,0.00,98033.00,47.66,-122.17,3770.00,26027.00
6021500970.00,20140528T000000,345000.00,2.00,1.00,1080.00,4000.00,1.00,0.00,0.00,3.00,7.00,1080.00,0.00,1940.00,0.00,98117.00,47.69,-122.39,1530.00,4240.00
6021500970.00,20150407T000000,874950.00,2.00,1.00,1080.00,4000.00,1.00,0.00,0.00,3.00,7.00,1080.00,0.00,1940.00,0.00,98117.00,47.69,-122.39,1530.00,4240.00
9136100056.00,20140528T000000,875000.00,3.00,2.75,2280.00,4280.00,1.00,0.00,0.00,5.00,7.00,1280.00,1000.00,1917.00,0.00,98103.00,47.67,-122.34,1650.00,4280.00
205000120.00,20150310T000000,628990.00,4.00,2.50,2540.00,32647.00,2.00,0.00,0.00,3.00,9.00,2540.00,0.00,1996.00,0.00,98053.00,47.63,-121.99,2740.00,32647.00
3019300090.00,20140723T000000,535000.00,2.00,3.50,2560.00,5000.00,1.00,0.00,0.00,4.00,6.00,1280.00,1280.00,1944.00,0.00,98107.00,47.67,-122.37,1390.00,4000.00
5492200090.00,20141007T000000,770126.00,4.00,2.75,2390.00,9300.00,1.00,0.00,0.00,3.00,8.00,1430.00,960.00,1979.00,0.00,98004.00,47.60,-122.21,1910.00,9348.00
1777600900.00,20140710T000000,710000.00,4.00,2.50,2870.00,8995.00,1.00,0.00,0.00,5.00,8.00,1870.00,1000.00,1968.00,0.00,98006.00,47.57,-122.13,2670.00,9672.00
9297301050.00,20140618T000000,465000.00,3.00,1.75,1510.00,4800.00,1.00,0.00,2.00,3.00,7.00,860.00,650.00,1925.00,2011.00,98126.00,47.57,-122.37,1510.00,4800.00
5745600040.00,20140814T000000,359000.00,3.00,1.75,2200.00,11520.00,1.00,0.00,0.00,4.00,7.00,2200.00,0.00,1952.00,0.00,98133.00,47.77,-122.34,1690.00,8038.00
2114700090.00,20150301T000000,151000.00,2.00,0.75,720.00,5040.00,1.00,0.00,0.00,3.00,4.00,720.00,0.00,1949.00,0.00,98106.00,47.53,-122.35,1290.00,4120.00
2597530650.00,20140815T000000,820000.00,3.00,2.50,2970.00,9600.00,2.00,0.00,0.00,3.00,9.00,2970.00,0.00,1994.00,0.00,98006.00,47.54,-122.13,2970.00,9707.00
1099600620.00,20150326T000000,160000.00,3.00,1.50,960.00,6497.00,1.00,0.00,0.00,4.00,7.00,960.00,0.00,1970.00,0.00,98023.00,47.30,-122.38,1160.00,7080.00
3693901720.00,20140701T000000,535000.00,4.00,1.75,1420.00,5000.00,1.50,0.00,0.00,4.00,7.00,1420.00,0.00,1945.00,0.00,98117.00,47.68,-122.40,1490.00,5000.00
7417100123.00,20150423T000000,365000.00,3.00,2.25,1800.00,9010.00,1.00,0.00,0.00,3.00,7.00,1300.00,500.00,1975.00,0.00,98155.00,47.77,-122.31,1950.00,10240.00
8691410730.00,20150220T000000,708000.00,4.00,2.50,3090.00,5600.00,2.00,0.00,0.00,3.00,9.00,3090.00,0.00,2005.00,0.00,98075.00,47.60,-121.98,3080.00,5788.00
3832300090.00,20140709T000000,215000.00,3.00,1.00,1200.00,7280.00,1.00,0.00,0.00,4.00,7.00,1200.00,0.00,1967.00,0.00,98032.00,47.37,-122.28,1200.00,8400.00
2525049113.00,20140725T000000,1950000.00,4.00,3.50,4065.00,18713.00,2.00,0.00,0.00,4.00,10.00,4065.00,0.00,1987.00,0.00,98039.00,47.62,-122.24,3070.00,18713.00
1523059103.00,20140926T000000,390000.00,4.00,2.50,2570.00,22215.00,2.00,0.00,0.00,5.00,7.00,2570.00,0.00,1958.00,0.00,98059.00,47.48,-122.16,2460.00,6533.00
3187600100.00,20140513T000000,570000.00,3.00,2.00,1530.00,5401.00,1.00,0.00,0.00,4.00,7.00,1530.00,0.00,1937.00,0.00,98115.00,47.69,-122.30,1640.00,5467.00
1628700107.00,20140625T000000,383000.00,3.00,1.75,1500.00,13430.00,1.00,0.00,0.00,3.00,7.00,1500.00,0.00,1977.00,0.00,98072.00,47.75,-122.08,1500.00,13430.00
1152700120.00,20150409T000000,370000.00,4.00,3.00,2490.00,5706.00,2.00,0.00,0.00,3.00,9.00,2490.00,0.00,2005.00,0.00,98042.00,47.35,-122.17,2650.00,5880.00
808300180.00,20150211T000000,454000.00,4.00,2.50,3040.00,12522.00,2.00,0.00,0.00,3.00,7.00,3040.00,0.00,2000.00,0.00,98019.00,47.72,-121.96,2490.00,9742.00
3585300194.00,20150324T000000,1400000.00,5.00,3.25,4140.00,32700.00,1.00,0.00,4.00,3.00,10.00,2190.00,1950.00,1973.00,0.00,98177.00,47.76,-122.37,3220.00,22077.00
3342700610.00,20140728T000000,371000.00,4.00,1.75,1690.00,10854.00,1.00,0.00,0.00,3.00,7.00,1690.00,0.00,1977.00,0.00,98056.00,47.52,-122.20,2390.00,7000.00
7376300085.00,20150505T000000,530000.00,3.00,1.75,1430.00,10350.00,1.00,0.00,0.00,3.00,7.00,1430.00,0.00,1959.00,0.00,98008.00,47.64,-122.12,1890.00,10350.00
6204000040.00,20140610T000000,608000.00,4.00,2.75,2490.00,9714.00,1.00,0.00,0.00,4.00,8.00,1400.00,1090.00,1983.00,0.00,98011.00,47.75,-122.20,2060.00,15300.00
3992700475.00,20141111T000000,450000.00,3.00,1.75,1350.00,7200.00,1.00,0.00,0.00,5.00,7.00,1350.00,0.00,1954.00,0.00,98125.00,47.71,-122.28,1100.00,7200.00
9510920120.00,20140730T000000,780000.00,4.00,2.50,3140.00,14421.00,2.00,0.00,0.00,3.00,10.00,3140.00,0.00,1994.00,0.00,98075.00,47.59,-122.02,3140.00,17417.00
9485920120.00,20140829T000000,290000.00,4.00,2.50,2340.00,52272.00,2.00,0.00,0.00,2.00,8.00,2340.00,0.00,1978.00,0.00,98042.00,47.35,-122.09,2480.00,40500.00
1685200110.00,20140916T000000,225000.00,3.00,1.75,1610.00,14182.00,1.00,0.00,0.00,4.00,7.00,1100.00,510.00,1978.00,0.00,98092.00,47.32,-122.18,1510.00,8400.00
7574910650.00,20140911T000000,805000.00,4.00,2.50,3320.00,38032.00,2.00,0.00,0.00,4.00,10.00,3320.00,0.00,1991.00,0.00,98077.00,47.75,-122.04,3270.00,37804.00
4178600040.00,20150407T000000,660000.00,3.00,2.50,2390.00,15669.00,2.00,0.00,0.00,3.00,9.00,2390.00,0.00,1991.00,0.00,98011.00,47.74,-122.19,2640.00,12500.00
3793700210.00,20140613T000000,299000.00,3.00,1.75,1180.00,13927.00,1.00,0.00,0.00,5.00,7.00,1180.00,0.00,1962.00,0.00,98059.00,47.48,-122.09,1400.00,13173.00
1972200325.00,20140919T000000,530000.00,2.00,2.25,1260.00,1312.00,3.00,0.00,0.00,3.00,8.00,1260.00,0.00,2007.00,0.00,98103.00,47.65,-122.36,1300.00,1312.00
7010701383.00,20141017T000000,680000.00,3.00,2.50,1800.00,4400.00,1.00,0.00,0.00,5.00,7.00,1350.00,450.00,1970.00,0.00,98199.00,47.66,-122.40,1920.00,4400.00
3353401340.00,20150216T000000,199900.00,4.00,1.75,1790.00,12000.00,1.00,0.00,0.00,5.00,6.00,1790.00,0.00,1944.00,0.00,98001.00,47.27,-122.26,1550.00,9840.00
3352401037.00,20150108T000000,224000.00,3.00,1.75,1760.00,6300.00,1.00,0.00,0.00,3.00,7.00,1060.00,700.00,1963.00,0.00,98178.00,47.50,-122.26,1340.00,7300.00
8802400906.00,20140829T000000,244000.00,3.00,1.75,1540.00,8885.00,1.00,0.00,0.00,4.00,7.00,1440.00,100.00,1980.00,0.00,98031.00,47.40,-122.20,1540.00,12734.00
4443800940.00,20150408T000000,485000.00,4.00,1.75,1260.00,3880.00,1.00,0.00,0.00,5.00,7.00,860.00,400.00,1918.00,0.00,98117.00,47.69,-122.39,1000.00,3880.00
2215450100.00,20150112T000000,330000.00,4.00,2.50,2240.00,7589.00,2.00,0.00,0.00,3.00,8.00,2240.00,0.00,1994.00,0.00,98030.00,47.38,-122.21,2250.00,7300.00
8900000100.00,20141231T000000,509000.00,4.00,2.00,1630.00,1724.00,1.50,0.00,0.00,3.00,6.00,1030.00,600.00,1915.00,1970.00,98119.00,47.65,-122.36,1780.00,3810.00
8079010220.00,20141117T000000,440000.00,4.00,2.50,2350.00,7203.00,2.00,0.00,0.00,3.00,8.00,2350.00,0.00,1989.00,0.00,98059.00,47.51,-122.15,2260.00,7274.00
8078050120.00,20141210T000000,244000.00,3.00,2.00,1350.00,8587.00,1.00,0.00,0.00,3.00,7.00,1350.00,0.00,1998.00,0.00,98022.00,47.21,-122.01,1350.00,8587.00
1773101215.00,20140717T000000,399700.00,4.00,1.75,1320.00,4800.00,1.00,0.00,0.00,4.00,7.00,870.00,450.00,1930.00,0.00,98106.00,47.55,-122.37,940.00,4800.00
2768100205.00,20140625T000000,519000.00,4.00,2.50,1950.00,2617.00,1.50,0.00,0.00,4.00,7.00,1250.00,700.00,1910.00,0.00,98107.00,47.67,-122.37,1520.00,1438.00
5537200043.00,20140508T000000,211000.00,4.00,1.00,2100.00,9200.00,1.00,0.00,0.00,3.00,7.00,1050.00,1050.00,1959.00,0.00,98168.00,47.48,-122.29,1540.00,10033.00
868000905.00,20140708T000000,950000.00,3.00,2.50,3480.00,7800.00,1.00,0.00,0.00,4.00,7.00,1750.00,1730.00,1941.00,1998.00,98177.00,47.70,-122.38,3010.00,9918.00
8635760490.00,20140902T000000,410000.00,3.00,2.50,1830.00,2839.00,2.00,0.00,0.00,3.00,8.00,1830.00,0.00,1999.00,0.00,98074.00,47.60,-122.02,1830.00,3011.00
3052700245.00,20150325T000000,750000.00,4.00,2.00,2640.00,5000.00,2.00,0.00,0.00,3.00,7.00,2040.00,600.00,1949.00,0.00,98117.00,47.68,-122.38,1330.00,5000.00
9320901250.00,20140910T000000,133400.00,3.00,1.00,900.00,2550.00,1.00,0.00,0.00,4.00,6.00,900.00,0.00,1978.00,0.00,98023.00,47.30,-122.36,1120.00,2550.00
2420069042.00,20150424T000000,240000.00,3.00,2.00,1553.00,6550.00,1.00,0.00,0.00,3.00,7.00,1553.00,0.00,1900.00,2001.00,98022.00,47.21,-121.99,1010.00,10546.00
6870300090.00,20140604T000000,539000.00,3.00,2.50,1710.00,2300.00,2.00,0.00,0.00,3.00,8.00,1570.00,140.00,2005.00,0.00,98052.00,47.67,-122.14,2120.00,2856.00
1223089066.00,20140814T000000,688000.00,4.00,3.00,3400.00,292723.00,2.00,0.00,0.00,3.00,10.00,3400.00,0.00,1998.00,0.00,98045.00,47.49,-121.73,1760.00,69696.00
7974200937.00,20140513T000000,465000.00,3.00,1.50,1270.00,5112.00,1.00,0.00,0.00,3.00,7.00,1270.00,0.00,1950.00,0.00,98115.00,47.68,-122.29,1580.00,5080.00
2998300146.00,20140617T000000,936000.00,3.00,1.75,2960.00,12420.00,1.00,0.00,2.00,4.00,8.00,1480.00,1480.00,1952.00,0.00,98116.00,47.57,-122.41,2700.00,9106.00
7202290650.00,20141230T000000,620000.00,4.00,2.50,3040.00,9606.00,2.00,0.00,0.00,3.00,7.00,3040.00,0.00,2003.00,0.00,98053.00,47.69,-122.04,1690.00,3849.00
1326039061.00,20141020T000000,429950.00,3.00,1.75,1430.00,9750.00,1.00,0.00,0.00,5.00,7.00,1430.00,0.00,1962.00,0.00,98133.00,47.74,-122.36,1630.00,9282.00
4142450330.00,20140707T000000,296475.00,3.00,2.50,1520.00,4170.00,2.00,0.00,0.00,3.00,7.00,1520.00,0.00,2004.00,0.00,98038.00,47.38,-122.04,1560.00,4237.00
6139100076.00,20150427T000000,330000.00,4.00,2.00,1820.00,9450.00,1.00,0.00,0.00,3.00,7.00,1100.00,720.00,1962.00,0.00,98155.00,47.76,-122.33,1540.00,9450.00
8126300360.00,20140730T000000,445000.00,3.00,2.25,1800.00,11200.00,1.00,0.00,0.00,3.00,8.00,1270.00,530.00,1979.00,0.00,98052.00,47.71,-122.16,1940.00,11250.00
1231000645.00,20140801T000000,846000.00,4.00,3.25,2720.00,4000.00,2.00,0.00,1.00,3.00,10.00,2070.00,650.00,2014.00,0.00,98118.00,47.56,-122.27,1450.00,4000.00
8149600265.00,20150514T000000,725000.00,4.00,1.75,1980.00,5850.00,1.00,0.00,1.00,4.00,8.00,1380.00,600.00,1960.00,0.00,98116.00,47.56,-122.39,1810.00,5850.00
9264950410.00,20150504T000000,369000.00,4.00,2.50,2550.00,7349.00,2.00,0.00,0.00,3.00,9.00,2550.00,0.00,1989.00,0.00,98023.00,47.31,-122.35,2400.00,8508.00
9541800065.00,20140609T000000,625000.00,3.00,1.75,2210.00,16200.00,1.00,0.00,0.00,3.00,8.00,1390.00,820.00,1958.00,0.00,98005.00,47.59,-122.18,2050.00,16200.00
7202330790.00,20140618T000000,535000.00,3.00,2.00,2120.00,4080.00,2.00,0.00,0.00,3.00,7.00,2120.00,0.00,2003.00,0.00,98053.00,47.68,-122.04,2280.00,4080.00
7335400065.00,20141218T000000,229950.00,4.00,1.50,1570.00,6717.00,1.00,0.00,0.00,5.00,6.00,1570.00,0.00,1911.00,0.00,98002.00,47.31,-122.22,1140.00,6716.00
1313500090.00,20150423T000000,229999.00,3.00,1.75,1310.00,6960.00,1.00,0.00,0.00,4.00,7.00,1310.00,0.00,1974.00,0.00,98092.00,47.28,-122.15,1580.00,7200.00
1797500600.00,20140825T000000,850000.00,5.00,3.50,3150.00,4120.00,2.00,0.00,0.00,3.00,8.00,2460.00,690.00,1911.00,2007.00,98115.00,47.68,-122.32,2080.00,4160.00
5561301220.00,20140610T000000,589900.00,4.00,4.50,3870.00,35889.00,2.00,0.00,0.00,3.00,10.00,2530.00,1340.00,2001.00,0.00,98027.00,47.47,-122.01,3020.00,35366.00
5700002165.00,20141030T000000,513000.00,2.00,1.00,1840.00,4322.00,1.00,0.00,0.00,4.00,7.00,1160.00,680.00,1914.00,0.00,98144.00,47.58,-122.29,1750.00,4322.00
9202650040.00,20140926T000000,401000.00,3.00,1.00,1120.00,8321.00,1.00,0.00,0.00,4.00,6.00,1120.00,0.00,1941.00,1987.00,98027.00,47.56,-122.09,1980.00,8671.00
7211401975.00,20140905T000000,260000.00,3.00,2.50,1440.00,2500.00,2.00,0.00,0.00,3.00,7.00,1440.00,0.00,2006.00,0.00,98146.00,47.51,-122.36,1440.00,5000.00
126039394.00,20150508T000000,525000.00,4.00,2.75,2300.00,26650.00,1.00,0.00,0.00,4.00,8.00,2300.00,0.00,1950.00,0.00,98177.00,47.78,-122.36,2000.00,9879.00
3204800150.00,20150320T000000,470000.00,3.00,3.50,2070.00,11658.00,1.00,0.00,0.00,4.00,8.00,1370.00,700.00,1977.00,0.00,98056.00,47.54,-122.18,1930.00,8744.00
7686204750.00,20150121T000000,205000.00,4.00,1.50,1420.00,8063.00,1.00,0.00,0.00,3.00,7.00,940.00,480.00,1962.00,0.00,98198.00,47.42,-122.32,1330.00,7515.00
7524950900.00,20150210T000000,620000.00,3.00,2.25,2010.00,7495.00,1.00,0.00,0.00,4.00,8.00,1570.00,440.00,1979.00,0.00,98027.00,47.56,-122.08,2050.00,8402.00
7211400850.00,20140811T000000,229000.00,3.00,1.50,1200.00,5000.00,1.00,0.00,0.00,3.00,6.00,1200.00,0.00,1979.00,0.00,98146.00,47.51,-122.36,1440.00,2500.00
8024202520.00,20140509T000000,445000.00,2.00,2.00,1150.00,6634.00,1.00,0.00,0.00,3.00,7.00,860.00,290.00,1940.00,0.00,98115.00,47.70,-122.31,1680.00,6892.00
7340600068.00,20140514T000000,215000.00,2.00,1.00,1240.00,7200.00,1.00,0.00,0.00,3.00,7.00,1240.00,0.00,1967.00,0.00,98168.00,47.50,-122.28,1130.00,9200.00
8682260850.00,20140729T000000,504975.00,2.00,2.50,1900.00,4871.00,2.00,0.00,0.00,3.00,8.00,1900.00,0.00,2005.00,0.00,98053.00,47.71,-122.03,1640.00,4780.00
6804600720.00,20140801T000000,495000.00,4.00,2.25,2350.00,10072.00,2.00,0.00,0.00,3.00,8.00,2350.00,0.00,1980.00,0.00,98011.00,47.76,-122.17,2210.00,9687.00
1865820300.00,20150311T000000,205000.00,3.00,1.00,1120.00,8342.00,1.00,0.00,0.00,4.00,7.00,1120.00,0.00,1976.00,0.00,98042.00,47.37,-122.12,1190.00,6660.00
3163600076.00,20140730T000000,152275.00,1.00,1.00,1020.00,6871.00,1.00,0.00,0.00,3.00,6.00,1020.00,0.00,1937.00,1946.00,98146.00,47.51,-122.34,1260.00,6933.00
5418500650.00,20150325T000000,586000.00,4.00,2.25,1930.00,8338.00,1.00,0.00,0.00,3.00,8.00,1930.00,0.00,1968.00,0.00,98125.00,47.70,-122.29,2280.00,7616.00
8682220230.00,20141017T000000,779950.00,2.00,2.50,2680.00,7625.00,1.00,0.00,0.00,3.00,9.00,2680.00,0.00,2002.00,0.00,98053.00,47.71,-122.02,2310.00,7395.00
3578401210.00,20141218T000000,557000.00,4.00,1.75,2660.00,11315.00,2.00,0.00,0.00,4.00,8.00,2660.00,0.00,1983.00,0.00,98074.00,47.62,-122.04,1980.00,11315.00
9122001225.00,20141029T000000,610000.00,4.00,2.25,2200.00,7200.00,1.00,0.00,2.00,4.00,8.00,1220.00,980.00,1958.00,0.00,98144.00,47.58,-122.30,1940.00,6000.00
5667100025.00,20140708T000000,405000.00,3.00,1.50,1010.00,7683.00,1.50,0.00,0.00,5.00,7.00,1010.00,0.00,1953.00,0.00,98125.00,47.72,-122.32,1550.00,7271.00
5089700750.00,20140509T000000,320000.00,4.00,2.25,2310.00,7490.00,2.00,0.00,0.00,3.00,8.00,2310.00,0.00,1980.00,0.00,98055.00,47.44,-122.19,2310.00,8480.00
3331500650.00,20140919T000000,356000.00,3.00,1.00,920.00,3863.00,1.00,0.00,0.00,3.00,6.00,920.00,0.00,1970.00,0.00,98118.00,47.55,-122.27,1080.00,5150.00
9528102865.00,20150226T000000,794500.00,5.00,3.00,3030.00,4120.00,1.50,0.00,0.00,4.00,7.00,1930.00,1100.00,1913.00,0.00,98115.00,47.68,-122.32,1280.00,3090.00
6928000590.00,20140508T000000,349000.00,3.00,1.75,1590.00,9620.00,1.00,0.00,0.00,3.00,7.00,1590.00,0.00,1988.00,0.00,98059.00,47.48,-122.15,2980.00,9398.00
1423069162.00,20140604T000000,549000.00,4.00,2.25,2740.00,88426.00,2.00,0.00,0.00,3.00,7.00,2740.00,0.00,1991.00,0.00,98027.00,47.47,-122.01,2740.00,62726.00
7877400245.00,20140718T000000,193000.00,3.00,1.00,960.00,10761.00,1.00,0.00,0.00,4.00,6.00,960.00,0.00,1962.00,0.00,98002.00,47.28,-122.22,960.00,10761.00
7430500301.00,20141016T000000,700000.00,3.00,1.50,2240.00,7227.00,2.00,0.00,1.00,3.00,9.00,1440.00,800.00,1977.00,0.00,98008.00,47.62,-122.09,3150.00,16150.00
7852010900.00,20150324T000000,523000.00,3.00,2.50,2400.00,6182.00,2.00,0.00,0.00,3.00,8.00,2400.00,0.00,1998.00,0.00,98065.00,47.54,-121.87,2420.00,5829.00
4022900652.00,20141118T000000,565000.00,5.00,3.25,2860.00,20790.00,1.00,0.00,0.00,4.00,7.00,1800.00,1060.00,1965.00,0.00,98155.00,47.78,-122.30,1920.00,9612.00
7852030790.00,20150505T000000,500000.00,4.00,2.50,2960.00,5027.00,2.00,0.00,0.00,3.00,7.00,2960.00,0.00,2000.00,0.00,98065.00,47.53,-121.88,2760.00,5500.00
3528900330.00,20140707T000000,1450000.00,4.00,3.25,3770.00,4103.00,2.00,0.00,0.00,5.00,9.00,2710.00,1060.00,1925.00,0.00,98109.00,47.64,-122.35,2560.00,4160.00
2623069106.00,20150219T000000,710000.00,6.00,3.50,3830.00,68825.00,2.00,0.00,0.00,3.00,9.00,3830.00,0.00,1995.00,0.00,98027.00,47.46,-122.00,2410.00,68825.00
88000173.00,20141015T000000,333000.00,4.00,2.00,2750.00,9001.00,1.00,0.00,0.00,3.00,8.00,2750.00,0.00,2008.00,0.00,98055.00,47.46,-122.19,1340.00,11050.00
3179102305.00,20140717T000000,580000.00,3.00,1.75,2100.00,6874.00,1.00,0.00,0.00,3.00,7.00,1300.00,800.00,1943.00,0.00,98115.00,47.67,-122.28,2220.00,5912.00
5379803386.00,20140801T000000,289950.00,4.00,1.75,1500.00,8400.00,1.00,0.00,0.00,3.00,7.00,1200.00,300.00,1956.00,0.00,98188.00,47.45,-122.27,1780.00,9913.00
8127700845.00,20150219T000000,375000.00,2.00,1.00,710.00,4618.00,1.00,0.00,1.00,3.00,5.00,710.00,0.00,1925.00,0.00,98199.00,47.64,-122.39,1810.00,4988.00
8562901010.00,20140926T000000,505000.00,2.00,3.00,2770.00,10800.00,1.50,0.00,0.00,5.00,8.00,1910.00,860.00,1984.00,0.00,98074.00,47.61,-122.06,2140.00,10800.00
4058200915.00,20140721T000000,324950.00,3.00,1.75,2050.00,6720.00,1.00,0.00,2.00,3.00,7.00,1050.00,1000.00,1939.00,0.00,98178.00,47.51,-122.24,2380.00,7260.00
8861700110.00,20140714T000000,490000.00,4.00,2.25,1960.00,10275.00,2.00,0.00,0.00,3.00,7.00,1960.00,0.00,1965.00,0.00,98052.00,47.69,-122.12,1560.00,10275.00
6822100155.00,20140512T000000,630000.00,4.00,2.00,1770.00,6000.00,2.00,0.00,0.00,5.00,7.00,1770.00,0.00,1911.00,1981.00,98199.00,47.65,-122.40,1340.00,6000.00
3345700215.00,20140620T000000,595000.00,3.00,2.75,3290.00,22649.00,2.00,0.00,0.00,4.00,8.00,3290.00,0.00,1993.00,0.00,98056.00,47.52,-122.19,2750.00,6119.00
582000644.00,20150501T000000,872500.00,4.00,2.00,1990.00,6000.00,1.00,0.00,0.00,3.00,9.00,1260.00,730.00,1956.00,2015.00,98199.00,47.65,-122.40,1770.00,6000.00
6126601380.00,20150222T000000,490000.00,2.00,1.00,1760.00,5250.00,1.00,0.00,2.00,4.00,7.00,1000.00,760.00,1951.00,0.00,98126.00,47.56,-122.38,1760.00,5400.00
3303850330.00,20141216T000000,1900000.00,4.00,3.25,5080.00,27755.00,2.00,0.00,0.00,3.00,11.00,5080.00,0.00,2001.00,0.00,98006.00,47.54,-122.11,4730.00,22326.00
3343902281.00,20150505T000000,310000.00,2.00,1.00,1020.00,8102.00,1.00,0.00,0.00,3.00,7.00,1020.00,0.00,1956.00,0.00,98056.00,47.51,-122.19,1770.00,7291.00
2023059052.00,20150504T000000,450000.00,3.00,1.00,1350.00,92721.00,1.00,0.00,0.00,2.00,6.00,1200.00,150.00,1946.00,0.00,98055.00,47.47,-122.20,1860.00,8096.00
7504001430.00,20141023T000000,539000.00,3.00,1.50,1740.00,12000.00,2.00,0.00,0.00,3.00,9.00,1740.00,0.00,1974.00,0.00,98074.00,47.63,-122.05,2580.00,12224.00
9290850330.00,20140707T000000,888550.00,3.00,2.50,3540.00,38322.00,2.00,0.00,0.00,3.00,10.00,3540.00,0.00,1989.00,0.00,98053.00,47.69,-122.05,3540.00,35926.00
7955080300.00,20140714T000000,269950.00,3.00,2.50,1520.00,8720.00,1.00,0.00,0.00,3.00,7.00,1080.00,440.00,1981.00,0.00,98058.00,47.43,-122.16,1720.00,7551.00
3980300371.00,20140926T000000,142000.00,0.00,0.00,290.00,20875.00,1.00,0.00,0.00,1.00,1.00,290.00,0.00,1963.00,0.00,98024.00,47.53,-121.89,1620.00,22850.00
3755100220.00,20140819T000000,300000.00,3.00,1.75,1310.00,9761.00,1.00,0.00,0.00,3.00,7.00,1310.00,0.00,1967.00,0.00,98034.00,47.72,-122.23,1490.00,9600.00
3425059076.00,20140922T000000,780000.00,2.00,3.25,3000.00,24004.00,1.00,0.00,0.00,3.00,10.00,2410.00,590.00,1952.00,0.00,98005.00,47.61,-122.16,4270.00,24506.00
8728550150.00,20140715T000000,545000.00,3.00,2.50,2660.00,20369.00,2.00,0.00,0.00,3.00,8.00,2660.00,0.00,1992.00,0.00,98027.00,47.52,-122.06,2720.00,12927.00
2108500110.00,20150415T000000,278000.00,3.00,2.25,2120.00,9804.00,2.00,0.00,0.00,3.00,7.00,2120.00,0.00,1994.00,0.00,98042.00,47.36,-122.16,2120.00,7200.00
7941130110.00,20141201T000000,342000.00,3.00,2.25,1200.00,2845.00,2.00,0.00,0.00,3.00,7.00,1200.00,0.00,1986.00,0.00,98034.00,47.72,-122.20,1220.00,2140.00
1545807180.00,20150506T000000,190000.00,4.00,1.75,1900.00,9861.00,1.00,0.00,0.00,4.00,7.00,1900.00,0.00,1967.00,0.00,98038.00,47.36,-122.06,1720.00,7967.00
1972200382.00,20141121T000000,387000.00,2.00,1.50,1010.00,948.00,3.00,0.00,0.00,3.00,8.00,1010.00,0.00,1999.00,0.00,98103.00,47.65,-122.36,1330.00,1318.00
2473420100.00,20150304T000000,279950.00,3.00,2.25,1850.00,7480.00,2.00,0.00,0.00,3.00,7.00,1850.00,0.00,1978.00,0.00,98058.00,47.45,-122.16,1870.00,7480.00
722059020.00,20150318T000000,550000.00,6.00,4.50,4520.00,40164.00,2.00,0.00,0.00,3.00,9.00,3580.00,940.00,1953.00,2008.00,98031.00,47.41,-122.22,2870.00,13068.00
1626079154.00,20140520T000000,439000.00,3.00,2.00,2010.00,251341.00,2.00,0.00,0.00,3.00,8.00,1510.00,500.00,2003.00,0.00,98019.00,47.74,-121.91,1780.00,108900.00
1152000040.00,20141010T000000,774888.00,3.00,2.25,2420.00,23507.00,1.00,0.00,0.00,4.00,8.00,2420.00,0.00,1969.00,0.00,98027.00,47.51,-122.03,2540.00,22257.00
5152960330.00,20140610T000000,480000.00,5.00,2.50,2732.00,9500.00,1.00,0.00,2.00,4.00,8.00,1870.00,862.00,1975.00,0.00,98003.00,47.34,-122.32,2720.00,10000.00
6431000206.00,20140508T000000,835000.00,4.00,2.00,1910.00,6960.00,1.50,0.00,0.00,5.00,8.00,1910.00,0.00,1941.00,0.00,98103.00,47.69,-122.35,1360.00,3300.00
2397101185.00,20150303T000000,1500000.00,5.00,3.50,3520.00,5400.00,2.00,0.00,0.00,3.00,9.00,2400.00,1120.00,2008.00,0.00,98119.00,47.64,-122.36,1360.00,3600.00
2922700865.00,20150326T000000,771000.00,4.00,2.00,2220.00,3760.00,1.50,0.00,0.00,4.00,7.00,1370.00,850.00,1929.00,0.00,98117.00,47.69,-122.37,1620.00,3760.00
3271800870.00,20140807T000000,1225000.00,4.00,2.25,2020.00,5800.00,1.00,0.00,3.00,4.00,9.00,1760.00,260.00,1941.00,0.00,98199.00,47.65,-122.41,3100.00,5800.00
1562200090.00,20141017T000000,600000.00,4.00,2.50,2090.00,7290.00,1.00,0.00,0.00,5.00,8.00,1420.00,670.00,1966.00,0.00,98007.00,47.62,-122.14,2110.00,8436.00
1431700210.00,20140702T000000,305000.00,3.00,1.00,1580.00,7424.00,1.00,0.00,0.00,3.00,7.00,1010.00,570.00,1962.00,0.00,98058.00,47.46,-122.17,1710.00,7772.00
2566300100.00,20150327T000000,1388000.00,5.00,1.75,2650.00,11340.00,1.00,0.00,0.00,3.00,8.00,2650.00,0.00,1955.00,0.00,98004.00,47.63,-122.21,2780.00,13204.00
5379806155.00,20140910T000000,216500.00,3.00,1.00,1020.00,11652.00,1.00,0.00,0.00,4.00,6.00,1020.00,0.00,1971.00,0.00,98188.00,47.45,-122.28,1690.00,11652.00
952006857.00,20150122T000000,370000.00,3.00,2.50,1070.00,1219.00,2.00,0.00,0.00,3.00,7.00,720.00,350.00,2004.00,0.00,98116.00,47.56,-122.38,1070.00,1254.00
3792400110.00,20140630T000000,492650.00,4.00,1.75,2120.00,9786.00,1.00,0.00,0.00,3.00,8.00,1640.00,480.00,1967.00,0.00,98177.00,47.78,-122.37,2310.00,8787.00
3755100540.00,20140725T000000,431200.00,5.00,1.75,1360.00,10609.00,1.00,0.00,0.00,3.00,7.00,1060.00,300.00,1966.00,0.00,98034.00,47.72,-122.23,1490.00,9935.00
2122059014.00,20150409T000000,277500.00,4.00,2.00,1700.00,12048.00,2.00,0.00,0.00,3.00,7.00,1700.00,0.00,1990.00,0.00,98030.00,47.37,-122.19,1960.00,7650.00
110000040.00,20150317T000000,278000.00,5.00,1.50,1820.00,8712.00,1.00,0.00,0.00,5.00,7.00,1090.00,730.00,1960.00,0.00,98032.00,47.37,-122.29,1820.00,8712.00
3876800580.00,20140902T000000,351000.00,4.00,1.00,1430.00,8400.00,1.00,0.00,0.00,3.00,6.00,730.00,700.00,1969.00,0.00,98072.00,47.74,-122.17,1310.00,8240.00
3127200021.00,20140616T000000,850000.00,4.00,3.50,4140.00,7089.00,2.00,0.00,0.00,3.00,10.00,3160.00,980.00,2003.00,0.00,98034.00,47.71,-122.20,2640.00,8896.00
2397101460.00,20140811T000000,885000.00,2.00,2.00,1313.00,3600.00,1.00,0.00,0.00,3.00,8.00,1313.00,0.00,1904.00,2012.00,98119.00,47.64,-122.37,1080.00,3600.00
1720069146.00,20140715T000000,399950.00,3.00,2.00,1590.00,87120.00,1.00,0.00,3.00,3.00,8.00,1590.00,0.00,1998.00,0.00,98022.00,47.22,-122.07,2780.00,183161.00
7878400043.00,20140805T000000,185000.00,3.00,1.75,1080.00,9262.00,1.00,0.00,0.00,3.00,7.00,1080.00,0.00,1968.00,0.00,98178.00,47.49,-122.25,1090.00,9262.00
9282801030.00,20140925T000000,440000.00,5.00,3.00,2730.00,6000.00,1.00,0.00,0.00,3.00,8.00,1470.00,1260.00,1979.00,0.00,98178.00,47.50,-122.23,2590.00,6000.00
6072800265.00,20140813T000000,2395000.00,4.00,3.25,3800.00,19798.00,2.00,0.00,0.00,3.00,10.00,3800.00,0.00,1969.00,2009.00,98006.00,47.57,-122.19,3940.00,18975.00
5267000180.00,20140821T000000,299000.00,3.00,2.25,2540.00,9961.00,1.00,0.00,0.00,4.00,8.00,1320.00,1220.00,1969.00,0.00,98031.00,47.41,-122.21,1870.00,10251.00
2722049077.00,20140828T000000,299500.00,3.00,1.75,1810.00,34500.00,1.00,0.00,0.00,3.00,8.00,1230.00,580.00,1980.00,0.00,98032.00,47.37,-122.28,2090.00,9735.00
1115100278.00,20150317T000000,420000.00,3.00,1.50,1540.00,7506.00,1.00,0.00,0.00,5.00,7.00,1540.00,0.00,1961.00,0.00,98155.00,47.76,-122.33,2180.00,7653.00
8075400530.00,20140627T000000,234000.00,4.00,1.00,1390.00,18000.00,1.00,0.00,0.00,3.00,7.00,1390.00,0.00,1955.00,2013.00,98032.00,47.39,-122.28,1390.00,18000.00
1997200245.00,20140714T000000,540000.00,2.00,1.75,1460.00,4800.00,1.00,0.00,0.00,5.00,7.00,850.00,610.00,1950.00,0.00,98103.00,47.69,-122.34,2050.00,5592.00
926069009.00,20140609T000000,649950.00,4.00,2.50,2350.00,63162.00,2.00,0.00,0.00,4.00,8.00,2350.00,0.00,1994.00,0.00,98077.00,47.75,-122.05,2370.00,63162.00
6381500110.00,20150108T000000,330000.00,3.00,1.00,1160.00,7912.00,1.00,0.00,0.00,4.00,7.00,1160.00,0.00,1956.00,0.00,98125.00,47.73,-122.31,1190.00,7482.00
7203100850.00,20150427T000000,840000.00,4.00,3.25,3500.00,5960.00,2.00,0.00,0.00,3.00,9.00,3500.00,0.00,2010.00,0.00,98053.00,47.69,-122.02,3390.00,6856.00
3529300330.00,20141107T000000,370000.00,3.00,2.50,1980.00,6922.00,2.00,0.00,0.00,5.00,8.00,1980.00,0.00,1991.00,0.00,98031.00,47.40,-122.18,2090.00,7697.00
3204800330.00,20140625T000000,410000.00,3.00,1.50,1250.00,7700.00,1.00,0.00,0.00,5.00,7.00,1250.00,0.00,1968.00,0.00,98056.00,47.54,-122.18,1430.00,7700.00
6411600411.00,20141209T000000,257000.00,2.00,1.00,770.00,7200.00,1.00,0.00,0.00,3.00,7.00,770.00,0.00,1951.00,0.00,98125.00,47.71,-122.33,1320.00,7139.00
8685500145.00,20141230T000000,350000.00,3.00,1.00,1920.00,6710.00,1.00,0.00,0.00,3.00,7.00,1320.00,600.00,1959.00,0.00,98118.00,47.53,-122.29,1810.00,5600.00
7277100610.00,20140825T000000,380000.00,2.00,1.00,1120.00,7560.00,1.00,0.00,1.00,3.00,6.00,1120.00,0.00,1947.00,0.00,98177.00,47.77,-122.39,1120.00,7200.00
1775800750.00,20150310T000000,344000.00,3.00,1.00,1150.00,12402.00,1.00,0.00,0.00,4.00,6.00,1150.00,0.00,1969.00,0.00,98072.00,47.74,-122.10,1400.00,13600.00
2856101105.00,20140527T000000,488000.00,3.00,2.50,1590.00,2550.00,3.00,0.00,0.00,3.00,7.00,1590.00,0.00,1985.00,0.00,98117.00,47.68,-122.39,1260.00,5100.00
4443800705.00,20141008T000000,465000.00,3.00,1.00,910.00,3880.00,1.00,0.00,0.00,3.00,7.00,780.00,130.00,1942.00,0.00,98117.00,47.69,-122.39,1220.00,3880.00
3878900464.00,20150504T000000,229500.00,2.00,1.75,1870.00,6625.00,1.00,0.00,0.00,3.00,7.00,960.00,910.00,1948.00,0.00,98178.00,47.51,-122.25,1680.00,6000.00
8151600900.00,20141112T000000,445000.00,5.00,3.00,2420.00,11250.00,2.00,0.00,0.00,3.00,8.00,2420.00,0.00,2013.00,0.00,98146.00,47.51,-122.36,1510.00,9950.00
1612500155.00,20150317T000000,246000.00,4.00,1.50,2120.00,7110.00,1.50,0.00,0.00,3.00,6.00,2120.00,0.00,1919.00,0.00,98030.00,47.38,-122.23,1540.00,7110.00
4140500180.00,20140604T000000,545000.00,5.00,2.50,2730.00,17240.00,1.00,0.00,0.00,5.00,7.00,1660.00,1070.00,1958.00,0.00,98028.00,47.76,-122.27,2250.00,13200.00
3342103174.00,20140813T000000,518000.00,4.00,2.50,2560.00,5672.00,2.00,0.00,1.00,3.00,8.00,2560.00,0.00,2005.00,0.00,98056.00,47.52,-122.20,2190.00,6788.00
2078500210.00,20141031T000000,565000.00,4.00,2.50,2620.00,10016.00,2.00,0.00,0.00,3.00,8.00,2620.00,0.00,1996.00,0.00,98056.00,47.53,-122.18,2620.00,10016.00
3955900910.00,20150410T000000,445000.00,4.00,2.50,2760.00,8558.00,2.00,0.00,0.00,3.00,7.00,2760.00,0.00,2001.00,0.00,98056.00,47.48,-122.19,2760.00,7703.00
3472800068.00,20140717T000000,968000.00,5.00,2.50,2900.00,9799.00,1.00,0.00,0.00,3.00,8.00,1450.00,1450.00,1959.00,0.00,98004.00,47.63,-122.21,2810.00,9687.00
8928100205.00,20150331T000000,725000.00,3.00,2.00,1820.00,6324.00,1.00,0.00,0.00,5.00,7.00,910.00,910.00,1945.00,0.00,98115.00,47.68,-122.27,1850.00,6440.00
2473400110.00,20140826T000000,315500.00,3.00,1.75,1870.00,8400.00,1.00,0.00,0.00,3.00,7.00,990.00,880.00,1977.00,0.00,98058.00,47.45,-122.16,1750.00,8400.00
2558720120.00,20140505T000000,487585.00,4.00,1.75,2010.00,9211.00,1.00,0.00,0.00,3.00,7.00,1470.00,540.00,1977.00,0.00,98034.00,47.72,-122.17,1840.00,8500.00
2023049361.00,20150323T000000,246500.00,2.00,1.00,940.00,6000.00,1.00,0.00,0.00,2.00,7.00,940.00,0.00,1954.00,0.00,98148.00,47.46,-122.33,1890.00,8547.00
6821101285.00,20140814T000000,819000.00,3.00,1.75,1850.00,6000.00,1.50,0.00,0.00,3.00,8.00,1650.00,200.00,1913.00,1999.00,98199.00,47.65,-122.40,1540.00,6000.00
2780910100.00,20141218T000000,349900.00,5.00,2.50,2530.00,4229.00,2.00,0.00,0.00,3.00,7.00,2530.00,0.00,2004.00,0.00,98038.00,47.35,-122.02,2070.00,4879.00
9357000230.00,20140822T000000,267000.00,3.00,1.00,940.00,4700.00,1.00,0.00,0.00,4.00,6.00,940.00,0.00,1942.00,0.00,98146.00,47.51,-122.38,1020.00,5700.00
3649100015.00,20150513T000000,480000.00,3.00,2.25,1820.00,15000.00,1.00,0.00,0.00,3.00,7.00,1480.00,340.00,1978.00,0.00,98028.00,47.74,-122.25,1930.00,13600.00
1189000180.00,20140910T000000,525000.00,2.00,1.00,1510.00,3360.00,1.00,0.00,0.00,3.00,7.00,880.00,630.00,1924.00,0.00,98122.00,47.61,-122.30,1330.00,3360.00
3905120610.00,20140625T000000,578000.00,4.00,2.50,2070.00,5415.00,2.00,0.00,0.00,3.00,8.00,2070.00,0.00,1996.00,0.00,98029.00,47.57,-122.01,2120.00,5331.00
993002177.00,20150506T000000,345000.00,3.00,2.50,1380.00,1547.00,3.00,0.00,0.00,3.00,8.00,1380.00,0.00,2000.00,0.00,98103.00,47.69,-122.34,1380.00,1465.00
6384500535.00,20150326T000000,499000.00,3.00,1.00,1270.00,6250.00,1.00,0.00,0.00,3.00,7.00,910.00,360.00,1955.00,0.00,98116.00,47.57,-122.40,2000.00,6250.00
7751800115.00,20140826T000000,425000.00,3.00,1.50,1390.00,9680.00,1.00,0.00,0.00,4.00,7.00,1390.00,0.00,1956.00,0.00,98008.00,47.63,-122.13,1460.00,10050.00
4137020820.00,20141027T000000,268000.00,4.00,3.00,1840.00,7510.00,2.00,0.00,0.00,5.00,8.00,1840.00,0.00,1988.00,2013.00,98092.00,47.26,-122.22,1650.00,7957.00
9407000230.00,20141204T000000,240000.00,3.00,1.00,1600.00,12566.00,1.00,0.00,0.00,4.00,7.00,1600.00,0.00,1971.00,0.00,98045.00,47.44,-121.77,1600.00,10650.00
3306200230.00,20150303T000000,147000.00,3.00,1.50,1480.00,9606.00,1.00,0.00,0.00,4.00,7.00,1100.00,380.00,1964.00,0.00,98023.00,47.30,-122.36,1600.00,9619.00
3888100176.00,20150306T000000,500000.00,4.00,2.00,2120.00,7806.00,1.00,0.00,0.00,4.00,6.00,1770.00,350.00,1949.00,0.00,98033.00,47.69,-122.17,1560.00,9920.00
7011201325.00,20141028T000000,1010000.00,4.00,2.75,2940.00,5400.00,1.50,0.00,2.00,5.00,8.00,1940.00,1000.00,1910.00,0.00,98119.00,47.64,-122.37,1970.00,2008.00
1424130220.00,20150309T000000,991500.00,4.00,3.00,3820.00,26895.00,2.00,0.00,2.00,3.00,11.00,3820.00,0.00,1995.00,0.00,98072.00,47.73,-122.09,3820.00,24751.00
9165100375.00,20141118T000000,510000.00,5.00,2.00,2740.00,3838.00,1.00,0.00,0.00,4.00,7.00,1370.00,1370.00,1959.00,0.00,98117.00,47.68,-122.39,1660.00,4040.00
1651500040.00,20140801T000000,1980000.00,4.00,4.00,4360.00,12081.00,2.00,0.00,0.00,3.00,10.00,4360.00,0.00,2007.00,0.00,98004.00,47.64,-122.22,2180.00,10800.00
8929000090.00,20140702T000000,484998.00,4.00,2.50,1540.00,1870.00,2.00,0.00,0.00,3.00,8.00,1540.00,0.00,2014.00,0.00,98029.00,47.55,-122.00,1540.00,1619.00
3303850360.00,20140625T000000,1280000.00,4.00,3.50,4660.00,17398.00,2.00,0.00,2.00,3.00,11.00,4660.00,0.00,2003.00,0.00,98006.00,47.54,-122.11,5080.00,24913.00
2011000120.00,20140529T000000,210000.00,3.00,1.75,1590.00,7617.00,2.00,0.00,0.00,3.00,7.00,1590.00,0.00,1986.00,0.00,98198.00,47.38,-122.31,1490.00,7450.00
6751100205.00,20140804T000000,450000.00,2.00,1.00,1180.00,10720.00,1.00,0.00,0.00,4.00,7.00,1180.00,0.00,1955.00,0.00,98007.00,47.59,-122.14,1420.00,10750.00
5078400035.00,20150402T000000,875000.00,4.00,1.75,2360.00,8286.00,1.00,0.00,0.00,3.00,7.00,1320.00,1040.00,1952.00,0.00,98004.00,47.62,-122.21,1680.00,7630.00
6073300530.00,20150428T000000,529950.00,4.00,2.75,1860.00,7500.00,1.00,0.00,0.00,5.00,8.00,1220.00,640.00,1967.00,0.00,98056.00,47.54,-122.17,2020.00,8137.00
9818700645.00,20140723T000000,415000.00,3.00,1.75,1470.00,4000.00,1.00,0.00,0.00,3.00,7.00,1070.00,400.00,1979.00,0.00,98122.00,47.61,-122.30,1280.00,3500.00
6181700625.00,20150220T000000,590000.00,4.00,2.00,2990.00,12970.00,1.50,0.00,2.00,4.00,7.00,1960.00,1030.00,1948.00,0.00,98028.00,47.76,-122.26,2500.00,10680.00
8718500610.00,20140526T000000,379950.00,3.00,1.50,1690.00,9144.00,1.00,0.00,0.00,4.00,7.00,1140.00,550.00,1956.00,0.00,98028.00,47.74,-122.25,1840.00,10600.00
7950302150.00,20150410T000000,385000.00,1.00,1.00,660.00,3570.00,1.00,0.00,0.00,3.00,6.00,660.00,0.00,1906.00,0.00,98118.00,47.57,-122.28,1520.00,4080.00
923000115.00,20141029T000000,588000.00,3.00,1.75,2310.00,7620.00,2.00,0.00,0.00,3.00,8.00,2310.00,0.00,1942.00,1988.00,98177.00,47.73,-122.36,2200.00,7672.00
1722800835.00,20140811T000000,252500.00,2.00,1.00,770.00,2191.00,1.00,0.00,0.00,3.00,6.00,770.00,0.00,1937.00,0.00,98108.00,47.55,-122.32,940.00,5000.00
7436300180.00,20140519T000000,530000.00,3.00,3.50,2320.00,3174.00,2.00,0.00,0.00,3.00,9.00,2060.00,260.00,1997.00,0.00,98033.00,47.69,-122.18,2320.00,3187.00
1630700276.00,20150105T000000,385000.00,2.00,1.50,1370.00,159865.00,1.00,0.00,0.00,3.00,7.00,1370.00,0.00,1960.00,0.00,98072.00,47.76,-122.09,1370.00,16217.00
2558670110.00,20140829T000000,419000.00,3.00,2.25,1700.00,7650.00,1.00,0.00,0.00,4.00,7.00,1340.00,360.00,1975.00,0.00,98034.00,47.72,-122.17,1980.00,7200.00
402000110.00,20141017T000000,175000.00,2.00,1.00,960.00,5508.00,1.00,0.00,0.00,3.00,6.00,770.00,190.00,1951.00,0.00,98118.00,47.53,-122.28,1280.00,5304.00
442000175.00,20150331T000000,515000.00,2.00,1.00,1150.00,5664.00,1.00,0.00,0.00,3.00,7.00,870.00,280.00,1948.00,0.00,98115.00,47.69,-122.28,1380.00,5664.00
8825900410.00,20150218T000000,945000.00,4.00,2.50,2910.00,4680.00,1.50,0.00,0.00,5.00,9.00,1850.00,1060.00,1937.00,0.00,98115.00,47.67,-122.31,1960.00,4120.00
984210120.00,20140620T000000,359900.00,5.00,2.25,2290.00,7420.00,1.00,0.00,0.00,3.00,7.00,1290.00,1000.00,1973.00,0.00,98058.00,47.44,-122.17,1660.00,7526.00
8044050040.00,20140807T000000,419950.00,4.00,2.50,2260.00,5164.00,2.00,0.00,0.00,3.00,8.00,2260.00,0.00,1996.00,0.00,98056.00,47.51,-122.17,2260.00,5866.00
2771604370.00,20140926T000000,460000.00,3.00,1.75,1300.00,4000.00,1.00,0.00,0.00,3.00,7.00,900.00,400.00,1953.00,0.00,98199.00,47.64,-122.39,1750.00,4000.00
5028602020.00,20150305T000000,255000.00,3.00,2.25,1850.00,7151.00,2.00,0.00,0.00,3.00,7.00,1850.00,0.00,1989.00,0.00,98023.00,47.28,-122.35,1710.00,6827.00
643300040.00,20141104T000000,481000.00,4.00,1.75,1920.00,9500.00,1.00,0.00,0.00,4.00,7.00,1470.00,450.00,1966.00,0.00,98006.00,47.57,-122.18,1820.00,10091.00
643300040.00,20150313T000000,719521.00,4.00,1.75,1920.00,9500.00,1.00,0.00,0.00,4.00,7.00,1470.00,450.00,1966.00,0.00,98006.00,47.57,-122.18,1820.00,10091.00
224059025.00,20140620T000000,1080000.00,3.00,3.00,4910.00,43560.00,2.00,0.00,0.00,4.00,10.00,4000.00,910.00,1989.00,0.00,98007.00,47.59,-122.13,3540.00,12288.00
3379200100.00,20140523T000000,334000.00,4.00,2.50,2210.00,6080.00,1.00,0.00,2.00,4.00,8.00,1410.00,800.00,1965.00,0.00,98178.00,47.49,-122.23,2210.00,6175.00
6338000493.00,20140912T000000,675000.00,4.00,2.75,2280.00,3200.00,1.50,0.00,0.00,5.00,8.00,1520.00,760.00,1931.00,0.00,98105.00,47.67,-122.28,1970.00,4687.00
293000068.00,20140613T000000,556000.00,3.00,1.75,1640.00,7437.00,1.00,0.00,0.00,3.00,7.00,1090.00,550.00,1948.00,0.00,98126.00,47.53,-122.38,1640.00,7436.00
6169901095.00,20140815T000000,900000.00,4.00,2.00,1980.00,7200.00,2.00,0.00,3.00,3.00,8.00,1700.00,280.00,1910.00,0.00,98119.00,47.63,-122.37,2490.00,4200.00
4443800375.00,20141002T000000,400000.00,3.00,1.00,900.00,4084.00,1.50,0.00,0.00,3.00,7.00,900.00,0.00,1910.00,0.00,98117.00,47.68,-122.39,1280.00,4080.00
9376301800.00,20150324T000000,724950.00,4.00,1.75,1960.00,4340.00,1.00,0.00,0.00,5.00,8.00,980.00,980.00,1912.00,0.00,98117.00,47.68,-122.37,1630.00,4360.00
6799300150.00,20140903T000000,321000.00,4.00,2.25,1800.00,4500.00,2.00,0.00,0.00,4.00,8.00,1800.00,0.00,2004.00,0.00,98031.00,47.39,-122.18,2010.00,5050.00
3271800910.00,20140701T000000,1356920.00,4.00,3.50,4270.00,5800.00,2.00,0.00,3.00,5.00,10.00,3170.00,1100.00,1937.00,0.00,98199.00,47.65,-122.41,3100.00,5800.00
42000245.00,20140613T000000,171000.00,4.00,2.00,1520.00,19672.00,1.00,0.00,0.00,3.00,6.00,1020.00,500.00,1920.00,0.00,98188.00,47.47,-122.28,1810.00,7840.00
1625069101.00,20140707T000000,1360000.00,4.00,3.00,5430.00,108900.00,2.00,0.00,0.00,4.00,10.00,5430.00,0.00,1987.00,0.00,98053.00,47.66,-122.04,3170.00,107076.00
4046700110.00,20150224T000000,323000.00,3.00,1.75,1950.00,15037.00,1.00,0.00,0.00,3.00,7.00,1950.00,0.00,1989.00,0.00,98014.00,47.69,-121.91,1760.00,15181.00
2423600100.00,20140502T000000,491500.00,4.00,1.75,2190.00,125452.00,1.00,0.00,2.00,3.00,9.00,2190.00,0.00,1968.00,0.00,98092.00,47.27,-122.07,3000.00,125017.00
621069154.00,20140721T000000,226000.00,4.00,1.50,1200.00,10890.00,1.00,0.00,0.00,5.00,7.00,1200.00,0.00,1972.00,0.00,98042.00,47.34,-122.09,1250.00,10139.00
2436200025.00,20141009T000000,580000.00,6.00,1.75,2180.00,4000.00,1.50,0.00,0.00,4.00,7.00,1380.00,800.00,1926.00,0.00,98105.00,47.66,-122.29,1720.00,4000.00
9808610410.00,20140822T000000,640000.00,4.00,2.50,2320.00,11259.00,2.00,0.00,0.00,3.00,9.00,2320.00,0.00,1982.00,0.00,98004.00,47.64,-122.19,2820.00,11770.00
1370803640.00,20140820T000000,619790.00,3.00,1.75,1040.00,5097.00,1.00,0.00,0.00,4.00,7.00,800.00,240.00,1944.00,0.00,98199.00,47.64,-122.40,1630.00,5097.00
3779300210.00,20140630T000000,383962.00,4.00,2.50,2700.00,6998.00,2.00,0.00,0.00,3.00,8.00,2700.00,0.00,2001.00,0.00,98188.00,47.47,-122.26,2350.00,10550.00
424049059.00,20140815T000000,373000.00,3.00,2.00,1400.00,2445.00,1.00,0.00,0.00,3.00,7.00,840.00,560.00,2002.00,0.00,98144.00,47.59,-122.30,1400.00,3200.00
5422560850.00,20141210T000000,541338.00,3.00,2.50,2060.00,8123.00,2.00,0.00,0.00,3.00,8.00,1010.00,1050.00,1977.00,0.00,98052.00,47.66,-122.13,1760.00,6170.00
558100065.00,20141003T000000,254922.00,2.00,1.00,780.00,8160.00,1.00,0.00,0.00,4.00,6.00,780.00,0.00,1953.00,0.00,98133.00,47.74,-122.34,1310.00,8160.00
4442800040.00,20140624T000000,575000.00,3.00,2.25,2400.00,5000.00,1.50,0.00,0.00,4.00,7.00,1440.00,960.00,1926.00,0.00,98117.00,47.69,-122.39,1630.00,5000.00
4038600300.00,20140902T000000,650000.00,4.00,3.00,2900.00,15535.00,1.00,0.00,2.00,4.00,7.00,1870.00,1030.00,1961.00,0.00,98008.00,47.61,-122.12,2330.00,10217.00
5070000120.00,20140813T000000,269950.00,3.00,1.50,1740.00,9547.00,1.00,0.00,0.00,4.00,7.00,1740.00,0.00,1962.00,0.00,98055.00,47.45,-122.21,1780.00,9936.00
795002450.00,20150430T000000,270950.00,2.00,1.00,780.00,6250.00,1.00,0.00,0.00,3.00,6.00,780.00,0.00,1942.00,0.00,98168.00,47.51,-122.33,1280.00,7100.00
3579000180.00,20141229T000000,495000.00,3.00,2.75,2430.00,14861.00,1.00,0.00,0.00,3.00,9.00,1530.00,900.00,1988.00,0.00,98028.00,47.75,-122.25,2230.00,10300.00
6821102170.00,20140507T000000,794154.00,4.00,2.00,2210.00,8556.00,1.00,0.00,1.00,4.00,8.00,1210.00,1000.00,1954.00,0.00,98199.00,47.65,-122.40,2190.00,7975.00
5151900110.00,20141219T000000,340768.00,3.00,1.50,1510.00,11200.00,1.00,0.00,0.00,4.00,8.00,1510.00,0.00,1960.00,0.00,98003.00,47.33,-122.33,2110.00,12070.00
5101407790.00,20140801T000000,375000.00,2.00,1.00,900.00,5413.00,1.00,0.00,0.00,3.00,7.00,900.00,0.00,1947.00,0.00,98125.00,47.70,-122.31,1280.00,6380.00
2538400040.00,20140524T000000,820000.00,4.00,2.50,3670.00,7000.00,2.00,0.00,0.00,3.00,10.00,3670.00,0.00,2005.00,0.00,98075.00,47.59,-122.08,3680.00,7437.00
1025049266.00,20140930T000000,555000.00,2.00,2.25,1160.00,954.00,2.00,0.00,0.00,3.00,8.00,960.00,200.00,2014.00,0.00,98105.00,47.66,-122.28,1160.00,1327.00
4340610040.00,20140612T000000,312500.00,2.00,1.50,1070.00,1200.00,2.00,0.00,0.00,3.00,7.00,1070.00,0.00,1999.00,0.00,98103.00,47.70,-122.35,1070.00,1200.00
3204300610.00,20141202T000000,450000.00,2.00,1.00,950.00,4560.00,1.50,0.00,0.00,3.00,7.00,950.00,0.00,1925.00,0.00,98112.00,47.63,-122.30,2040.00,4560.00
6793300220.00,20150105T000000,739000.00,3.00,2.75,2950.00,6667.00,2.00,0.00,0.00,3.00,9.00,2950.00,0.00,2003.00,0.00,98029.00,47.56,-122.03,3340.00,6667.00
1568100087.00,20150413T000000,320000.00,3.00,2.00,1420.00,1716.00,2.00,0.00,0.00,3.00,7.00,1050.00,370.00,2003.00,0.00,98155.00,47.74,-122.30,1420.00,8150.00
4338800600.00,20140609T000000,235000.00,3.00,1.00,1590.00,13000.00,1.50,0.00,0.00,3.00,6.00,1590.00,0.00,1944.00,0.00,98166.00,47.48,-122.35,1460.00,8400.00
7211400535.00,20150323T000000,275500.00,4.00,1.00,1290.00,5000.00,1.50,0.00,0.00,3.00,7.00,1290.00,0.00,1957.00,0.00,98146.00,47.51,-122.36,1440.00,2500.00
8682261140.00,20140618T000000,564000.00,2.00,2.00,1690.00,4500.00,1.00,0.00,0.00,3.00,8.00,1690.00,0.00,2004.00,0.00,98053.00,47.71,-122.03,1640.00,4500.00
4435000145.00,20150501T000000,263000.00,4.00,1.75,1340.00,8700.00,1.50,0.00,0.00,3.00,6.00,1340.00,0.00,1958.00,0.00,98188.00,47.45,-122.29,1240.00,8700.00
421059018.00,20141104T000000,257000.00,3.00,1.75,1397.00,18000.00,1.00,0.00,0.00,3.00,7.00,1397.00,0.00,1965.00,2014.00,98092.00,47.34,-122.17,1950.00,31294.00
1321059013.00,20150319T000000,725000.00,4.00,2.50,3750.00,218506.00,2.00,0.00,0.00,3.00,10.00,3750.00,0.00,1991.00,0.00,98092.00,47.30,-122.10,2540.00,39413.00
2143700406.00,20141211T000000,300000.00,3.00,2.25,2000.00,7560.00,1.00,0.00,0.00,3.00,7.00,1400.00,600.00,1979.00,0.00,98055.00,47.48,-122.23,2040.00,6949.00
8961950410.00,20140707T000000,328000.00,3.00,2.00,2250.00,7904.00,1.50,0.00,0.00,3.00,8.00,2250.00,0.00,1998.00,0.00,98001.00,47.32,-122.25,2460.00,8622.00
1788800770.00,20140728T000000,187500.00,3.00,1.00,840.00,8400.00,1.00,0.00,0.00,3.00,6.00,840.00,0.00,1959.00,0.00,98023.00,47.33,-122.34,1030.00,8640.00
7518507685.00,20150223T000000,400000.00,3.00,1.00,1100.00,5100.00,2.00,0.00,0.00,4.00,7.00,1100.00,0.00,1900.00,0.00,98117.00,47.68,-122.39,1540.00,5100.00
2490200220.00,20150302T000000,515000.00,3.00,1.50,1660.00,5100.00,1.00,0.00,0.00,4.00,7.00,1210.00,450.00,1954.00,0.00,98136.00,47.53,-122.38,1440.00,5100.00
284000025.00,20150420T000000,1410000.00,2.00,2.00,2180.00,18525.00,1.00,1.00,4.00,5.00,9.00,1580.00,600.00,1952.00,0.00,98146.00,47.50,-122.39,2480.00,21503.00
522059189.00,20150417T000000,235000.00,3.00,1.00,1460.00,8400.00,1.00,0.00,0.00,3.00,7.00,1460.00,0.00,1958.00,0.00,98055.00,47.42,-122.20,1460.00,9600.00
7203150330.00,20140717T000000,669000.00,4.00,2.50,2470.00,4945.00,2.00,0.00,0.00,3.00,8.00,2470.00,0.00,2012.00,0.00,98053.00,47.69,-122.02,2510.00,4988.00
3124089060.00,20150424T000000,282000.00,3.00,1.00,1250.00,13503.00,1.50,0.00,0.00,4.00,6.00,1250.00,0.00,1931.00,0.00,98065.00,47.53,-121.83,1450.00,13503.00
7518504130.00,20140626T000000,663000.00,3.00,2.00,1480.00,3876.00,1.00,0.00,0.00,5.00,7.00,860.00,620.00,1928.00,0.00,98117.00,47.68,-122.38,1660.00,3774.00
7893802670.00,20150424T000000,279900.00,3.00,3.25,2240.00,5000.00,2.00,0.00,0.00,3.00,9.00,1540.00,700.00,1989.00,0.00,98198.00,47.41,-122.33,1800.00,7500.00
2548100180.00,20140507T000000,335000.00,3.00,2.00,1570.00,7200.00,1.00,0.00,0.00,4.00,7.00,1570.00,0.00,1952.00,0.00,98155.00,47.75,-122.31,1410.00,7434.00
4024100915.00,20141231T000000,689000.00,4.00,2.75,3250.00,10000.00,2.00,0.00,0.00,3.00,9.00,3250.00,0.00,2014.00,0.00,98155.00,47.76,-122.31,1620.00,10089.00
1026069106.00,20150421T000000,413100.00,3.00,2.25,1790.00,231303.00,1.00,0.00,0.00,3.00,7.00,1250.00,540.00,1980.00,0.00,98077.00,47.76,-122.03,2090.00,93654.00
7852020720.00,20150327T000000,506950.00,3.00,2.50,2080.00,4931.00,2.00,0.00,0.00,3.00,8.00,2080.00,0.00,2000.00,0.00,98065.00,47.53,-121.87,1890.00,4229.00
9828702265.00,20140506T000000,500000.00,3.00,2.50,1480.00,1171.00,3.00,0.00,0.00,3.00,8.00,1480.00,0.00,2006.00,0.00,98112.00,47.62,-122.30,1480.00,1231.00
5104511250.00,20140613T000000,540000.00,5.00,3.00,3610.00,9775.00,2.00,0.00,0.00,3.00,8.00,3610.00,0.00,2003.00,0.00,98038.00,47.35,-122.01,2800.00,8582.00
9828201885.00,20140822T000000,812000.00,3.00,2.50,2040.00,4559.00,2.00,0.00,0.00,3.00,9.00,2040.00,0.00,1998.00,0.00,98122.00,47.62,-122.30,1500.00,4500.00
7525950110.00,20140828T000000,1200000.00,4.00,3.25,3850.00,19842.00,2.00,0.00,3.00,3.00,11.00,3180.00,670.00,1989.00,0.00,98074.00,47.62,-122.07,4320.00,19500.00
3211260120.00,20141215T000000,370000.00,3.00,2.25,3230.00,35306.00,2.00,0.00,0.00,3.00,9.00,3230.00,0.00,1987.00,0.00,98092.00,47.31,-122.11,2760.00,35285.00
7250000065.00,20140825T000000,338000.00,3.00,2.00,2440.00,23512.00,1.00,0.00,0.00,3.00,6.00,1640.00,800.00,1933.00,0.00,98148.00,47.46,-122.33,1630.00,19613.00
1446400564.00,20140507T000000,185000.00,4.00,1.00,1490.00,6600.00,1.00,0.00,0.00,3.00,7.00,1490.00,0.00,1969.00,0.00,98168.00,47.48,-122.33,1280.00,6600.00
224059021.00,20141219T000000,450000.00,3.00,1.00,1150.00,35415.00,1.00,0.00,0.00,4.00,7.00,1010.00,140.00,1950.00,0.00,98008.00,47.60,-122.13,2460.00,11781.00
6392000625.00,20140712T000000,451000.00,2.00,1.00,900.00,6000.00,1.00,0.00,0.00,3.00,7.00,900.00,0.00,1944.00,2004.00,98115.00,47.69,-122.29,1460.00,4800.00
6817850110.00,20150421T000000,785000.00,4.00,2.50,3210.00,24527.00,1.50,0.00,0.00,3.00,11.00,3210.00,0.00,1984.00,0.00,98074.00,47.64,-122.05,3280.00,24527.00
3902100175.00,20140728T000000,850000.00,5.00,3.00,3900.00,5250.00,1.50,0.00,1.00,5.00,8.00,2620.00,1280.00,1931.00,0.00,98116.00,47.56,-122.39,1950.00,5700.00
7205400180.00,20141223T000000,235000.00,3.00,1.00,1240.00,18000.00,1.00,0.00,0.00,2.00,7.00,1240.00,0.00,1943.00,0.00,98198.00,47.35,-122.32,1240.00,18000.00
7351200295.00,20150114T000000,1150000.00,3.00,1.75,1760.00,6788.00,2.00,1.00,4.00,3.00,7.00,1760.00,0.00,1940.00,1960.00,98125.00,47.73,-122.28,1630.00,7588.00
291310260.00,20140516T000000,377500.00,3.00,2.25,1410.00,1377.00,2.00,0.00,0.00,3.00,7.00,1290.00,120.00,2005.00,0.00,98027.00,47.53,-122.07,1445.00,1370.00
3026059204.00,20140530T000000,825500.00,3.00,2.50,2780.00,11964.00,2.00,0.00,0.00,3.00,9.00,2780.00,0.00,2009.00,0.00,98034.00,47.71,-122.22,1760.00,9640.00
2856102105.00,20140610T000000,1059500.00,5.00,3.25,3230.00,3825.00,2.00,0.00,0.00,3.00,9.00,2480.00,750.00,2014.00,0.00,98117.00,47.68,-122.39,1480.00,5100.00
3343301343.00,20141120T000000,880000.00,5.00,3.50,4600.00,8764.00,2.00,0.00,0.00,3.00,10.00,3180.00,1420.00,2007.00,0.00,98006.00,47.55,-122.19,3210.00,9431.00
8682302030.00,20140521T000000,413800.00,3.00,2.00,1440.00,4421.00,1.00,0.00,0.00,3.00,8.00,1440.00,0.00,2007.00,0.00,98053.00,47.72,-122.02,1440.00,4157.00
1048000160.00,20140627T000000,504200.00,2.00,1.50,1200.00,1687.00,3.00,0.00,0.00,3.00,8.00,1200.00,0.00,2008.00,0.00,98103.00,47.65,-122.33,1240.00,1296.00
5714200140.00,20150422T000000,421500.00,4.00,3.00,2793.00,5703.00,2.00,0.00,0.00,3.00,9.00,2793.00,0.00,2009.00,0.00,98030.00,47.37,-122.18,2793.00,5704.00
1152200030.00,20150305T000000,855169.00,4.00,2.50,2970.00,5050.00,2.00,0.00,0.00,3.00,8.00,2970.00,0.00,2014.00,0.00,98052.00,47.70,-122.12,2810.00,4998.00
3157600075.00,20150207T000000,380000.00,3.00,2.00,1440.00,3218.00,1.00,0.00,0.00,3.00,7.00,850.00,590.00,2008.00,0.00,98106.00,47.57,-122.36,1170.00,5000.00
1972200554.00,20140804T000000,580000.00,3.00,2.25,1480.00,1026.00,3.00,0.00,0.00,3.00,8.00,1480.00,0.00,2014.00,0.00,98103.00,47.65,-122.35,1570.00,1283.00
9429400060.00,20150409T000000,377000.00,3.00,2.50,1870.00,5333.00,2.00,0.00,0.00,3.00,8.00,1870.00,0.00,2012.00,0.00,98019.00,47.74,-121.98,2100.00,3730.00
301401610.00,20140930T000000,329900.00,4.00,2.75,2475.00,4000.00,2.00,0.00,0.00,3.00,7.00,2475.00,0.00,2014.00,0.00,98002.00,47.35,-122.21,2475.00,4000.00
1025039326.00,20140828T000000,921800.00,4.00,2.50,2950.00,7024.00,2.00,0.00,0.00,3.00,10.00,2950.00,0.00,2012.00,0.00,98199.00,47.67,-122.40,2950.00,6339.00
9385200041.00,20150304T000000,529500.00,3.00,2.25,1410.00,905.00,3.00,0.00,0.00,3.00,9.00,1410.00,0.00,2014.00,0.00,98116.00,47.58,-122.40,1510.00,1352.00
7237450550.00,20140603T000000,363990.00,4.00,2.50,2240.00,3712.00,2.00,0.00,0.00,3.00,8.00,2240.00,0.00,2014.00,0.00,98038.00,47.36,-122.06,2530.00,4315.00
2862500060.00,20150115T000000,834950.00,5.00,2.75,3230.00,6500.00,2.00,0.00,0.00,3.00,9.00,3230.00,0.00,2014.00,0.00,98074.00,47.62,-122.02,3180.00,7624.00
4046500270.00,20140819T000000,399000.00,3.00,2.00,2100.00,31550.00,1.00,0.00,0.00,3.00,8.00,2100.00,0.00,2010.00,0.00,98014.00,47.69,-121.92,1860.00,18452.00
2161400060.00,20141114T000000,338900.00,3.00,2.25,1936.00,9495.00,1.00,0.00,0.00,3.00,8.00,1936.00,0.00,2013.00,0.00,98030.00,47.37,-122.20,1410.00,12770.00
2781230070.00,20150311T000000,419950.00,3.00,2.50,3120.00,6000.00,2.00,0.00,0.00,3.00,9.00,3120.00,0.00,2007.00,0.00,98038.00,47.35,-122.03,2670.00,6000.00
4019500160.00,20150413T000000,493000.00,4.00,2.50,2070.00,4270.00,2.00,0.00,0.00,3.00,8.00,2070.00,0.00,2010.00,0.00,98028.00,47.77,-122.27,2070.00,4610.00
6980500030.00,20141211T000000,650000.00,4.00,2.50,3700.00,4500.00,2.00,0.00,0.00,3.00,9.00,3700.00,0.00,2007.00,0.00,98028.00,47.75,-122.23,3050.00,5047.00
1442880260.00,20140909T000000,456000.00,3.00,2.50,2130.00,5205.00,2.00,0.00,0.00,3.00,8.00,2130.00,0.00,2013.00,0.00,98045.00,47.48,-121.77,2250.00,5462.00
9268851860.00,20140918T000000,425000.00,3.00,2.25,1620.00,997.00,2.50,0.00,0.00,3.00,8.00,1540.00,80.00,2010.00,0.00,98027.00,47.54,-122.03,1620.00,1068.00
832700320.00,20150209T000000,348000.00,3.00,2.50,1490.00,2478.00,3.00,0.00,0.00,3.00,8.00,1490.00,0.00,2009.00,0.00,98133.00,47.72,-122.35,1270.00,1156.00
2937300550.00,20141029T000000,1040890.00,5.00,4.00,4180.00,7232.00,2.00,0.00,0.00,3.00,9.00,4180.00,0.00,2014.00,0.00,98052.00,47.70,-122.13,3570.00,6054.00
2114700368.00,20141118T000000,299000.00,2.00,2.50,1400.00,1262.00,2.00,0.00,0.00,3.00,8.00,1160.00,240.00,2008.00,0.00,98106.00,47.53,-122.35,1060.00,1524.00
2213000030.00,20140512T000000,1264000.00,4.00,3.75,3490.00,9170.00,2.00,0.00,0.00,3.00,9.00,3490.00,0.00,2012.00,0.00,98004.00,47.60,-122.20,1810.00,8470.00
2626119062.00,20141112T000000,155000.00,3.00,1.00,1300.00,6098.00,1.00,0.00,0.00,3.00,7.00,1300.00,0.00,2013.00,0.00,98014.00,47.71,-121.36,1300.00,6849.00
7338220160.00,20150225T000000,319500.00,4.00,2.50,2730.00,4962.00,2.00,0.00,0.00,3.00,8.00,2730.00,0.00,2006.00,0.00,98002.00,47.34,-122.22,2150.00,3802.00
2781280310.00,20141222T000000,274000.00,3.00,2.50,1830.00,2517.00,2.00,0.00,0.00,3.00,8.00,1830.00,0.00,2005.00,0.00,98055.00,47.45,-122.19,1610.00,2762.00
3448740070.00,20140616T000000,429000.00,5.00,2.50,2340.00,4500.00,2.00,0.00,0.00,3.00,7.00,2340.00,0.00,2009.00,0.00,98059.00,47.49,-122.15,2190.00,4500.00
2895800710.00,20141202T000000,267800.00,3.00,1.75,1410.00,1899.00,2.00,0.00,0.00,3.00,8.00,1410.00,0.00,2014.00,0.00,98106.00,47.52,-122.35,1410.00,1811.00
723049434.00,20150408T000000,369950.00,3.00,2.50,1930.00,8254.00,2.00,0.00,0.00,3.00,7.00,1930.00,0.00,2014.00,0.00,98146.00,47.50,-122.35,1540.00,8849.00
2922059212.00,20150109T000000,480000.00,6.00,5.00,3028.00,18055.00,2.00,0.00,0.00,3.00,7.00,3028.00,0.00,2005.00,0.00,98030.00,47.37,-122.20,1400.00,34575.00
1441000350.00,20140915T000000,440000.00,4.00,3.50,3180.00,4869.00,2.00,0.00,0.00,3.00,8.00,2390.00,790.00,2007.00,0.00,98055.00,47.45,-122.21,2850.00,4500.00
8562790310.00,20150324T000000,839704.00,4.00,3.25,2950.00,4161.00,2.00,0.00,0.00,3.00,10.00,2210.00,740.00,2014.00,0.00,98027.00,47.53,-122.07,2790.00,3693.00
2767604425.00,20150129T000000,535000.00,3.00,3.25,1430.00,1276.00,3.00,0.00,0.00,3.00,8.00,1430.00,0.00,2007.00,0.00,98107.00,47.67,-122.38,1430.00,1243.00
306000565.00,20140825T000000,290000.00,2.00,1.50,1020.00,1275.00,3.00,0.00,0.00,3.00,8.00,1020.00,0.00,2008.00,0.00,98103.00,47.70,-122.35,980.00,1415.00
6130500060.00,20140721T000000,370000.00,3.00,2.50,1650.00,1793.00,3.00,0.00,0.00,3.00,8.00,1650.00,0.00,2007.00,0.00,98133.00,47.71,-122.33,1650.00,1863.00
3362400125.00,20150303T000000,405000.00,3.00,2.00,1060.00,651.00,3.00,0.00,0.00,3.00,7.00,1060.00,0.00,2007.00,0.00,98103.00,47.68,-122.35,1440.00,1501.00
1442880510.00,20140530T000000,499431.00,4.00,2.75,2620.00,6019.00,2.00,0.00,0.00,3.00,8.00,2620.00,0.00,2013.00,0.00,98045.00,47.48,-121.77,2790.00,6716.00
9188200505.00,20140710T000000,275000.00,4.00,2.50,1830.00,3868.00,2.00,0.00,0.00,3.00,7.00,1830.00,0.00,2007.00,0.00,98118.00,47.52,-122.28,2330.00,3868.00
1865400075.00,20140522T000000,320000.00,3.00,2.25,998.00,844.00,2.00,0.00,0.00,3.00,7.00,798.00,200.00,2007.00,0.00,98117.00,47.70,-122.37,998.00,1110.00
7853320550.00,20140805T000000,425000.00,4.00,2.50,2070.00,4427.00,2.00,0.00,0.00,3.00,7.00,2070.00,0.00,2007.00,0.00,98065.00,47.52,-121.87,2070.00,4556.00
9831200172.00,20150227T000000,1450000.00,4.00,3.50,2860.00,2199.00,3.00,0.00,0.00,3.00,10.00,2860.00,0.00,2013.00,0.00,98102.00,47.63,-122.32,1990.00,1378.00
8141300030.00,20150210T000000,340000.00,3.00,2.00,1920.00,5688.00,1.00,0.00,3.00,3.00,9.00,1920.00,0.00,2007.00,0.00,98022.00,47.20,-121.98,2384.00,4802.00
7899800863.00,20141001T000000,299900.00,3.00,2.50,1210.00,2046.00,2.00,0.00,0.00,3.00,9.00,920.00,290.00,2008.00,0.00,98106.00,47.52,-122.36,1070.00,651.00
745530240.00,20141226T000000,865950.00,5.00,3.50,4890.00,12039.00,2.00,0.00,0.00,3.00,9.00,3590.00,1300.00,2014.00,0.00,98011.00,47.73,-122.21,4590.00,10079.00
4055700784.00,20140815T000000,720000.00,4.00,2.50,3420.00,17038.00,2.00,0.00,0.00,3.00,9.00,3420.00,0.00,2007.00,0.00,98034.00,47.72,-122.24,2520.00,14190.00
1180000830.00,20141002T000000,460000.00,4.00,3.50,2870.00,3225.00,2.00,0.00,3.00,3.00,9.00,2070.00,800.00,2006.00,0.00,98178.00,47.50,-122.23,1770.00,6450.00
291310270.00,20141119T000000,375000.00,3.00,2.50,1600.00,2042.00,2.00,0.00,0.00,3.00,8.00,1600.00,0.00,2005.00,0.00,98027.00,47.53,-122.07,1445.00,1370.00
1934800162.00,20150511T000000,386180.00,2.00,1.50,960.00,1829.00,2.00,0.00,0.00,3.00,7.00,960.00,0.00,2005.00,0.00,98122.00,47.60,-122.31,1470.00,1829.00
2309710070.00,20150114T000000,280000.00,3.00,2.75,1740.00,5639.00,1.00,0.00,3.00,3.00,7.00,1740.00,0.00,2010.00,0.00,98022.00,47.19,-121.98,2380.00,5331.00
6181500340.00,20140808T000000,359000.00,4.00,2.50,2575.00,4725.00,2.00,0.00,0.00,3.00,8.00,2575.00,0.00,2011.00,0.00,98001.00,47.31,-122.28,2575.00,5323.00
7853220390.00,20140502T000000,785000.00,5.00,3.25,3660.00,11995.00,2.00,0.00,2.00,3.00,10.00,3660.00,0.00,2006.00,0.00,98065.00,47.53,-121.86,3320.00,11241.00
9834201375.00,20150206T000000,425000.00,3.00,2.25,1420.00,1230.00,2.00,0.00,0.00,3.00,8.00,940.00,480.00,2009.00,0.00,98144.00,47.57,-122.29,1400.00,1230.00
5214510060.00,20150504T000000,575000.00,5.00,2.50,3070.00,7200.00,2.00,0.00,0.00,3.00,8.00,3070.00,0.00,2005.00,0.00,98059.00,47.49,-122.14,2590.00,7200.00
3221079050.00,20150303T000000,465000.00,3.00,2.50,1920.00,144619.00,1.00,0.00,0.00,3.00,8.00,1920.00,0.00,2014.00,0.00,98022.00,47.27,-121.95,2010.00,48787.00
1266200140.00,20150506T000000,1850000.00,4.00,3.25,4160.00,10335.00,2.00,0.00,0.00,3.00,10.00,4160.00,0.00,2014.00,0.00,98004.00,47.62,-122.19,1840.00,10333.00
2523039346.00,20150218T000000,720000.00,4.00,3.25,3276.00,10801.00,2.00,0.00,0.00,3.00,9.00,3276.00,0.00,2008.00,0.00,98166.00,47.46,-122.36,2010.00,11656.00
1624049293.00,20140506T000000,390000.00,5.00,3.75,2890.00,5000.00,1.00,0.00,0.00,3.00,7.00,1310.00,1580.00,2006.00,0.00,98108.00,47.57,-122.30,1930.00,5117.00
1973700030.00,20150429T000000,2205000.00,3.00,2.50,3430.00,10177.00,2.00,0.00,0.00,3.00,10.00,3430.00,0.00,2014.00,0.00,98034.00,47.72,-122.25,3110.00,12339.00
1070000390.00,20140702T000000,1054690.00,4.00,3.50,3390.00,3979.00,2.00,0.00,0.00,3.00,9.00,2610.00,780.00,2014.00,0.00,98199.00,47.65,-122.41,3350.00,4165.00
2524059269.00,20140610T000000,915000.00,6.00,3.75,2930.00,14980.00,2.00,0.00,3.00,3.00,9.00,2930.00,0.00,2013.00,0.00,98006.00,47.54,-122.12,3210.00,10787.00
1972200326.00,20150422T000000,562000.00,2.00,2.25,1300.00,1314.00,3.00,0.00,0.00,3.00,8.00,1300.00,0.00,2008.00,0.00,98103.00,47.65,-122.36,1300.00,1312.00
3796000400.00,20141120T000000,349000.00,2.00,1.75,1250.00,1208.00,2.00,0.00,0.00,3.00,7.00,1040.00,210.00,2007.00,0.00,98144.00,47.60,-122.30,1250.00,1656.00
321030070.00,20140814T000000,375000.00,4.00,2.50,2310.00,7800.00,2.00,0.00,0.00,3.00,8.00,2310.00,0.00,2011.00,0.00,98042.00,47.37,-122.16,2310.00,7140.00
476000118.00,20141212T000000,479950.00,2.00,2.25,1360.00,1336.00,3.00,0.00,0.00,3.00,8.00,1360.00,0.00,2008.00,0.00,98107.00,47.67,-122.39,1280.00,1295.00
2909310060.00,20150109T000000,319000.00,4.00,2.50,2020.00,5100.00,2.00,0.00,0.00,3.00,7.00,2020.00,0.00,2010.00,0.00,98023.00,47.28,-122.36,2300.00,5685.00
832700240.00,20141003T000000,325000.00,3.00,1.50,1270.00,1067.00,3.00,0.00,0.00,3.00,8.00,1270.00,0.00,2009.00,0.00,98133.00,47.72,-122.35,1090.00,1118.00
1442880570.00,20140821T000000,505657.00,4.00,2.75,2790.00,8092.00,2.00,0.00,0.00,3.00,8.00,2790.00,0.00,2013.00,0.00,98045.00,47.48,-121.77,2790.00,6154.00
9542840060.00,20150305T000000,340000.00,4.00,2.50,2320.00,4142.00,2.00,0.00,0.00,3.00,7.00,2320.00,0.00,2010.00,0.00,98038.00,47.37,-122.02,2150.00,4140.00
629650370.00,20150123T000000,250000.00,3.00,2.50,1750.00,6351.00,2.00,0.00,0.00,3.00,7.00,1750.00,0.00,2012.00,0.00,98001.00,47.26,-122.26,1398.00,6092.00
7967000060.00,20140926T000000,349500.00,4.00,2.50,2030.00,4596.00,2.00,0.00,0.00,3.00,8.00,2030.00,0.00,2014.00,0.00,98001.00,47.35,-122.28,2040.00,4705.00
3904100041.00,20150424T000000,290750.00,3.00,2.50,1270.00,865.00,2.00,0.00,0.00,3.00,7.00,1080.00,190.00,2008.00,0.00,98118.00,47.54,-122.28,1630.00,7752.00
9268850860.00,20150505T000000,715000.00,5.00,3.25,2710.00,2356.00,2.00,0.00,0.00,3.00,8.00,2230.00,480.00,2013.00,0.00,98027.00,47.54,-122.03,2160.00,2108.00
1454100127.00,20140811T000000,689950.00,4.00,2.75,2520.00,8433.00,2.00,0.00,0.00,3.00,8.00,2520.00,0.00,2014.00,0.00,98125.00,47.72,-122.29,1890.00,7772.00
2856101290.00,20140924T000000,425000.00,2.00,2.50,1340.00,1263.00,3.00,0.00,0.00,3.00,8.00,1340.00,0.00,2008.00,0.00,98117.00,47.68,-122.39,1510.00,1260.00
2767601872.00,20150119T000000,657000.00,2.00,3.00,1570.00,1281.00,3.00,0.00,0.00,3.00,8.00,1570.00,0.00,2014.00,0.00,98107.00,47.67,-122.38,1570.00,2500.00
255370570.00,20141120T000000,359950.00,4.00,3.50,2690.00,5564.00,2.00,0.00,0.00,3.00,7.00,2690.00,0.00,2007.00,0.00,98038.00,47.35,-122.02,2210.00,4046.00
301401370.00,20140731T000000,319900.00,4.00,2.75,2475.00,4276.00,2.00,0.00,0.00,3.00,7.00,2475.00,0.00,2014.00,0.00,98002.00,47.35,-122.21,2475.00,4000.00
1604601804.00,20150416T000000,532000.00,3.00,3.75,2260.00,2050.00,2.00,0.00,0.00,3.00,9.00,1170.00,1090.00,2010.00,0.00,98118.00,47.57,-122.29,2130.00,3082.00
6749700004.00,20150330T000000,291000.00,2.00,1.00,840.00,863.00,3.00,0.00,0.00,3.00,8.00,840.00,0.00,2008.00,0.00,98103.00,47.70,-122.35,1110.00,1190.00
1806900499.00,20140721T000000,675000.00,3.00,3.25,1720.00,1330.00,2.00,0.00,0.00,3.00,8.00,1030.00,690.00,2004.00,0.00,98112.00,47.62,-122.31,1720.00,1520.00
7625703435.00,20150121T000000,885000.00,3.00,2.25,2940.00,6500.00,3.00,0.00,0.00,3.00,9.00,2940.00,0.00,2014.00,0.00,98136.00,47.55,-122.39,1680.00,6500.00
7324900016.00,20141021T000000,1450000.00,5.00,3.50,4170.00,9090.00,2.00,0.00,0.00,3.00,10.00,4170.00,0.00,2008.00,0.00,98004.00,47.59,-122.20,1930.00,13635.00
3575303430.00,20141016T000000,780000.00,6.00,4.25,4310.00,10000.00,2.00,0.00,0.00,3.00,8.00,2950.00,1360.00,2008.00,0.00,98074.00,47.62,-122.06,2100.00,10000.00
9492500140.00,20140712T000000,839950.00,4.00,2.75,3010.00,7200.00,2.00,0.00,0.00,3.00,9.00,3010.00,0.00,2014.00,0.00,98033.00,47.69,-122.18,3010.00,7203.00
9268851670.00,20150424T000000,645000.00,3.00,2.50,2170.00,1984.00,2.50,0.00,0.00,3.00,8.00,2170.00,0.00,2008.00,0.00,98027.00,47.54,-122.03,2150.00,1984.00
301400830.00,20141223T000000,263000.00,3.00,2.50,1584.00,3200.00,2.00,0.00,0.00,3.00,7.00,1584.00,0.00,2011.00,0.00,98002.00,47.35,-122.22,1584.00,2800.00
4310702918.00,20141030T000000,345000.00,2.00,2.25,1110.00,1290.00,3.00,0.00,0.00,3.00,8.00,1110.00,0.00,2006.00,0.00,98103.00,47.70,-122.34,1360.00,1251.00
4305600240.00,20141125T000000,505000.00,4.00,2.50,2420.00,5006.00,2.00,0.00,0.00,3.00,8.00,2420.00,0.00,2013.00,0.00,98059.00,47.48,-122.13,2750.00,5471.00
7169500200.00,20140903T000000,522500.00,2.00,2.25,1430.00,1210.00,2.00,0.00,0.00,3.00,8.00,1340.00,90.00,2005.00,0.00,98115.00,47.68,-122.30,1430.00,1016.00
3943600070.00,20140811T000000,400000.00,3.00,2.50,2393.00,4788.00,2.00,0.00,0.00,3.00,8.00,2393.00,0.00,2012.00,0.00,98055.00,47.45,-122.20,2439.00,5477.00
1048000060.00,20140619T000000,543000.00,3.00,2.25,1240.00,949.00,3.00,0.00,0.00,3.00,8.00,1240.00,0.00,2008.00,0.00,98103.00,47.65,-122.33,1310.00,1140.00
3449500045.00,20141013T000000,495000.00,4.00,2.50,2980.00,12075.00,1.00,0.00,0.00,3.00,8.00,1910.00,1070.00,2007.00,0.00,98056.00,47.51,-122.17,2240.00,12075.00
1438000200.00,20140911T000000,549995.00,4.00,3.50,2970.00,6587.00,2.00,0.00,0.00,3.00,8.00,2260.00,710.00,2014.00,0.00,98059.00,47.48,-122.12,2970.00,5690.00
5424100030.00,20150211T000000,327555.00,3.00,2.50,2329.00,5720.00,2.00,0.00,0.00,3.00,8.00,2329.00,0.00,2010.00,0.00,98030.00,47.36,-122.20,2197.00,5720.00
7853270710.00,20150409T000000,690000.00,5.00,3.25,3340.00,9075.00,2.00,0.00,0.00,3.00,8.00,2600.00,740.00,2005.00,0.00,98065.00,47.54,-121.88,2770.00,6646.00
9161100075.00,20150318T000000,673000.00,4.00,2.25,2580.00,2875.00,2.00,0.00,0.00,3.00,9.00,2580.00,0.00,2015.00,0.00,98116.00,47.57,-122.39,1290.00,5750.00
1085622860.00,20140721T000000,384435.00,3.00,2.50,2029.00,3906.00,2.00,0.00,0.00,3.00,9.00,2029.00,0.00,2014.00,0.00,98003.00,47.34,-122.18,2029.00,3920.00
9578090240.00,20140815T000000,780000.00,4.00,2.75,3430.00,6500.00,2.00,0.00,0.00,3.00,9.00,3050.00,380.00,2006.00,0.00,98052.00,47.71,-122.11,3070.00,6802.00
4083306045.00,20141029T000000,1375000.00,5.00,3.75,3330.00,5042.00,2.00,0.00,2.00,3.00,9.00,2470.00,860.00,2014.00,0.00,98103.00,47.65,-122.34,1780.00,3990.00
6666830320.00,20150324T000000,950968.00,5.00,3.50,3220.00,5081.00,2.00,0.00,0.00,3.00,8.00,3220.00,0.00,2013.00,0.00,98052.00,47.70,-122.11,2970.00,5753.00
8562780160.00,20150329T000000,334950.00,2.00,2.25,1240.00,750.00,2.00,0.00,0.00,3.00,7.00,1150.00,90.00,2008.00,0.00,98027.00,47.53,-122.07,1240.00,750.00
2767704603.00,20140609T000000,489000.00,3.00,3.50,1500.00,1249.00,2.00,0.00,0.00,3.00,8.00,1240.00,260.00,2004.00,0.00,98107.00,47.67,-122.37,1440.00,1850.00
5631500292.00,20150420T000000,600000.00,3.00,3.00,3530.00,8345.00,2.00,0.00,0.00,3.00,10.00,3530.00,0.00,2006.00,0.00,98028.00,47.73,-122.23,1940.00,9600.00
2424039036.00,20140822T000000,282000.00,3.00,2.25,1260.00,915.00,2.00,0.00,0.00,3.00,8.00,1020.00,240.00,2007.00,0.00,98106.00,47.56,-122.36,1260.00,1056.00
2867300030.00,20140801T000000,442000.00,4.00,4.00,4168.00,8485.00,2.00,0.00,0.00,3.00,10.00,3222.00,946.00,2007.00,0.00,98023.00,47.30,-122.39,4362.00,8100.00
6661200260.00,20150512T000000,220000.00,2.00,1.50,1030.00,2850.00,2.00,0.00,0.00,3.00,7.00,1030.00,0.00,1995.00,0.00,98038.00,47.38,-122.04,1030.00,3000.00
7238000240.00,20150218T000000,489000.00,3.00,2.50,3080.00,5598.00,2.00,0.00,0.00,3.00,8.00,3080.00,0.00,2006.00,0.00,98055.00,47.44,-122.21,3080.00,5303.00
4051150070.00,20141223T000000,250000.00,3.00,1.50,1072.00,4339.00,2.00,0.00,0.00,3.00,7.00,1072.00,0.00,2009.00,0.00,98042.00,47.39,-122.16,1443.00,4341.00
1442880320.00,20140724T000000,484259.00,4.00,2.75,2790.00,5000.00,2.00,0.00,0.00,3.00,8.00,2790.00,0.00,2014.00,0.00,98045.00,47.48,-121.77,2620.00,5527.00
3616600003.00,20150302T000000,1680000.00,3.00,2.50,4090.00,16972.00,2.00,0.00,2.00,3.00,11.00,3590.00,500.00,2007.00,0.00,98177.00,47.73,-122.37,3740.00,16972.00
3862710030.00,20150424T000000,450000.00,3.00,2.50,1800.00,4357.00,2.00,0.00,0.00,3.00,8.00,1800.00,0.00,2013.00,0.00,98065.00,47.53,-121.84,1800.00,3663.00
9828201361.00,20141114T000000,299000.00,2.00,1.50,830.00,1276.00,2.00,0.00,0.00,3.00,7.00,830.00,0.00,2005.00,0.00,98122.00,47.62,-122.30,1540.00,1484.00
4019500030.00,20141029T000000,450000.00,3.00,2.50,2280.00,4557.00,2.00,0.00,0.00,3.00,8.00,2280.00,0.00,2010.00,0.00,98028.00,47.77,-122.27,2070.00,4610.00
3630240140.00,20150123T000000,585000.00,4.00,3.00,2110.00,1286.00,2.00,0.00,0.00,3.00,9.00,1710.00,400.00,2007.00,0.00,98029.00,47.54,-122.01,2000.00,1286.00
5695000270.00,20141103T000000,660000.00,3.00,2.25,1570.00,1680.00,3.00,0.00,0.00,3.00,8.00,1570.00,0.00,2014.00,0.00,98103.00,47.66,-122.35,1290.00,1870.00
2349300069.00,20140512T000000,301500.00,2.00,1.50,830.00,1333.00,2.00,0.00,0.00,3.00,7.00,830.00,0.00,2005.00,0.00,98136.00,47.55,-122.38,1120.00,4822.00
6790830060.00,20140915T000000,949950.00,4.00,3.75,4120.00,8258.00,2.00,0.00,0.00,3.00,10.00,4120.00,0.00,2012.00,0.00,98075.00,47.59,-122.06,3730.00,8332.00
3630200640.00,20141030T000000,759990.00,4.00,2.50,2540.00,5760.00,2.00,0.00,0.00,3.00,9.00,2540.00,0.00,2009.00,0.00,98029.00,47.54,-121.99,2580.00,3600.00
7967000160.00,20150316T000000,355000.00,4.00,2.75,2050.00,4000.00,2.00,0.00,0.00,3.00,8.00,2050.00,0.00,2014.00,0.00,98001.00,47.35,-122.28,2050.00,4000.00
9492500160.00,20140723T000000,889950.00,4.00,2.75,3080.00,7242.00,2.00,0.00,0.00,3.00,9.00,3080.00,0.00,2014.00,0.00,98033.00,47.69,-122.18,3010.00,7205.00
9268851740.00,20140701T000000,629800.00,3.00,2.50,2390.00,1984.00,2.00,0.00,0.00,3.00,8.00,2220.00,170.00,2008.00,0.00,98027.00,47.54,-122.03,2150.00,1984.00
3342100421.00,20150424T000000,745000.00,4.00,2.50,3170.00,5100.00,2.00,0.00,0.00,3.00,9.00,3170.00,0.00,2012.00,0.00,98056.00,47.52,-122.21,1580.00,5100.00
6362900138.00,20141103T000000,379900.00,2.00,1.50,1240.00,1331.00,2.00,0.00,0.00,3.00,7.00,1050.00,190.00,2007.00,0.00,98144.00,47.60,-122.30,1250.00,1431.00
9358001422.00,20141114T000000,335000.00,3.00,2.50,1090.00,1139.00,2.00,0.00,0.00,3.00,8.00,960.00,130.00,2009.00,0.00,98126.00,47.57,-122.37,1400.00,1348.00
7853280350.00,20140512T000000,809000.00,5.00,4.50,4630.00,6324.00,2.00,0.00,0.00,3.00,9.00,3210.00,1420.00,2006.00,0.00,98065.00,47.54,-121.86,4420.00,6790.00
7853361420.00,20140826T000000,569950.00,4.00,2.50,3230.00,5899.00,2.00,0.00,0.00,3.00,8.00,3230.00,0.00,2012.00,0.00,98065.00,47.52,-121.87,2720.00,5899.00
7852120030.00,20140808T000000,723000.00,4.00,3.50,3510.00,9263.00,2.00,0.00,0.00,3.00,10.00,3510.00,0.00,2001.00,0.00,98065.00,47.54,-121.88,3690.00,10417.00
731500320.00,20141110T000000,282000.00,4.00,2.50,1785.00,2552.00,2.00,0.00,0.00,3.00,8.00,1785.00,0.00,2009.00,0.00,98030.00,47.36,-122.20,1691.00,2700.00
6056100102.00,20141030T000000,569900.00,5.00,3.25,2360.00,3873.00,2.00,0.00,0.00,3.00,8.00,1990.00,370.00,2006.00,0.00,98108.00,47.56,-122.30,1720.00,3071.00
1823049179.00,20150121T000000,385000.00,4.00,2.00,2340.00,9716.00,1.00,0.00,0.00,3.00,7.00,2340.00,0.00,2009.00,0.00,98146.00,47.48,-122.35,1180.00,13500.00
9268850030.00,20140707T000000,420000.00,3.00,2.25,1620.00,1075.00,3.00,0.00,0.00,3.00,8.00,1540.00,80.00,2009.00,0.00,98027.00,47.54,-122.03,1620.00,1237.00
9831200159.00,20140806T000000,2250000.00,3.00,3.25,3890.00,3452.00,2.00,0.00,0.00,3.00,12.00,2890.00,1000.00,2006.00,0.00,98102.00,47.63,-122.32,2860.00,2199.00
8924100370.00,20140915T000000,1205000.00,4.00,3.50,3590.00,5335.00,2.00,0.00,2.00,3.00,9.00,3140.00,450.00,2006.00,0.00,98115.00,47.68,-122.27,2100.00,6250.00
8669150700.00,20141208T000000,292000.00,4.00,3.00,1984.00,4460.00,2.00,0.00,0.00,3.00,7.00,1984.00,0.00,2012.00,0.00,98002.00,47.35,-122.21,2095.00,3402.00
889000024.00,20150316T000000,645000.00,3.00,2.25,1640.00,1023.00,3.00,0.00,0.00,3.00,8.00,1640.00,0.00,2014.00,0.00,98105.00,47.66,-122.32,1720.00,1960.00
9268850350.00,20150319T000000,304500.00,4.00,2.00,1350.00,942.00,3.00,0.00,0.00,3.00,7.00,1350.00,0.00,2008.00,0.00,98027.00,47.54,-122.03,1390.00,942.00
2619950310.00,20150507T000000,489500.00,4.00,3.50,2730.00,5707.00,2.00,0.00,0.00,3.00,8.00,2000.00,730.00,2011.00,0.00,98019.00,47.73,-121.97,2430.00,5899.00
7430200060.00,20150424T000000,1583000.00,4.00,4.00,5610.00,11063.00,3.00,0.00,0.00,3.00,11.00,4750.00,860.00,2006.00,0.00,98074.00,47.65,-122.07,4560.00,11063.00
5100400251.00,20150106T000000,390000.00,2.00,1.00,962.00,1992.00,2.00,0.00,0.00,3.00,7.00,962.00,0.00,2012.00,0.00,98115.00,47.69,-122.31,1130.00,1992.00
2597490030.00,20141002T000000,815000.00,4.00,3.50,3040.00,4006.00,2.00,0.00,0.00,3.00,8.00,2350.00,690.00,2013.00,0.00,98029.00,47.54,-122.01,2050.00,4000.00
3655500030.00,20150403T000000,719000.00,3.00,3.50,2540.00,10578.00,2.00,0.00,1.00,3.00,9.00,2010.00,530.00,2014.00,0.00,98006.00,47.55,-122.19,3240.00,9831.00
3751600784.00,20150403T000000,331210.00,4.00,2.50,2240.00,4800.00,2.00,0.00,0.00,3.00,8.00,2240.00,0.00,2014.00,0.00,98001.00,47.29,-122.27,2240.00,5040.00
6781200013.00,20140507T000000,245000.00,3.00,1.50,1260.00,1270.00,2.00,0.00,0.00,3.00,7.00,1040.00,220.00,2005.00,0.00,98133.00,47.71,-122.33,1260.00,1472.00
2619950060.00,20140909T000000,465000.00,5.00,4.00,3210.00,7200.00,2.00,0.00,0.00,3.00,8.00,2410.00,800.00,2011.00,0.00,98019.00,47.73,-121.97,2750.00,7200.00
9523100731.00,20140930T000000,580000.00,3.00,2.50,1620.00,1171.00,3.00,0.00,4.00,3.00,8.00,1470.00,150.00,2008.00,0.00,98103.00,47.67,-122.36,1620.00,1505.00
9272201318.00,20150414T000000,540000.00,3.00,2.00,1580.00,1972.00,2.50,0.00,2.00,3.00,8.00,1180.00,400.00,2007.00,0.00,98116.00,47.59,-122.39,1500.00,1908.00
5676000004.00,20141118T000000,399000.00,3.00,2.50,1430.00,1250.00,3.00,0.00,0.00,3.00,7.00,1430.00,0.00,2007.00,0.00,98103.00,47.69,-122.34,1360.00,1269.00
8091670070.00,20140804T000000,328000.00,4.00,2.50,1850.00,5388.00,2.00,0.00,0.00,3.00,8.00,1850.00,0.00,2009.00,0.00,98038.00,47.35,-122.04,2140.00,5086.00
7853380570.00,20150511T000000,701000.00,4.00,2.50,3340.00,5314.00,2.00,0.00,0.00,3.00,10.00,3340.00,0.00,2010.00,0.00,98065.00,47.52,-121.89,3220.00,5500.00
8091670200.00,20141022T000000,408000.00,3.00,2.75,2670.00,4800.00,2.00,0.00,0.00,3.00,8.00,2670.00,0.00,2014.00,0.00,98038.00,47.35,-122.04,2340.00,5000.00
8084900160.00,20150212T000000,2641100.00,5.00,4.25,4660.00,16200.00,2.00,0.00,2.00,3.00,11.00,4660.00,0.00,2005.00,0.00,98004.00,47.63,-122.22,3340.00,16200.00
1498300875.00,20140814T000000,445000.00,3.00,2.50,1550.00,930.00,2.00,0.00,0.00,3.00,8.00,1060.00,490.00,2006.00,0.00,98144.00,47.59,-122.31,1550.00,1301.00
7853270200.00,20141021T000000,672500.00,4.00,2.50,3470.00,6651.00,2.00,0.00,0.00,3.00,9.00,3470.00,0.00,2005.00,0.00,98065.00,47.54,-121.88,2730.00,6179.00
9211010320.00,20140709T000000,538000.00,3.00,2.50,3010.00,7014.00,2.00,0.00,0.00,3.00,8.00,3010.00,0.00,2009.00,0.00,98059.00,47.49,-122.15,3030.00,6180.00
2867300160.00,20140904T000000,450000.00,5.00,3.50,3931.00,9497.00,2.00,0.00,0.00,3.00,10.00,2650.00,1281.00,2014.00,0.00,98023.00,47.30,-122.39,3510.00,9497.00
3278605570.00,20140619T000000,362500.00,3.00,2.50,1800.00,2700.00,2.00,0.00,0.00,3.00,8.00,1800.00,0.00,2011.00,0.00,98126.00,47.55,-122.37,1380.00,1200.00
4310702858.00,20141015T000000,414950.00,3.00,2.50,1570.00,1551.00,3.00,0.00,0.00,3.00,8.00,1570.00,0.00,2008.00,0.00,98103.00,47.70,-122.34,1570.00,1705.00
2838000030.00,20150127T000000,679950.00,3.00,2.50,2230.00,3939.00,2.00,0.00,0.00,3.00,8.00,2230.00,0.00,2014.00,0.00,98133.00,47.73,-122.34,2230.00,4200.00
1673000240.00,20141112T000000,290000.00,4.00,2.50,2423.00,7292.00,2.00,0.00,0.00,3.00,8.00,2423.00,0.00,2005.00,0.00,98023.00,47.32,-122.37,2495.00,7489.00
7899800791.00,20141023T000000,230000.00,3.00,2.00,1160.00,1174.00,2.00,0.00,0.00,3.00,7.00,790.00,370.00,2007.00,0.00,98106.00,47.52,-122.36,1160.00,994.00
8682320160.00,20150220T000000,439950.00,2.00,2.00,1440.00,4666.00,1.00,0.00,0.00,3.00,8.00,1440.00,0.00,2010.00,0.00,98053.00,47.71,-122.02,1510.00,4595.00
8155870200.00,20140522T000000,349900.00,4.00,2.50,2052.00,3723.00,2.00,0.00,0.00,3.00,8.00,2052.00,0.00,2014.00,0.00,98003.00,47.28,-122.30,2052.00,5250.00
2858600083.00,20141222T000000,550000.00,5.00,2.50,2780.00,9272.00,2.00,0.00,0.00,3.00,8.00,2780.00,0.00,2014.00,0.00,98126.00,47.52,-122.38,1150.00,8460.00
2391601195.00,20150430T000000,1050000.00,4.00,4.25,3720.00,5750.00,2.00,0.00,2.00,3.00,9.00,2960.00,760.00,2006.00,0.00,98116.00,47.56,-122.40,2550.00,5750.00
976000903.00,20150319T000000,655000.00,2.00,2.25,1460.00,1851.00,2.00,0.00,0.00,3.00,9.00,1180.00,280.00,2014.00,0.00,98119.00,47.65,-122.36,1800.00,4269.00
7904700128.00,20141110T000000,385000.00,3.00,3.50,1370.00,1540.00,2.00,0.00,0.00,3.00,8.00,1100.00,270.00,2006.00,0.00,98116.00,47.56,-122.39,1370.00,915.00
5609000311.00,20150410T000000,729999.00,6.00,4.50,3600.00,6110.00,2.00,0.00,0.00,3.00,9.00,2510.00,1090.00,2012.00,0.00,98118.00,47.57,-122.29,1360.00,5800.00
1972201963.00,20140616T000000,523950.00,3.00,2.25,1420.00,1282.00,3.00,0.00,0.00,3.00,8.00,1420.00,0.00,2006.00,0.00,98103.00,47.65,-122.35,1530.00,1280.00
9272201704.00,20140512T000000,369000.00,2.00,2.50,980.00,895.00,2.00,0.00,0.00,3.00,8.00,670.00,310.00,2009.00,0.00,98116.00,47.59,-122.39,980.00,899.00
8648900060.00,20140505T000000,509900.00,3.00,2.50,1790.00,2700.00,2.00,0.00,0.00,3.00,8.00,1790.00,0.00,2010.00,0.00,98027.00,47.56,-122.09,1890.00,3078.00
3832050890.00,20140715T000000,282000.00,3.00,2.50,2010.00,5399.00,2.00,0.00,0.00,3.00,7.00,2010.00,0.00,2006.00,0.00,98042.00,47.33,-122.05,2280.00,5141.00
255450340.00,20140827T000000,387865.00,3.00,2.50,2370.00,4200.00,2.00,0.00,0.00,3.00,8.00,2370.00,0.00,2014.00,0.00,98038.00,47.37,-122.02,2370.00,4200.00
2172000890.00,20141120T000000,385000.00,4.00,2.50,2560.00,6238.00,2.00,0.00,0.00,3.00,8.00,2560.00,0.00,2007.00,0.00,98178.00,47.49,-122.26,2560.00,6240.00
6127010320.00,20140609T000000,536000.00,3.00,2.50,1900.00,6224.00,2.00,0.00,0.00,3.00,7.00,1900.00,0.00,2005.00,0.00,98075.00,47.59,-122.00,2260.00,5450.00
2810100023.00,20140625T000000,395000.00,2.00,2.25,1350.00,1493.00,2.00,0.00,0.00,3.00,8.00,1050.00,300.00,2007.00,0.00,98136.00,47.54,-122.39,1250.00,1202.00
8011100125.00,20141117T000000,545000.00,4.00,2.75,2650.00,6717.00,2.00,0.00,0.00,3.00,10.00,2650.00,0.00,2014.00,0.00,98056.00,47.49,-122.17,2740.00,7923.00
7852090390.00,20150413T000000,715000.00,4.00,2.50,3020.00,7035.00,2.00,0.00,4.00,3.00,9.00,3020.00,0.00,2001.00,0.00,98065.00,47.53,-121.87,3020.00,6771.00
3630080070.00,20140710T000000,348000.00,3.00,2.50,1500.00,2255.00,2.00,0.00,0.00,3.00,7.00,1500.00,0.00,2005.00,0.00,98029.00,47.55,-122.00,1440.00,2040.00
9126100765.00,20140801T000000,455000.00,3.00,1.75,1320.00,1014.00,3.00,0.00,0.00,3.00,9.00,1320.00,0.00,2015.00,0.00,98122.00,47.60,-122.31,1380.00,1495.00
7853380510.00,20140603T000000,575000.00,4.00,2.75,3120.00,7644.00,2.00,0.00,0.00,3.00,10.00,3120.00,0.00,2010.00,0.00,98065.00,47.52,-121.88,2980.00,6050.00
993000136.00,20141007T000000,449950.00,3.00,2.25,1540.00,1270.00,3.00,0.00,0.00,3.00,7.00,1540.00,0.00,2014.00,0.00,98103.00,47.69,-122.34,1230.00,1454.00
3278604510.00,20140625T000000,364000.00,3.00,2.50,1800.00,2790.00,2.00,0.00,0.00,3.00,8.00,1800.00,0.00,2011.00,0.00,98126.00,47.55,-122.37,1580.00,2036.00
2937300060.00,20141201T000000,932990.00,4.00,2.50,3640.00,6389.00,2.00,0.00,0.00,3.00,9.00,3640.00,0.00,2014.00,0.00,98052.00,47.70,-122.12,3570.00,6303.00
9510860060.00,20140627T000000,710000.00,3.00,2.50,2440.00,4153.00,2.00,0.00,0.00,3.00,9.00,2440.00,0.00,2003.00,0.00,98052.00,47.67,-122.09,2030.00,4143.00
293070310.00,20150213T000000,949990.00,4.00,4.00,3970.00,7314.00,2.00,0.00,0.00,3.00,9.00,3970.00,0.00,2014.00,0.00,98074.00,47.62,-122.06,3560.00,5258.00
255450400.00,20140731T000000,326989.00,3.00,2.50,2060.00,4200.00,2.00,0.00,0.00,3.00,8.00,2060.00,0.00,2014.00,0.00,98038.00,47.37,-122.02,2370.00,4200.00
3845100140.00,20140708T000000,335606.00,3.00,2.50,2538.00,4600.00,2.00,0.00,0.00,3.00,8.00,2538.00,0.00,2013.00,0.00,98092.00,47.26,-122.20,2570.00,4800.00
3758900075.00,20140507T000000,1532500.00,5.00,4.50,4270.00,8076.00,2.00,0.00,0.00,3.00,11.00,3400.00,870.00,2007.00,0.00,98033.00,47.70,-122.21,4100.00,10631.00
3395071610.00,20141126T000000,299950.00,3.00,2.50,1320.00,3150.00,2.00,0.00,0.00,3.00,7.00,1320.00,0.00,2005.00,0.00,98118.00,47.53,-122.28,1390.00,1725.00
9477580030.00,20141014T000000,962000.00,4.00,2.75,3340.00,5700.00,2.00,0.00,0.00,3.00,11.00,3340.00,0.00,2013.00,0.00,98059.00,47.51,-122.15,3340.00,6940.00
8138870060.00,20140813T000000,395825.00,2.00,2.50,1590.00,1679.00,2.00,0.00,0.00,3.00,8.00,1590.00,0.00,2012.00,0.00,98029.00,47.54,-122.01,1590.00,1680.00
7237450030.00,20141014T000000,419354.00,5.00,2.75,2710.00,4500.00,2.00,0.00,0.00,3.00,8.00,2710.00,0.00,2014.00,0.00,98038.00,47.35,-122.06,2710.00,4626.00
3767300041.00,20140826T000000,920000.00,4.00,2.75,3140.00,7258.00,2.00,0.00,1.00,3.00,10.00,3140.00,0.00,2006.00,0.00,98034.00,47.71,-122.23,2990.00,13600.00
291310370.00,20140829T000000,366000.00,3.00,2.25,1445.00,1028.00,2.00,0.00,0.00,3.00,7.00,1300.00,145.00,2005.00,0.00,98027.00,47.53,-122.07,1445.00,1377.00
7853361230.00,20140516T000000,480000.00,4.00,2.50,2430.00,5000.00,2.00,0.00,0.00,3.00,7.00,2430.00,0.00,2009.00,0.00,98065.00,47.52,-121.87,2430.00,5441.00
7904700126.00,20141120T000000,388000.00,3.00,3.25,1370.00,915.00,2.00,0.00,0.00,3.00,8.00,1100.00,270.00,2006.00,0.00,98116.00,47.56,-122.39,1370.00,1146.00
8085400376.00,20150421T000000,2320000.00,4.00,3.50,5050.00,9520.00,2.00,0.00,0.00,3.00,11.00,3610.00,1440.00,2007.00,0.00,98004.00,47.64,-122.21,2430.00,9248.00
9828702851.00,20150121T000000,730000.00,3.00,2.50,1860.00,1290.00,2.00,0.00,0.00,3.00,9.00,1240.00,620.00,2010.00,0.00,98122.00,47.62,-122.30,1710.00,1525.00
8562710550.00,20140521T000000,950000.00,5.00,3.75,5330.00,6000.00,2.00,0.00,2.00,3.00,10.00,3570.00,1760.00,2006.00,0.00,98027.00,47.54,-122.07,4420.00,5797.00
3278613210.00,20140728T000000,358990.00,3.00,3.25,1710.00,2171.00,2.00,0.00,0.00,3.00,7.00,1400.00,310.00,2014.00,0.00,98106.00,47.54,-122.37,1380.00,1300.00
7694200340.00,20141016T000000,398651.00,4.00,2.50,2650.00,4120.00,2.00,0.00,0.00,3.00,8.00,2650.00,0.00,2014.00,0.00,98146.00,47.50,-122.34,2030.00,3768.00
1839500055.00,20141114T000000,530000.00,4.00,2.50,2590.00,7891.00,2.00,0.00,0.00,3.00,9.00,2590.00,0.00,2006.00,0.00,98056.00,47.51,-122.19,1400.00,7891.00
3448900320.00,20140723T000000,610360.00,4.00,2.50,2610.00,5562.00,2.00,0.00,0.00,3.00,9.00,2610.00,0.00,2013.00,0.00,98056.00,47.51,-122.17,2720.00,7400.00
9267200226.00,20140502T000000,436110.00,3.00,2.50,1770.00,1235.00,3.00,0.00,0.00,3.00,8.00,1600.00,170.00,2007.00,0.00,98103.00,47.70,-122.34,1680.00,1203.00
2895730070.00,20140620T000000,925000.00,4.00,2.75,3730.00,8014.00,2.00,0.00,0.00,3.00,10.00,3730.00,0.00,2012.00,0.00,98074.00,47.60,-122.06,3670.00,8279.00
2970800105.00,20150313T000000,449950.00,4.00,2.50,2420.00,5244.00,2.00,0.00,0.00,3.00,9.00,2420.00,0.00,2007.00,0.00,98166.00,47.47,-122.35,1400.00,5250.00
325059277.00,20140527T000000,760000.00,4.00,2.50,3330.00,7399.00,2.00,0.00,0.00,3.00,9.00,3330.00,0.00,2009.00,0.00,98052.00,47.68,-122.15,2640.00,8601.00
6817750140.00,20140708T000000,293000.00,3.00,2.25,1910.00,3481.00,2.00,0.00,0.00,3.00,8.00,1910.00,0.00,2009.00,0.00,98055.00,47.43,-122.19,1714.00,3177.00
8682320640.00,20150212T000000,695000.00,2.00,2.50,2170.00,7665.00,1.00,0.00,2.00,3.00,8.00,2170.00,0.00,2013.00,0.00,98053.00,47.71,-122.02,2300.00,7100.00
8669180390.00,20140604T000000,285000.00,3.00,2.50,2437.00,5136.00,2.00,0.00,0.00,3.00,7.00,2437.00,0.00,2011.00,0.00,98002.00,47.35,-122.21,2437.00,4614.00
4233600260.00,20141230T000000,1255780.00,5.00,4.00,4180.00,12042.00,2.00,0.00,0.00,3.00,10.00,4180.00,0.00,2014.00,0.00,98075.00,47.60,-122.01,1800.00,6052.00
3278611600.00,20140714T000000,379900.00,3.00,2.50,1800.00,2791.00,2.00,0.00,0.00,3.00,8.00,1800.00,0.00,2011.00,0.00,98126.00,47.54,-122.37,1580.00,2617.00
7787920160.00,20150427T000000,472000.00,5.00,2.50,2570.00,7412.00,2.00,0.00,0.00,3.00,8.00,2570.00,0.00,2006.00,0.00,98019.00,47.73,-121.96,2890.00,8056.00
2517101200.00,20140707T000000,300000.00,4.00,2.50,2090.00,5195.00,2.00,0.00,0.00,3.00,7.00,2090.00,0.00,2007.00,0.00,98031.00,47.40,-122.17,2090.00,5236.00
6181420200.00,20141120T000000,272000.00,4.00,2.50,2789.00,3960.00,2.00,0.00,0.00,3.00,7.00,2789.00,0.00,2007.00,0.00,98001.00,47.31,-122.28,2547.00,3960.00
3845100550.00,20141120T000000,418395.00,4.00,2.50,2906.00,5893.00,2.00,0.00,0.00,3.00,9.00,2906.00,0.00,2014.00,0.00,98092.00,47.26,-122.19,2680.00,4950.00
7853321180.00,20141222T000000,465000.00,5.00,2.50,2550.00,6405.00,2.00,0.00,0.00,3.00,7.00,2550.00,0.00,2008.00,0.00,98065.00,47.52,-121.87,2190.00,5900.00
7502800030.00,20140716T000000,659950.00,4.00,2.75,3550.00,9400.00,2.00,0.00,0.00,3.00,9.00,3550.00,0.00,2014.00,0.00,98059.00,47.48,-122.13,3550.00,9421.00
3869900139.00,20150107T000000,484950.00,3.00,2.25,1590.00,926.00,3.00,0.00,0.00,3.00,8.00,1590.00,0.00,2014.00,0.00,98136.00,47.54,-122.39,1640.00,1321.00
1332700200.00,20150426T000000,359000.00,3.00,2.25,1950.00,1968.00,2.00,0.00,0.00,4.00,7.00,1160.00,790.00,1979.00,0.00,98056.00,47.52,-122.20,1950.00,1968.00
9211010260.00,20140617T000000,519000.00,4.00,2.50,3250.00,4500.00,2.00,0.00,0.00,3.00,8.00,3250.00,0.00,2009.00,0.00,98059.00,47.49,-122.15,3030.00,4518.00
4100500070.00,20140527T000000,1710000.00,5.00,4.50,4590.00,14685.00,2.00,0.00,0.00,3.00,10.00,4590.00,0.00,2009.00,0.00,98033.00,47.66,-122.20,3030.00,9486.00
7708210070.00,20140617T000000,535000.00,4.00,2.75,3070.00,7201.00,2.00,0.00,0.00,3.00,9.00,3070.00,0.00,2006.00,0.00,98059.00,47.49,-122.15,2880.00,8364.00
7853270520.00,20150409T000000,622950.00,4.00,3.25,3030.00,7644.00,2.00,0.00,0.00,3.00,8.00,2830.00,200.00,2006.00,0.00,98065.00,47.55,-121.88,3400.00,6908.00
5126300060.00,20140811T000000,515000.00,3.00,2.50,2610.00,5845.00,2.00,0.00,0.00,3.00,8.00,2610.00,0.00,2005.00,0.00,98059.00,47.48,-122.14,2810.00,5000.00
2517000260.00,20140522T000000,330000.00,4.00,3.50,3150.00,6202.00,2.00,0.00,0.00,3.00,7.00,3150.00,0.00,2005.00,0.00,98042.00,47.40,-122.16,2950.00,5940.00
832700270.00,20150213T000000,318000.00,3.00,1.50,1240.00,983.00,3.00,0.00,0.00,3.00,8.00,1240.00,0.00,2009.00,0.00,98133.00,47.72,-122.35,1240.00,1026.00
3022800260.00,20141007T000000,439000.00,3.00,2.50,1680.00,2801.00,2.00,0.00,0.00,3.00,7.00,1680.00,0.00,2011.00,0.00,98011.00,47.75,-122.18,1920.00,2723.00
254000241.00,20150324T000000,540000.00,3.00,2.50,2220.00,5279.00,2.00,0.00,0.00,3.00,8.00,2220.00,0.00,2006.00,0.00,98146.00,47.51,-122.39,1610.00,5297.00
7237501370.00,20140717T000000,1079000.00,4.00,3.25,4800.00,12727.00,2.00,0.00,0.00,3.00,10.00,4800.00,0.00,2011.00,0.00,98059.00,47.53,-122.13,4750.00,13602.00
662440030.00,20150326T000000,435000.00,4.00,2.50,3100.00,4699.00,2.00,0.00,0.00,3.00,9.00,3100.00,0.00,2010.00,0.00,98038.00,47.38,-122.02,2450.00,5130.00
2524069078.00,20150122T000000,2700000.00,4.00,4.00,7850.00,89651.00,2.00,0.00,0.00,3.00,12.00,7850.00,0.00,2006.00,0.00,98027.00,47.54,-121.98,6210.00,95832.00
8895800200.00,20141017T000000,1100000.00,4.00,2.75,3590.00,5625.00,2.00,0.00,0.00,3.00,10.00,3590.00,0.00,2012.00,0.00,98052.00,47.70,-122.13,3590.00,5625.00
9268850160.00,20150206T000000,293467.00,4.00,2.00,1590.00,942.00,3.00,0.00,0.00,3.00,7.00,1590.00,0.00,2008.00,0.00,98027.00,47.54,-122.03,1390.00,942.00
7299600700.00,20150512T000000,328000.00,3.00,2.50,2242.00,4800.00,2.00,0.00,0.00,3.00,8.00,2242.00,0.00,2013.00,0.00,98092.00,47.26,-122.20,2009.00,4800.00
291310340.00,20140708T000000,550000.00,3.00,3.50,2490.00,3582.00,2.00,0.00,0.00,3.00,8.00,1720.00,770.00,2005.00,0.00,98027.00,47.53,-122.07,1445.00,1590.00
2768100510.00,20150402T000000,649000.00,3.00,2.00,1530.00,1442.00,3.00,0.00,0.00,3.00,9.00,1530.00,0.00,2015.00,0.00,98107.00,47.67,-122.37,1620.00,1456.00
1776230060.00,20140708T000000,435000.00,4.00,2.50,2150.00,3143.00,2.00,0.00,0.00,3.00,7.00,2150.00,0.00,2010.00,0.00,98059.00,47.50,-122.15,2640.00,3200.00
1772600510.00,20140620T000000,625000.00,3.00,2.50,2440.00,4800.00,2.00,0.00,0.00,3.00,10.00,2440.00,0.00,2014.00,0.00,98106.00,47.56,-122.37,1180.00,5480.00
8024200677.00,20150429T000000,415000.00,3.00,1.50,1270.00,1483.00,3.00,0.00,0.00,3.00,8.00,1270.00,0.00,2007.00,0.00,98115.00,47.70,-122.32,1270.00,1413.00
982850060.00,20140603T000000,400000.00,3.00,2.25,1450.00,4706.00,2.00,0.00,0.00,3.00,7.00,1450.00,0.00,2009.00,0.00,98028.00,47.76,-122.23,1490.00,4667.00
7518506715.00,20140506T000000,979000.00,3.00,2.50,2690.00,4047.00,3.00,0.00,0.00,3.00,10.00,2690.00,0.00,2014.00,0.00,98117.00,47.68,-122.39,2040.00,5000.00
7202280390.00,20150220T000000,625250.00,4.00,2.50,2755.00,4831.00,2.00,0.00,0.00,3.00,7.00,2755.00,0.00,2003.00,0.00,98053.00,47.69,-122.04,2510.00,4831.00
710600160.00,20140909T000000,665000.00,4.00,3.50,2650.00,3474.00,2.00,0.00,0.00,3.00,8.00,2230.00,420.00,2011.00,0.00,98027.00,47.54,-122.05,2330.00,3474.00
952005525.00,20140627T000000,589500.00,3.00,3.25,2310.00,3075.00,2.00,0.00,0.00,3.00,8.00,1730.00,580.00,2005.00,0.00,98116.00,47.56,-122.38,2310.00,3075.00
2487700274.00,20150309T000000,437000.00,2.00,3.00,1460.00,1452.00,2.00,0.00,0.00,3.00,8.00,1140.00,320.00,2007.00,0.00,98136.00,47.52,-122.39,1460.00,1452.00
3449000060.00,20141001T000000,320000.00,3.00,1.00,1400.00,9000.00,1.00,0.00,0.00,5.00,7.00,1400.00,0.00,1959.00,0.00,98059.00,47.50,-122.15,1440.00,8400.00
7830800473.00,20150114T000000,333500.00,3.00,2.50,2196.00,7475.00,2.00,0.00,0.00,3.00,8.00,2196.00,0.00,2006.00,0.00,98030.00,47.38,-122.20,1860.00,6755.00
6056100370.00,20141124T000000,430000.00,3.00,2.25,2020.00,2750.00,2.00,0.00,0.00,3.00,8.00,1680.00,340.00,2008.00,0.00,98108.00,47.56,-122.30,1720.00,1546.00
2126059295.00,20140805T000000,995500.00,5.00,4.50,4280.00,8465.00,2.00,0.00,0.00,3.00,10.00,4280.00,0.00,2014.00,0.00,98034.00,47.73,-122.17,2990.00,11067.00
1442880340.00,20140603T000000,427874.00,3.00,3.00,2340.00,5002.00,2.00,0.00,0.00,3.00,8.00,2340.00,0.00,2013.00,0.00,98045.00,47.48,-121.77,2790.00,5375.00
7694200070.00,20140521T000000,334990.00,4.00,2.50,2220.00,4228.00,2.00,0.00,0.00,3.00,8.00,2220.00,0.00,2014.00,0.00,98146.00,47.50,-122.34,2220.00,4157.00
8562710640.00,20150211T000000,909500.00,4.00,4.00,4420.00,5940.00,2.00,0.00,0.00,3.00,10.00,3410.00,1010.00,2006.00,0.00,98027.00,47.54,-122.07,4510.00,5797.00
3832050860.00,20150319T000000,210000.00,3.00,2.00,1580.00,4961.00,2.00,0.00,0.00,3.00,7.00,1580.00,0.00,2006.00,0.00,98042.00,47.33,-122.05,2280.00,5000.00
2526059225.00,20150123T000000,952990.00,4.00,2.75,3550.00,6558.00,2.00,0.00,0.00,3.00,9.00,3550.00,0.00,2013.00,0.00,98052.00,47.71,-122.12,3140.00,5617.00
1972200139.00,20150218T000000,622500.00,2.00,1.75,1510.00,851.00,3.00,0.00,0.00,3.00,8.00,1420.00,90.00,2013.00,0.00,98107.00,47.65,-122.36,1300.00,1338.00
2768100186.00,20140618T000000,515000.00,3.00,3.50,1360.00,1419.00,2.00,0.00,0.00,3.00,8.00,1040.00,320.00,2007.00,0.00,98107.00,47.67,-122.37,1560.00,1977.00
6791400070.00,20150126T000000,350000.00,3.00,2.50,2040.00,13590.00,2.00,0.00,0.00,3.00,8.00,2040.00,0.00,2009.00,0.00,98042.00,47.31,-122.04,1850.00,12485.00
424049284.00,20141016T000000,310000.00,1.00,1.50,1120.00,912.00,3.00,0.00,0.00,3.00,7.00,1120.00,0.00,2011.00,0.00,98144.00,47.59,-122.30,1380.00,3200.00
7853280550.00,20140528T000000,700000.00,4.00,3.50,4490.00,5099.00,2.00,0.00,0.00,3.00,9.00,3390.00,1100.00,2006.00,0.00,98065.00,47.54,-121.86,4290.00,5537.00
7768800270.00,20140715T000000,907687.00,4.00,2.50,3560.00,6786.00,2.00,0.00,0.00,3.00,9.00,2930.00,630.00,2014.00,0.00,98075.00,47.58,-122.07,3560.00,5886.00
8682320350.00,20140709T000000,741500.00,2.00,2.50,2150.00,5760.00,1.00,0.00,0.00,3.00,8.00,2150.00,0.00,2010.00,0.00,98053.00,47.71,-122.02,1640.00,4680.00
1776460140.00,20140724T000000,395000.00,3.00,2.50,2130.00,5088.00,2.00,0.00,0.00,3.00,8.00,1840.00,290.00,2011.00,0.00,98019.00,47.73,-121.98,2130.00,5762.00
5045700400.00,20150223T000000,559950.00,5.00,2.75,2990.00,6370.00,2.00,0.00,0.00,3.00,8.00,2990.00,0.00,2014.00,0.00,98059.00,47.49,-122.15,2730.00,5740.00
3356402702.00,20140725T000000,215000.00,4.00,2.50,1847.00,8000.00,2.00,0.00,0.00,3.00,7.00,1847.00,0.00,2008.00,0.00,98001.00,47.29,-122.26,1847.00,8000.00
2140950160.00,20150222T000000,390000.00,4.00,2.50,2610.00,7227.00,2.00,0.00,0.00,3.00,9.00,2610.00,0.00,2011.00,0.00,98010.00,47.31,-122.02,2630.00,7421.00
2621069017.00,20150303T000000,425000.00,3.00,2.25,1670.00,107157.00,1.00,0.00,0.00,3.00,7.00,1670.00,0.00,2007.00,0.00,98022.00,47.27,-122.01,3310.00,108900.00
1422069070.00,20150507T000000,472000.00,3.00,2.50,1860.00,415126.00,2.00,0.00,0.00,3.00,7.00,1860.00,0.00,2006.00,0.00,98038.00,47.40,-122.01,2070.00,54014.00
2579500181.00,20150407T000000,1330000.00,4.00,3.50,3440.00,9776.00,2.00,0.00,0.00,3.00,10.00,3440.00,0.00,2006.00,0.00,98040.00,47.54,-122.22,2400.00,11000.00
7852120140.00,20140610T000000,695000.00,4.00,3.50,3510.00,9364.00,2.00,0.00,0.00,3.00,10.00,3510.00,0.00,2001.00,0.00,98065.00,47.54,-121.88,3510.00,9161.00
9274200324.00,20150120T000000,545000.00,3.00,2.50,1740.00,1279.00,3.00,0.00,0.00,3.00,8.00,1740.00,0.00,2008.00,0.00,98116.00,47.59,-122.39,1740.00,1280.00
422000075.00,20140711T000000,389950.00,4.00,2.50,2240.00,5500.00,2.00,0.00,0.00,3.00,8.00,2240.00,0.00,2013.00,0.00,98056.00,47.50,-122.17,700.00,5500.00
263000253.00,20150330T000000,380000.00,3.00,2.25,1550.00,1485.00,3.00,0.00,0.00,3.00,8.00,1550.00,0.00,2011.00,0.00,98103.00,47.70,-122.35,1550.00,1480.00
9268850140.00,20141117T000000,288790.00,4.00,2.00,1390.00,745.00,3.00,0.00,0.00,3.00,7.00,1390.00,0.00,2008.00,0.00,98027.00,47.54,-122.03,1390.00,942.00
9306500200.00,20150401T000000,432500.00,3.00,3.00,2500.00,6000.00,2.00,0.00,0.00,3.00,8.00,2500.00,0.00,2012.00,0.00,98058.00,47.44,-122.16,2130.00,6000.00
8562770350.00,20141206T000000,615000.00,3.00,3.50,2710.00,3326.00,2.00,0.00,0.00,3.00,8.00,1650.00,1060.00,2005.00,0.00,98027.00,47.54,-122.07,2280.00,2738.00
2026049326.00,20140707T000000,500000.00,3.00,2.50,1720.00,3012.00,2.00,0.00,0.00,3.00,9.00,1720.00,0.00,2011.00,0.00,98133.00,47.73,-122.33,1720.00,7658.00
9126101090.00,20140531T000000,615000.00,3.00,2.25,1760.00,1146.00,3.00,0.00,0.00,3.00,9.00,1760.00,0.00,2014.00,0.00,98122.00,47.61,-122.30,1346.00,3472.00
2888000030.00,20140926T000000,500000.00,4.00,2.25,2270.00,8196.00,1.00,0.00,0.00,5.00,7.00,1150.00,1120.00,1963.00,0.00,98034.00,47.72,-122.23,1920.00,10122.00
8032700075.00,20141015T000000,622000.00,3.00,3.50,1690.00,1765.00,2.00,0.00,0.00,3.00,8.00,1370.00,320.00,2006.00,0.00,98103.00,47.65,-122.34,1690.00,1694.00
7853440140.00,20150409T000000,802945.00,5.00,3.50,4000.00,9234.00,2.00,0.00,0.00,3.00,9.00,4000.00,0.00,2015.00,0.00,98024.00,47.53,-121.89,3690.00,6600.00
1245003330.00,20140731T000000,1260000.00,4.00,2.50,2880.00,9003.00,2.00,0.00,0.00,3.00,10.00,2880.00,0.00,2008.00,0.00,98033.00,47.68,-122.20,2640.00,8126.00
1176001124.00,20150224T000000,598950.00,3.00,2.50,1480.00,1531.00,3.00,0.00,0.00,3.00,8.00,1480.00,0.00,2014.00,0.00,98107.00,47.67,-122.40,1530.00,1321.00
7853360990.00,20150102T000000,430000.00,3.00,2.50,1950.00,4949.00,2.00,0.00,0.00,3.00,7.00,1950.00,0.00,2009.00,0.00,98065.00,47.52,-121.87,2200.00,5740.00
7853320030.00,20141124T000000,515000.00,4.00,2.75,2700.00,5150.00,2.00,0.00,0.00,3.00,9.00,2700.00,0.00,2009.00,0.00,98065.00,47.52,-121.87,2700.00,5747.00
7576200012.00,20140717T000000,1262000.00,2.00,3.00,2210.00,3917.00,2.00,0.00,0.00,3.00,10.00,1500.00,710.00,2008.00,0.00,98122.00,47.62,-122.29,1720.00,3933.00
7207900030.00,20140609T000000,400000.00,4.00,3.50,2370.00,3692.00,2.50,0.00,0.00,3.00,8.00,2370.00,0.00,2013.00,0.00,98056.00,47.50,-122.17,2520.00,5425.00
952006827.00,20150422T000000,390000.00,3.00,2.50,1310.00,1254.00,2.00,0.00,0.00,3.00,7.00,850.00,460.00,2007.00,0.00,98116.00,47.56,-122.38,1310.00,1372.00
7853321090.00,20141001T000000,450000.00,3.00,2.50,2410.00,4293.00,2.00,0.00,0.00,3.00,7.00,2410.00,0.00,2007.00,0.00,98065.00,47.52,-121.87,2190.00,5900.00
1042700060.00,20140516T000000,804995.00,5.00,1.50,3360.00,5402.00,2.00,0.00,0.00,3.00,9.00,3360.00,0.00,2014.00,0.00,98074.00,47.61,-122.05,3360.00,5415.00
2597490140.00,20150326T000000,825000.00,4.00,3.25,3040.00,4155.00,2.00,0.00,0.00,3.00,8.00,2350.00,690.00,2013.00,0.00,98029.00,47.54,-122.01,2680.00,4000.00
7852130800.00,20140513T000000,435000.00,4.00,2.25,2140.00,6355.00,2.00,0.00,0.00,3.00,7.00,2140.00,0.00,2002.00,0.00,98065.00,47.54,-121.88,2480.00,5746.00
7625702967.00,20140609T000000,398000.00,3.00,2.50,1720.00,1715.00,2.00,0.00,0.00,3.00,7.00,1240.00,480.00,2004.00,0.00,98136.00,47.55,-122.38,1610.00,1626.00
3845100640.00,20140605T000000,411605.00,4.00,2.50,2658.00,3960.00,2.00,0.00,0.00,3.00,9.00,2658.00,0.00,2014.00,0.00,98092.00,47.26,-122.19,2578.00,4200.00
1773100922.00,20141208T000000,315000.00,3.00,3.25,1480.00,983.00,2.00,0.00,0.00,3.00,8.00,1180.00,300.00,2013.00,0.00,98106.00,47.56,-122.36,1330.00,1062.00
2770602493.00,20141120T000000,455000.00,2.00,2.00,1350.00,1209.00,3.00,0.00,0.00,3.00,8.00,1350.00,0.00,2013.00,0.00,98199.00,47.65,-122.38,1310.00,982.00
475000187.00,20150501T000000,452950.00,3.00,2.50,1150.00,1194.00,2.00,0.00,0.00,3.00,8.00,1020.00,130.00,2006.00,0.00,98107.00,47.67,-122.37,1450.00,1714.00
6056100383.00,20140520T000000,380000.00,3.00,1.75,1690.00,1468.00,2.00,0.00,0.00,3.00,8.00,1380.00,310.00,2008.00,0.00,98108.00,47.56,-122.30,1690.00,1936.00
6056111370.00,20141124T000000,340000.00,2.00,1.75,1270.00,1916.00,2.00,0.00,0.00,3.00,8.00,1270.00,0.00,2012.00,0.00,98108.00,47.56,-122.29,1140.00,1916.00
9578500510.00,20141103T000000,409950.00,3.00,2.50,2655.00,5080.00,2.00,0.00,0.00,3.00,8.00,2655.00,0.00,2013.00,0.00,98023.00,47.30,-122.35,2879.00,5232.00
9828701488.00,20150504T000000,360000.00,2.00,1.00,880.00,1165.00,2.00,0.00,0.00,3.00,8.00,880.00,0.00,2005.00,0.00,98122.00,47.62,-122.30,1640.00,3825.00
6600000217.00,20150403T000000,1595000.00,4.00,4.25,4645.00,7757.00,2.00,0.00,0.00,3.00,10.00,3855.00,790.00,2006.00,0.00,98112.00,47.62,-122.29,2150.00,6970.00
8024200685.00,20140520T000000,440000.00,3.00,1.50,1270.00,1443.00,3.00,0.00,0.00,3.00,8.00,1270.00,0.00,2007.00,0.00,98115.00,47.70,-122.32,1270.00,1413.00
2923039264.00,20140910T000000,730000.00,2.00,1.75,1728.00,95950.00,1.00,0.00,3.00,3.00,9.00,1728.00,0.00,2012.00,0.00,98070.00,47.46,-122.44,1720.00,35735.00
8073900070.00,20140522T000000,408000.00,3.00,2.25,1950.00,7221.00,1.00,0.00,0.00,4.00,8.00,1950.00,0.00,2006.00,0.00,98188.00,47.43,-122.29,2310.00,8125.00
2419700030.00,20140825T000000,820000.00,4.00,2.50,3170.00,3862.00,3.00,0.00,0.00,3.00,8.00,3170.00,0.00,2008.00,0.00,98034.00,47.67,-122.15,2840.00,4181.00
9396700024.00,20140731T000000,360000.00,2.00,2.50,1233.00,1244.00,2.00,0.00,0.00,3.00,7.00,963.00,270.00,2007.00,0.00,98136.00,47.55,-122.38,1230.00,1300.00
3845100160.00,20140620T000000,339990.00,3.00,2.50,2570.00,4600.00,2.00,0.00,0.00,3.00,8.00,2570.00,0.00,2014.00,0.00,98092.00,47.26,-122.20,2570.00,5000.00
9126100814.00,20141008T000000,515000.00,3.00,2.00,1560.00,1020.00,3.00,0.00,0.00,3.00,8.00,1560.00,0.00,2014.00,0.00,98122.00,47.61,-122.30,1560.00,1728.00
1982201595.00,20150121T000000,541000.00,3.00,1.75,1630.00,1166.00,2.00,0.00,0.00,3.00,8.00,1020.00,610.00,2013.00,0.00,98107.00,47.66,-122.37,1420.00,1670.00
8151600973.00,20150406T000000,375000.00,4.00,2.50,2510.00,7245.00,2.00,0.00,0.00,3.00,9.00,2510.00,0.00,2007.00,0.00,98146.00,47.51,-122.36,1830.00,8900.00
2722059322.00,20141020T000000,320000.00,4.00,2.50,2223.00,5780.00,2.00,0.00,0.00,3.00,8.00,2223.00,0.00,2010.00,0.00,98042.00,47.36,-122.16,1690.00,7766.00
8562780090.00,20150227T000000,325000.00,2.00,2.25,1230.00,1058.00,2.00,0.00,0.00,3.00,7.00,1160.00,70.00,2008.00,0.00,98027.00,47.53,-122.07,1240.00,817.00
3346300356.00,20150318T000000,740000.00,5.00,2.75,3050.00,7520.00,2.00,0.00,0.00,3.00,8.00,3050.00,0.00,2014.00,0.00,98056.00,47.52,-122.18,2180.00,10800.00
7237450600.00,20141030T000000,450000.00,5.00,2.75,2710.00,6220.00,2.00,0.00,0.00,3.00,8.00,2710.00,0.00,2014.00,0.00,98038.00,47.36,-122.06,2530.00,4759.00
8944550100.00,20140723T000000,455000.00,4.00,2.50,2090.00,4400.00,2.00,0.00,0.00,3.00,8.00,2090.00,0.00,2011.00,0.00,98118.00,47.54,-122.29,2090.00,3430.00
3438502437.00,20150203T000000,292500.00,3.00,2.50,1440.00,1068.00,2.00,0.00,0.00,3.00,8.00,1160.00,280.00,2006.00,0.00,98106.00,47.54,-122.36,1580.00,1483.00
2423069039.00,20140806T000000,650000.00,3.00,2.50,2500.00,51836.00,1.00,0.00,0.00,3.00,9.00,1510.00,990.00,2013.00,0.00,98027.00,47.47,-121.99,2270.00,54450.00
8011100047.00,20150306T000000,530000.00,4.00,2.75,2740.00,7872.00,2.00,0.00,0.00,3.00,10.00,2740.00,0.00,2015.00,0.00,98056.00,47.50,-122.17,1220.00,6300.00
1042700300.00,20140804T000000,829995.00,5.00,3.25,3360.00,6120.00,2.00,0.00,0.00,3.00,9.00,3360.00,0.00,2014.00,0.00,98074.00,47.61,-122.05,3230.00,5398.00
1776460110.00,20141223T000000,395000.00,4.00,2.75,2280.00,5013.00,2.00,0.00,0.00,3.00,8.00,2280.00,0.00,2009.00,0.00,98019.00,47.73,-121.98,2130.00,5121.00
293070090.00,20140711T000000,859990.00,4.00,2.75,3520.00,5500.00,2.00,0.00,0.00,3.00,9.00,3520.00,0.00,2014.00,0.00,98074.00,47.62,-122.06,3340.00,5500.00
7548301044.00,20140710T000000,342500.00,2.00,1.50,1320.00,826.00,2.00,0.00,0.00,3.00,8.00,1100.00,220.00,2008.00,0.00,98144.00,47.59,-122.30,1340.00,1213.00
7203160090.00,20141205T000000,743000.00,4.00,2.75,3410.00,5838.00,2.00,0.00,0.00,3.00,9.00,3410.00,0.00,2012.00,0.00,98053.00,47.69,-122.02,3420.00,7048.00
8096800110.00,20141215T000000,345000.00,3.00,2.25,2730.00,9388.00,1.00,0.00,0.00,3.00,7.00,1390.00,1340.00,1975.00,0.00,98030.00,47.38,-122.19,2255.00,5701.00
3278600900.00,20141231T000000,443000.00,3.00,2.50,1780.00,2778.00,2.00,0.00,0.00,3.00,8.00,1530.00,250.00,2007.00,0.00,98126.00,47.55,-122.37,1380.00,1998.00
4051150100.00,20140929T000000,260000.00,3.00,2.50,1427.00,4337.00,2.00,0.00,0.00,3.00,7.00,1427.00,0.00,2009.00,0.00,98042.00,47.39,-122.16,1443.00,4347.00
925059311.00,20140722T000000,810000.00,4.00,2.50,2910.00,6555.00,2.00,0.00,0.00,3.00,9.00,2910.00,0.00,2005.00,0.00,98033.00,47.67,-122.17,2910.00,10419.00
4305600100.00,20141222T000000,570000.00,4.00,2.75,3250.00,5600.00,2.00,0.00,0.00,3.00,8.00,3250.00,0.00,2011.00,0.00,98059.00,47.48,-122.13,2730.00,5667.00
2311400195.00,20150303T000000,1563100.00,5.00,3.50,3630.00,8100.00,2.00,0.00,0.00,3.00,10.00,3630.00,0.00,2008.00,0.00,98004.00,47.60,-122.20,1730.00,8246.00
1732800194.00,20141113T000000,840000.00,2.00,2.50,1680.00,975.00,3.00,0.00,0.00,3.00,9.00,1680.00,0.00,2009.00,0.00,98119.00,47.63,-122.36,1680.00,977.00
5015001452.00,20150414T000000,950000.00,3.00,2.50,2280.00,2296.00,3.00,0.00,0.00,3.00,9.00,1890.00,390.00,2013.00,0.00,98112.00,47.63,-122.30,1390.00,4000.00
7853430690.00,20150127T000000,572800.00,3.00,2.50,3310.00,4682.00,2.00,0.00,0.00,3.00,9.00,2380.00,930.00,2015.00,0.00,98065.00,47.52,-121.89,2660.00,5166.00
3821700038.00,20141001T000000,305000.00,3.00,3.00,1290.00,1112.00,3.00,0.00,0.00,3.00,7.00,1290.00,0.00,2008.00,0.00,98125.00,47.73,-122.30,1230.00,9000.00
5078400215.00,20140730T000000,1695000.00,5.00,4.75,3940.00,7067.00,2.00,0.00,0.00,3.00,10.00,3230.00,710.00,2008.00,0.00,98004.00,47.62,-122.21,1910.00,7735.00
1773100315.00,20140827T000000,445000.00,4.00,2.50,2170.00,6000.00,2.00,0.00,0.00,3.00,7.00,1630.00,540.00,2008.00,0.00,98106.00,47.56,-122.37,1720.00,5668.00
2224069165.00,20140902T000000,801000.00,4.00,3.50,3290.00,8059.00,2.00,0.00,0.00,3.00,9.00,3290.00,0.00,2012.00,0.00,98029.00,47.56,-122.02,3290.00,10758.00
9510861140.00,20140714T000000,711000.00,3.00,2.50,2550.00,5376.00,2.00,0.00,0.00,3.00,9.00,2550.00,0.00,2004.00,0.00,98052.00,47.66,-122.08,2250.00,4050.00
3277801431.00,20140827T000000,268500.00,3.00,2.25,1140.00,977.00,2.00,0.00,0.00,3.00,7.00,850.00,290.00,2008.00,0.00,98126.00,47.54,-122.38,1140.00,976.00
1760650750.00,20141006T000000,320000.00,4.00,2.50,2300.00,3825.00,2.00,0.00,0.00,3.00,7.00,2300.00,0.00,2012.00,0.00,98042.00,47.36,-122.08,2110.00,3825.00
1607100038.00,20140921T000000,500000.00,4.00,3.25,2670.00,5001.00,1.00,0.00,0.00,3.00,9.00,1640.00,1030.00,2013.00,0.00,98108.00,47.57,-122.29,1610.00,5001.00
1862400176.00,20140505T000000,631625.00,4.00,2.50,2440.00,6651.00,2.00,0.00,0.00,3.00,9.00,2440.00,0.00,2014.00,0.00,98117.00,47.70,-122.37,1350.00,7653.00
5457801833.00,20150127T000000,850000.00,2.00,2.50,1611.00,2210.00,2.00,0.00,2.00,3.00,10.00,1611.00,0.00,2005.00,0.00,98109.00,47.63,-122.35,2070.00,2182.00
8562770110.00,20141027T000000,600000.00,3.00,3.50,2710.00,3290.00,2.00,0.00,0.00,3.00,8.00,1650.00,1060.00,2006.00,0.00,98027.00,47.54,-122.07,2440.00,3290.00
2623039019.00,20140508T000000,988500.00,3.00,2.75,2015.00,16807.00,2.00,1.00,4.00,3.00,9.00,2015.00,0.00,2007.00,0.00,98166.00,47.45,-122.38,1780.00,12310.00
9578500690.00,20150327T000000,430236.00,4.00,3.25,3444.00,5166.00,2.00,0.00,0.00,3.00,8.00,2714.00,730.00,2014.00,0.00,98023.00,47.30,-122.35,2848.00,5182.00
711000110.00,20140915T000000,1266520.00,3.00,2.50,3060.00,9576.00,2.00,0.00,0.00,3.00,10.00,3060.00,0.00,2005.00,0.00,98004.00,47.59,-122.20,3060.00,9579.00
2597490750.00,20150428T000000,689500.00,4.00,2.50,2050.00,2772.00,2.00,0.00,0.00,3.00,8.00,2050.00,0.00,2013.00,0.00,98029.00,47.54,-122.01,1800.00,2886.00
6056100165.00,20141201T000000,175003.00,3.00,1.50,1390.00,1882.00,2.00,0.00,0.00,3.00,7.00,1390.00,0.00,2014.00,0.00,98108.00,47.57,-122.30,1490.00,2175.00
2767603824.00,20140915T000000,459000.00,2.00,2.50,1240.00,1249.00,3.00,0.00,0.00,3.00,8.00,1240.00,0.00,2006.00,0.00,98107.00,47.67,-122.39,1240.00,2500.00
7237550110.00,20150424T000000,1180000.00,4.00,3.25,3750.00,74052.00,2.00,0.00,0.00,3.00,10.00,3750.00,0.00,2013.00,0.00,98053.00,47.66,-122.01,4920.00,74052.00
2325300037.00,20140902T000000,358000.00,3.00,3.25,1410.00,1442.00,3.00,0.00,0.00,3.00,8.00,1360.00,50.00,2006.00,0.00,98125.00,47.72,-122.32,1500.00,1200.00
1085623710.00,20140714T000000,447055.00,4.00,2.50,2448.00,4949.00,2.00,0.00,0.00,3.00,9.00,2448.00,0.00,2014.00,0.00,98030.00,47.34,-122.18,2815.00,5446.00
774100475.00,20140627T000000,415000.00,3.00,2.75,2600.00,64626.00,1.50,0.00,0.00,3.00,8.00,2600.00,0.00,2009.00,0.00,98014.00,47.72,-121.41,1740.00,64626.00
1489300215.00,20141013T000000,1210000.00,4.00,3.25,3330.00,9000.00,2.00,0.00,0.00,3.00,9.00,2870.00,460.00,2004.00,0.00,98033.00,47.68,-122.21,2550.00,6349.00
9828702902.00,20141021T000000,495000.00,2.00,2.25,1160.00,1010.00,2.00,0.00,0.00,3.00,8.00,1000.00,160.00,2006.00,0.00,98112.00,47.62,-122.30,1200.00,1170.00
6371000100.00,20141120T000000,479000.00,2.00,2.25,1330.00,1380.00,2.00,0.00,0.00,3.00,8.00,1060.00,270.00,2005.00,0.00,98116.00,47.58,-122.41,1580.00,4802.00
2025069140.00,20150317T000000,1898000.00,3.00,2.50,2830.00,4334.00,3.00,1.00,4.00,3.00,10.00,2830.00,0.00,2006.00,0.00,98074.00,47.63,-122.07,2830.00,38211.00
2781280300.00,20141016T000000,249900.00,3.00,2.50,1610.00,3517.00,2.00,0.00,0.00,3.00,8.00,1610.00,0.00,2005.00,0.00,98055.00,47.45,-122.19,1830.00,2889.00
9551201240.00,20141030T000000,1465000.00,4.00,2.50,2800.00,4000.00,2.00,0.00,0.00,3.00,9.00,2800.00,0.00,2011.00,0.00,98103.00,47.67,-122.34,1770.00,4200.00
2726059144.00,20150410T000000,1037000.00,5.00,3.75,4570.00,10194.00,2.00,0.00,0.00,3.00,11.00,4570.00,0.00,2006.00,0.00,98034.00,47.72,-122.16,2040.00,7560.00
5363200100.00,20141020T000000,897000.00,4.00,2.50,2820.00,6120.00,2.00,0.00,0.00,3.00,9.00,2820.00,0.00,2014.00,0.00,98115.00,47.69,-122.29,1510.00,6120.00
1725059330.00,20150327T000000,1100000.00,4.00,2.50,2570.00,9470.00,2.00,0.00,0.00,3.00,9.00,2570.00,0.00,2006.00,0.00,98033.00,47.65,-122.19,2570.00,10663.00
7234601140.00,20141113T000000,685000.00,3.00,2.25,1710.00,1193.00,2.00,0.00,0.00,3.00,9.00,1140.00,570.00,2014.00,0.00,98122.00,47.62,-122.31,1510.00,1193.00
3057000300.00,20140930T000000,295000.00,3.00,1.50,1220.00,3286.00,2.00,0.00,0.00,3.00,7.00,1220.00,0.00,1982.00,0.00,98033.00,47.72,-122.19,1220.00,2640.00
1972200553.00,20140804T000000,619000.00,3.00,2.25,1650.00,946.00,3.00,0.00,0.00,3.00,8.00,1650.00,0.00,2014.00,0.00,98103.00,47.65,-122.35,1570.00,1283.00
6371000148.00,20141125T000000,439108.00,2.00,1.50,1130.00,1340.00,2.00,0.00,0.00,3.00,8.00,910.00,220.00,2008.00,0.00,98116.00,47.58,-122.41,1310.00,1340.00
301400850.00,20150220T000000,260000.00,3.00,2.25,1489.00,2800.00,2.00,0.00,0.00,3.00,7.00,1489.00,0.00,2011.00,0.00,98002.00,47.35,-122.22,1584.00,3200.00
1123049232.00,20140606T000000,279000.00,5.00,2.50,2690.00,5557.00,2.00,0.00,0.00,3.00,7.00,2690.00,0.00,2012.00,0.00,98178.00,47.49,-122.25,2090.00,10500.00
3654200037.00,20150330T000000,380000.00,3.00,2.25,1530.00,1305.00,2.00,0.00,0.00,3.00,7.00,1116.00,414.00,2007.00,0.00,98177.00,47.70,-122.36,1320.00,1427.00
7299601790.00,20141107T000000,287000.00,3.00,2.50,1600.00,6315.00,2.00,0.00,0.00,3.00,8.00,1600.00,0.00,2013.00,0.00,98092.00,47.26,-122.20,1608.00,4300.00
2771101921.00,20141211T000000,377000.00,2.00,1.50,1000.00,1251.00,2.00,0.00,0.00,3.00,7.00,930.00,70.00,2006.00,0.00,98199.00,47.65,-122.38,1420.00,1187.00
3566800485.00,20150223T000000,649950.00,4.00,3.50,2440.00,3012.00,3.00,0.00,1.00,3.00,8.00,2440.00,0.00,2005.00,0.00,98117.00,47.69,-122.39,1860.00,4650.00
2767601311.00,20141024T000000,445000.00,3.00,2.50,1260.00,1102.00,3.00,0.00,0.00,3.00,8.00,1260.00,0.00,2007.00,0.00,98107.00,47.68,-122.39,1320.00,2500.00
9137101696.00,20150504T000000,605000.00,3.00,2.50,1660.00,1692.00,3.00,0.00,0.00,3.00,7.00,1610.00,50.00,2005.00,0.00,98115.00,47.68,-122.32,1210.00,1230.00
9528104345.00,20140923T000000,475000.00,3.00,2.25,1190.00,1137.00,2.00,0.00,0.00,3.00,7.00,960.00,230.00,1999.00,0.00,98115.00,47.68,-122.33,1190.00,1080.00
3753000100.00,20140828T000000,399000.00,3.00,3.00,1520.00,1884.00,3.00,0.00,0.00,3.00,8.00,1520.00,0.00,2009.00,0.00,98125.00,47.72,-122.28,1360.00,1939.00
6798100690.00,20150420T000000,718000.00,5.00,2.75,3250.00,8100.00,2.00,0.00,0.00,3.00,8.00,3250.00,0.00,2014.00,0.00,98125.00,47.71,-122.31,1270.00,8100.00
148000475.00,20140528T000000,1400000.00,4.00,3.25,4700.00,9160.00,1.00,0.00,4.00,3.00,11.00,2520.00,2180.00,2005.00,0.00,98116.00,47.57,-122.41,2240.00,8700.00
3277801417.00,20140516T000000,341000.00,3.00,2.50,1480.00,1663.00,2.00,0.00,0.00,3.00,9.00,1180.00,300.00,2012.00,0.00,98126.00,47.54,-122.38,1380.00,1537.00
8682320090.00,20140519T000000,818000.00,2.00,2.50,2380.00,9374.00,1.00,0.00,2.00,3.00,8.00,2380.00,0.00,2011.00,0.00,98053.00,47.71,-122.02,1610.00,5000.00
9828701507.00,20141202T000000,759000.00,3.00,2.25,1640.00,1873.00,3.00,0.00,0.00,3.00,8.00,1640.00,0.00,2014.00,0.00,98112.00,47.62,-122.30,1640.00,3920.00
3362400432.00,20140611T000000,547500.00,3.00,3.50,1650.00,2262.00,3.00,0.00,0.00,3.00,8.00,1650.00,0.00,2010.00,0.00,98103.00,47.68,-122.35,1620.00,3166.00
856000195.00,20140521T000000,2700000.00,5.00,4.75,5305.00,8401.00,2.00,0.00,2.00,3.00,11.00,3745.00,1560.00,2005.00,0.00,98033.00,47.69,-122.22,2960.00,7200.00
9396700028.00,20140722T000000,358000.00,2.00,2.50,1278.00,987.00,2.00,0.00,0.00,3.00,7.00,1002.00,276.00,2007.00,0.00,98136.00,47.55,-122.38,1220.00,1287.00
8850000018.00,20141001T000000,412000.00,3.00,2.50,1200.00,813.00,3.00,0.00,0.00,3.00,9.00,1200.00,0.00,2010.00,0.00,98144.00,47.59,-122.32,1750.00,4365.00
9524100207.00,20150130T000000,245000.00,2.00,1.50,690.00,1058.00,2.00,0.00,0.00,3.00,7.00,690.00,0.00,2005.00,0.00,98103.00,47.70,-122.34,690.00,1058.00
1085623350.00,20141007T000000,460940.00,4.00,2.50,3202.00,4964.00,2.00,0.00,0.00,3.00,9.00,3202.00,0.00,2014.00,0.00,98030.00,47.34,-122.18,2425.00,4886.00
7663700973.00,20140522T000000,321000.00,3.00,2.25,1347.00,1292.00,3.00,0.00,0.00,3.00,7.00,1347.00,0.00,2010.00,0.00,98125.00,47.73,-122.29,1480.00,1865.00
7853420100.00,20140623T000000,633634.00,4.00,3.50,2960.00,6000.00,2.00,0.00,0.00,3.00,9.00,2960.00,0.00,2014.00,0.00,98065.00,47.52,-121.89,2960.00,6000.00
1025039168.00,20140923T000000,290000.00,1.00,0.75,740.00,1284.00,1.00,0.00,0.00,4.00,6.00,740.00,0.00,1928.00,0.00,98107.00,47.67,-122.41,1430.00,3988.00
476000110.00,20150401T000000,445000.00,2.00,2.25,1200.00,1137.00,3.00,0.00,0.00,3.00,7.00,1200.00,0.00,2007.00,0.00,98107.00,47.67,-122.39,1280.00,1295.00
2254100090.00,20150407T000000,887250.00,5.00,3.50,4320.00,7502.00,2.00,0.00,0.00,3.00,9.00,3500.00,820.00,2012.00,0.00,98056.00,47.52,-122.17,3250.00,7538.00
8682320600.00,20140911T000000,739000.00,3.00,2.50,2310.00,7348.00,1.00,0.00,3.00,3.00,8.00,2310.00,0.00,2010.00,0.00,98053.00,47.71,-122.02,2310.00,7153.00
9834201366.00,20141216T000000,429900.00,3.00,2.00,1490.00,1286.00,3.00,0.00,0.00,3.00,8.00,1490.00,0.00,2014.00,0.00,98144.00,47.57,-122.29,1420.00,1230.00
7625702451.00,20150106T000000,459000.00,3.00,2.00,1480.00,800.00,2.00,0.00,0.00,3.00,8.00,1000.00,480.00,2014.00,0.00,98136.00,47.55,-122.39,1480.00,886.00
301402120.00,20140625T000000,240000.00,3.00,2.25,1481.00,2820.00,2.00,0.00,0.00,3.00,7.00,1481.00,0.00,2012.00,0.00,98002.00,47.35,-122.22,1481.00,3028.00
6382500076.00,20140910T000000,566950.00,3.00,3.00,1730.00,1902.00,3.00,0.00,0.00,3.00,8.00,1730.00,0.00,2014.00,0.00,98117.00,47.69,-122.38,1830.00,1804.00
3758900259.00,20140507T000000,1040000.00,4.00,3.50,3900.00,8391.00,2.00,0.00,0.00,3.00,10.00,3900.00,0.00,2006.00,0.00,98033.00,47.70,-122.21,3820.00,12268.00
3126049446.00,20150310T000000,343000.00,3.00,3.50,1130.00,1449.00,3.00,0.00,0.00,3.00,7.00,1130.00,0.00,2005.00,0.00,98103.00,47.70,-122.35,1130.00,1200.00
3744000100.00,20141111T000000,572115.00,4.00,3.25,3230.00,4838.00,2.00,0.00,0.00,3.00,9.00,3230.00,0.00,2014.00,0.00,98038.00,47.36,-122.02,2980.00,5094.00
9510860750.00,20150108T000000,918000.00,5.00,3.50,3920.00,5150.00,2.00,0.00,0.00,3.00,9.00,2820.00,1100.00,2004.00,0.00,98052.00,47.66,-122.08,3170.00,5530.00
7228500037.00,20150505T000000,555000.00,2.00,1.50,1190.00,1361.00,2.00,0.00,0.00,3.00,8.00,1190.00,0.00,2007.00,0.00,98122.00,47.62,-122.30,1280.00,3360.00
3814900750.00,20140716T000000,399440.00,4.00,2.50,2311.00,4396.00,2.00,0.00,0.00,3.00,9.00,2311.00,0.00,2014.00,0.00,98092.00,47.33,-122.16,2458.00,4616.00
1294300038.00,20140711T000000,450000.00,3.00,2.50,1810.00,914.00,3.00,0.00,0.00,3.00,8.00,1380.00,430.00,2008.00,0.00,98116.00,47.57,-122.39,1810.00,914.00
7853350090.00,20140604T000000,648000.00,4.00,2.50,3290.00,6203.00,2.00,0.00,0.00,3.00,9.00,3290.00,0.00,2008.00,0.00,98065.00,47.54,-121.86,2990.00,6835.00
9211010900.00,20140618T000000,580000.00,4.00,2.50,3250.00,5000.00,2.00,0.00,0.00,3.00,8.00,3250.00,0.00,2008.00,0.00,98059.00,47.50,-122.15,3230.00,5507.00
1085623250.00,20150331T000000,415000.00,4.00,2.50,2544.00,4071.00,2.00,0.00,0.00,3.00,9.00,2544.00,0.00,2013.00,0.00,98030.00,47.34,-122.18,2358.00,4179.00
2025049192.00,20141021T000000,527500.00,3.00,2.50,1380.00,1389.00,3.00,0.00,0.00,3.00,8.00,1380.00,0.00,2008.00,0.00,98102.00,47.64,-122.33,1380.00,1249.00
7625703354.00,20140730T000000,384000.00,3.00,2.25,1430.00,800.00,2.00,0.00,0.00,3.00,8.00,1140.00,290.00,2011.00,0.00,98136.00,47.55,-122.39,1430.00,1387.00
2051200436.00,20140820T000000,692000.00,3.00,2.50,3490.00,28213.00,1.50,0.00,2.00,3.00,9.00,2242.00,1248.00,2009.00,0.00,98070.00,47.37,-122.46,2120.00,56628.00
3880900236.00,20140822T000000,455000.00,2.00,1.50,910.00,966.00,2.00,0.00,0.00,3.00,8.00,820.00,90.00,2006.00,0.00,98119.00,47.63,-122.36,2740.00,6400.00
1646502355.00,20150403T000000,1280000.00,4.00,3.25,3080.00,4120.00,2.00,0.00,0.00,3.00,9.00,2380.00,700.00,2014.00,0.00,98117.00,47.68,-122.36,1410.00,4120.00
2619950110.00,20140624T000000,415000.00,3.00,2.50,2280.00,6031.00,2.00,0.00,0.00,3.00,8.00,2280.00,0.00,2011.00,0.00,98019.00,47.73,-121.97,2430.00,7200.00
1964700054.00,20141222T000000,975000.00,3.00,2.50,1660.00,1344.00,3.00,0.00,0.00,3.00,8.00,1660.00,0.00,2008.00,0.00,98102.00,47.64,-122.33,1750.00,2040.00
1926059039.00,20141006T000000,799950.00,4.00,2.50,3320.00,7429.00,2.00,0.00,0.00,3.00,9.00,3320.00,0.00,2014.00,0.00,98034.00,47.72,-122.23,1840.00,7429.00
3438500037.00,20150405T000000,545000.00,5.00,4.00,1680.00,7268.00,1.00,0.00,0.00,3.00,8.00,1370.00,310.00,2008.00,0.00,98106.00,47.56,-122.36,2040.00,8259.00
9578501110.00,20141003T000000,429900.00,4.00,3.50,2584.00,5005.00,2.00,0.00,0.00,3.00,8.00,2584.00,0.00,2014.00,0.00,98023.00,47.30,-122.35,2767.00,5201.00
8856004786.00,20140729T000000,275000.00,3.00,2.50,2217.00,8019.00,2.00,0.00,0.00,3.00,7.00,2217.00,0.00,2009.00,0.00,98001.00,47.28,-122.25,1470.00,8037.00
7708200600.00,20140718T000000,498000.00,3.00,2.50,2480.00,4136.00,2.00,0.00,0.00,3.00,8.00,2480.00,0.00,2009.00,0.00,98059.00,47.49,-122.15,2510.00,4314.00
9492500090.00,20140527T000000,754950.00,3.00,2.50,2610.00,7256.00,2.00,0.00,0.00,3.00,9.00,2610.00,0.00,2014.00,0.00,98033.00,47.70,-122.18,2610.00,7206.00
8691440100.00,20140606T000000,895000.00,4.00,3.00,3240.00,5562.00,2.00,0.00,0.00,3.00,10.00,3240.00,0.00,2013.00,0.00,98075.00,47.59,-121.98,3380.00,5562.00
7222000090.00,20140506T000000,580000.00,4.00,3.25,3569.00,8327.00,2.00,0.00,0.00,3.00,10.00,3569.00,0.00,2013.00,0.00,98055.00,47.46,-122.21,2550.00,5251.00
3321049112.00,20150222T000000,379900.00,4.00,2.50,3181.00,5831.00,2.00,0.00,0.00,3.00,8.00,3181.00,0.00,2014.00,0.00,98003.00,47.27,-122.30,2056.00,24393.00
2911000100.00,20150310T000000,245000.00,4.00,2.50,1921.00,4888.00,2.00,0.00,0.00,3.00,7.00,1921.00,0.00,2009.00,0.00,98001.00,47.27,-122.24,1921.00,9140.00
3862710090.00,20140826T000000,417000.00,3.00,2.50,1570.00,4926.00,2.00,0.00,0.00,3.00,8.00,1570.00,0.00,2014.00,0.00,98065.00,47.53,-121.84,1800.00,3202.00
8648900110.00,20140505T000000,555000.00,3.00,2.50,1940.00,3211.00,2.00,0.00,0.00,3.00,8.00,1940.00,0.00,2009.00,0.00,98027.00,47.56,-122.09,1880.00,3078.00
8648900110.00,20140826T000000,555000.00,3.00,2.50,1940.00,3211.00,2.00,0.00,0.00,3.00,8.00,1940.00,0.00,2009.00,0.00,98027.00,47.56,-122.09,1880.00,3078.00
6791400100.00,20140910T000000,353000.00,4.00,2.50,2210.00,13721.00,2.00,0.00,0.00,3.00,8.00,2210.00,0.00,2009.00,0.00,98042.00,47.31,-122.04,1850.00,12951.00
2768301477.00,20150425T000000,539000.00,3.00,2.25,1280.00,1187.00,2.00,0.00,0.00,3.00,8.00,1080.00,200.00,2008.00,0.00,98107.00,47.67,-122.37,1280.00,1681.00
126039256.00,20140904T000000,434900.00,3.00,2.00,1520.00,5040.00,2.00,0.00,0.00,3.00,7.00,1520.00,0.00,1977.00,2006.00,98177.00,47.78,-122.36,1860.00,8710.00
8562780110.00,20141202T000000,325000.00,2.00,2.25,1230.00,1078.00,2.00,0.00,0.00,3.00,7.00,1160.00,70.00,2008.00,0.00,98027.00,47.53,-122.07,1240.00,817.00
8032700110.00,20150409T000000,650000.00,3.00,2.50,1480.00,2159.00,3.00,0.00,0.00,3.00,8.00,1480.00,0.00,2007.00,0.00,98103.00,47.65,-122.34,1480.00,1554.00
5635100090.00,20150225T000000,379950.00,4.00,2.50,2612.00,5850.00,2.00,0.00,0.00,3.00,8.00,2612.00,0.00,2014.00,0.00,98030.00,47.38,-122.19,2419.00,8984.00
2597490300.00,20141119T000000,700000.00,3.00,2.50,2350.00,4975.00,2.00,0.00,0.00,3.00,8.00,2350.00,0.00,2012.00,0.00,98029.00,47.54,-122.01,2350.00,3951.00
9301300805.00,20141215T000000,675000.00,3.00,2.50,1300.00,1590.00,2.00,0.00,0.00,3.00,8.00,1100.00,200.00,2014.00,0.00,98109.00,47.64,-122.34,1070.00,1223.00
3449000300.00,20140609T000000,379000.00,4.00,1.50,2020.00,7560.00,1.00,0.00,0.00,4.00,7.00,2020.00,0.00,1960.00,0.00,98059.00,47.50,-122.15,1410.00,8080.00
8562770490.00,20150330T000000,571000.00,3.00,2.50,2140.00,2867.00,2.00,0.00,0.00,3.00,8.00,1960.00,180.00,2005.00,0.00,98027.00,47.54,-122.07,2280.00,2836.00
3052700464.00,20141024T000000,475000.00,3.00,2.25,1380.00,1621.00,2.00,0.00,0.00,3.00,8.00,1140.00,240.00,2007.00,0.00,98117.00,47.68,-122.38,1460.00,1403.00
9276200569.00,20140509T000000,769900.00,4.00,3.50,2730.00,3047.00,2.00,0.00,0.00,3.00,8.00,2400.00,330.00,2006.00,0.00,98116.00,47.58,-122.39,1980.00,4600.00
7853280490.00,20141222T000000,633000.00,4.00,3.50,4220.00,5817.00,2.00,0.00,0.00,3.00,9.00,2910.00,1310.00,2006.00,0.00,98065.00,47.54,-121.86,4290.00,6637.00
2883200524.00,20140512T000000,635000.00,3.00,2.50,1570.00,1433.00,3.00,0.00,0.00,3.00,8.00,1570.00,0.00,2010.00,0.00,98103.00,47.69,-122.34,1570.00,2652.00
3630200300.00,20140725T000000,1238000.00,4.00,3.50,4670.00,6000.00,2.00,0.00,3.00,3.00,11.00,3820.00,850.00,2007.00,0.00,98027.00,47.54,-121.99,4310.00,6000.00
1383800015.00,20150108T000000,524000.00,3.00,2.25,1370.00,1007.00,3.00,0.00,0.00,3.00,8.00,1330.00,40.00,2009.00,0.00,98107.00,47.67,-122.36,1570.00,1635.00
1441000090.00,20141126T000000,485000.00,4.00,3.50,3273.00,5115.00,2.00,0.00,0.00,3.00,8.00,2671.00,602.00,2014.00,0.00,98055.00,47.45,-122.20,2996.00,5100.00
3760500407.00,20140521T000000,1030000.00,3.00,4.00,3880.00,13095.00,2.00,0.00,3.00,3.00,11.00,3700.00,180.00,2009.00,0.00,98034.00,47.70,-122.23,3880.00,10830.00
9528101214.00,20141024T000000,650000.00,3.00,3.50,1494.00,1262.00,3.00,0.00,0.00,3.00,8.00,1494.00,0.00,2011.00,0.00,98115.00,47.68,-122.32,1494.00,1264.00
2801910100.00,20141001T000000,754842.00,3.00,2.50,2930.00,5641.00,2.00,0.00,0.00,3.00,8.00,2930.00,0.00,2013.00,0.00,98052.00,47.71,-122.11,3300.00,5641.00
1085623640.00,20140924T000000,428900.00,4.00,2.50,2598.00,5553.00,2.00,0.00,0.00,3.00,9.00,2598.00,0.00,2014.00,0.00,98092.00,47.34,-122.18,2502.00,4900.00
7299601460.00,20140623T000000,329900.00,3.00,2.50,2242.00,4995.00,2.00,0.00,0.00,3.00,8.00,2242.00,0.00,2011.00,0.00,98092.00,47.26,-122.20,1798.00,4942.00
1070000110.00,20141218T000000,1035290.00,4.00,2.50,2830.00,5932.00,2.00,0.00,0.00,3.00,9.00,2830.00,0.00,2014.00,0.00,98199.00,47.65,-122.41,2840.00,5593.00
7853360820.00,20140909T000000,544999.00,4.00,2.50,2710.00,6937.00,2.00,0.00,0.00,3.00,7.00,2710.00,0.00,2009.00,0.00,98065.00,47.52,-121.87,2380.00,5866.00
7436700090.00,20140529T000000,449950.00,4.00,2.75,2320.00,4344.00,2.00,0.00,0.00,3.00,8.00,2320.00,0.00,2012.00,0.00,98059.00,47.49,-122.16,2310.00,3770.00
3034200399.00,20150113T000000,635000.00,4.00,2.50,2720.00,7991.00,2.00,0.00,0.00,3.00,9.00,2720.00,0.00,2006.00,0.00,98133.00,47.72,-122.33,1590.00,8611.00
889000015.00,20141103T000000,599000.00,3.00,1.75,1650.00,1180.00,3.00,0.00,0.00,3.00,8.00,1650.00,0.00,2014.00,0.00,98105.00,47.66,-122.32,1650.00,1960.00
2767704252.00,20141103T000000,478000.00,3.00,3.25,1430.00,1348.00,2.00,0.00,0.00,3.00,8.00,1160.00,270.00,2008.00,0.00,98107.00,47.67,-122.37,1160.00,1265.00
2143700756.00,20140929T000000,388000.00,4.00,2.50,2090.00,5040.00,2.00,0.00,0.00,3.00,9.00,2090.00,0.00,2014.00,0.00,98055.00,47.48,-122.23,1430.00,12000.00
8946780110.00,20140804T000000,809950.00,4.00,3.50,3660.00,4903.00,2.00,0.00,0.00,3.00,9.00,2760.00,900.00,2014.00,0.00,98034.00,47.72,-122.16,3630.00,4992.00
6790830090.00,20150415T000000,1060000.00,4.00,3.50,4220.00,8417.00,3.00,0.00,0.00,3.00,10.00,4220.00,0.00,2012.00,0.00,98075.00,47.59,-122.05,3730.00,8435.00
2768100512.00,20150422T000000,659000.00,2.00,2.50,1450.00,1213.00,2.00,0.00,0.00,3.00,9.00,1110.00,340.00,2015.00,0.00,98107.00,47.67,-122.37,1620.00,1456.00
9477580110.00,20140626T000000,971971.00,4.00,3.75,3460.00,6738.00,2.00,0.00,0.00,3.00,11.00,3460.00,0.00,2013.00,0.00,98059.00,47.51,-122.15,3340.00,6120.00
7625702437.00,20150115T000000,389000.00,3.00,2.50,1350.00,874.00,3.00,0.00,0.00,3.00,8.00,1270.00,80.00,2006.00,0.00,98136.00,47.55,-122.39,1350.00,886.00
5416510490.00,20140708T000000,355000.00,4.00,2.75,3000.00,5470.00,2.00,0.00,0.00,3.00,8.00,3000.00,0.00,2005.00,0.00,98038.00,47.36,-122.04,2420.00,4891.00
1123059125.00,20141208T000000,551500.00,4.00,2.50,2950.00,10003.00,2.00,0.00,0.00,3.00,9.00,2950.00,0.00,2006.00,0.00,98059.00,47.49,-122.14,2790.00,9323.00
7237450110.00,20140701T000000,417838.00,4.00,2.50,2530.00,5048.00,2.00,0.00,0.00,3.00,8.00,2530.00,0.00,2014.00,0.00,98038.00,47.36,-122.06,2530.00,4359.00
250000090.00,20140714T000000,1750000.00,4.00,4.50,4650.00,7660.00,2.00,0.00,0.00,3.00,11.00,3640.00,1010.00,2008.00,0.00,98004.00,47.63,-122.20,1710.00,8400.00
2025049206.00,20140611T000000,399950.00,2.00,1.00,710.00,1131.00,2.00,0.00,0.00,4.00,7.00,710.00,0.00,1943.00,0.00,98102.00,47.64,-122.33,1370.00,1173.00
5631500941.00,20140715T000000,740000.00,4.00,2.50,3050.00,8000.00,2.00,0.00,0.00,3.00,9.00,3050.00,0.00,2007.00,0.00,98028.00,47.75,-122.23,1910.00,8000.00
8562780490.00,20150223T000000,335000.00,3.00,2.50,1150.00,683.00,2.00,0.00,0.00,3.00,7.00,1150.00,0.00,2013.00,0.00,98027.00,47.53,-122.07,1150.00,755.00
3262300485.00,20150421T000000,2250000.00,5.00,5.25,3410.00,8118.00,2.00,0.00,0.00,3.00,11.00,3410.00,0.00,2006.00,0.00,98039.00,47.63,-122.24,3410.00,16236.00
5693500846.00,20150420T000000,667000.00,3.00,1.75,1370.00,1921.00,3.00,0.00,0.00,3.00,8.00,1370.00,0.00,2007.00,0.00,98103.00,47.66,-122.35,1370.00,4000.00
925059313.00,20150312T000000,920000.00,4.00,2.50,3540.00,7009.00,2.00,0.00,0.00,3.00,9.00,3540.00,0.00,2007.00,0.00,98033.00,47.67,-122.18,2150.00,10290.00
2461900492.00,20140511T000000,368000.00,3.00,2.50,1370.00,1350.00,2.00,0.00,0.00,3.00,7.00,1010.00,360.00,2007.00,0.00,98136.00,47.55,-122.38,1450.00,6000.00
6817750110.00,20140710T000000,307000.00,4.00,2.50,1714.00,3080.00,2.00,0.00,0.00,3.00,8.00,1714.00,0.00,2009.00,0.00,98055.00,47.43,-122.19,1714.00,3250.00
3574770100.00,20150116T000000,550000.00,4.00,2.75,3650.00,4534.00,2.00,0.00,0.00,3.00,7.00,2940.00,710.00,2014.00,0.00,98028.00,47.74,-122.22,2400.00,7682.00
8564860110.00,20150113T000000,594491.00,4.00,2.50,2990.00,6037.00,2.00,0.00,0.00,3.00,9.00,2990.00,0.00,2013.00,0.00,98045.00,47.48,-121.74,2990.00,5992.00
1085622460.00,20140929T000000,460458.00,4.00,2.50,3284.00,6516.00,2.00,0.00,0.00,3.00,8.00,3284.00,0.00,2014.00,0.00,98092.00,47.34,-122.18,2555.00,5008.00
1777600850.00,20140624T000000,859000.00,4.00,2.25,3550.00,13900.00,1.00,0.00,0.00,3.00,8.00,1830.00,1720.00,2010.00,0.00,98006.00,47.57,-122.13,2770.00,12200.00
9284801500.00,20141211T000000,399950.00,3.00,3.00,1860.00,2875.00,2.00,0.00,0.00,3.00,8.00,1710.00,150.00,2009.00,0.00,98126.00,47.55,-122.37,1350.00,4830.00
7217400389.00,20150401T000000,547500.00,3.00,3.25,1720.00,1977.00,2.00,0.00,0.00,3.00,8.00,1360.00,360.00,2007.00,0.00,98122.00,47.61,-122.30,1720.00,3420.00
3832051140.00,20140623T000000,310000.00,3.00,2.50,2540.00,4775.00,2.00,0.00,0.00,3.00,7.00,2540.00,0.00,2006.00,0.00,98042.00,47.33,-122.05,2270.00,5000.00
925059137.00,20140602T000000,939000.00,4.00,2.75,3270.00,12880.00,2.00,0.00,0.00,3.00,9.00,3270.00,0.00,2014.00,0.00,98033.00,47.67,-122.17,2420.00,7505.00
6021503706.00,20141014T000000,329900.00,2.00,2.50,980.00,1021.00,3.00,0.00,0.00,3.00,8.00,980.00,0.00,2008.00,0.00,98117.00,47.68,-122.39,980.00,1023.00
475000176.00,20141222T000000,436000.00,3.00,2.50,1150.00,1193.00,2.00,0.00,0.00,3.00,8.00,1020.00,130.00,2006.00,0.00,98107.00,47.67,-122.37,1450.00,1640.00
1220000367.00,20140716T000000,320000.00,3.00,2.50,1820.00,1855.00,2.00,0.00,0.00,3.00,8.00,1570.00,250.00,2008.00,0.00,98166.00,47.46,-122.35,1470.00,6900.00
3278605590.00,20140926T000000,375000.00,3.00,2.50,1580.00,3825.00,2.00,0.00,0.00,3.00,8.00,1580.00,0.00,2011.00,0.00,98126.00,47.55,-122.37,1380.00,1500.00
7203140110.00,20150324T000000,392137.00,3.00,2.00,1460.00,3696.00,2.00,0.00,0.00,3.00,7.00,1460.00,0.00,2010.00,0.00,98053.00,47.69,-122.01,1720.00,3631.00
3818400110.00,20140826T000000,520000.00,4.00,2.50,2900.00,4950.00,2.00,0.00,0.00,3.00,8.00,2900.00,0.00,2004.00,0.00,98028.00,47.77,-122.24,2590.00,4950.00
7702080110.00,20141016T000000,535000.00,5.00,2.75,2620.00,6389.00,2.00,0.00,0.00,3.00,9.00,2620.00,0.00,2007.00,0.00,98028.00,47.77,-122.24,2620.00,4504.00
952002250.00,20150324T000000,407000.00,2.00,2.50,1340.00,999.00,2.00,0.00,0.00,3.00,8.00,940.00,400.00,2008.00,0.00,98116.00,47.57,-122.39,1470.00,1436.00
9578500820.00,20141125T000000,424950.00,4.00,3.25,3266.00,5398.00,2.00,0.00,0.00,3.00,8.00,3266.00,0.00,2014.00,0.00,98023.00,47.30,-122.35,3087.00,5152.00
3448000542.00,20140811T000000,290000.00,2.00,1.50,1076.00,1060.00,3.00,0.00,0.00,3.00,7.00,1076.00,0.00,2006.00,0.00,98125.00,47.72,-122.30,1076.00,1060.00
9358000552.00,20141029T000000,399000.00,3.00,3.25,1680.00,1478.00,2.00,0.00,0.00,3.00,8.00,1360.00,320.00,2009.00,0.00,98126.00,47.57,-122.37,1530.00,2753.00
2770601696.00,20140703T000000,439990.00,3.00,2.50,1930.00,1348.00,2.00,0.00,0.00,3.00,8.00,1300.00,630.00,2005.00,0.00,98199.00,47.65,-122.38,1630.00,6000.00
9834201145.00,20150222T000000,635000.00,4.00,2.50,2880.00,3091.00,2.00,0.00,0.00,3.00,9.00,1940.00,940.00,2014.00,0.00,98144.00,47.57,-122.29,1560.00,4080.00
3575305452.00,20140717T000000,635000.00,4.00,2.25,2240.00,5000.00,2.00,0.00,0.00,3.00,8.00,2240.00,0.00,2013.00,0.00,98074.00,47.62,-122.06,1760.00,7500.00
6181500100.00,20150429T000000,351000.00,3.00,2.50,2594.00,4455.00,2.00,0.00,0.00,3.00,8.00,2594.00,0.00,2012.00,0.00,98001.00,47.31,-122.28,2981.00,4950.00
2767604074.00,20140822T000000,437500.00,2.00,1.50,1210.00,1232.00,3.00,0.00,0.00,3.00,8.00,1210.00,0.00,2007.00,0.00,98107.00,47.67,-122.39,1330.00,1174.00
2872100345.00,20140530T000000,919204.00,4.00,3.50,3760.00,5000.00,2.00,0.00,0.00,3.00,9.00,2860.00,900.00,2014.00,0.00,98117.00,47.68,-122.39,1340.00,5000.00
2937300440.00,20140908T000000,923990.00,4.00,2.50,3600.00,6055.00,2.00,0.00,0.00,3.00,9.00,3600.00,0.00,2014.00,0.00,98052.00,47.71,-122.13,3590.00,6050.00
2597490660.00,20140624T000000,639888.00,4.00,2.50,2050.00,2772.00,2.00,0.00,0.00,3.00,8.00,2050.00,0.00,2012.00,0.00,98029.00,47.54,-122.01,2050.00,2934.00
3528900768.00,20150114T000000,675000.00,3.00,3.25,1510.00,2064.00,2.00,0.00,0.00,3.00,8.00,1220.00,290.00,2008.00,0.00,98109.00,47.64,-122.35,1670.00,2594.00
3885802135.00,20140610T000000,899900.00,4.00,2.50,2580.00,3909.00,2.00,0.00,0.00,3.00,8.00,2580.00,0.00,2013.00,0.00,98033.00,47.69,-122.21,1820.00,5772.00
3336500190.00,20150130T000000,252000.00,3.00,2.50,1670.00,4020.00,2.00,0.00,0.00,3.00,7.00,1670.00,0.00,2009.00,0.00,98118.00,47.53,-122.27,1670.00,4020.00
2425059174.00,20150317T000000,925000.00,4.00,2.50,3190.00,10034.00,2.00,0.00,0.00,3.00,9.00,3190.00,0.00,2007.00,0.00,98052.00,47.64,-122.11,2110.00,9300.00
1890000170.00,20141029T000000,552000.00,3.00,2.50,1280.00,1920.00,3.00,0.00,0.00,3.00,8.00,1280.00,0.00,2009.00,0.00,98105.00,47.66,-122.32,1450.00,1900.00
5137800130.00,20150407T000000,388500.00,4.00,2.50,2718.00,6197.00,2.00,0.00,0.00,3.00,8.00,2718.00,0.00,2006.00,0.00,98092.00,47.33,-122.16,2667.00,5000.00
2767603753.00,20140829T000000,548000.00,2.00,2.00,1370.00,1878.00,3.00,0.00,0.00,3.00,8.00,1370.00,0.00,2004.00,0.00,98107.00,47.67,-122.39,1280.00,1878.00
6181410950.00,20140922T000000,254950.00,3.00,2.50,1794.00,4769.00,2.00,0.00,0.00,3.00,7.00,1794.00,0.00,2005.00,0.00,98001.00,47.31,-122.28,3557.00,4807.00
3226069049.00,20141208T000000,1237500.00,4.00,4.50,5120.00,41327.00,2.00,0.00,0.00,3.00,10.00,3290.00,1830.00,2008.00,0.00,98053.00,47.70,-122.06,3360.00,82764.00
6056110430.00,20140930T000000,629000.00,3.00,2.50,2160.00,1912.00,2.00,0.00,0.00,3.00,9.00,1970.00,190.00,2014.00,0.00,98118.00,47.56,-122.29,1810.00,2653.00
2916200091.00,20150303T000000,734000.00,4.00,2.50,2180.00,7204.00,2.00,0.00,0.00,3.00,8.00,2180.00,0.00,2014.00,0.00,98133.00,47.72,-122.35,1500.00,7650.00
1773100980.00,20140618T000000,309000.00,3.00,2.25,1490.00,1294.00,2.00,0.00,0.00,3.00,7.00,1220.00,270.00,2010.00,0.00,98106.00,47.56,-122.36,1490.00,1283.00
1123059126.00,20140703T000000,554950.00,3.00,2.50,2950.00,10254.00,2.00,0.00,0.00,3.00,9.00,2950.00,0.00,2006.00,0.00,98059.00,47.49,-122.14,2800.00,9323.00
825079024.00,20150506T000000,785000.00,3.00,2.75,2990.00,207781.00,2.00,0.00,0.00,3.00,9.00,2990.00,0.00,2000.00,0.00,98014.00,47.66,-121.94,2590.00,218671.00
8029770470.00,20140605T000000,550000.00,4.00,2.50,2700.00,5150.00,2.00,0.00,0.00,3.00,9.00,2700.00,0.00,2007.00,0.00,98059.00,47.51,-122.15,3160.00,7620.00
1563102965.00,20140811T000000,1010000.00,4.00,3.50,3130.00,5000.00,3.00,0.00,0.00,3.00,10.00,3130.00,0.00,2014.00,0.00,98116.00,47.57,-122.40,1950.00,5152.00
5021900635.00,20141028T000000,1575000.00,3.00,2.00,3620.00,14250.00,2.00,0.00,0.00,3.00,8.00,3220.00,400.00,2007.00,0.00,98040.00,47.58,-122.23,2370.00,14250.00
9264450460.00,20140603T000000,309000.00,5.00,2.75,2481.00,4045.00,2.00,0.00,0.00,3.00,8.00,2481.00,0.00,2014.00,0.00,98001.00,47.26,-122.28,2363.00,4175.00
7694200430.00,20140625T000000,328423.00,3.00,2.50,1730.00,3600.00,2.00,0.00,0.00,3.00,8.00,1730.00,0.00,2014.00,0.00,98146.00,47.50,-122.34,2030.00,3600.00
7548301041.00,20140623T000000,345000.00,3.00,1.50,1420.00,1192.00,2.00,0.00,0.00,3.00,8.00,1140.00,280.00,2008.00,0.00,98144.00,47.59,-122.30,1340.00,1213.00
726059483.00,20141121T000000,660000.00,5.00,3.50,3160.00,5175.00,2.00,0.00,0.00,3.00,9.00,3160.00,0.00,2014.00,0.00,98011.00,47.76,-122.22,2100.00,9351.00
2771102144.00,20140502T000000,385000.00,3.00,3.25,1320.00,1327.00,2.00,0.00,0.00,3.00,8.00,1040.00,280.00,2008.00,0.00,98199.00,47.65,-122.38,1440.00,1263.00
7011201476.00,20150318T000000,459000.00,2.00,2.25,1010.00,1107.00,2.00,0.00,0.00,3.00,8.00,710.00,300.00,2006.00,0.00,98119.00,47.64,-122.37,1140.00,1531.00
53500020.00,20150114T000000,248000.00,3.00,2.50,1870.00,4046.00,2.00,0.00,0.00,3.00,7.00,1870.00,0.00,2007.00,0.00,98042.00,47.34,-122.06,2130.00,4800.00
8920100066.00,20140820T000000,1481000.00,4.00,3.50,5220.00,15411.00,2.00,0.00,3.00,3.00,11.00,3550.00,1670.00,2006.00,0.00,98075.00,47.59,-122.09,3110.00,14124.00
8091670020.00,20140801T000000,379000.00,4.00,2.50,2260.00,5824.00,2.00,0.00,0.00,3.00,8.00,2260.00,0.00,2011.00,0.00,98038.00,47.35,-122.04,2240.00,5561.00
1176001310.00,20150304T000000,2945000.00,5.00,4.50,4340.00,5722.00,3.00,0.00,4.00,3.00,10.00,4340.00,0.00,2010.00,0.00,98107.00,47.67,-122.41,1770.00,5250.00
3629960680.00,20140926T000000,395000.00,2.00,2.25,1620.00,1841.00,2.00,0.00,0.00,3.00,8.00,1540.00,80.00,2004.00,0.00,98029.00,47.55,-122.00,1530.00,1831.00
8562770250.00,20140507T000000,535000.00,3.00,2.50,2280.00,2289.00,2.00,0.00,0.00,3.00,8.00,1880.00,400.00,2006.00,0.00,98027.00,47.54,-122.07,2280.00,2425.00
1102000514.00,20141022T000000,970000.00,5.00,3.50,3400.00,9804.00,2.00,0.00,0.00,3.00,9.00,2550.00,850.00,2008.00,0.00,98118.00,47.54,-122.27,2380.00,7440.00
1773100275.00,20150201T000000,205000.00,2.00,1.50,830.00,1020.00,2.00,0.00,0.00,3.00,7.00,830.00,0.00,2006.00,0.00,98106.00,47.56,-122.36,830.00,1379.00
321030010.00,20141015T000000,310000.00,4.00,2.50,2310.00,7384.00,2.00,0.00,0.00,3.00,8.00,2310.00,0.00,2010.00,0.00,98042.00,47.37,-122.17,2310.00,7800.00
5393600509.00,20140702T000000,334500.00,2.00,1.50,830.00,1858.00,2.00,0.00,0.00,3.00,7.00,830.00,0.00,2005.00,0.00,98144.00,47.58,-122.31,1480.00,3030.00
2895730280.00,20140828T000000,995000.00,5.00,3.25,4130.00,7197.00,2.00,0.00,0.00,3.00,10.00,4130.00,0.00,2012.00,0.00,98074.00,47.60,-122.06,3730.00,7202.00
7967000130.00,20150401T000000,370228.00,4.00,3.00,2050.00,4000.00,2.00,0.00,0.00,3.00,8.00,2050.00,0.00,2014.00,0.00,98001.00,47.35,-122.28,2050.00,4000.00
7570060290.00,20150304T000000,383000.00,4.00,2.50,2050.00,4953.00,2.00,0.00,0.00,3.00,9.00,2050.00,0.00,2014.00,0.00,98038.00,47.34,-122.02,2340.00,6175.00
291310170.00,20140804T000000,384500.00,3.00,2.50,1600.00,2610.00,2.00,0.00,0.00,3.00,8.00,1600.00,0.00,2005.00,0.00,98027.00,47.53,-122.07,1445.00,1288.00
923000425.00,20140718T000000,865000.00,5.00,2.50,3190.00,8160.00,2.00,0.00,0.00,3.00,9.00,3190.00,0.00,2014.00,0.00,98177.00,47.72,-122.36,1650.00,8160.00
3630200780.00,20140522T000000,1051000.00,4.00,3.75,3860.00,5474.00,2.50,0.00,0.00,3.00,10.00,3860.00,0.00,2007.00,0.00,98029.00,47.54,-122.00,3040.00,5474.00
9578060660.00,20140513T000000,502000.00,4.00,2.50,2040.00,5616.00,2.00,0.00,0.00,3.00,8.00,2040.00,0.00,2012.00,0.00,98028.00,47.77,-122.24,2380.00,4737.00
250000010.00,20140924T000000,1750000.00,4.00,3.50,3845.00,8400.00,2.00,0.00,0.00,3.00,10.00,3845.00,0.00,2013.00,0.00,98004.00,47.64,-122.20,1710.00,8400.00
1438000010.00,20140912T000000,569995.00,4.00,2.50,2650.00,6875.00,2.00,0.00,0.00,3.00,8.00,2650.00,0.00,2014.00,0.00,98059.00,47.48,-122.12,2650.00,5831.00
6626300095.00,20140519T000000,749950.00,4.00,2.50,3430.00,64441.00,2.00,0.00,0.00,3.00,8.00,3430.00,0.00,2013.00,0.00,98077.00,47.77,-122.06,3580.00,64441.00
8562901100.00,20141230T000000,550000.00,3.00,2.50,2430.00,5400.00,2.00,0.00,0.00,3.00,8.00,2430.00,0.00,2007.00,0.00,98074.00,47.61,-122.06,2640.00,11990.00
6979970080.00,20140513T000000,525000.00,3.00,3.50,2876.00,5086.00,2.00,0.00,0.00,3.00,8.00,2360.00,516.00,2007.00,0.00,98072.00,47.75,-122.17,2390.00,4419.00
7853320470.00,20140611T000000,516000.00,4.00,3.50,2550.00,8698.00,2.00,0.00,0.00,3.00,7.00,2550.00,0.00,2007.00,0.00,98065.00,47.52,-121.87,2430.00,5519.00
1424069056.00,20140805T000000,1350000.00,4.00,3.75,4100.00,61419.00,2.00,0.00,0.00,3.00,9.00,4100.00,0.00,2014.00,0.00,98029.00,47.56,-122.01,2010.00,32362.00
3448740250.00,20150428T000000,440000.00,4.00,2.50,2730.00,4526.00,2.00,0.00,0.00,3.00,7.00,2730.00,0.00,2009.00,0.00,98059.00,47.49,-122.15,2190.00,4572.00
8129700728.00,20150414T000000,660000.00,3.00,2.50,1780.00,1729.00,2.00,0.00,0.00,3.00,8.00,1080.00,700.00,2008.00,0.00,98103.00,47.66,-122.36,1780.00,1741.00
3832080440.00,20141209T000000,261950.00,3.00,2.50,1880.00,5000.00,2.00,0.00,0.00,3.00,7.00,1880.00,0.00,2010.00,0.00,98042.00,47.34,-122.05,2260.00,5000.00
9512200050.00,20140827T000000,551000.00,5.00,3.75,3090.00,4943.00,2.00,0.00,0.00,3.00,10.00,3090.00,0.00,2010.00,0.00,98058.00,47.46,-122.13,3191.00,5561.00
4027700014.00,20150225T000000,665000.00,3.00,3.50,2460.00,14155.00,2.00,0.00,0.00,3.00,8.00,1900.00,560.00,2014.00,0.00,98155.00,47.77,-122.28,2440.00,14080.00
7853400250.00,20140604T000000,610000.00,4.00,3.50,2910.00,5260.00,2.00,0.00,0.00,3.00,9.00,2910.00,0.00,2012.00,0.00,98065.00,47.52,-121.88,2910.00,5260.00
7853400250.00,20150219T000000,645000.00,4.00,3.50,2910.00,5260.00,2.00,0.00,0.00,3.00,9.00,2910.00,0.00,2012.00,0.00,98065.00,47.52,-121.88,2910.00,5260.00
7853420480.00,20140618T000000,536751.00,3.00,1.75,1930.00,6360.00,1.00,0.00,0.00,3.00,9.00,1930.00,0.00,2013.00,0.00,98065.00,47.52,-121.89,2770.00,6373.00
8943600020.00,20150426T000000,260000.00,3.00,2.25,1413.00,3403.00,2.00,0.00,0.00,3.00,8.00,1413.00,0.00,2009.00,0.00,98031.00,47.42,-122.19,1763.00,3719.00
4221900305.00,20150121T000000,1312000.00,3.00,3.25,4030.00,6300.00,2.00,0.00,0.00,3.00,10.00,3630.00,400.00,2006.00,0.00,98105.00,47.67,-122.28,1660.00,6300.00
1112630130.00,20150220T000000,429900.00,4.00,3.25,2880.00,5929.00,2.50,0.00,0.00,3.00,8.00,2880.00,0.00,2014.00,0.00,98023.00,47.28,-122.35,2880.00,5846.00
123039376.00,20140820T000000,535000.00,4.00,2.75,2360.00,15100.00,1.00,0.00,0.00,3.00,8.00,2360.00,0.00,2014.00,0.00,98146.00,47.51,-122.37,1440.00,13346.00
2767603962.00,20150414T000000,462550.00,2.00,1.75,1070.00,1276.00,3.00,0.00,0.00,3.00,8.00,1070.00,0.00,2006.00,0.00,98107.00,47.67,-122.39,1290.00,2057.00
4083306552.00,20150310T000000,602000.00,3.00,3.25,1460.00,1367.00,3.00,0.00,0.00,3.00,8.00,1460.00,0.00,2008.00,0.00,98103.00,47.65,-122.33,1310.00,1191.00
745500010.00,20141208T000000,730000.00,4.00,2.75,3800.00,9606.00,2.00,0.00,0.00,3.00,9.00,3800.00,0.00,2008.00,0.00,98011.00,47.74,-122.21,3400.00,9677.00
7899800851.00,20150423T000000,300500.00,2.00,1.50,1190.00,801.00,3.00,0.00,0.00,3.00,8.00,1190.00,0.00,2010.00,0.00,98106.00,47.52,-122.36,1190.00,810.00
7853350170.00,20140516T000000,675000.00,5.00,2.50,3200.00,6455.00,2.00,0.00,0.00,3.00,9.00,3200.00,0.00,2009.00,0.00,98065.00,47.54,-121.86,3290.00,7924.00
6056100380.00,20140520T000000,415000.00,3.00,2.25,1970.00,2377.00,2.00,0.00,0.00,3.00,8.00,1680.00,290.00,2008.00,0.00,98108.00,47.56,-122.30,1690.00,1936.00
626059127.00,20141117T000000,614000.00,3.00,2.50,2830.00,5831.00,2.00,0.00,0.00,3.00,9.00,2830.00,0.00,2010.00,0.00,98011.00,47.77,-122.22,2830.00,6064.00
1459920190.00,20141204T000000,385000.00,4.00,2.50,2630.00,5701.00,2.00,0.00,0.00,3.00,7.00,2630.00,0.00,2010.00,0.00,98042.00,47.38,-122.16,2770.00,5939.00
3574750020.00,20140625T000000,594000.00,4.00,2.75,2720.00,4613.00,2.00,0.00,0.00,3.00,9.00,2720.00,0.00,2005.00,0.00,98028.00,47.74,-122.22,2830.00,4836.00
2547200190.00,20140520T000000,860000.00,4.00,2.75,3160.00,8097.00,2.00,0.00,0.00,3.00,9.00,3160.00,0.00,2014.00,0.00,98033.00,47.67,-122.17,2200.00,8097.00
9206500250.00,20140909T000000,1104500.00,4.00,4.00,3770.00,8899.00,2.00,0.00,0.00,3.00,10.00,2940.00,830.00,2006.00,0.00,98074.00,47.65,-122.08,3300.00,8308.00
7202300480.00,20141024T000000,775000.00,4.00,2.75,3500.00,6226.00,2.00,0.00,0.00,3.00,9.00,3500.00,0.00,2004.00,0.00,98053.00,47.68,-122.05,3480.00,7222.00
7237450190.00,20140806T000000,430760.00,5.00,2.75,2710.00,4685.00,2.00,0.00,0.00,3.00,8.00,2710.00,0.00,2014.00,0.00,98038.00,47.36,-122.06,2710.00,4449.00
8682320420.00,20150427T000000,755000.00,2.00,2.50,2170.00,6361.00,1.00,0.00,2.00,3.00,8.00,2170.00,0.00,2009.00,0.00,98053.00,47.71,-122.02,2310.00,7419.00
6003500743.00,20140519T000000,640000.00,2.00,2.25,1540.00,958.00,3.00,0.00,0.00,3.00,9.00,1540.00,0.00,2007.00,0.00,98122.00,47.62,-122.32,1410.00,958.00
328000182.00,20150501T000000,613500.00,3.00,3.25,1876.00,1531.00,3.00,0.00,0.00,3.00,9.00,1876.00,0.00,2009.00,0.00,98115.00,47.69,-122.27,1876.00,1533.00
821079102.00,20141017T000000,780000.00,4.00,3.50,3720.00,213073.00,1.00,0.00,2.00,3.00,10.00,3720.00,0.00,2007.00,0.00,98010.00,47.32,-121.94,2190.00,59241.00
1622049242.00,20150304T000000,550000.00,4.00,2.50,3148.00,9612.00,2.00,0.00,3.00,3.00,9.00,3148.00,0.00,2014.00,0.00,98198.00,47.40,-122.31,3000.00,11475.00
7203120050.00,20141008T000000,789500.00,4.00,3.25,3240.00,4852.00,2.00,0.00,0.00,3.00,9.00,3240.00,0.00,2010.00,0.00,98053.00,47.70,-122.02,3320.00,5318.00
7853360250.00,20140710T000000,592000.00,5.00,3.50,3340.00,5000.00,2.00,0.00,0.00,3.00,8.00,2580.00,760.00,2012.00,0.00,98065.00,47.52,-121.87,3420.00,5000.00
1327600190.00,20150410T000000,454950.00,4.00,2.50,2413.00,5701.00,2.00,0.00,0.00,3.00,8.00,2413.00,0.00,2014.00,0.00,98042.00,47.37,-122.16,2380.00,5725.00
4187000250.00,20150413T000000,475000.00,4.00,2.50,2500.00,4500.00,2.00,0.00,0.00,3.00,7.00,2500.00,0.00,2010.00,0.00,98059.00,47.49,-122.15,2230.00,4500.00
2902201300.00,20141229T000000,659000.00,2.00,1.75,1180.00,904.00,2.00,0.00,0.00,3.00,10.00,780.00,400.00,2014.00,0.00,98102.00,47.64,-122.33,1380.00,3610.00
1635500250.00,20141124T000000,570000.00,4.00,2.50,2890.00,5801.00,2.00,0.00,0.00,3.00,9.00,2890.00,0.00,2005.00,0.00,98028.00,47.73,-122.24,2890.00,6286.00
6031400094.00,20150226T000000,347500.00,5.00,3.00,2230.00,6551.00,1.00,0.00,0.00,3.00,7.00,1330.00,900.00,2014.00,0.00,98168.00,47.49,-122.32,2230.00,9476.00
6601200250.00,20150402T000000,205000.00,4.00,2.50,1767.00,4500.00,2.00,0.00,0.00,3.00,8.00,1767.00,0.00,2006.00,0.00,98001.00,47.26,-122.25,1949.00,4636.00
9358001403.00,20140903T000000,380000.00,3.00,3.25,1450.00,1468.00,2.00,0.00,0.00,3.00,8.00,1100.00,350.00,2009.00,0.00,98126.00,47.57,-122.37,1450.00,1478.00
4216500020.00,20141003T000000,718000.00,5.00,2.75,2930.00,7663.00,2.00,0.00,0.00,3.00,9.00,2930.00,0.00,2013.00,0.00,98056.00,47.53,-122.18,2750.00,10335.00
1438000440.00,20140724T000000,515805.00,5.00,2.75,2710.00,4136.00,2.00,0.00,0.00,3.00,8.00,2710.00,0.00,2014.00,0.00,98059.00,47.48,-122.12,2590.00,4136.00
6061500130.00,20140714T000000,1029280.00,4.00,3.25,3600.00,18645.00,2.00,0.00,1.00,3.00,10.00,3000.00,600.00,2013.00,0.00,98059.00,47.53,-122.15,3970.00,10957.00
3862710050.00,20141113T000000,437718.00,3.00,2.50,1800.00,3265.00,2.00,0.00,0.00,3.00,8.00,1800.00,0.00,2014.00,0.00,98065.00,47.53,-121.84,1800.00,3663.00
7604400114.00,20140814T000000,450000.00,4.00,2.50,2290.00,5515.00,2.00,0.00,0.00,3.00,8.00,2290.00,0.00,2006.00,0.00,98106.00,47.55,-122.36,1380.00,5515.00
9828702649.00,20141028T000000,515000.00,3.00,2.50,1510.00,1178.00,2.00,0.00,0.00,3.00,8.00,1060.00,450.00,2007.00,0.00,98122.00,47.62,-122.30,1510.00,1210.00
2946003947.00,20150302T000000,204000.00,2.00,2.50,1090.00,13444.00,2.00,0.00,0.00,3.00,7.00,1090.00,0.00,2007.00,0.00,98198.00,47.42,-122.32,1380.00,6000.00
993000307.00,20140523T000000,360000.00,3.00,2.00,1270.00,1323.00,3.00,0.00,0.00,3.00,8.00,1270.00,0.00,2006.00,0.00,98103.00,47.69,-122.34,1330.00,1323.00
3362400094.00,20141203T000000,550000.00,3.00,2.25,1540.00,1005.00,3.00,0.00,0.00,3.00,8.00,1540.00,0.00,2008.00,0.00,98103.00,47.68,-122.35,1510.00,1501.00
7853380480.00,20140529T000000,650880.00,3.00,2.50,2930.00,6050.00,2.00,0.00,0.00,3.00,9.00,2930.00,0.00,2008.00,0.00,98065.00,47.52,-121.88,2760.00,5765.00
3893100462.00,20150225T000000,1789950.00,5.00,3.75,4360.00,8504.00,2.00,0.00,4.00,3.00,10.00,3530.00,830.00,2014.00,0.00,98033.00,47.69,-122.19,2680.00,9000.00
2326600130.00,20150225T000000,895900.00,4.00,3.50,3640.00,4983.00,2.00,0.00,3.00,3.00,9.00,2790.00,850.00,2014.00,0.00,98075.00,47.56,-122.03,3270.00,14700.00
3424069008.00,20140606T000000,585000.00,4.00,2.50,2430.00,4747.00,2.00,0.00,0.00,3.00,8.00,2430.00,0.00,2008.00,0.00,98027.00,47.53,-122.03,1930.00,7200.00
3277801586.00,20150508T000000,380000.00,3.00,2.25,1520.00,1464.00,2.00,0.00,0.00,3.00,8.00,1240.00,280.00,2010.00,0.00,98126.00,47.54,-122.38,1710.00,1464.00
5045700250.00,20141118T000000,565997.00,5.00,2.75,2730.00,5820.00,2.00,0.00,0.00,3.00,8.00,2730.00,0.00,2014.00,0.00,98059.00,47.49,-122.15,2730.00,5700.00
3278603000.00,20150504T000000,459000.00,3.00,3.00,2440.00,2076.00,2.00,0.00,0.00,3.00,8.00,1930.00,510.00,2006.00,0.00,98126.00,47.55,-122.37,2440.00,2310.00
7548800050.00,20150421T000000,550000.00,3.00,3.75,1580.00,1303.00,2.00,0.00,0.00,3.00,8.00,1340.00,240.00,2010.00,0.00,98144.00,47.59,-122.32,1560.00,1294.00
1972201964.00,20140725T000000,500000.00,3.00,2.25,1420.00,983.00,3.00,0.00,0.00,3.00,8.00,1420.00,0.00,2006.00,0.00,98103.00,47.65,-122.35,1530.00,1280.00
3395070980.00,20150327T000000,461500.00,5.00,3.25,2820.00,3275.00,2.00,0.00,0.00,3.00,8.00,2230.00,590.00,2006.00,0.00,98118.00,47.53,-122.28,2610.00,3275.00
5710000005.00,20140522T000000,2150000.00,4.00,5.50,5060.00,10320.00,2.00,0.00,0.00,3.00,11.00,5060.00,0.00,2008.00,0.00,98004.00,47.62,-122.21,3010.00,10080.00
9319800050.00,20150421T000000,790000.00,4.00,2.50,2650.00,5000.00,2.00,0.00,0.00,3.00,8.00,2650.00,0.00,2007.00,0.00,98116.00,47.56,-122.40,1110.00,6250.00
3303700221.00,20140627T000000,735000.00,3.00,2.25,1490.00,1212.00,2.00,0.00,0.00,3.00,9.00,1040.00,450.00,2011.00,0.00,98112.00,47.62,-122.31,1490.00,1337.00
3304300080.00,20150330T000000,588000.00,4.00,2.50,3060.00,7710.00,2.00,0.00,0.00,3.00,9.00,3060.00,0.00,2009.00,0.00,98059.00,47.48,-122.14,3040.00,7840.00
642800130.00,20150513T000000,724500.00,3.00,3.25,3240.00,4185.00,2.00,0.00,0.00,3.00,8.00,2770.00,470.00,2011.00,0.00,98075.00,47.58,-122.03,2660.00,4692.00
6192410480.00,20140709T000000,749000.00,3.00,2.75,2820.00,5348.00,2.00,0.00,0.00,3.00,9.00,2820.00,0.00,2008.00,0.00,98052.00,47.71,-122.12,3140.00,5640.00
6127000480.00,20140918T000000,720000.00,5.00,3.50,4140.00,7642.00,2.00,0.00,0.00,3.00,8.00,4140.00,0.00,2003.00,0.00,98075.00,47.59,-122.01,3330.00,6953.00
6145601599.00,20140611T000000,250000.00,2.00,1.50,982.00,846.00,2.00,0.00,0.00,3.00,8.00,806.00,176.00,2006.00,0.00,98133.00,47.70,-122.35,1010.00,3844.00
3630200460.00,20150327T000000,790000.00,3.00,2.75,2460.00,3600.00,2.00,0.00,0.00,3.00,9.00,2460.00,0.00,2007.00,0.00,98029.00,47.54,-121.99,2570.00,3600.00
3845101100.00,20150121T000000,392440.00,4.00,2.50,2547.00,4800.00,2.00,0.00,0.00,3.00,9.00,2547.00,0.00,2014.00,0.00,98092.00,47.26,-122.19,2598.00,4800.00
6792200066.00,20140725T000000,280000.00,4.00,2.25,1834.00,7460.00,2.00,0.00,0.00,3.00,8.00,1834.00,0.00,2012.00,0.00,98042.00,47.36,-122.16,1979.00,9008.00
5317100294.00,20141113T000000,1333000.00,4.00,4.50,3130.00,5126.00,3.00,0.00,0.00,3.00,10.00,2450.00,680.00,2014.00,0.00,98112.00,47.62,-122.29,2540.00,7784.00
8150600250.00,20141217T000000,649000.00,4.00,2.50,2730.00,4847.00,2.00,0.00,0.00,3.00,9.00,2730.00,0.00,2008.00,0.00,98126.00,47.55,-122.37,1250.00,4840.00
9376301112.00,20141031T000000,457000.00,2.00,2.50,1380.00,1329.00,2.00,0.00,0.00,3.00,8.00,1050.00,330.00,2008.00,0.00,98117.00,47.69,-122.37,1360.00,3750.00
856000635.00,20150323T000000,2225000.00,4.00,4.25,4700.00,10800.00,2.00,0.00,1.00,3.00,11.00,3910.00,790.00,2002.00,0.00,98033.00,47.69,-122.21,2370.00,7680.00
9320350130.00,20140823T000000,453000.00,3.00,3.00,2330.00,4284.00,2.00,0.00,0.00,3.00,9.00,1920.00,410.00,2004.00,0.00,98108.00,47.55,-122.31,2330.00,3709.00
7694200380.00,20140922T000000,329780.00,3.00,2.50,1730.00,3600.00,2.00,0.00,0.00,3.00,8.00,1730.00,0.00,2014.00,0.00,98146.00,47.50,-122.34,2030.00,3600.00
635000009.00,20141112T000000,1050000.00,2.00,2.50,2350.00,2390.00,3.00,0.00,2.00,3.00,10.00,2000.00,350.00,2007.00,0.00,98144.00,47.60,-122.29,1950.00,2390.00
7853440050.00,20150505T000000,771005.00,5.00,4.50,4000.00,6713.00,2.00,0.00,0.00,3.00,9.00,4000.00,0.00,2015.00,0.00,98024.00,47.53,-121.89,3690.00,6600.00
8563010130.00,20140725T000000,1300000.00,3.00,2.50,3350.00,7752.00,1.00,0.00,0.00,3.00,9.00,2180.00,1170.00,2009.00,0.00,98008.00,47.63,-122.10,2570.00,7988.00
2767604592.00,20140619T000000,607500.00,3.00,3.25,1530.00,1612.00,3.00,0.00,0.00,3.00,8.00,1530.00,0.00,2006.00,0.00,98107.00,47.67,-122.38,1530.00,1611.00
1332700020.00,20150116T000000,278000.00,2.00,2.25,1610.00,1968.00,2.00,0.00,0.00,4.00,7.00,1610.00,0.00,1979.00,0.00,98056.00,47.52,-122.20,1950.00,1968.00
1442870440.00,20140702T000000,475000.00,4.00,2.75,2620.00,6178.00,2.00,0.00,0.00,3.00,8.00,2620.00,0.00,2013.00,0.00,98045.00,47.48,-121.77,2790.00,6538.00
5347200179.00,20140814T000000,270000.00,3.00,2.00,1300.00,1920.00,2.00,0.00,0.00,3.00,8.00,850.00,450.00,2006.00,0.00,98126.00,47.52,-122.38,1300.00,1344.00
8924100372.00,20150423T000000,1302000.00,4.00,3.50,3590.00,5334.00,2.00,0.00,2.00,3.00,9.00,3140.00,450.00,2006.00,0.00,98115.00,47.68,-122.27,2100.00,6250.00
6666830170.00,20140811T000000,778983.00,4.00,2.50,2490.00,5647.00,2.00,0.00,0.00,3.00,8.00,2490.00,0.00,2014.00,0.00,98052.00,47.70,-122.11,2970.00,5450.00
3336000052.00,20141022T000000,221000.00,3.00,2.50,1320.00,1780.00,2.00,0.00,0.00,3.00,7.00,880.00,440.00,2005.00,0.00,98118.00,47.53,-122.27,3040.00,6000.00
2895800380.00,20140821T000000,338800.00,4.00,2.25,1800.00,2752.00,2.00,0.00,0.00,3.00,8.00,1800.00,0.00,2014.00,0.00,98106.00,47.52,-122.35,1800.00,2752.00
1042700250.00,20140804T000000,834995.00,5.00,1.50,3360.00,5225.00,2.00,0.00,0.00,3.00,9.00,3360.00,0.00,2014.00,0.00,98074.00,47.61,-122.05,3230.00,5368.00
7787920250.00,20150501T000000,550000.00,4.00,2.50,3220.00,9328.00,2.00,0.00,0.00,3.00,8.00,3220.00,0.00,2006.00,0.00,98019.00,47.73,-121.96,3020.00,9300.00
3026059363.00,20141031T000000,575000.00,3.00,3.50,2514.00,1559.00,2.00,0.00,0.00,3.00,8.00,2024.00,490.00,2007.00,0.00,98034.00,47.70,-122.21,2090.00,10454.00
3590000050.00,20140923T000000,649000.00,4.00,2.75,3130.00,9711.00,2.00,0.00,0.00,3.00,9.00,3130.00,0.00,2014.00,0.00,98059.00,47.48,-122.12,1570.00,10500.00
7853361410.00,20140530T000000,545000.00,4.00,2.50,2720.00,4738.00,2.00,0.00,0.00,3.00,8.00,2720.00,0.00,2012.00,0.00,98065.00,47.52,-121.87,2590.00,5740.00
1355300009.00,20141120T000000,625000.00,2.00,2.25,1390.00,916.00,2.00,0.00,0.00,3.00,8.00,1165.00,225.00,2007.00,0.00,98122.00,47.62,-122.31,1415.00,1488.00
8835800010.00,20141223T000000,1042000.00,4.00,4.50,4920.00,270236.00,2.00,0.00,3.00,3.00,10.00,3820.00,1100.00,2006.00,0.00,98045.00,47.47,-121.78,4920.00,260924.00
9268851680.00,20140516T000000,611000.00,3.00,2.50,2134.00,1984.00,2.50,0.00,0.00,3.00,8.00,2134.00,0.00,2008.00,0.00,98027.00,47.54,-122.03,2170.00,1984.00
8096800500.00,20150317T000000,300000.00,3.00,2.50,1741.00,5701.00,2.00,0.00,0.00,3.00,8.00,1741.00,0.00,2012.00,0.00,98030.00,47.38,-122.18,2002.00,5700.00
7202261060.00,20141229T000000,577000.00,3.00,2.50,2560.00,5238.00,2.00,0.00,0.00,3.00,8.00,2560.00,0.00,2001.00,0.00,98053.00,47.69,-122.04,2560.00,5185.00
7237450130.00,20141020T000000,349990.00,4.00,2.50,2220.00,3561.00,2.00,0.00,0.00,3.00,8.00,2220.00,0.00,2014.00,0.00,98038.00,47.36,-122.06,2530.00,4449.00
3630130010.00,20140714T000000,650000.00,3.00,2.50,1910.00,4363.00,2.00,0.00,0.00,3.00,9.00,1910.00,0.00,2006.00,0.00,98029.00,47.55,-122.00,1890.00,3732.00
567000381.00,20150328T000000,378000.00,2.00,1.50,980.00,853.00,2.00,0.00,0.00,3.00,7.00,820.00,160.00,2009.00,0.00,98144.00,47.59,-122.30,1130.00,1270.00
1760650290.00,20150205T000000,313200.00,3.00,2.50,1950.00,4197.00,2.00,0.00,0.00,3.00,7.00,1950.00,0.00,2013.00,0.00,98042.00,47.36,-122.08,2300.00,4178.00
1024069215.00,20140912T000000,1206690.00,5.00,4.25,4150.00,12015.00,2.00,0.00,0.00,3.00,10.00,4150.00,0.00,2014.00,0.00,98075.00,47.58,-122.02,3230.00,27520.00
1105000373.00,20150506T000000,252500.00,2.00,1.50,1110.00,986.00,2.00,0.00,0.00,3.00,7.00,950.00,160.00,2009.00,0.00,98118.00,47.54,-122.27,1110.00,3515.00
1773100561.00,20150305T000000,308000.00,3.00,2.50,1250.00,1150.00,2.00,0.00,0.00,3.00,8.00,1080.00,170.00,2009.00,0.00,98106.00,47.56,-122.36,1250.00,1150.00
9510860840.00,20140515T000000,803100.00,4.00,2.50,3310.00,5404.00,2.00,0.00,0.00,3.00,9.00,3310.00,0.00,2004.00,0.00,98052.00,47.66,-122.08,2600.00,4730.00
4187000660.00,20140618T000000,415000.00,4.00,2.50,2020.00,5501.00,2.00,0.00,0.00,3.00,7.00,2020.00,0.00,2010.00,0.00,98059.00,47.49,-122.15,2020.00,5494.00
7203120020.00,20140814T000000,785000.00,4.00,3.50,3310.00,4850.00,2.00,0.00,0.00,3.00,9.00,3310.00,0.00,2010.00,0.00,98053.00,47.70,-122.02,3320.00,5955.00
8559300020.00,20140528T000000,499950.00,4.00,2.50,2798.00,4473.00,2.00,0.00,0.00,3.00,9.00,2798.00,0.00,2012.00,0.00,98055.00,47.43,-122.21,2358.00,4593.00
3356402705.00,20150317T000000,216000.00,4.00,2.50,1847.00,8000.00,2.00,0.00,0.00,3.00,7.00,1847.00,0.00,2008.00,0.00,98001.00,47.29,-122.26,1767.00,8000.00
662440020.00,20150226T000000,380000.00,4.00,2.50,2420.00,4981.00,2.00,0.00,0.00,3.00,9.00,2420.00,0.00,2009.00,0.00,98038.00,47.38,-122.02,2420.00,5000.00
255370020.00,20141106T000000,345000.00,4.00,2.50,2020.00,3600.00,2.00,0.00,0.00,3.00,7.00,2020.00,0.00,2012.00,0.00,98038.00,47.35,-122.02,2210.00,3800.00
293810190.00,20141104T000000,456500.00,4.00,2.50,2400.00,6811.00,2.00,0.00,0.00,3.00,8.00,2400.00,0.00,2007.00,0.00,98059.00,47.50,-122.15,2710.00,5314.00
8091670190.00,20141104T000000,382495.00,3.00,2.50,1760.00,5390.00,1.00,0.00,0.00,3.00,8.00,1760.00,0.00,2014.00,0.00,98038.00,47.35,-122.04,2310.00,5117.00
1760650280.00,20150306T000000,324950.00,4.00,2.50,2110.00,4178.00,2.00,0.00,0.00,3.00,7.00,2110.00,0.00,2013.00,0.00,98042.00,47.36,-122.08,2300.00,4142.00
6306800010.00,20140811T000000,436472.00,4.00,2.50,2692.00,8392.00,2.00,0.00,0.00,3.00,9.00,2692.00,0.00,2014.00,0.00,98030.00,47.35,-122.20,2574.00,14446.00
982850010.00,20140530T000000,365250.00,3.00,2.25,1490.00,4522.00,2.00,0.00,0.00,3.00,7.00,1490.00,0.00,2009.00,0.00,98028.00,47.76,-122.23,1580.00,4667.00
6705600020.00,20150324T000000,919990.00,5.00,3.25,3960.00,6352.00,2.00,0.00,0.00,3.00,10.00,3960.00,0.00,2014.00,0.00,98075.00,47.58,-122.06,2930.00,9875.00
9478550430.00,20150429T000000,316475.00,4.00,2.50,1740.00,4642.00,2.00,0.00,0.00,3.00,7.00,1740.00,0.00,2012.00,0.00,98042.00,47.37,-122.12,1950.00,4642.00
5498100010.00,20150324T000000,425000.00,4.00,2.50,1940.00,4517.00,1.00,0.00,0.00,3.00,8.00,1190.00,750.00,2010.00,0.00,98028.00,47.78,-122.26,1910.00,10410.00
7625702901.00,20150311T000000,302860.00,2.00,1.00,970.00,3279.00,2.00,0.00,0.00,3.00,7.00,790.00,180.00,2007.00,0.00,98136.00,47.55,-122.38,1150.00,1351.00
301401410.00,20140722T000000,298000.00,3.00,2.50,1852.00,4000.00,2.00,0.00,0.00,3.00,7.00,1852.00,0.00,2014.00,0.00,98002.00,47.35,-122.21,2166.00,4000.00
251500080.00,20140826T000000,3204000.00,4.00,4.00,4810.00,18851.00,2.00,0.00,3.00,3.00,11.00,4810.00,0.00,2007.00,0.00,98004.00,47.64,-122.21,3970.00,19929.00
521049227.00,20141201T000000,950000.00,4.00,4.00,5635.00,9695.00,2.00,0.00,3.00,3.00,10.00,4360.00,1275.00,2011.00,0.00,98003.00,47.34,-122.33,3726.00,9765.00
100300500.00,20141121T000000,333000.00,3.00,2.50,1520.00,3041.00,2.00,0.00,0.00,3.00,7.00,1520.00,0.00,2009.00,0.00,98059.00,47.49,-122.15,1820.00,3229.00
8669160460.00,20150305T000000,289950.00,3.00,2.50,2099.00,4275.00,2.00,0.00,0.00,3.00,7.00,2099.00,0.00,2010.00,0.00,98002.00,47.35,-122.21,2099.00,4275.00
2810100007.00,20150506T000000,419950.00,3.00,2.25,1250.00,811.00,3.00,0.00,0.00,3.00,8.00,1250.00,0.00,2014.00,0.00,98136.00,47.54,-122.39,1250.00,1232.00
6749700006.00,20140715T000000,306000.00,2.00,1.50,1090.00,1183.00,3.00,0.00,0.00,3.00,8.00,1090.00,0.00,2008.00,0.00,98103.00,47.70,-122.35,1110.00,1384.00
1085623730.00,20141129T000000,498445.00,4.00,2.50,3216.00,5902.00,2.00,0.00,0.00,3.00,9.00,3216.00,0.00,2014.00,0.00,98030.00,47.34,-122.18,2815.00,4916.00
6666830430.00,20140620T000000,775950.00,4.00,2.50,2970.00,4400.00,2.00,0.00,0.00,3.00,8.00,2970.00,0.00,2014.00,0.00,98052.00,47.71,-122.11,3010.00,4892.00
7852110380.00,20140703T000000,605000.00,3.00,2.50,2610.00,6405.00,2.00,0.00,0.00,3.00,8.00,2610.00,0.00,2001.00,0.00,98065.00,47.54,-121.87,2580.00,6285.00
8080400177.00,20140909T000000,520000.00,2.00,1.75,1340.00,1368.00,2.00,0.00,0.00,3.00,7.00,1060.00,280.00,2006.00,0.00,98122.00,47.62,-122.31,2480.00,1707.00
293070010.00,20141028T000000,849990.00,4.00,2.75,3300.00,4987.00,2.00,0.00,0.00,3.00,9.00,3300.00,0.00,2014.00,0.00,98074.00,47.62,-122.06,3520.00,5453.00
9144100007.00,20140604T000000,767450.00,3.00,2.00,1630.00,7599.00,1.00,0.00,0.00,3.00,10.00,1630.00,0.00,2006.00,0.00,98117.00,47.70,-122.38,2030.00,7599.00
7234601142.00,20140808T000000,665000.00,3.00,2.25,1590.00,929.00,2.00,0.00,0.00,3.00,9.00,1060.00,530.00,2014.00,0.00,98122.00,47.62,-122.31,1510.00,1193.00
1972200426.00,20140918T000000,525000.00,2.00,2.75,1310.00,1268.00,3.50,0.00,0.00,3.00,8.00,1310.00,0.00,2007.00,0.00,98103.00,47.65,-122.36,1350.00,1288.00
7768800280.00,20140722T000000,870515.00,4.00,3.50,3600.00,5697.00,2.00,0.00,0.00,3.00,9.00,2940.00,660.00,2014.00,0.00,98075.00,47.58,-122.07,3490.00,5911.00
9512200420.00,20140721T000000,390000.00,4.00,2.50,2154.00,4153.00,2.00,0.00,0.00,3.00,9.00,2154.00,0.00,2012.00,0.00,98058.00,47.46,-122.13,2154.00,4091.00
7132300525.00,20150411T000000,500000.00,3.00,1.75,1530.00,825.00,3.00,0.00,0.00,3.00,8.00,1530.00,0.00,2015.00,0.00,98144.00,47.59,-122.31,1580.00,1915.00
7515000143.00,20140805T000000,399950.00,3.00,2.25,1360.00,1041.00,2.00,0.00,0.00,3.00,8.00,1094.00,266.00,2006.00,0.00,98117.00,47.69,-122.38,1522.00,1382.00
3395070440.00,20150209T000000,305000.00,3.00,2.50,1320.00,2480.00,2.00,0.00,0.00,3.00,7.00,1320.00,0.00,2005.00,0.00,98118.00,47.54,-122.28,1320.00,3240.00
629650380.00,20150123T000000,255000.00,4.00,2.50,1660.00,6724.00,2.00,0.00,0.00,3.00,7.00,1660.00,0.00,2009.00,0.00,98001.00,47.26,-122.26,1544.00,6054.00
1115600130.00,20140930T000000,415000.00,4.00,2.50,2891.00,6499.00,2.00,0.00,0.00,3.00,9.00,2891.00,0.00,2014.00,0.00,98001.00,47.34,-122.26,2550.00,8383.00
8562790950.00,20150327T000000,716500.00,3.00,2.50,2340.00,2155.00,2.00,0.00,0.00,3.00,10.00,2120.00,220.00,2012.00,0.00,98027.00,47.53,-122.07,2640.00,2680.00
3413700130.00,20140625T000000,425000.00,3.00,2.50,2320.00,2267.00,3.00,0.00,0.00,3.00,8.00,2320.00,0.00,2009.00,0.00,98177.00,47.70,-122.36,1240.00,1883.00
9532000170.00,20150217T000000,540000.00,4.00,2.50,2190.00,3855.00,2.00,0.00,0.00,3.00,8.00,2190.00,0.00,2010.00,0.00,98011.00,47.77,-122.17,2190.00,3600.00
255450380.00,20140804T000000,324747.00,3.00,2.50,2060.00,4742.00,2.00,0.00,0.00,3.00,8.00,2060.00,0.00,2014.00,0.00,98038.00,47.37,-122.02,2370.00,4725.00
7203140420.00,20150128T000000,385000.00,3.00,2.50,1740.00,4145.00,2.00,0.00,0.00,3.00,7.00,1740.00,0.00,2010.00,0.00,98053.00,47.69,-122.02,1740.00,4045.00
1760650670.00,20140812T000000,270000.00,3.00,2.25,1400.00,3825.00,2.00,0.00,0.00,3.00,7.00,1400.00,0.00,2012.00,0.00,98042.00,47.36,-122.08,2110.00,3825.00
5556300098.00,20140612T000000,1240000.00,5.00,4.00,4410.00,14380.00,2.00,0.00,0.00,3.00,11.00,4410.00,0.00,2006.00,0.00,98052.00,47.65,-122.12,2720.00,11454.00
8129700743.00,20150416T000000,672000.00,3.00,2.50,1780.00,1647.00,2.00,0.00,0.00,3.00,8.00,1080.00,700.00,2008.00,0.00,98103.00,47.66,-122.36,2000.00,1741.00
3023000050.00,20150129T000000,310000.00,3.00,2.50,1760.00,10137.00,2.00,0.00,0.00,3.00,8.00,1760.00,0.00,2010.00,0.00,98038.00,47.36,-122.06,2000.00,6935.00
518500480.00,20140811T000000,3000000.00,3.00,3.50,4410.00,10756.00,2.00,1.00,4.00,3.00,11.00,3430.00,980.00,2014.00,0.00,98056.00,47.53,-122.21,3550.00,5634.00
1725059127.00,20150225T000000,2350000.00,6.00,4.25,5550.00,11547.00,2.00,0.00,2.00,3.00,11.00,4270.00,1280.00,2014.00,0.00,98033.00,47.65,-122.20,3480.00,11547.00
9511120050.00,20140627T000000,427000.00,3.00,2.50,2432.00,9391.00,2.00,0.00,2.00,3.00,9.00,2432.00,0.00,2005.00,0.00,98001.00,47.35,-122.27,2912.00,8932.00
8943600430.00,20150423T000000,389950.00,3.00,2.50,2283.00,3996.00,2.00,0.00,0.00,3.00,8.00,2283.00,0.00,2008.00,0.00,98031.00,47.42,-122.19,1760.00,3992.00
9429400170.00,20140625T000000,309620.00,3.00,2.50,1860.00,3730.00,2.00,0.00,0.00,3.00,8.00,1860.00,0.00,2012.00,0.00,98019.00,47.74,-121.98,2110.00,4509.00
3845101150.00,20140701T000000,399895.00,4.00,2.50,2701.00,4500.00,2.00,0.00,0.00,3.00,9.00,2701.00,0.00,2014.00,0.00,98092.00,47.26,-122.19,2570.00,4800.00
1085623560.00,20150202T000000,442515.00,4.00,2.50,2930.00,4875.00,2.00,0.00,0.00,3.00,9.00,2930.00,0.00,2014.00,0.00,98030.00,47.34,-122.18,2815.00,4900.00
263000255.00,20141202T000000,375000.00,3.00,2.25,1540.00,1561.00,3.00,0.00,0.00,3.00,8.00,1540.00,0.00,2010.00,0.00,98103.00,47.70,-122.35,1540.00,1547.00
7299600130.00,20140702T000000,309780.00,3.00,2.50,2242.00,4500.00,2.00,0.00,0.00,3.00,8.00,2242.00,0.00,2014.00,0.00,98092.00,47.26,-122.20,2009.00,4500.00
7853320280.00,20150312T000000,425000.00,3.00,2.50,1950.00,4345.00,2.00,0.00,0.00,3.00,7.00,1950.00,0.00,2007.00,0.00,98065.00,47.52,-121.87,2260.00,4345.00
4253400098.00,20150501T000000,405000.00,2.00,3.00,1160.00,1073.00,2.00,0.00,0.00,3.00,7.00,880.00,280.00,2007.00,0.00,98144.00,47.58,-122.32,1250.00,4812.00
3814900380.00,20140719T000000,356250.00,3.00,2.50,2060.00,5115.00,2.00,0.00,0.00,3.00,9.00,2060.00,0.00,2014.00,0.00,98092.00,47.33,-122.16,2648.00,4500.00
6821101732.00,20150219T000000,550000.00,3.00,2.25,1230.00,875.00,3.00,0.00,0.00,3.00,8.00,1230.00,0.00,2013.00,0.00,98199.00,47.65,-122.40,1760.00,5664.00
3644100086.00,20140505T000000,340000.00,2.00,1.50,1160.00,1438.00,2.00,0.00,0.00,3.00,7.00,1160.00,0.00,2001.00,0.00,98144.00,47.59,-122.30,1220.00,1740.00
7237450080.00,20140823T000000,362865.00,4.00,2.50,2245.00,4301.00,2.00,0.00,0.00,3.00,8.00,2245.00,0.00,2014.00,0.00,98038.00,47.36,-122.06,2530.00,4478.00
6389970010.00,20150323T000000,1360000.00,4.00,3.50,4120.00,12626.00,2.00,0.00,1.00,3.00,11.00,3970.00,150.00,2014.00,0.00,98034.00,47.71,-122.25,4120.00,11913.00
9578090050.00,20140505T000000,830000.00,4.00,2.50,3400.00,9692.00,2.00,0.00,0.00,3.00,9.00,3400.00,0.00,2007.00,0.00,98052.00,47.71,-122.11,3070.00,7375.00
1489300005.00,20140801T000000,1598000.00,5.00,3.75,4270.00,7500.00,2.00,0.00,0.00,3.00,10.00,3210.00,1060.00,2014.00,0.00,98033.00,47.68,-122.21,2410.00,8350.00
7768800290.00,20150304T000000,855000.00,4.00,3.50,2890.00,5911.00,2.00,0.00,0.00,3.00,9.00,2370.00,520.00,2014.00,0.00,98075.00,47.58,-122.07,3490.00,6093.00
1245003220.00,20140819T000000,1205000.00,5.00,3.50,3220.00,8000.00,2.00,0.00,0.00,3.00,9.00,2900.00,320.00,2008.00,0.00,98033.00,47.68,-122.20,2100.00,9680.00
5608000010.00,20140811T000000,1385000.00,4.00,3.50,4010.00,15365.00,2.00,0.00,1.00,3.00,11.00,4010.00,0.00,2006.00,0.00,98027.00,47.55,-122.09,3550.00,13429.00
5379805260.00,20150326T000000,400200.00,4.00,3.50,2260.00,30250.00,2.00,0.00,0.00,3.00,7.00,2260.00,0.00,2013.00,0.00,98188.00,47.45,-122.28,1270.00,16350.00
3278600670.00,20140523T000000,235000.00,2.00,1.00,1140.00,1730.00,1.50,0.00,0.00,3.00,8.00,1010.00,130.00,2007.00,0.00,98126.00,47.55,-122.37,1360.00,1730.00
2781240050.00,20150507T000000,349950.00,3.00,2.00,1640.00,4714.00,1.00,0.00,0.00,3.00,8.00,1640.00,0.00,2009.00,0.00,98038.00,47.35,-122.02,1770.00,4802.00
7502800050.00,20140709T000000,659950.00,4.00,2.75,3510.00,9400.00,2.00,0.00,0.00,3.00,9.00,3510.00,0.00,2014.00,0.00,98059.00,47.48,-122.13,3550.00,9429.00
9544700500.00,20140508T000000,785000.00,3.00,2.75,3010.00,1842.00,2.00,0.00,0.00,3.00,9.00,3010.00,0.00,2011.00,0.00,98075.00,47.58,-121.99,2950.00,4200.00
2771603314.00,20150416T000000,475000.00,2.00,2.25,1060.00,925.00,2.00,0.00,0.00,3.00,8.00,980.00,80.00,2006.00,0.00,98199.00,47.64,-122.39,1020.00,4000.00
4181200680.00,20140527T000000,263900.00,3.00,2.50,1658.00,2700.00,2.00,0.00,0.00,3.00,8.00,1658.00,0.00,2014.00,0.00,98198.00,47.37,-122.31,1658.00,2700.00
9347300010.00,20150501T000000,342000.00,3.00,2.50,1960.00,3540.00,2.00,0.00,0.00,3.00,8.00,1960.00,0.00,2012.00,0.00,98038.00,47.36,-122.06,1840.00,3825.00
255450020.00,20140918T000000,367899.00,3.00,2.50,2420.00,4725.00,2.00,0.00,0.00,3.00,8.00,2420.00,0.00,2014.00,0.00,98038.00,47.37,-122.02,2370.00,4200.00
7230200585.00,20150204T000000,657044.00,3.00,3.50,3420.00,23786.00,1.50,0.00,0.00,3.00,9.00,3420.00,0.00,2014.00,0.00,98059.00,47.47,-122.11,1590.00,23774.00
9828702771.00,20141113T000000,359950.00,2.00,1.50,893.00,965.00,2.00,0.00,0.00,3.00,8.00,893.00,0.00,2007.00,0.00,98122.00,47.62,-122.30,1340.00,1436.00
9492500170.00,20140723T000000,879950.00,4.00,2.75,3020.00,7203.00,2.00,0.00,0.00,3.00,9.00,3020.00,0.00,2014.00,0.00,98033.00,47.69,-122.18,3010.00,7215.00
9265880170.00,20140826T000000,550000.00,4.00,2.50,2470.00,5954.00,2.00,0.00,0.00,3.00,8.00,2470.00,0.00,2013.00,0.00,98028.00,47.77,-122.24,2470.00,4800.00
7299600920.00,20141209T000000,279000.00,4.00,2.50,2009.00,4800.00,2.00,0.00,0.00,3.00,8.00,2009.00,0.00,2012.00,0.00,98092.00,47.26,-122.20,1798.00,4800.00
8690600050.00,20140718T000000,255000.00,3.00,2.50,1530.00,1116.00,2.50,0.00,0.00,3.00,7.00,1530.00,0.00,2005.00,0.00,98028.00,47.74,-122.25,1530.00,7780.00
1176001119.00,20150224T000000,609500.00,3.00,1.75,1590.00,1113.00,3.00,0.00,0.00,3.00,8.00,1590.00,0.00,2014.00,0.00,98107.00,47.67,-122.40,1520.00,1357.00
3449850050.00,20140620T000000,420000.00,5.00,3.00,2630.00,3149.00,2.00,0.00,0.00,3.00,8.00,1670.00,960.00,2013.00,0.00,98056.00,47.51,-122.17,2240.00,4825.00
9211000170.00,20141008T000000,570000.00,4.00,2.50,3230.00,7187.00,2.00,0.00,0.00,3.00,9.00,3230.00,0.00,2008.00,0.00,98059.00,47.50,-122.15,2950.00,6537.00
6056111350.00,20150512T000000,439000.00,3.00,2.25,1430.00,2343.00,2.00,0.00,0.00,3.00,8.00,1430.00,0.00,2012.00,0.00,98108.00,47.56,-122.29,1270.00,1916.00
7299601630.00,20141108T000000,310000.00,3.00,2.50,2242.00,5744.00,2.00,0.00,0.00,3.00,8.00,2242.00,0.00,2012.00,0.00,98092.00,47.26,-122.20,2009.00,5712.00
7133300380.00,20150209T000000,635000.00,4.00,2.50,2500.00,4000.00,2.00,0.00,0.00,3.00,8.00,2500.00,0.00,2014.00,0.00,98144.00,47.59,-122.31,1480.00,4300.00
2770601775.00,20141128T000000,399950.00,3.00,2.50,1230.00,922.00,2.00,0.00,0.00,3.00,8.00,1080.00,150.00,2009.00,0.00,98199.00,47.65,-122.38,1230.00,1237.00
3630200630.00,20140805T000000,805000.00,4.00,2.50,3020.00,3600.00,2.50,0.00,0.00,3.00,9.00,3020.00,0.00,2009.00,0.00,98029.00,47.54,-121.99,2570.00,3600.00
4385700250.00,20150407T000000,1800000.00,4.00,3.50,3480.00,4000.00,2.00,0.00,0.00,3.00,9.00,2460.00,1020.00,2015.00,0.00,98112.00,47.64,-122.28,2620.00,4000.00
6430500182.00,20150403T000000,1205000.00,4.00,3.00,3330.00,7650.00,1.00,0.00,0.00,3.00,9.00,1830.00,1500.00,2008.00,0.00,98103.00,47.69,-122.35,1200.00,3876.00
8029770190.00,20141015T000000,745000.00,4.00,2.50,3400.00,4840.00,2.00,0.00,0.00,3.00,10.00,3190.00,210.00,2006.00,0.00,98059.00,47.51,-122.15,3400.00,5710.00
5393600507.00,20140624T000000,329445.00,2.00,1.50,830.00,1119.00,2.00,0.00,0.00,3.00,7.00,830.00,0.00,2005.00,0.00,98144.00,47.58,-122.31,1480.00,3622.00
207700050.00,20141015T000000,588000.00,5.00,3.00,3110.00,4464.00,2.00,0.00,0.00,3.00,8.00,3110.00,0.00,2007.00,0.00,98011.00,47.77,-122.17,2450.00,4221.00
8138870470.00,20140707T000000,494815.00,3.00,2.50,1910.00,2091.00,2.00,0.00,0.00,3.00,8.00,1910.00,0.00,2014.00,0.00,98029.00,47.54,-122.01,1630.00,1546.00
7853370020.00,20141014T000000,591975.00,3.00,2.75,3230.00,5250.00,2.00,0.00,0.00,3.00,9.00,2680.00,550.00,2014.00,0.00,98065.00,47.52,-121.88,2710.00,5250.00
3304300380.00,20150108T000000,600000.00,5.00,2.75,3380.00,8179.00,2.00,0.00,0.00,3.00,9.00,3380.00,0.00,2011.00,0.00,98059.00,47.48,-122.14,2840.00,8179.00
3528960020.00,20140708T000000,673000.00,3.00,2.75,2830.00,3496.00,2.00,0.00,0.00,3.00,8.00,2830.00,0.00,2012.00,0.00,98029.00,47.56,-122.01,2160.00,3501.00
1853080840.00,20150211T000000,889950.00,5.00,3.50,3700.00,7055.00,2.00,0.00,0.00,3.00,9.00,3700.00,0.00,2014.00,0.00,98074.00,47.59,-122.06,3170.00,6527.00
7852130460.00,20150325T000000,500000.00,4.00,3.00,2520.00,4104.00,2.00,0.00,0.00,3.00,7.00,2520.00,0.00,2002.00,0.00,98065.00,47.54,-121.88,2510.00,5015.00
2768301357.00,20141001T000000,500000.00,3.00,2.25,1530.00,1396.00,2.00,0.00,0.00,3.00,8.00,1240.00,290.00,2007.00,0.00,98107.00,47.67,-122.37,1690.00,2500.00
8562710250.00,20140505T000000,890000.00,4.00,4.25,4420.00,5750.00,2.00,0.00,0.00,3.00,10.00,3410.00,1010.00,2006.00,0.00,98027.00,47.54,-122.07,4420.00,5750.00
6824100014.00,20150429T000000,437000.00,3.00,3.00,1460.00,1180.00,3.00,0.00,0.00,3.00,8.00,1460.00,0.00,2006.00,0.00,98117.00,47.70,-122.37,1460.00,1224.00
7905200061.00,20140905T000000,419700.00,3.00,2.25,1450.00,1486.00,2.00,0.00,0.00,3.00,8.00,1160.00,290.00,2006.00,0.00,98116.00,47.57,-122.39,1370.00,1437.00
3524039228.00,20140723T000000,394000.00,3.00,2.00,1160.00,3441.00,1.00,0.00,0.00,4.00,6.00,580.00,580.00,1930.00,0.00,98136.00,47.53,-122.39,1160.00,4000.00
2781240040.00,20140806T000000,342000.00,3.00,2.00,1640.00,4802.00,1.00,0.00,0.00,3.00,8.00,1640.00,0.00,2010.00,0.00,98038.00,47.35,-122.02,1940.00,4802.00
1222029064.00,20140626T000000,420000.00,3.00,1.75,1444.00,249126.00,1.50,0.00,0.00,3.00,7.00,1444.00,0.00,2008.00,0.00,98070.00,47.41,-122.49,1760.00,224770.00
9523100730.00,20140523T000000,580000.00,3.00,2.50,1620.00,1173.00,3.00,0.00,4.00,3.00,8.00,1470.00,150.00,2008.00,0.00,98103.00,47.67,-122.36,1620.00,1505.00
5649600464.00,20150327T000000,343000.00,2.00,1.50,1100.00,1228.00,2.00,0.00,0.00,3.00,7.00,900.00,200.00,2007.00,0.00,98118.00,47.55,-122.28,1340.00,1380.00
7548301050.00,20150402T000000,390000.00,2.00,1.50,1340.00,1402.00,2.00,0.00,0.00,3.00,8.00,1120.00,220.00,2008.00,0.00,98144.00,47.59,-122.30,1340.00,1213.00
9542840450.00,20140811T000000,274000.00,3.00,1.50,1450.00,4694.00,2.00,0.00,0.00,3.00,7.00,1450.00,0.00,2011.00,0.00,98038.00,47.37,-122.02,1870.00,4198.00
126039467.00,20150114T000000,700000.00,4.00,2.50,3040.00,7200.00,2.00,0.00,0.00,3.00,9.00,3040.00,0.00,2008.00,0.00,98177.00,47.77,-122.37,2360.00,8245.00
7936000463.00,20150416T000000,838000.00,4.00,2.50,2560.00,7210.00,2.00,0.00,0.00,3.00,9.00,2560.00,0.00,2006.00,0.00,98136.00,47.55,-122.40,2160.00,10439.00
3021059304.00,20140917T000000,300000.00,6.00,3.00,2744.00,9926.00,2.00,0.00,0.00,3.00,7.00,2744.00,0.00,2006.00,0.00,98002.00,47.28,-122.22,2470.00,9926.00
3362401758.00,20140903T000000,467000.00,3.00,2.25,1420.00,990.00,3.00,0.00,0.00,3.00,8.00,1420.00,0.00,2008.00,0.00,98103.00,47.68,-122.35,1350.00,1415.00
886000090.00,20150302T000000,395000.00,2.00,1.00,700.00,7457.00,1.00,0.00,0.00,3.00,6.00,700.00,0.00,1943.00,0.00,98108.00,47.53,-122.30,1500.00,7130.00
1196003740.00,20140924T000000,734000.00,5.00,4.25,4110.00,42755.00,2.00,0.00,2.00,3.00,10.00,2970.00,1140.00,2000.00,0.00,98023.00,47.34,-122.34,2730.00,12750.00
5045700090.00,20150106T000000,480000.00,5.00,2.75,2670.00,4780.00,2.00,0.00,0.00,3.00,8.00,2670.00,0.00,2013.00,0.00,98059.00,47.49,-122.16,2560.00,5380.00
1604601801.00,20150217T000000,539000.00,3.00,2.75,2130.00,1400.00,2.00,0.00,0.00,3.00,9.00,1080.00,1050.00,2010.00,0.00,98118.00,47.57,-122.29,1520.00,3132.00
5057100090.00,20150505T000000,459950.00,5.00,2.75,3078.00,6371.00,2.00,0.00,0.00,3.00,9.00,3078.00,0.00,2014.00,0.00,98042.00,47.36,-122.16,1979.00,19030.00
3869900146.00,20141030T000000,306500.00,2.00,1.00,840.00,892.00,2.00,0.00,0.00,3.00,7.00,840.00,0.00,2006.00,0.00,98136.00,47.54,-122.39,1030.00,1007.00
3862710180.00,20150326T000000,408474.00,3.00,2.50,1800.00,2731.00,2.00,0.00,0.00,3.00,8.00,1800.00,0.00,2014.00,0.00,98065.00,47.53,-121.84,1800.00,3265.00
1023059246.00,20140514T000000,437000.00,3.00,2.75,2580.00,5200.00,2.00,0.00,0.00,3.00,8.00,2580.00,0.00,2008.00,0.00,98059.00,47.50,-122.15,2700.00,5602.00
6056100150.00,20140623T000000,160797.00,3.00,1.50,1270.00,2356.00,2.00,0.00,0.00,3.00,7.00,1270.00,0.00,2012.00,0.00,98108.00,47.57,-122.30,1490.00,2175.00
3342700464.00,20150107T000000,729000.00,4.00,3.50,3065.00,5440.00,3.00,0.00,0.00,3.00,9.00,3065.00,0.00,2014.00,0.00,98056.00,47.52,-122.20,2210.00,8400.00
3026059362.00,20141031T000000,499000.00,3.00,2.50,1861.00,1587.00,2.00,0.00,0.00,3.00,8.00,1578.00,283.00,2007.00,0.00,98034.00,47.70,-122.21,2090.00,10454.00
1327600150.00,20141016T000000,359950.00,4.00,2.75,2260.00,5705.00,2.00,0.00,0.00,3.00,8.00,2260.00,0.00,2014.00,0.00,98042.00,47.37,-122.16,2260.00,5727.00
2895730540.00,20141210T000000,929000.00,5.00,3.25,4150.00,7100.00,2.00,0.00,0.00,3.00,10.00,4150.00,0.00,2013.00,0.00,98074.00,47.60,-122.06,3560.00,7214.00
2768200209.00,20141006T000000,529950.00,2.00,2.50,1500.00,1174.00,2.00,0.00,0.00,3.00,8.00,1140.00,360.00,2014.00,0.00,98107.00,47.67,-122.36,1550.00,1519.00
9268851380.00,20150403T000000,461000.00,3.00,2.25,1620.00,998.00,2.50,0.00,0.00,3.00,8.00,1540.00,80.00,2012.00,0.00,98027.00,47.54,-122.03,1620.00,1068.00
7625703007.00,20141014T000000,271115.00,2.00,1.50,830.00,1325.00,2.00,0.00,0.00,3.00,7.00,830.00,0.00,2005.00,0.00,98136.00,47.55,-122.38,1310.00,1485.00
7202280580.00,20150106T000000,653000.00,4.00,2.50,3120.00,5137.00,2.00,0.00,0.00,3.00,7.00,3120.00,0.00,2003.00,0.00,98053.00,47.68,-122.04,2755.00,5137.00
1972202187.00,20141024T000000,565000.00,3.00,2.50,1870.00,1058.00,3.00,0.00,0.00,3.00,8.00,1380.00,490.00,2007.00,0.00,98103.00,47.65,-122.35,1440.00,1136.00
2767600985.00,20141204T000000,529950.00,3.00,2.25,1240.00,1250.00,3.00,0.00,0.00,3.00,8.00,1240.00,0.00,2014.00,0.00,98107.00,47.67,-122.38,1470.00,1250.00
5631501202.00,20150326T000000,585000.00,4.00,2.50,2820.00,5612.00,2.00,0.00,0.00,3.00,9.00,2820.00,0.00,2007.00,0.00,98028.00,47.75,-122.24,1620.00,14881.00
1972200556.00,20140703T000000,609000.00,3.00,1.75,1630.00,1526.00,3.00,0.00,0.00,3.00,8.00,1630.00,0.00,2014.00,0.00,98103.00,47.65,-122.35,1570.00,1274.00
301400930.00,20140618T000000,267000.00,3.00,2.25,1584.00,2800.00,2.00,0.00,0.00,3.00,7.00,1584.00,0.00,2012.00,0.00,98002.00,47.35,-122.21,1584.00,2800.00
9265880040.00,20140509T000000,557000.00,4.00,2.50,2840.00,4500.00,2.00,0.00,0.00,3.00,8.00,2840.00,0.00,2012.00,0.00,98028.00,47.77,-122.24,2840.00,4939.00
7853280610.00,20141117T000000,709950.00,4.00,3.25,3910.00,6293.00,2.00,0.00,0.00,3.00,9.00,3130.00,780.00,2006.00,0.00,98065.00,47.54,-121.86,4410.00,6015.00
1972200847.00,20140718T000000,625000.00,3.00,2.50,1730.00,1301.00,3.00,0.00,0.00,3.00,9.00,1730.00,0.00,2011.00,0.00,98103.00,47.65,-122.35,1330.00,1240.00
8562790940.00,20141223T000000,599000.00,3.00,2.75,1840.00,2060.00,2.00,0.00,0.00,3.00,10.00,1700.00,140.00,2013.00,0.00,98027.00,47.53,-122.07,2590.00,2680.00
1623089165.00,20150506T000000,920000.00,4.00,3.75,4030.00,503989.00,2.00,0.00,0.00,3.00,10.00,4030.00,0.00,2008.00,0.00,98045.00,47.48,-121.80,2110.00,71874.00
6788200596.00,20141016T000000,1285000.00,4.00,3.50,3440.00,3800.00,3.00,0.00,0.00,3.00,9.00,3440.00,0.00,2014.00,0.00,98112.00,47.64,-122.31,1760.00,3800.00
1760650610.00,20150330T000000,324500.00,4.00,2.50,2110.00,3825.00,2.00,0.00,0.00,3.00,7.00,2110.00,0.00,2012.00,0.00,98042.00,47.36,-122.08,2110.00,3825.00
7853360850.00,20150116T000000,471500.00,3.00,2.50,2430.00,5866.00,2.00,0.00,0.00,3.00,7.00,2430.00,0.00,2009.00,0.00,98065.00,47.52,-121.87,2380.00,5866.00
2526069092.00,20140808T000000,1015000.00,4.00,3.75,4690.00,207141.00,2.00,0.00,0.00,3.00,10.00,4030.00,660.00,2007.00,0.00,98019.00,47.71,-121.98,2890.00,200527.00
2424059061.00,20141111T000000,998000.00,4.00,3.50,3500.00,43560.00,2.00,0.00,0.00,3.00,9.00,2850.00,650.00,2014.00,0.00,98006.00,47.55,-122.10,3640.00,40545.00
7661600206.00,20150129T000000,262000.00,4.00,2.50,2070.00,8685.00,2.00,0.00,0.00,3.00,7.00,2070.00,0.00,2006.00,0.00,98188.00,47.47,-122.27,2170.00,9715.00
8149600065.00,20150401T000000,844000.00,4.00,3.50,3350.00,6350.00,2.00,0.00,2.00,3.00,8.00,2610.00,740.00,2009.00,0.00,98116.00,47.56,-122.39,1820.00,6350.00
6666830120.00,20140624T000000,745641.00,4.00,2.50,2440.00,4850.00,2.00,0.00,0.00,3.00,8.00,2440.00,0.00,2013.00,0.00,98052.00,47.70,-122.11,2970.00,5450.00
3034200087.00,20141212T000000,659950.00,5.00,3.00,3010.00,7357.00,2.00,0.00,0.00,3.00,9.00,3010.00,0.00,2008.00,0.00,98133.00,47.72,-122.33,2370.00,8050.00
255450410.00,20140804T000000,339989.00,3.00,2.50,2060.00,4200.00,2.00,0.00,0.00,3.00,8.00,2060.00,0.00,2014.00,0.00,98038.00,47.37,-122.02,2370.00,4200.00
3438501327.00,20150504T000000,352500.00,2.00,2.50,1570.00,2399.00,2.00,0.00,0.00,3.00,7.00,1180.00,390.00,2009.00,0.00,98106.00,47.55,-122.36,1590.00,2306.00
9828702389.00,20140513T000000,525000.00,3.00,2.50,1580.00,1161.00,2.00,0.00,0.00,3.00,8.00,1010.00,570.00,2008.00,0.00,98112.00,47.62,-122.30,1680.00,1177.00
8691440330.00,20140929T000000,1138990.00,5.00,3.50,4280.00,6530.00,2.00,0.00,3.00,3.00,10.00,4280.00,0.00,2014.00,0.00,98075.00,47.59,-121.97,3960.00,6863.00
1085623740.00,20140812T000000,491000.00,5.00,3.50,2815.00,4900.00,2.00,0.00,0.00,3.00,9.00,2815.00,0.00,2011.00,0.00,98030.00,47.34,-122.18,2798.00,4900.00
1424069110.00,20140718T000000,675000.00,4.00,2.50,2620.00,6114.00,2.00,0.00,0.00,3.00,9.00,2620.00,0.00,2011.00,0.00,98029.00,47.56,-122.01,2620.00,5808.00
993001914.00,20150106T000000,344000.00,3.00,2.25,1250.00,1033.00,3.00,0.00,0.00,3.00,8.00,1250.00,0.00,2007.00,0.00,98103.00,47.69,-122.34,1250.00,1150.00
9211010220.00,20141104T000000,530000.00,4.00,2.50,3250.00,4500.00,2.00,0.00,0.00,3.00,8.00,3250.00,0.00,2008.00,0.00,98059.00,47.49,-122.15,3030.00,4598.00
2143701015.00,20141210T000000,290500.00,4.00,3.25,2510.00,7686.00,2.00,0.00,0.00,3.00,9.00,2510.00,0.00,2003.00,0.00,98055.00,47.48,-122.23,2510.00,6732.00
6056111430.00,20150113T000000,335000.00,2.00,1.75,1270.00,1685.00,2.00,0.00,0.00,3.00,8.00,1270.00,0.00,2012.00,0.00,98108.00,47.56,-122.30,1270.00,1843.00
1925059254.00,20150507T000000,2998000.00,5.00,4.00,6670.00,16481.00,2.00,0.00,0.00,3.00,12.00,4960.00,1710.00,2007.00,0.00,98004.00,47.64,-122.22,4800.00,16607.00
3278606200.00,20140919T000000,379000.00,3.00,2.50,1580.00,3075.00,2.00,0.00,0.00,3.00,8.00,1580.00,0.00,2013.00,0.00,98126.00,47.55,-122.37,1710.00,2934.00
3126049501.00,20140717T000000,385000.00,3.00,1.50,1360.00,2030.00,3.00,0.00,0.00,3.00,8.00,1360.00,0.00,2008.00,0.00,98103.00,47.70,-122.35,1360.00,1167.00
4305600360.00,20150225T000000,500012.00,4.00,2.50,2400.00,9612.00,1.00,0.00,0.00,3.00,8.00,1230.00,1170.00,1962.00,2009.00,98059.00,47.48,-122.13,2430.00,5539.00
6632300212.00,20140505T000000,366750.00,3.00,3.00,1571.00,2017.00,3.00,0.00,0.00,3.00,8.00,1571.00,0.00,2008.00,0.00,98125.00,47.73,-122.31,1520.00,1497.00
1189000492.00,20140606T000000,405000.00,2.00,2.00,1405.00,1073.00,2.00,0.00,0.00,3.00,8.00,1140.00,265.00,2007.00,0.00,98122.00,47.61,-122.30,1405.00,3000.00
3319500628.00,20150212T000000,356999.00,3.00,1.50,1010.00,1546.00,2.00,0.00,0.00,3.00,8.00,1010.00,0.00,1971.00,2014.00,98144.00,47.60,-122.31,1010.00,1517.00
2436700625.00,20150417T000000,590000.00,2.00,2.50,1450.00,1281.00,2.00,0.00,0.00,3.00,8.00,1220.00,230.00,2006.00,0.00,98105.00,47.67,-122.29,1440.00,1281.00
3679400474.00,20141104T000000,294000.00,3.00,1.75,1420.00,1361.00,2.00,0.00,0.00,3.00,7.00,960.00,460.00,2014.00,0.00,98108.00,47.57,-122.31,1340.00,1343.00
7203190110.00,20150426T000000,731500.00,4.00,2.50,2650.00,4644.00,2.00,0.00,0.00,3.00,8.00,2650.00,0.00,2013.00,0.00,98053.00,47.69,-122.02,2640.00,5099.00
1853080850.00,20140606T000000,837219.00,5.00,2.75,3030.00,7679.00,2.00,0.00,0.00,3.00,9.00,3030.00,0.00,2014.00,0.00,98074.00,47.59,-122.06,3080.00,6341.00
1125079111.00,20150415T000000,1600000.00,4.00,5.50,6530.00,871200.00,2.00,0.00,2.00,3.00,11.00,6530.00,0.00,2008.00,0.00,98014.00,47.66,-121.88,1280.00,858132.00
518500610.00,20140616T000000,798800.00,3.00,2.75,2670.00,3738.00,1.00,0.00,0.00,3.00,10.00,1720.00,950.00,2013.00,0.00,98056.00,47.53,-122.20,2610.00,3734.00
293670040.00,20141008T000000,482500.00,2.00,2.50,1170.00,809.00,2.00,0.00,0.00,3.00,9.00,1170.00,0.00,2007.00,0.00,98103.00,47.69,-122.34,1170.00,1121.00
3303970100.00,20150306T000000,820000.00,4.00,2.50,3260.00,26772.00,2.00,0.00,0.00,3.00,9.00,3260.00,0.00,2007.00,0.00,98027.00,47.51,-122.03,3260.00,14491.00
3834000594.00,20140711T000000,319000.00,3.00,1.50,1480.00,1722.00,3.00,0.00,0.00,3.00,7.00,1480.00,0.00,2007.00,0.00,98125.00,47.73,-122.29,1480.00,5764.00
3342100569.00,20140813T000000,950000.00,3.00,2.50,2700.00,6947.00,2.00,0.00,3.00,3.00,9.00,2700.00,0.00,2013.00,0.00,98056.00,47.52,-122.21,2500.00,6947.00
7237501380.00,20150507T000000,1267500.00,4.00,3.50,4640.00,13404.00,2.00,0.00,0.00,3.00,10.00,4640.00,0.00,2007.00,0.00,98059.00,47.53,-122.13,4690.00,13590.00
2325300093.00,20140707T000000,378000.00,3.00,2.50,1601.00,2491.00,3.00,0.00,0.00,3.00,7.00,1536.00,65.00,2007.00,0.00,98125.00,47.72,-122.32,1420.00,1156.00
9808100150.00,20150402T000000,3345000.00,5.00,3.75,5350.00,15360.00,1.00,0.00,1.00,3.00,11.00,3040.00,2310.00,2008.00,0.00,98004.00,47.65,-122.22,3740.00,15940.00
3332500085.00,20141027T000000,489950.00,3.00,2.50,2540.00,5237.00,2.00,0.00,0.00,3.00,8.00,2540.00,0.00,2011.00,0.00,98118.00,47.55,-122.28,1800.00,4097.00
3869900150.00,20150427T000000,345000.00,2.00,1.75,1030.00,1106.00,2.00,0.00,0.00,3.00,7.00,765.00,265.00,2006.00,0.00,98136.00,47.54,-122.39,1030.00,1066.00
2011400401.00,20150226T000000,510000.00,3.00,2.50,2730.00,7136.00,2.00,0.00,0.00,3.00,8.00,2730.00,0.00,2012.00,0.00,98198.00,47.39,-122.32,2130.00,8932.00
9578501030.00,20140729T000000,432500.00,4.00,2.50,3172.00,5033.00,2.00,0.00,0.00,3.00,8.00,3172.00,0.00,2014.00,0.00,98023.00,47.30,-122.35,2704.00,5232.00
8029770410.00,20150420T000000,650000.00,4.00,2.50,3160.00,8530.00,2.00,0.00,0.00,3.00,9.00,3160.00,0.00,2006.00,0.00,98059.00,47.51,-122.15,3160.00,6460.00
6639900242.00,20141003T000000,750000.00,4.00,2.50,2850.00,12429.00,2.00,0.00,0.00,3.00,9.00,2850.00,0.00,2008.00,0.00,98033.00,47.69,-122.18,2540.00,12000.00
2919700735.00,20150427T000000,870000.00,4.00,3.50,2780.00,3100.00,2.00,0.00,0.00,3.00,8.00,2120.00,660.00,2014.00,0.00,98117.00,47.69,-122.36,1740.00,3600.00
8691440410.00,20141215T000000,900000.00,4.00,3.50,3860.00,6543.00,2.00,0.00,0.00,3.00,10.00,3860.00,0.00,2014.00,0.00,98075.00,47.59,-121.97,3760.00,6888.00
2902201301.00,20141216T000000,664950.00,2.00,1.75,1180.00,900.00,2.00,0.00,0.00,3.00,10.00,780.00,400.00,2014.00,0.00,98102.00,47.64,-122.33,1380.00,3610.00
291310150.00,20140602T000000,391000.00,3.00,2.25,1410.00,1290.00,2.00,0.00,0.00,3.00,7.00,1290.00,120.00,2004.00,0.00,98027.00,47.53,-122.07,1490.00,1380.00
323079101.00,20150123T000000,1800000.00,4.00,3.50,6370.00,205603.00,2.00,0.00,0.00,3.00,12.00,6370.00,0.00,2008.00,0.00,98027.00,47.50,-121.91,1490.00,33580.00
5057100110.00,20150514T000000,479349.00,5.00,3.00,3223.00,6371.00,2.00,0.00,0.00,3.00,9.00,3223.00,0.00,2014.00,0.00,98042.00,47.36,-122.16,1979.00,9008.00
9268850940.00,20141223T000000,661000.00,4.00,3.25,2600.00,2074.00,2.00,0.00,0.00,3.00,8.00,2150.00,450.00,2011.00,0.00,98027.00,47.54,-122.03,2510.00,2074.00
993000315.00,20141002T000000,379000.00,3.00,3.25,1380.00,1234.00,3.00,0.00,0.00,3.00,8.00,1380.00,0.00,2006.00,0.00,98103.00,47.69,-122.34,1370.00,1282.00
9268851800.00,20140505T000000,415000.00,3.00,2.25,1620.00,998.00,2.50,0.00,0.00,3.00,8.00,1540.00,80.00,2010.00,0.00,98027.00,47.54,-122.03,1620.00,1299.00
4310702837.00,20141201T000000,375000.00,3.00,3.25,1370.00,1227.00,3.00,0.00,0.00,3.00,8.00,1370.00,0.00,2007.00,0.00,98103.00,47.70,-122.34,1370.00,1236.00
4310703083.00,20140523T000000,355000.00,3.00,2.00,1220.00,1186.00,3.00,0.00,0.00,3.00,8.00,1220.00,0.00,2007.00,0.00,98103.00,47.70,-122.34,1280.00,1251.00
1890000166.00,20140905T000000,540000.00,3.00,2.50,1280.00,1889.00,3.00,0.00,0.00,3.00,8.00,1280.00,0.00,2009.00,0.00,98105.00,47.66,-122.32,1450.00,1889.00
7904700146.00,20140724T000000,290000.00,2.00,1.50,770.00,850.00,2.00,0.00,0.00,3.00,7.00,770.00,0.00,2006.00,0.00,98116.00,47.56,-122.39,1350.00,915.00
1931300308.00,20140520T000000,500000.00,3.00,2.50,1210.00,1200.00,3.00,0.00,0.00,3.00,8.00,1210.00,0.00,2008.00,0.00,98103.00,47.65,-122.35,1210.00,1200.00
8091670730.00,20140902T000000,416000.00,4.00,2.50,2890.00,6322.00,2.00,0.00,0.00,3.00,8.00,2890.00,0.00,2011.00,0.00,98038.00,47.35,-122.04,2380.00,5738.00
3278612370.00,20140811T000000,349900.00,3.00,2.50,1580.00,2765.00,2.00,0.00,0.00,3.00,8.00,1580.00,0.00,2011.00,0.00,98126.00,47.54,-122.37,1580.00,1820.00
7600065.00,20140605T000000,465000.00,3.00,2.25,1530.00,1245.00,2.00,0.00,0.00,3.00,9.00,1050.00,480.00,2014.00,0.00,98122.00,47.60,-122.30,1530.00,2307.00
3630200900.00,20140630T000000,950000.00,4.00,2.50,3670.00,7680.00,2.50,0.00,0.00,3.00,10.00,3670.00,0.00,2007.00,0.00,98029.00,47.54,-121.99,3130.00,6112.00
3278611450.00,20150326T000000,496800.00,4.00,2.25,1850.00,2340.00,2.50,0.00,0.00,3.00,8.00,1850.00,0.00,2014.00,0.00,98126.00,47.54,-122.37,1850.00,2340.00
2026049184.00,20150320T000000,680000.00,4.00,2.50,2440.00,6581.00,2.00,0.00,0.00,3.00,8.00,2440.00,0.00,2014.00,0.00,98133.00,47.73,-122.33,1480.00,7432.00
9103000455.00,20150424T000000,920000.00,4.00,3.25,2190.00,4265.00,2.00,0.00,0.00,3.00,9.00,1540.00,650.00,2015.00,0.00,98122.00,47.62,-122.29,1730.00,4265.00
8691440220.00,20150202T000000,1289990.00,5.00,4.00,4360.00,8030.00,2.00,0.00,0.00,3.00,10.00,4360.00,0.00,2015.00,0.00,98075.00,47.59,-121.97,3570.00,6185.00
7202300540.00,20140701T000000,825000.00,4.00,2.75,3990.00,6637.00,2.00,0.00,0.00,3.00,9.00,3990.00,0.00,2003.00,0.00,98053.00,47.68,-122.05,3500.00,7074.00
1453601038.00,20141002T000000,292000.00,3.00,2.50,1270.00,1283.00,3.00,0.00,0.00,3.00,7.00,1270.00,0.00,2007.00,0.00,98125.00,47.72,-122.29,1270.00,1512.00
9211010330.00,20150409T000000,576000.00,4.00,2.50,3340.00,6924.00,2.00,0.00,0.00,3.00,8.00,3340.00,0.00,2009.00,0.00,98059.00,47.50,-122.15,3030.00,6119.00
1972201773.00,20150313T000000,670000.00,2.00,2.00,1500.00,761.00,3.00,0.00,3.00,3.00,8.00,1500.00,0.00,2008.00,0.00,98103.00,47.65,-122.35,1360.00,1527.00
7974200948.00,20140520T000000,953007.00,4.00,3.50,3120.00,5086.00,2.00,0.00,0.00,3.00,9.00,2480.00,640.00,2008.00,0.00,98115.00,47.68,-122.29,1880.00,5092.00
2700200040.00,20150223T000000,399000.00,4.00,2.50,2480.00,4334.00,2.00,0.00,0.00,3.00,8.00,2480.00,0.00,2012.00,0.00,98038.00,47.38,-122.04,2480.00,5632.00
7625702264.00,20150427T000000,399000.00,2.00,2.00,1110.00,1155.00,3.00,0.00,0.00,3.00,7.00,980.00,130.00,2008.00,0.00,98136.00,47.55,-122.39,1110.00,1089.00
2428100100.00,20141117T000000,847093.00,4.00,2.75,2760.00,5670.00,2.00,0.00,0.00,3.00,10.00,2760.00,0.00,2014.00,0.00,98075.00,47.58,-122.05,2760.00,6600.00
1176001123.00,20150206T000000,599950.00,3.00,2.50,1510.00,1493.00,3.00,0.00,0.00,3.00,8.00,1510.00,0.00,2014.00,0.00,98107.00,47.67,-122.40,1530.00,1357.00
3052700472.00,20140813T000000,499000.00,3.00,2.50,1460.00,1614.00,2.00,0.00,0.00,3.00,8.00,1180.00,280.00,2007.00,0.00,98117.00,47.68,-122.37,1380.00,1402.00
1623089086.00,20141015T000000,760000.00,4.00,2.75,3980.00,285318.00,2.00,0.00,2.00,3.00,9.00,3980.00,0.00,2006.00,0.00,98045.00,47.48,-121.80,2100.00,105415.00
2311400145.00,20141029T000000,1699990.00,4.00,3.75,3320.00,8234.00,2.00,0.00,0.00,3.00,10.00,3320.00,0.00,2014.00,0.00,98004.00,47.60,-122.20,1560.00,8240.00
8895800090.00,20140512T000000,1033890.00,4.00,3.25,3270.00,5187.00,2.00,0.00,0.00,3.00,9.00,3110.00,160.00,2014.00,0.00,98052.00,47.70,-122.13,3600.00,5825.00
847100021.00,20140520T000000,515000.00,4.00,2.50,2670.00,8765.00,2.00,0.00,0.00,3.00,9.00,2670.00,0.00,2006.00,0.00,98059.00,47.49,-122.15,2880.00,8765.00
291310120.00,20141209T000000,355000.00,3.00,2.25,1410.00,1332.00,2.00,0.00,0.00,3.00,7.00,1290.00,120.00,2004.00,0.00,98027.00,47.53,-122.07,1445.00,1290.00
301401390.00,20140805T000000,319900.00,4.00,2.75,2475.00,4000.00,2.00,0.00,0.00,3.00,7.00,2475.00,0.00,2014.00,0.00,98002.00,47.35,-122.21,2166.00,4000.00
7519001068.00,20140527T000000,460000.00,3.00,3.50,1600.00,1431.00,2.00,0.00,0.00,3.00,8.00,1240.00,360.00,2006.00,0.00,98117.00,47.69,-122.36,1500.00,4120.00
7203101590.00,20150108T000000,305000.00,2.00,1.00,1290.00,3383.00,2.00,0.00,0.00,3.00,7.00,1290.00,0.00,2008.00,0.00,98053.00,47.70,-122.03,1290.00,2828.00
7299600530.00,20150317T000000,280000.00,3.00,2.50,1608.00,4818.00,2.00,0.00,0.00,3.00,8.00,1608.00,0.00,2012.00,0.00,98092.00,47.26,-122.20,2009.00,5200.00
7625703357.00,20150227T000000,394950.00,2.00,2.25,1300.00,2104.00,2.00,0.00,0.00,3.00,8.00,1010.00,290.00,2011.00,0.00,98136.00,47.55,-122.39,1430.00,1850.00
7889601270.00,20140821T000000,382000.00,4.00,3.50,2530.00,3000.00,2.00,0.00,0.00,3.00,8.00,1850.00,680.00,2014.00,0.00,98146.00,47.49,-122.34,1470.00,6000.00
4083306553.00,20150422T000000,560000.00,3.00,2.50,1390.00,1411.00,3.00,0.00,0.00,3.00,8.00,1390.00,0.00,2008.00,0.00,98103.00,47.65,-122.33,1350.00,1266.00
9828701508.00,20140520T000000,772000.00,3.00,2.25,1640.00,1204.00,3.00,0.00,0.00,3.00,8.00,1640.00,0.00,2014.00,0.00,98112.00,47.62,-122.30,1630.00,3136.00
8946390150.00,20140722T000000,324950.00,4.00,2.50,2229.00,5723.00,2.00,0.00,0.00,3.00,7.00,2229.00,0.00,2012.00,0.00,98032.00,47.37,-122.29,2738.00,5742.00
8648900040.00,20140709T000000,530000.00,3.00,2.50,1790.00,3078.00,2.00,0.00,0.00,3.00,8.00,1790.00,0.00,2010.00,0.00,98027.00,47.56,-122.09,1890.00,3078.00
4092300211.00,20141024T000000,384000.00,3.00,2.25,990.00,736.00,2.50,0.00,0.00,3.00,8.00,880.00,110.00,2009.00,0.00,98105.00,47.66,-122.32,1030.00,1201.00
3343902510.00,20140611T000000,719950.00,5.00,2.75,3240.00,6863.00,2.00,0.00,0.00,3.00,10.00,3240.00,0.00,2013.00,0.00,98056.00,47.50,-122.19,2360.00,6002.00
2919700107.00,20140811T000000,319950.00,2.00,2.50,1280.00,819.00,2.00,0.00,0.00,3.00,8.00,1060.00,220.00,2006.00,0.00,98103.00,47.69,-122.36,1290.00,2900.00
2781280230.00,20150128T000000,292000.00,3.00,2.50,1610.00,3848.00,2.00,0.00,0.00,3.00,8.00,1610.00,0.00,2006.00,0.00,98055.00,47.45,-122.19,1610.00,3049.00
3232200085.00,20150428T000000,1500000.00,6.00,3.50,3670.00,3959.00,2.00,0.00,0.00,3.00,10.00,2410.00,1260.00,2008.00,0.00,98119.00,47.64,-122.37,2060.00,3625.00
1972200259.00,20140507T000000,425000.00,2.00,2.50,1150.00,1027.00,3.00,0.00,0.00,3.00,8.00,1150.00,0.00,2008.00,0.00,98103.00,47.65,-122.36,1360.00,1210.00
1926059236.00,20141010T000000,799950.00,5.00,3.75,3760.00,4702.00,2.00,0.00,0.00,3.00,9.00,2780.00,980.00,2014.00,0.00,98034.00,47.72,-122.22,2950.00,5981.00
2768200210.00,20140825T000000,499000.00,2.00,2.50,1320.00,1157.00,2.00,0.00,0.00,3.00,8.00,990.00,330.00,2014.00,0.00,98107.00,47.67,-122.36,1550.00,1519.00
3304300210.00,20150327T000000,572000.00,4.00,2.75,2700.00,7992.00,2.00,0.00,0.00,3.00,9.00,2700.00,0.00,2012.00,0.00,98059.00,47.48,-122.14,2840.00,7992.00
9826700930.00,20140722T000000,459000.00,2.00,2.00,1480.00,804.00,3.00,0.00,0.00,3.00,8.00,1480.00,0.00,2008.00,0.00,98122.00,47.60,-122.31,1380.00,1751.00
9385200042.00,20150318T000000,529500.00,3.00,2.25,1410.00,905.00,3.00,0.00,0.00,3.00,9.00,1410.00,0.00,2014.00,0.00,98116.00,47.58,-122.40,1510.00,1352.00
3876590090.00,20140909T000000,374500.00,4.00,2.50,3135.00,5811.00,2.00,0.00,0.00,3.00,9.00,3135.00,0.00,2005.00,0.00,98092.00,47.33,-122.18,3008.00,5799.00
2902200142.00,20140605T000000,584000.00,3.00,2.50,1480.00,1485.00,2.00,0.00,0.00,3.00,8.00,1280.00,200.00,2007.00,0.00,98102.00,47.64,-122.33,1470.00,1277.00
8085400401.00,20150115T000000,1898000.00,4.00,4.50,4020.00,9656.00,2.00,0.00,0.00,3.00,10.00,4020.00,0.00,2007.00,0.00,98004.00,47.64,-122.21,1960.00,9520.00
2902200237.00,20140707T000000,505000.00,2.00,2.25,1060.00,1209.00,2.00,0.00,0.00,3.00,8.00,940.00,120.00,2006.00,0.00,98102.00,47.64,-122.33,1300.00,1169.00
7658600082.00,20141114T000000,565000.00,2.00,2.50,1950.00,2457.00,3.00,0.00,0.00,3.00,8.00,1950.00,0.00,2009.00,0.00,98144.00,47.59,-122.30,1650.00,1639.00
6891100330.00,20150325T000000,799000.00,4.00,2.75,3340.00,5677.00,2.00,0.00,0.00,3.00,9.00,3340.00,0.00,2011.00,0.00,98052.00,47.71,-122.12,3240.00,5643.00
6821102367.00,20150429T000000,547000.00,3.00,2.50,1570.00,1452.00,2.50,0.00,0.00,3.00,9.00,1240.00,330.00,2007.00,0.00,98199.00,47.65,-122.40,1670.00,1596.00
1900600015.00,20150227T000000,550000.00,3.00,2.50,1930.00,6604.00,2.00,0.00,0.00,3.00,7.00,1930.00,0.00,2014.00,0.00,98166.00,47.47,-122.35,910.00,6604.00
1545808120.00,20140918T000000,250000.00,3.00,2.00,1590.00,8100.00,1.00,0.00,0.00,3.00,7.00,1060.00,530.00,1996.00,0.00,98038.00,47.36,-122.05,1590.00,8100.00
2126059294.00,20150105T000000,960000.00,4.00,4.50,3720.00,7746.00,2.00,0.00,0.00,3.00,10.00,3720.00,0.00,2014.00,0.00,98034.00,47.73,-122.17,3080.00,11067.00
1370800515.00,20141030T000000,2950000.00,4.00,4.25,4470.00,5884.00,2.00,0.00,1.00,3.00,11.00,3230.00,1240.00,2010.00,0.00,98199.00,47.64,-122.41,2570.00,6000.00
3319500334.00,20150327T000000,441000.00,2.00,1.00,1290.00,1289.00,2.00,0.00,0.00,3.00,7.00,1030.00,260.00,2005.00,0.00,98144.00,47.60,-122.31,1290.00,1332.00
301400940.00,20150407T000000,265000.00,3.00,2.25,1489.00,2800.00,2.00,0.00,0.00,3.00,7.00,1489.00,0.00,2012.00,0.00,98002.00,47.35,-122.21,1584.00,2800.00
2722069077.00,20150409T000000,430000.00,3.00,2.50,2075.00,39553.00,1.00,0.00,0.00,3.00,7.00,2075.00,0.00,2012.00,0.00,98038.00,47.36,-122.03,1960.00,9047.00
8943600720.00,20140617T000000,286800.00,3.00,2.50,1413.00,3600.00,2.00,0.00,0.00,3.00,8.00,1413.00,0.00,2011.00,0.00,98031.00,47.42,-122.19,2150.00,3869.00
7660100236.00,20150416T000000,375000.00,3.00,2.50,1300.00,1362.00,2.00,0.00,0.00,3.00,8.00,880.00,420.00,2008.00,0.00,98144.00,47.59,-122.32,1300.00,1251.00
1773100921.00,20141215T000000,312500.00,3.00,3.25,1480.00,983.00,2.00,0.00,0.00,3.00,8.00,1180.00,300.00,2013.00,0.00,98106.00,47.56,-122.36,1330.00,1062.00
8679200100.00,20150107T000000,850000.00,4.00,2.75,3320.00,5559.00,2.00,0.00,0.00,3.00,9.00,3320.00,0.00,2012.00,0.00,98075.00,47.56,-122.03,3400.00,6854.00
3654200039.00,20150325T000000,390500.00,3.00,2.25,1530.00,1279.00,2.00,0.00,0.00,3.00,7.00,1116.00,414.00,2007.00,0.00,98177.00,47.70,-122.36,1320.00,1427.00
2771602428.00,20141029T000000,455000.00,3.00,2.50,1180.00,932.00,3.00,0.00,0.00,3.00,8.00,1180.00,0.00,2010.00,0.00,98119.00,47.64,-122.38,1180.00,2632.00
1225039067.00,20150406T000000,455000.00,2.00,2.00,1190.00,1303.00,2.00,0.00,0.00,3.00,8.00,800.00,390.00,2009.00,0.00,98107.00,47.67,-122.37,1670.00,2425.00
625049359.00,20141203T000000,515000.00,3.00,2.25,1300.00,1180.00,3.00,0.00,0.00,3.00,8.00,1300.00,0.00,2008.00,0.00,98103.00,47.69,-122.34,1300.00,1174.00
3278606050.00,20150401T000000,362500.00,3.00,3.50,1710.00,2212.00,2.00,0.00,0.00,3.00,7.00,1400.00,310.00,2013.00,0.00,98126.00,47.55,-122.37,1580.00,2212.00
5112800291.00,20140924T000000,460000.00,3.00,2.50,2390.00,47480.00,2.00,0.00,0.00,3.00,9.00,2390.00,0.00,2007.00,0.00,98058.00,47.45,-122.08,1720.00,44866.00
7853360300.00,20140904T000000,540000.00,4.00,3.50,3510.00,6005.00,2.00,0.00,0.00,3.00,8.00,2750.00,760.00,2010.00,0.00,98065.00,47.52,-121.87,3090.00,5866.00
6056111063.00,20140731T000000,230000.00,3.00,1.75,1140.00,1165.00,2.00,0.00,0.00,3.00,8.00,1140.00,0.00,2014.00,0.00,98108.00,47.56,-122.30,1150.00,1552.00
2767704649.00,20140929T000000,425000.00,2.00,2.50,1320.00,1329.00,2.00,0.00,0.00,3.00,8.00,1180.00,140.00,2007.00,0.00,98107.00,47.67,-122.37,1490.00,5000.00
7683800205.00,20140519T000000,298450.00,5.00,3.00,2100.00,9752.00,1.00,0.00,0.00,3.00,8.00,1200.00,900.00,2007.00,0.00,98003.00,47.33,-122.30,1270.00,10200.00
9406530150.00,20141222T000000,344000.00,4.00,2.50,2400.00,4848.00,2.00,0.00,0.00,3.00,8.00,2400.00,0.00,2004.00,0.00,98038.00,47.36,-122.04,1980.00,5199.00
2979800409.00,20140505T000000,416286.00,3.00,2.50,1408.00,989.00,3.00,0.00,0.00,3.00,8.00,1408.00,0.00,2005.00,0.00,98115.00,47.69,-122.32,1408.00,1342.00
1085622540.00,20150223T000000,379500.00,4.00,2.50,2560.00,5102.00,2.00,0.00,0.00,3.00,8.00,2560.00,0.00,2013.00,0.00,98092.00,47.34,-122.18,2586.00,5059.00
4310701421.00,20140617T000000,350000.00,2.00,2.50,1260.00,1347.00,3.00,0.00,0.00,3.00,8.00,1260.00,0.00,2005.00,0.00,98103.00,47.70,-122.34,1260.00,1356.00
2895800770.00,20150408T000000,258800.00,2.00,1.75,1290.00,1624.00,2.00,0.00,0.00,3.00,8.00,1290.00,0.00,2014.00,0.00,98106.00,47.52,-122.35,1410.00,1963.00
3034200067.00,20141218T000000,620000.00,4.00,2.50,2730.00,9260.00,2.00,0.00,0.00,3.00,8.00,2730.00,0.00,2008.00,0.00,98133.00,47.72,-122.33,2730.00,7357.00
3438501320.00,20140502T000000,295000.00,2.00,2.50,1630.00,1368.00,2.00,0.00,0.00,3.00,7.00,1280.00,350.00,2009.00,0.00,98106.00,47.55,-122.36,1590.00,2306.00
8691450120.00,20150227T000000,908990.00,4.00,2.75,3530.00,6844.00,2.00,0.00,0.00,3.00,10.00,3530.00,0.00,2014.00,0.00,98075.00,47.60,-121.99,3530.00,10038.00
6306810110.00,20141117T000000,485230.00,4.00,2.50,2714.00,12558.00,2.00,0.00,0.00,3.00,9.00,2714.00,0.00,2014.00,0.00,98031.00,47.35,-122.20,2873.00,8269.00
3629990110.00,20140611T000000,475000.00,3.00,2.25,1630.00,2520.00,2.00,0.00,0.00,3.00,7.00,1630.00,0.00,2005.00,0.00,98029.00,47.55,-122.00,1630.00,3131.00
715010110.00,20140804T000000,1240420.00,5.00,3.25,5790.00,13726.00,2.00,0.00,3.00,3.00,10.00,4430.00,1360.00,2014.00,0.00,98006.00,47.54,-122.11,5790.00,13726.00
3629700090.00,20140819T000000,635000.00,3.00,3.00,2230.00,1407.00,2.50,0.00,0.00,3.00,8.00,1850.00,380.00,2013.00,0.00,98027.00,47.54,-122.02,2290.00,1407.00
3277801411.00,20141105T000000,350000.00,3.00,2.50,1380.00,1590.00,2.00,0.00,0.00,3.00,9.00,1160.00,220.00,2012.00,0.00,98126.00,47.54,-122.38,1380.00,1590.00
8822901175.00,20141229T000000,345000.00,3.00,3.50,1320.00,1161.00,3.00,0.00,0.00,3.00,8.00,1320.00,0.00,2010.00,0.00,98125.00,47.72,-122.29,1320.00,1161.00
6926700654.00,20140921T000000,700000.00,2.00,2.00,1490.00,713.00,3.00,0.00,0.00,3.00,9.00,1490.00,0.00,2014.00,0.00,98109.00,47.64,-122.35,1490.00,1110.00
2768301482.00,20140821T000000,490000.00,3.00,2.25,1280.00,1520.00,2.00,0.00,0.00,3.00,8.00,1080.00,200.00,2008.00,0.00,98107.00,47.67,-122.37,1280.00,1681.00
8895800110.00,20140805T000000,1299890.00,5.00,4.00,3870.00,5929.00,2.00,0.00,0.00,3.00,10.00,3870.00,0.00,2014.00,0.00,98052.00,47.70,-122.13,3600.00,5625.00
3879900750.00,20140910T000000,579000.00,2.00,2.50,1280.00,1051.00,2.00,0.00,0.00,3.00,8.00,1080.00,200.00,2009.00,0.00,98119.00,47.63,-122.36,1580.00,1279.00
7234600820.00,20150327T000000,552500.00,3.00,1.50,1300.00,1435.00,2.00,0.00,0.00,3.00,8.00,1120.00,180.00,2007.00,0.00,98122.00,47.61,-122.31,1320.00,1652.00
1946000100.00,20150204T000000,467000.00,4.00,2.75,2170.00,5024.00,2.00,0.00,0.00,3.00,8.00,2170.00,0.00,2012.00,0.00,98059.00,47.50,-122.15,2460.00,5024.00
8943600870.00,20141113T000000,305000.00,4.00,2.25,1763.00,3717.00,2.00,0.00,0.00,3.00,8.00,1763.00,0.00,2012.00,0.00,98031.00,47.42,-122.19,1763.00,3666.00
6145600557.00,20140509T000000,212000.00,2.00,1.50,1020.00,1525.00,2.00,0.00,0.00,3.00,7.00,1020.00,0.00,2004.00,0.00,98133.00,47.70,-122.35,1020.00,3844.00
7203140180.00,20140821T000000,429000.00,4.00,2.50,1840.00,4593.00,2.00,0.00,0.00,3.00,7.00,1840.00,0.00,2010.00,0.00,98053.00,47.69,-122.01,1740.00,3600.00
3277801592.00,20140925T000000,479950.00,3.00,2.00,1820.00,1358.00,3.00,0.00,0.00,3.00,9.00,1820.00,0.00,2014.00,0.00,98126.00,47.54,-122.38,1710.00,1367.00
461003835.00,20141218T000000,825000.00,3.00,3.50,2670.00,3000.00,2.00,0.00,0.00,3.00,9.00,1870.00,800.00,2014.00,0.00,98117.00,47.68,-122.37,1750.00,5000.00
424069279.00,20150328T000000,1180000.00,6.00,6.50,6260.00,10955.00,2.00,0.00,0.00,3.00,11.00,4840.00,1420.00,2007.00,0.00,98075.00,47.59,-122.04,2710.00,12550.00
1760651000.00,20140613T000000,250000.00,3.00,2.25,1400.00,3814.00,2.00,0.00,0.00,3.00,7.00,1400.00,0.00,2012.00,0.00,98042.00,47.36,-122.08,1610.00,3814.00
3057000070.00,20141027T000000,289000.00,2.00,1.50,1160.00,2158.00,2.00,0.00,0.00,3.00,7.00,1160.00,0.00,1982.00,0.00,98034.00,47.72,-122.19,1150.00,2158.00
2895810200.00,20141002T000000,265000.00,3.00,2.50,1400.00,3368.00,2.00,0.00,0.00,3.00,7.00,1400.00,0.00,2013.00,0.00,98146.00,47.51,-122.34,1400.00,4316.00
2325300060.00,20140515T000000,344000.00,3.00,2.50,1232.00,1130.00,3.00,0.00,0.00,3.00,7.00,1232.00,0.00,2007.00,0.00,98125.00,47.72,-122.32,1232.00,1202.00
9151600055.00,20140709T000000,749000.00,4.00,2.75,2700.00,6000.00,2.00,0.00,0.00,4.00,8.00,2100.00,600.00,1910.00,0.00,98116.00,47.59,-122.38,2050.00,5400.00
7853321260.00,20140908T000000,492000.00,4.00,2.50,2550.00,6382.00,2.00,0.00,0.00,3.00,7.00,2550.00,0.00,2007.00,0.00,98065.00,47.52,-121.87,2430.00,5900.00
4219610320.00,20150119T000000,552500.00,4.00,2.50,3260.00,6902.00,2.00,0.00,0.00,3.00,8.00,3260.00,0.00,2008.00,0.00,98059.00,47.48,-122.16,3130.00,6588.00
2902200016.00,20141112T000000,653500.00,2.00,2.50,1680.00,1240.00,2.00,0.00,0.00,3.00,8.00,1120.00,560.00,2014.00,0.00,98102.00,47.64,-122.32,2060.00,3630.00
7518507055.00,20150402T000000,855000.00,4.00,3.25,2630.00,2550.00,2.00,0.00,0.00,3.00,10.00,2030.00,600.00,2006.00,0.00,98117.00,47.68,-122.39,1810.00,2600.00
7502700060.00,20141119T000000,333000.00,3.00,1.50,1260.00,5758.00,2.00,0.00,0.00,3.00,7.00,1260.00,0.00,1999.00,0.00,98006.00,47.55,-122.14,3090.00,10142.00
3448740160.00,20140611T000000,415000.00,4.00,2.50,2550.00,4500.00,2.00,0.00,0.00,3.00,7.00,2550.00,0.00,2009.00,0.00,98059.00,47.49,-122.15,2340.00,4526.00
179001455.00,20141107T000000,445000.00,4.00,3.25,3450.00,5000.00,2.00,0.00,0.00,3.00,8.00,3450.00,0.00,2008.00,0.00,98178.00,47.49,-122.27,1420.00,5000.00
8669160270.00,20140710T000000,273500.00,3.00,2.50,1550.00,3402.00,2.00,0.00,0.00,3.00,7.00,1550.00,0.00,2009.00,0.00,98002.00,47.35,-122.21,2095.00,3402.00
4215270070.00,20140606T000000,969990.00,4.00,2.50,4150.00,8436.00,2.00,0.00,0.00,3.00,10.00,4150.00,0.00,2014.00,0.00,98075.00,47.58,-122.04,4070.00,8438.00
170000060.00,20141008T000000,1200000.00,5.00,3.50,3900.00,4400.00,2.00,0.00,0.00,3.00,9.00,2650.00,1250.00,2014.00,0.00,98107.00,47.66,-122.36,1190.00,4400.00
7410200431.00,20140806T000000,430000.00,3.00,3.25,1550.00,1444.00,3.00,0.00,0.00,3.00,8.00,1550.00,0.00,2006.00,0.00,98115.00,47.68,-122.29,1550.00,1444.00
6600060140.00,20150323T000000,392000.00,4.00,2.50,2130.00,4000.00,2.00,0.00,0.00,3.00,8.00,2130.00,0.00,2014.00,0.00,98146.00,47.51,-122.36,1830.00,7217.00
2324059314.00,20140702T000000,795000.00,4.00,2.50,2890.00,7798.00,2.00,0.00,0.00,3.00,9.00,2890.00,0.00,2005.00,0.00,98006.00,47.55,-122.13,3300.00,30950.00
9376301111.00,20140630T000000,457000.00,3.00,2.50,1220.00,1330.00,2.00,0.00,0.00,3.00,8.00,1010.00,210.00,2008.00,0.00,98117.00,47.69,-122.37,1360.00,3750.00
8956200560.00,20150320T000000,453000.00,4.00,2.50,2502.00,8306.00,2.00,0.00,0.00,3.00,9.00,2502.00,0.00,2013.00,0.00,98001.00,47.30,-122.27,2597.00,6983.00
6749700002.00,20140509T000000,376000.00,3.00,2.00,1340.00,1384.00,3.00,0.00,0.00,3.00,8.00,1340.00,0.00,2008.00,0.00,98103.00,47.70,-122.35,1110.00,1384.00
1438000390.00,20140804T000000,469995.00,4.00,2.50,2350.00,3800.00,2.00,0.00,0.00,3.00,8.00,2350.00,0.00,2014.00,0.00,98059.00,47.48,-122.12,2670.00,4180.00
8682301600.00,20150504T000000,540000.00,3.00,2.50,1810.00,3930.00,2.00,0.00,0.00,3.00,8.00,1810.00,0.00,2008.00,0.00,98053.00,47.72,-122.02,1560.00,5100.00
7853361370.00,20140502T000000,555000.00,4.00,2.50,3310.00,6500.00,2.00,0.00,0.00,3.00,8.00,3310.00,0.00,2012.00,0.00,98065.00,47.52,-121.87,2380.00,5000.00
3333001997.00,20140725T000000,445000.00,3.00,2.00,1620.00,5101.00,1.00,0.00,0.00,3.00,7.00,590.00,1030.00,2006.00,0.00,98118.00,47.54,-122.29,1700.00,7750.00
7899800857.00,20141215T000000,256950.00,2.00,2.00,1070.00,635.00,2.00,0.00,0.00,3.00,9.00,720.00,350.00,2008.00,0.00,98106.00,47.52,-122.36,1070.00,928.00
7338220370.00,20141006T000000,297000.00,4.00,2.50,2230.00,4952.00,2.00,0.00,0.00,3.00,8.00,2230.00,0.00,2011.00,0.00,98002.00,47.34,-122.21,2030.00,3721.00
9406530160.00,20141017T000000,320000.00,4.00,2.50,1970.00,4558.00,2.00,0.00,0.00,3.00,8.00,1970.00,0.00,2005.00,0.00,98038.00,47.36,-122.04,1980.00,5123.00
7853280370.00,20141114T000000,805000.00,5.00,4.50,4600.00,7810.00,2.00,0.00,0.00,3.00,9.00,3200.00,1400.00,2006.00,0.00,98065.00,47.54,-121.86,4480.00,6324.00
2937300520.00,20140801T000000,799990.00,4.00,2.75,3110.00,6050.00,2.00,0.00,0.00,3.00,9.00,3110.00,0.00,2014.00,0.00,98052.00,47.71,-122.13,3590.00,6054.00
2738640310.00,20150409T000000,680000.00,4.00,2.50,3490.00,3677.00,2.00,0.00,0.00,3.00,9.00,2850.00,640.00,2007.00,0.00,98072.00,47.77,-122.16,3440.00,3600.00
6056100312.00,20140624T000000,395000.00,3.00,2.50,1600.00,1936.00,2.00,0.00,0.00,3.00,7.00,1600.00,0.00,2007.00,0.00,98108.00,47.56,-122.30,1600.00,1936.00
2856100260.00,20141202T000000,732000.00,3.00,2.50,1960.00,3060.00,2.00,0.00,0.00,3.00,8.00,1960.00,0.00,2010.00,0.00,98117.00,47.68,-122.39,1220.00,3060.00
2724049222.00,20140802T000000,163800.00,2.00,2.50,1000.00,1092.00,2.00,0.00,0.00,3.00,7.00,990.00,10.00,2004.00,0.00,98118.00,47.54,-122.27,1330.00,1466.00
2724049222.00,20141201T000000,220000.00,2.00,2.50,1000.00,1092.00,2.00,0.00,0.00,3.00,7.00,990.00,10.00,2004.00,0.00,98118.00,47.54,-122.27,1330.00,1466.00
6149700197.00,20141106T000000,308625.00,2.00,2.00,1500.00,1408.00,3.00,0.00,0.00,3.00,7.00,1500.00,0.00,1999.00,0.00,98133.00,47.73,-122.34,1500.00,1245.00
3166900200.00,20150331T000000,375000.00,3.00,2.50,2424.00,5931.00,2.00,0.00,0.00,3.00,9.00,2424.00,0.00,2014.00,0.00,98042.00,47.35,-122.13,2424.00,6036.00
5137800030.00,20140701T000000,300000.00,4.00,2.50,2303.00,3826.00,2.00,0.00,0.00,3.00,8.00,2303.00,0.00,2006.00,0.00,98092.00,47.33,-122.17,2516.00,4500.00
3832080070.00,20140616T000000,284000.00,3.00,2.50,1880.00,6008.00,2.00,0.00,0.00,3.00,7.00,1880.00,0.00,2009.00,0.00,98042.00,47.34,-122.05,2180.00,5185.00
9828702336.00,20150220T000000,610000.00,2.00,2.00,1210.00,740.00,2.00,0.00,0.00,3.00,8.00,780.00,430.00,2014.00,0.00,98112.00,47.62,-122.30,1480.00,1171.00
7203180370.00,20150324T000000,955000.00,4.00,3.25,3720.00,6765.00,2.00,0.00,0.00,3.00,9.00,3720.00,0.00,2012.00,0.00,98053.00,47.69,-122.02,3100.00,6790.00
3901100030.00,20140627T000000,982000.00,4.00,2.75,3610.00,8580.00,2.00,0.00,0.00,3.00,9.00,3610.00,0.00,2014.00,0.00,98033.00,47.67,-122.17,2360.00,8580.00
3126049500.00,20140522T000000,359000.00,3.00,1.50,1360.00,885.00,3.00,0.00,0.00,3.00,8.00,1360.00,0.00,2008.00,0.00,98103.00,47.70,-122.35,1360.00,1167.00
6666830390.00,20140718T000000,779380.00,5.00,2.50,2590.00,7084.00,2.00,0.00,0.00,3.00,8.00,2590.00,0.00,2014.00,0.00,98052.00,47.71,-122.11,3010.00,4823.00
1832100055.00,20140630T000000,1510000.00,5.00,3.25,4390.00,11250.00,2.00,0.00,0.00,3.00,10.00,4390.00,0.00,2007.00,0.00,98040.00,47.58,-122.23,2160.00,9249.00
3629700030.00,20150223T000000,635000.00,3.00,3.00,2290.00,1407.00,2.50,0.00,0.00,3.00,8.00,1890.00,400.00,2014.00,0.00,98027.00,47.54,-122.02,2230.00,1407.00
3630200960.00,20140826T000000,1060000.00,4.00,3.75,3880.00,9979.00,2.50,0.00,0.00,3.00,10.00,3880.00,0.00,2007.00,0.00,98029.00,47.54,-121.99,3130.00,6112.00
7625702431.00,20140716T000000,389500.00,3.00,2.50,1350.00,874.00,3.00,0.00,0.00,3.00,8.00,1270.00,80.00,2006.00,0.00,98136.00,47.55,-122.39,1350.00,886.00
2895800390.00,20140807T000000,359800.00,5.00,2.50,2170.00,2752.00,2.00,0.00,0.00,3.00,8.00,2170.00,0.00,2014.00,0.00,98106.00,47.52,-122.35,1800.00,2752.00
3753000030.00,20140527T000000,399950.00,3.00,3.00,1296.00,1051.00,3.00,0.00,0.00,3.00,8.00,1296.00,0.00,2009.00,0.00,98125.00,47.72,-122.28,1520.00,1939.00
1773100926.00,20140603T000000,320000.00,3.00,3.25,1530.00,1602.00,2.00,0.00,0.00,3.00,8.00,1140.00,390.00,2013.00,0.00,98106.00,47.56,-122.36,1450.00,1198.00
301400320.00,20140725T000000,255900.00,3.00,2.50,1489.00,3266.00,2.00,0.00,0.00,3.00,7.00,1489.00,0.00,2014.00,0.00,98002.00,47.35,-122.22,1537.00,3273.00
6600060160.00,20150209T000000,380000.00,4.00,2.50,2130.00,4467.00,2.00,0.00,0.00,3.00,8.00,2130.00,0.00,2014.00,0.00,98146.00,47.51,-122.36,1830.00,8160.00
1861100267.00,20140918T000000,580000.00,3.00,2.75,1430.00,1521.00,2.00,0.00,0.00,3.00,9.00,1130.00,300.00,2009.00,0.00,98119.00,47.64,-122.37,1930.00,2700.00
3438500036.00,20150429T000000,545000.00,5.00,3.75,2380.00,7268.00,1.00,0.00,0.00,3.00,8.00,1430.00,950.00,2008.00,0.00,98106.00,47.56,-122.36,2040.00,10810.00
3869900036.00,20140725T000000,451300.00,3.00,2.50,1420.00,814.00,2.00,0.00,0.00,3.00,8.00,1140.00,280.00,2008.00,0.00,98136.00,47.54,-122.39,1340.00,1382.00
1042700270.00,20140616T000000,852880.00,4.00,3.25,3450.00,6184.00,2.00,0.00,0.00,3.00,9.00,3450.00,0.00,2014.00,0.00,98074.00,47.61,-122.05,3020.00,5369.00
6817750340.00,20140919T000000,305000.00,4.00,2.50,1914.00,3150.00,2.00,0.00,0.00,3.00,8.00,1914.00,0.00,2009.00,0.00,98055.00,47.43,-122.19,1714.00,3164.00
3448001412.00,20150430T000000,295000.00,2.00,1.50,988.00,1080.00,3.00,0.00,0.00,3.00,7.00,988.00,0.00,2007.00,0.00,98125.00,47.71,-122.30,1128.00,1080.00
301400800.00,20141016T000000,261000.00,3.00,2.25,1584.00,2800.00,2.00,0.00,0.00,3.00,7.00,1584.00,0.00,2012.00,0.00,98002.00,47.35,-122.21,1584.00,2800.00
7852090570.00,20150317T000000,560000.00,4.00,2.50,2630.00,5710.00,2.00,0.00,0.00,3.00,8.00,2630.00,0.00,2001.00,0.00,98065.00,47.53,-121.88,2550.00,5500.00
7203180070.00,20140919T000000,795000.00,4.00,3.25,3520.00,5250.00,2.00,0.00,0.00,3.00,9.00,3520.00,0.00,2012.00,0.00,98053.00,47.69,-122.02,3220.00,5781.00
5416510200.00,20140929T000000,384950.00,4.00,2.50,2380.00,4913.00,2.00,0.00,0.00,3.00,8.00,2380.00,0.00,2006.00,0.00,98038.00,47.36,-122.04,2580.00,5311.00
1931300977.00,20140508T000000,500000.00,3.00,1.75,1410.00,1197.00,3.00,0.00,0.00,3.00,8.00,1410.00,0.00,2012.00,0.00,98103.00,47.66,-122.35,1350.00,2512.00
7853390260.00,20150205T000000,640000.00,4.00,3.50,3220.00,5741.00,2.00,0.00,0.00,3.00,9.00,3220.00,0.00,2013.00,0.00,98065.00,47.52,-121.89,2960.00,6534.00
9578500810.00,20141121T000000,418000.00,4.00,3.25,3266.00,5969.00,2.00,0.00,0.00,3.00,8.00,3266.00,0.00,2014.00,0.00,98023.00,47.30,-122.35,3087.00,5169.00
6844700575.00,20141010T000000,799000.00,3.00,2.00,2550.00,4794.00,2.00,0.00,0.00,3.00,9.00,2550.00,0.00,2007.00,0.00,98115.00,47.70,-122.29,1630.00,5100.00
3751601877.00,20150320T000000,552900.00,4.00,3.50,3828.00,18900.00,2.50,0.00,0.00,3.00,9.00,3828.00,0.00,2014.00,0.00,98001.00,47.29,-122.28,2120.00,18900.00
3869900136.00,20141219T000000,539950.00,3.00,2.25,1670.00,1596.00,3.00,0.00,0.00,3.00,8.00,1670.00,0.00,2014.00,0.00,98136.00,47.54,-122.39,1640.00,1310.00
8956200960.00,20150120T000000,524225.00,4.00,2.50,3056.00,11385.00,2.00,0.00,0.00,3.00,9.00,3056.00,0.00,2014.00,0.00,98001.00,47.29,-122.26,2849.00,8607.00
2883200083.00,20150202T000000,424950.00,2.00,1.50,1000.00,1188.00,3.00,0.00,0.00,3.00,8.00,1000.00,0.00,2005.00,0.00,98115.00,47.68,-122.33,2300.00,3500.00
2028700570.00,20141125T000000,560000.00,3.00,3.25,1530.00,1786.00,2.00,0.00,0.00,3.00,8.00,1200.00,330.00,2007.00,0.00,98117.00,47.68,-122.37,1390.00,2900.00
4188300030.00,20150429T000000,715000.00,5.00,3.00,3490.00,6091.00,2.00,0.00,0.00,3.00,9.00,3490.00,0.00,2009.00,0.00,98011.00,47.77,-122.23,2870.00,5932.00
7883603648.00,20140522T000000,300000.00,5.00,2.50,2760.00,6000.00,2.00,0.00,0.00,3.00,8.00,2760.00,0.00,2006.00,0.00,98108.00,47.53,-122.32,1360.00,6000.00
3630080030.00,20150224T000000,405000.00,3.00,2.50,1440.00,2163.00,2.00,0.00,0.00,3.00,7.00,1440.00,0.00,2005.00,0.00,98029.00,47.55,-122.00,1440.00,2207.00
173000036.00,20141007T000000,327000.00,3.00,3.00,1370.00,1001.00,3.00,0.00,0.00,3.00,8.00,1370.00,0.00,2009.00,0.00,98133.00,47.73,-122.36,1399.00,1151.00
2862500070.00,20141209T000000,859950.00,6.00,4.00,3180.00,6551.00,2.00,0.00,0.00,3.00,9.00,3180.00,0.00,2014.00,0.00,98074.00,47.62,-122.02,3230.00,7602.00
7017200055.00,20150113T000000,560000.00,4.00,3.00,2720.00,7570.00,2.00,0.00,0.00,3.00,9.00,2720.00,0.00,2008.00,0.00,98133.00,47.71,-122.35,1770.00,5705.00
3278611610.00,20140907T000000,379900.00,3.00,2.50,1800.00,2792.00,2.00,0.00,0.00,3.00,8.00,1800.00,0.00,2011.00,0.00,98126.00,47.54,-122.37,1580.00,2617.00
4305500030.00,20150501T000000,625000.00,3.00,2.50,3220.00,6409.00,2.00,0.00,0.00,3.00,9.00,3220.00,0.00,2008.00,0.00,98059.00,47.48,-122.13,3330.00,6231.00
255460240.00,20150423T000000,398096.00,3.00,2.50,2370.00,5321.00,2.00,0.00,0.00,3.00,8.00,2370.00,0.00,2014.00,0.00,98038.00,47.37,-122.02,2370.00,4357.00
1773100416.00,20141120T000000,315000.00,3.00,2.50,1410.00,1325.00,2.00,0.00,0.00,3.00,7.00,1180.00,230.00,2007.00,0.00,98106.00,47.56,-122.36,1270.00,1282.00
2937300560.00,20141212T000000,939000.00,4.00,3.50,3640.00,6049.00,2.00,0.00,0.00,3.00,9.00,3640.00,0.00,2014.00,0.00,98052.00,47.70,-122.13,3590.00,6104.00
9510860560.00,20140725T000000,674000.00,3.00,2.50,1920.00,3624.00,2.00,0.00,0.00,3.00,9.00,1920.00,0.00,2003.00,0.00,98052.00,47.66,-122.09,1930.00,3533.00
1085621740.00,20140814T000000,306000.00,4.00,2.50,2267.00,3577.00,2.00,0.00,0.00,3.00,7.00,2267.00,0.00,2014.00,0.00,98092.00,47.34,-122.18,2056.00,3577.00
4139300135.00,20140709T000000,2321000.00,5.00,4.75,5780.00,17004.00,2.00,0.00,0.00,3.00,11.00,4260.00,1520.00,2006.00,0.00,98040.00,47.58,-122.21,3460.00,10855.00
5100400241.00,20150202T000000,394950.00,2.00,1.00,1131.00,1304.00,3.00,0.00,0.00,3.00,7.00,1131.00,0.00,2011.00,0.00,98115.00,47.69,-122.31,1131.00,1992.00
2428100070.00,20140918T000000,914154.00,3.00,3.50,2940.00,6431.00,2.00,0.00,0.00,3.00,10.00,2940.00,0.00,2014.00,0.00,98075.00,47.58,-122.05,2760.00,6695.00
726059485.00,20141117T000000,496000.00,3.00,2.50,2180.00,4533.00,2.00,0.00,0.00,3.00,7.00,2180.00,0.00,2010.00,0.00,98011.00,47.75,-122.22,2180.00,7347.00
9834201370.00,20150417T000000,430100.00,3.00,2.25,1400.00,1078.00,2.00,0.00,0.00,3.00,8.00,940.00,460.00,2009.00,0.00,98144.00,47.57,-122.29,1420.00,1230.00
8564860270.00,20140708T000000,449990.00,4.00,2.50,2680.00,5539.00,2.00,0.00,0.00,3.00,8.00,2680.00,0.00,2013.00,0.00,98045.00,47.48,-121.73,2680.00,5992.00
8564860270.00,20150330T000000,502000.00,4.00,2.50,2680.00,5539.00,2.00,0.00,0.00,3.00,8.00,2680.00,0.00,2013.00,0.00,98045.00,47.48,-121.73,2680.00,5992.00
3395071580.00,20150311T000000,310000.00,3.00,2.50,1300.00,3612.00,2.00,0.00,0.00,3.00,7.00,1300.00,0.00,2005.00,0.00,98118.00,47.53,-122.28,1390.00,2943.00
3682000060.00,20150323T000000,349950.00,4.00,3.50,2796.00,3520.00,2.50,0.00,0.00,3.00,8.00,2796.00,0.00,2013.00,0.00,98001.00,47.34,-122.28,2040.00,5195.00
1646500810.00,20140919T000000,625000.00,2.00,1.75,1460.00,1500.00,2.00,0.00,0.00,3.00,8.00,1000.00,460.00,2008.00,0.00,98103.00,47.69,-122.36,1440.00,4120.00
7768800160.00,20140827T000000,1054710.00,4.00,3.50,4210.00,6481.00,2.00,0.00,3.00,3.00,9.00,3260.00,950.00,2014.00,0.00,98075.00,47.58,-122.07,3920.00,5331.00
3629980860.00,20140707T000000,680000.00,4.00,2.75,2330.00,3920.00,2.00,0.00,0.00,3.00,9.00,2330.00,0.00,2005.00,0.00,98029.00,47.55,-121.99,2410.00,4063.00
629890070.00,20140515T000000,828950.00,4.00,3.50,3930.00,5680.00,2.00,0.00,1.00,3.00,9.00,2820.00,1110.00,2013.00,0.00,98027.00,47.55,-122.08,3700.00,5816.00
7299600140.00,20150403T000000,274950.00,3.00,2.50,1608.00,4000.00,2.00,0.00,0.00,3.00,8.00,1608.00,0.00,2014.00,0.00,98092.00,47.26,-122.20,2009.00,4983.00
1332700030.00,20150312T000000,293000.00,2.00,2.25,1610.00,1968.00,2.00,0.00,0.00,4.00,7.00,1610.00,0.00,1979.00,0.00,98056.00,47.52,-122.20,1950.00,1968.00
3630220140.00,20140613T000000,795000.00,4.00,3.50,3200.00,3250.00,2.00,0.00,0.00,3.00,9.00,2670.00,530.00,2007.00,0.00,98029.00,47.55,-122.00,3400.00,3663.00
301400240.00,20140922T000000,282900.00,4.00,2.50,1710.00,3500.00,2.00,0.00,0.00,3.00,7.00,1710.00,0.00,2014.00,0.00,98002.00,47.34,-122.22,1710.00,3500.00
1233100710.00,20150416T000000,909950.00,5.00,3.75,3050.00,8972.00,2.00,0.00,0.00,3.00,9.00,3050.00,0.00,2014.00,0.00,98033.00,47.68,-122.17,2750.00,8979.00
293070270.00,20141104T000000,922755.00,4.00,3.50,3560.00,4951.00,2.00,0.00,0.00,3.00,9.00,3560.00,0.00,2014.00,0.00,98074.00,47.62,-122.06,3540.00,5500.00
3304030140.00,20150416T000000,424000.00,4.00,2.50,2650.00,8685.00,2.00,0.00,0.00,3.00,9.00,2650.00,0.00,2006.00,0.00,98001.00,47.34,-122.27,2650.00,7932.00
5095401070.00,20150423T000000,630000.00,3.00,2.50,3490.00,12410.00,2.00,0.00,0.00,3.00,8.00,2590.00,900.00,2009.00,0.00,98059.00,47.47,-122.07,1740.00,14448.00
6358900070.00,20141222T000000,810000.00,4.00,3.25,4140.00,46173.00,2.00,0.00,0.00,3.00,9.00,4140.00,0.00,2007.00,0.00,98011.00,47.76,-122.21,2060.00,43103.00
8141310030.00,20140730T000000,256703.00,3.00,2.00,1670.00,4441.00,1.00,0.00,0.00,3.00,7.00,1670.00,0.00,2014.00,0.00,98022.00,47.19,-121.98,1670.00,4622.00
7203140270.00,20140515T000000,386380.00,3.00,2.50,1720.00,3600.00,2.00,0.00,0.00,3.00,7.00,1720.00,0.00,2010.00,0.00,98053.00,47.69,-122.01,1720.00,3600.00
8682320320.00,20140916T000000,485000.00,2.00,2.00,1510.00,3961.00,1.00,0.00,0.00,3.00,8.00,1510.00,0.00,2010.00,0.00,98053.00,47.71,-122.02,1510.00,3962.00
9542840340.00,20150211T000000,275000.00,3.00,2.25,1450.00,4040.00,2.00,0.00,0.00,3.00,7.00,1450.00,0.00,2010.00,0.00,98038.00,47.37,-122.02,1610.00,4040.00
3943600140.00,20150302T000000,370000.00,4.00,2.50,1812.00,5026.00,2.00,0.00,0.00,3.00,8.00,1812.00,0.00,2011.00,0.00,98055.00,47.45,-122.20,2440.00,6007.00
2902200240.00,20140610T000000,499950.00,2.00,2.25,1060.00,1208.00,2.00,0.00,0.00,3.00,8.00,940.00,120.00,2005.00,0.00,98102.00,47.64,-122.33,1300.00,1169.00
3274800505.00,20150424T000000,502000.00,3.00,2.50,1600.00,3073.00,3.00,0.00,0.00,3.00,8.00,1600.00,0.00,2009.00,0.00,98144.00,47.59,-122.30,1130.00,2921.00
8080400136.00,20140620T000000,654000.00,3.00,3.25,1530.00,1565.00,2.00,0.00,0.00,3.00,8.00,1280.00,250.00,2005.00,0.00,98122.00,47.62,-122.31,1530.00,1381.00
6371000079.00,20140714T000000,575000.00,4.00,2.25,2070.00,1230.00,3.00,0.00,0.00,3.00,9.00,1500.00,570.00,2013.00,0.00,98116.00,47.58,-122.41,1569.00,4802.00
5379801920.00,20150415T000000,500000.00,4.00,2.50,3630.00,7482.00,2.00,0.00,0.00,3.00,10.00,3630.00,0.00,2008.00,0.00,98188.00,47.46,-122.29,1600.00,15716.00
8562770320.00,20150114T000000,554000.00,3.00,2.50,2140.00,4126.00,2.00,0.00,0.00,3.00,8.00,1960.00,180.00,2005.00,0.00,98027.00,47.54,-122.07,2280.00,2615.00
3449000200.00,20150508T000000,360000.00,4.00,1.75,2010.00,12188.00,1.00,0.00,0.00,4.00,7.00,1150.00,860.00,1960.00,0.00,98059.00,47.50,-122.15,1720.00,8475.00
255470030.00,20150429T000000,619990.00,4.00,2.75,2630.00,4501.00,2.00,0.00,0.00,3.00,8.00,2630.00,0.00,2015.00,0.00,98028.00,47.77,-122.24,2380.00,4599.00
629650030.00,20150312T000000,317500.00,4.00,2.50,2233.00,6025.00,2.00,0.00,0.00,3.00,7.00,2233.00,0.00,2012.00,0.00,98001.00,47.26,-122.26,1544.00,6036.00
3574770030.00,20140828T000000,564950.00,4.00,2.75,2990.00,4521.00,2.00,0.00,0.00,3.00,7.00,2990.00,0.00,2014.00,0.00,98028.00,47.74,-122.23,2580.00,7539.00
7589700055.00,20140611T000000,545000.00,2.00,1.25,1240.00,2150.00,2.00,0.00,0.00,3.00,8.00,1240.00,0.00,2014.00,0.00,98117.00,47.69,-122.37,1340.00,5289.00
3832050570.00,20150501T000000,333700.00,3.00,2.50,2230.00,5050.00,2.00,0.00,0.00,3.00,7.00,2230.00,0.00,2006.00,0.00,98042.00,47.34,-122.06,2260.00,5050.00
5167000140.00,20140711T000000,1480000.00,3.00,3.25,3700.00,2264.00,2.00,0.00,0.00,3.00,11.00,2280.00,1420.00,1998.00,0.00,98033.00,47.67,-122.21,3930.00,2567.00
9578060370.00,20150408T000000,530000.00,4.00,3.00,2290.00,5105.00,2.00,0.00,0.00,3.00,8.00,2290.00,0.00,2012.00,0.00,98028.00,47.77,-122.24,2450.00,5105.00
2767604253.00,20150413T000000,396000.00,2.00,1.50,950.00,865.00,3.00,0.00,0.00,3.00,8.00,950.00,0.00,2006.00,0.00,98107.00,47.67,-122.38,1290.00,1189.00
8562780800.00,20141016T000000,305000.00,2.00,1.75,1120.00,758.00,2.00,0.00,0.00,3.00,7.00,1120.00,0.00,2012.00,0.00,98027.00,47.53,-122.07,1150.00,758.00
603000926.00,20140522T000000,380000.00,5.00,3.50,2420.00,4670.00,2.00,0.00,0.00,3.00,7.00,2420.00,0.00,2013.00,0.00,98118.00,47.52,-122.29,1430.00,4468.00
6817750510.00,20150303T000000,305000.00,4.00,2.50,1714.00,3250.00,2.00,0.00,0.00,3.00,8.00,1714.00,0.00,2010.00,0.00,98055.00,47.43,-122.19,1714.00,3250.00
423059409.00,20140928T000000,440000.00,4.00,2.50,2230.00,5650.00,2.00,0.00,0.00,3.00,7.00,2230.00,0.00,2011.00,0.00,98056.00,47.51,-122.17,1590.00,7241.00
522049074.00,20140627T000000,459000.00,4.00,3.00,2530.00,10000.00,2.00,0.00,0.00,3.00,7.00,2530.00,0.00,2013.00,0.00,98148.00,47.43,-122.34,1420.00,9898.00
1934800193.00,20150306T000000,530000.00,3.00,3.50,1550.00,1233.00,2.00,0.00,0.00,3.00,8.00,1160.00,390.00,2005.00,0.00,98122.00,47.60,-122.31,1490.00,1539.00
847100046.00,20150416T000000,600000.00,4.00,2.75,3110.00,11225.00,2.00,0.00,0.00,3.00,8.00,3110.00,0.00,2012.00,0.00,98059.00,47.49,-122.14,2610.00,8535.00
1250200693.00,20140718T000000,515000.00,3.00,3.00,2100.00,2409.00,2.00,0.00,0.00,3.00,8.00,1660.00,440.00,2008.00,0.00,98144.00,47.60,-122.30,1900.00,2400.00
7338220200.00,20150408T000000,275000.00,4.00,2.50,2150.00,3721.00,2.00,0.00,0.00,3.00,8.00,2150.00,0.00,2007.00,0.00,98002.00,47.34,-122.22,2150.00,3721.00
1982201596.00,20150112T000000,540000.00,3.00,1.75,1630.00,1404.00,2.00,0.00,0.00,3.00,8.00,1020.00,610.00,2014.00,0.00,98107.00,47.66,-122.37,1420.00,1670.00
7853270830.00,20140805T000000,445000.00,3.00,2.50,2230.00,7934.00,2.00,0.00,0.00,3.00,7.00,2230.00,0.00,2005.00,0.00,98065.00,47.54,-121.88,2310.00,4818.00
9352900200.00,20150407T000000,285000.00,3.00,2.50,1320.00,955.00,3.00,0.00,0.00,3.00,7.00,1320.00,0.00,2009.00,0.00,98106.00,47.52,-122.36,1300.00,1003.00
8850000517.00,20140731T000000,480000.00,3.00,2.50,1590.00,1431.00,2.00,0.00,0.00,3.00,8.00,1060.00,530.00,2010.00,0.00,98144.00,47.59,-122.31,1620.00,1548.00
3395070560.00,20150120T000000,440000.00,5.00,3.25,2610.00,3642.00,2.00,0.00,0.00,3.00,8.00,2080.00,530.00,2005.00,0.00,98118.00,47.54,-122.28,1750.00,3118.00
7211400576.00,20150211T000000,287450.00,3.00,2.50,1440.00,2500.00,2.00,0.00,0.00,3.00,7.00,1440.00,0.00,2008.00,0.00,98146.00,47.51,-122.36,1440.00,5000.00
5169700132.00,20150401T000000,507950.00,4.00,2.50,2630.00,6283.00,2.00,0.00,0.00,3.00,9.00,2630.00,0.00,2006.00,0.00,98059.00,47.51,-122.16,2630.00,7210.00
3204960200.00,20140619T000000,750000.00,3.00,3.50,3390.00,10078.00,2.00,0.00,0.00,3.00,10.00,3040.00,350.00,2012.00,0.00,98056.00,47.54,-122.19,3290.00,12332.00
8024200681.00,20140703T000000,425000.00,3.00,1.50,1400.00,1022.00,3.00,0.00,0.00,3.00,8.00,1400.00,0.00,2007.00,0.00,98115.00,47.70,-122.32,1270.00,1205.00
9358000550.00,20141202T000000,420000.00,3.00,3.50,1900.00,2133.00,2.00,0.00,0.00,3.00,8.00,1520.00,380.00,2009.00,0.00,98126.00,47.57,-122.37,1530.00,3264.00
7625702444.00,20140510T000000,394950.00,3.00,2.50,1350.00,1250.00,3.00,0.00,0.00,3.00,8.00,1270.00,80.00,2006.00,0.00,98136.00,47.55,-122.39,1350.00,886.00
7853370260.00,20140711T000000,635000.00,4.00,3.25,3420.00,6752.00,2.00,0.00,2.00,3.00,9.00,3030.00,390.00,2012.00,0.00,98065.00,47.52,-121.88,3010.00,5172.00
522079068.00,20150506T000000,513000.00,3.00,2.50,2150.00,161607.00,2.00,0.00,0.00,3.00,7.00,1330.00,820.00,1995.00,0.00,98038.00,47.42,-121.94,2400.00,207781.00
3023000200.00,20150505T000000,380000.00,4.00,2.50,2110.00,5306.00,2.00,0.00,0.00,3.00,8.00,2110.00,0.00,2012.00,0.00,98038.00,47.36,-122.06,2250.00,5306.00
3758900023.00,20140521T000000,1130000.00,4.00,3.25,3810.00,8519.00,1.00,0.00,1.00,3.00,10.00,2680.00,1130.00,2007.00,0.00,98033.00,47.70,-122.21,3240.00,10748.00
6204050160.00,20140608T000000,540000.00,5.00,3.00,2870.00,4369.00,2.00,0.00,0.00,3.00,8.00,2090.00,780.00,2007.00,0.00,98011.00,47.74,-122.19,2640.00,4610.00
8562780200.00,20150427T000000,352499.00,2.00,2.25,1240.00,705.00,2.00,0.00,0.00,3.00,7.00,1150.00,90.00,2009.00,0.00,98027.00,47.53,-122.07,1240.00,750.00
7702600949.00,20150505T000000,603000.00,4.00,3.50,3610.00,6345.00,2.00,0.00,0.00,3.00,9.00,2370.00,1240.00,2008.00,0.00,98058.00,47.43,-122.10,3010.00,29279.00
3442000127.00,20140530T000000,685000.00,4.00,2.50,2310.00,5100.00,2.00,0.00,0.00,3.00,9.00,2310.00,0.00,2013.00,0.00,98177.00,47.70,-122.36,1260.00,5100.00
255550070.00,20140626T000000,330675.00,4.00,3.00,1930.00,3031.00,1.00,0.00,0.00,3.00,7.00,1200.00,730.00,2006.00,0.00,98019.00,47.75,-121.99,1930.00,2611.00
7165700200.00,20140605T000000,275000.00,3.00,3.00,1390.00,1080.00,2.00,0.00,0.00,3.00,7.00,1140.00,250.00,2006.00,0.00,98118.00,47.53,-122.28,1450.00,1081.00
8096800270.00,20140716T000000,259950.00,3.00,2.50,1578.00,7340.00,2.00,0.00,0.00,3.00,7.00,1578.00,0.00,2010.00,0.00,98030.00,47.38,-122.19,1850.00,7200.00
4046500160.00,20140729T000000,441000.00,3.00,2.00,1720.00,15000.00,1.00,0.00,0.00,3.00,9.00,1720.00,0.00,2011.00,0.00,98014.00,47.69,-121.92,1900.00,15337.00
7882600326.00,20141203T000000,1135000.00,5.00,3.75,4700.00,11237.00,2.00,0.00,0.00,3.00,10.00,2930.00,1770.00,2006.00,0.00,98033.00,47.66,-122.20,3180.00,13140.00
9122001230.00,20141205T000000,590000.00,3.00,3.50,1970.00,5079.00,2.00,0.00,0.00,3.00,8.00,1680.00,290.00,2007.00,0.00,98144.00,47.58,-122.30,1940.00,6000.00
6373000187.00,20140918T000000,497000.00,3.00,2.25,1460.00,1353.00,2.00,0.00,0.00,3.00,8.00,1050.00,410.00,2012.00,0.00,98116.00,47.58,-122.41,1690.00,3776.00
7967000200.00,20141121T000000,345500.00,3.00,2.50,1930.00,4000.00,2.00,0.00,0.00,3.00,8.00,1930.00,0.00,2014.00,0.00,98001.00,47.35,-122.28,2050.00,4000.00
2902200241.00,20140623T000000,562500.00,3.00,2.25,1300.00,907.00,2.00,0.00,0.00,3.00,8.00,1000.00,300.00,2006.00,0.00,98102.00,47.64,-122.33,1300.00,1169.00
291310390.00,20140904T000000,355000.00,3.00,2.25,1445.00,1087.00,2.00,0.00,0.00,3.00,7.00,1300.00,145.00,2005.00,0.00,98027.00,47.53,-122.07,1410.00,1336.00
1604601572.00,20140905T000000,345000.00,2.00,2.25,860.00,696.00,2.00,0.00,0.00,3.00,9.00,860.00,0.00,2009.00,0.00,98118.00,47.57,-122.29,1100.00,3000.00
259500270.00,20140505T000000,478000.00,3.00,2.50,3040.00,4535.00,2.00,0.00,0.00,3.00,9.00,3040.00,0.00,2007.00,0.00,98056.00,47.51,-122.19,2670.00,4666.00
3166900270.00,20150402T000000,391500.00,3.00,2.50,2424.00,6143.00,2.00,0.00,0.00,3.00,9.00,2424.00,0.00,2014.00,0.00,98030.00,47.35,-122.14,2381.00,6036.00
2926049582.00,20150412T000000,265000.00,2.00,1.50,1084.00,3427.00,2.00,0.00,0.00,3.00,7.00,1084.00,0.00,1976.00,0.00,98125.00,47.71,-122.33,1084.00,6250.00
3438503230.00,20141030T000000,395000.00,3.00,2.50,2510.00,5320.00,2.00,0.00,0.00,3.00,8.00,2510.00,0.00,2005.00,0.00,98106.00,47.54,-122.36,1820.00,5736.00
2827100075.00,20140727T000000,286308.00,2.00,1.50,1220.00,1036.00,3.00,0.00,0.00,3.00,7.00,1220.00,0.00,2006.00,0.00,98133.00,47.73,-122.35,1210.00,659.00
1702900624.00,20140527T000000,370000.00,2.00,2.25,1280.00,835.00,2.00,0.00,0.00,3.00,7.00,1080.00,200.00,2009.00,0.00,98118.00,47.56,-122.28,1280.00,1246.00
2856100935.00,20140923T000000,1079000.00,5.00,3.50,3740.00,5610.00,2.00,0.00,0.00,3.00,9.00,2860.00,880.00,2014.00,0.00,98117.00,47.68,-122.39,1520.00,4590.00
301401620.00,20141015T000000,298900.00,3.00,2.50,1852.00,4000.00,2.00,0.00,0.00,3.00,7.00,1852.00,0.00,2014.00,0.00,98002.00,47.35,-122.21,2475.00,4000.00
3630200520.00,20150421T000000,775000.00,4.00,2.50,2580.00,5787.00,2.00,0.00,0.00,3.00,9.00,2580.00,0.00,2007.00,0.00,98029.00,47.54,-121.99,2580.00,4410.00
323079065.00,20140624T000000,790000.00,4.00,3.50,3190.00,31450.00,2.00,0.00,0.00,3.00,9.00,3190.00,0.00,2010.00,0.00,98027.00,47.50,-121.90,3000.00,72745.00
7172200125.00,20140827T000000,1050000.00,3.00,2.50,3400.00,5119.00,2.00,0.00,0.00,3.00,8.00,2300.00,1100.00,2014.00,0.00,98115.00,47.68,-122.31,1740.00,5969.00
3057000400.00,20140708T000000,249000.00,2.00,1.50,1090.00,2686.00,2.00,0.00,0.00,3.00,7.00,1090.00,0.00,1982.00,0.00,98034.00,47.72,-122.19,1160.00,2158.00
3022900070.00,20140929T000000,348000.00,3.00,2.00,2360.00,6145.00,1.00,0.00,0.00,3.00,8.00,2360.00,0.00,2011.00,0.00,98030.00,47.36,-122.20,2304.00,5880.00
9406710060.00,20141114T000000,358000.00,5.00,2.50,2460.00,5604.00,2.00,0.00,0.00,3.00,8.00,2460.00,0.00,2011.00,0.00,98038.00,47.37,-122.04,2210.00,6395.00
3353401070.00,20140625T000000,260000.00,5.00,2.50,2025.00,7760.00,2.00,0.00,0.00,3.00,7.00,2025.00,0.00,2007.00,0.00,98001.00,47.27,-122.26,1664.00,9000.00
7853280570.00,20140604T000000,765000.00,4.00,3.00,4410.00,5104.00,2.00,0.00,0.00,3.00,9.00,3400.00,1010.00,2006.00,0.00,98065.00,47.54,-121.86,4390.00,5537.00
6192410550.00,20140528T000000,739000.00,3.00,2.50,2810.00,5400.00,2.00,0.00,0.00,3.00,9.00,2810.00,0.00,2005.00,0.00,98052.00,47.71,-122.12,2870.00,5400.00
8562710520.00,20140505T000000,890000.00,5.00,3.50,4490.00,6000.00,2.00,0.00,0.00,3.00,10.00,3200.00,1290.00,2006.00,0.00,98027.00,47.54,-122.07,4530.00,6000.00
1543000060.00,20140607T000000,462000.00,4.00,2.50,3070.00,6432.00,2.00,0.00,0.00,3.00,9.00,3070.00,0.00,2006.00,0.00,98055.00,47.45,-122.21,2910.00,5106.00
9536600810.00,20140708T000000,380000.00,4.00,2.50,1984.00,32400.00,1.00,0.00,0.00,3.00,8.00,1564.00,420.00,1962.00,0.00,98198.00,47.36,-122.32,1390.00,9152.00
5428000070.00,20150511T000000,770000.00,5.00,3.50,4750.00,8234.00,2.00,0.00,2.00,3.00,10.00,3350.00,1400.00,2013.00,0.00,98198.00,47.36,-122.32,2160.00,14496.00
2309000060.00,20140818T000000,641000.00,4.00,3.25,2760.00,4104.00,2.00,0.00,0.00,3.00,8.00,1900.00,860.00,2014.00,0.00,98056.00,47.53,-122.19,2760.00,5186.00
8043700105.00,20150417T000000,2300000.00,4.00,4.00,4360.00,8175.00,2.50,1.00,4.00,3.00,10.00,3940.00,420.00,2007.00,0.00,98008.00,47.57,-122.10,2670.00,8525.00
7792000140.00,20150504T000000,369000.00,4.00,2.50,3060.00,27251.00,1.50,0.00,0.00,3.00,8.00,3060.00,0.00,2008.00,0.00,98022.00,47.20,-121.97,1760.00,27251.00
5244801550.00,20140916T000000,1112000.00,4.00,3.00,2770.00,2650.00,2.00,0.00,0.00,3.00,9.00,2180.00,590.00,2014.00,0.00,98109.00,47.64,-122.35,1820.00,2960.00
9310300160.00,20140828T000000,357000.00,5.00,2.50,2990.00,9240.00,2.00,0.00,0.00,3.00,8.00,2990.00,0.00,2015.00,0.00,98133.00,47.74,-122.35,1970.00,18110.00
6762700376.00,20141126T000000,650000.00,3.00,2.75,1540.00,1251.00,2.00,0.00,0.00,3.00,8.00,1230.00,310.00,2002.00,0.00,98102.00,47.63,-122.32,1540.00,1287.00
1972200428.00,20140625T000000,563500.00,3.00,2.50,1400.00,1312.00,3.50,0.00,0.00,3.00,8.00,1400.00,0.00,2007.00,0.00,98103.00,47.65,-122.36,1350.00,1312.00
7304301231.00,20140617T000000,345000.00,3.00,2.50,1680.00,2229.00,2.00,0.00,0.00,3.00,7.00,1680.00,0.00,2007.00,0.00,98155.00,47.75,-122.32,1230.00,9300.00
9512200140.00,20140725T000000,479950.00,3.00,2.00,2260.00,7163.00,1.00,0.00,0.00,3.00,9.00,2260.00,0.00,2012.00,0.00,98058.00,47.46,-122.14,2340.00,6730.00
7853400260.00,20140513T000000,660000.00,4.00,3.50,3400.00,5196.00,2.00,0.00,0.00,3.00,9.00,3400.00,0.00,2012.00,0.00,98065.00,47.52,-121.88,3170.00,5260.00
97600140.00,20140729T000000,800000.00,4.00,2.50,2930.00,5000.00,2.00,0.00,0.00,3.00,9.00,2760.00,170.00,2007.00,0.00,98006.00,47.54,-122.12,3230.00,5778.00
2822059360.00,20140724T000000,253101.00,3.00,2.00,1239.00,6036.00,1.00,0.00,0.00,3.00,7.00,1239.00,0.00,2009.00,0.00,98030.00,47.37,-122.18,2060.00,5746.00
6056110200.00,20140929T000000,555000.00,3.00,3.50,2100.00,2479.00,2.00,0.00,0.00,3.00,9.00,1450.00,650.00,2011.00,0.00,98118.00,47.56,-122.29,1800.00,2457.00
6300000226.00,20140626T000000,240000.00,4.00,1.00,1200.00,2171.00,1.50,0.00,0.00,3.00,7.00,1200.00,0.00,1933.00,0.00,98133.00,47.71,-122.34,1130.00,1598.00
6300000226.00,20150504T000000,380000.00,4.00,1.00,1200.00,2171.00,1.50,0.00,0.00,3.00,7.00,1200.00,0.00,1933.00,0.00,98133.00,47.71,-122.34,1130.00,1598.00
9524100196.00,20141117T000000,239000.00,2.00,1.50,680.00,772.00,2.00,0.00,0.00,3.00,7.00,680.00,0.00,2005.00,0.00,98103.00,47.70,-122.34,690.00,1059.00
3013300685.00,20150318T000000,760000.00,4.00,3.25,2690.00,3995.00,2.00,0.00,0.00,3.00,9.00,2060.00,630.00,2014.00,0.00,98136.00,47.53,-122.38,1810.00,4590.00
2619950070.00,20140826T000000,430000.00,4.00,2.50,2750.00,7200.00,2.00,0.00,0.00,3.00,8.00,2750.00,0.00,2011.00,0.00,98019.00,47.73,-121.97,2750.00,7200.00
7203110240.00,20140522T000000,660000.00,3.00,2.50,2450.00,4332.00,2.00,0.00,0.00,3.00,8.00,2450.00,0.00,2010.00,0.00,98053.00,47.69,-122.02,2450.00,4154.00
7694200350.00,20140820T000000,399963.00,4.00,2.50,2620.00,4050.00,2.00,0.00,0.00,3.00,8.00,2620.00,0.00,2014.00,0.00,98146.00,47.50,-122.34,2030.00,3944.00
7600136.00,20140718T000000,411000.00,2.00,2.00,1130.00,1148.00,2.00,0.00,0.00,3.00,9.00,800.00,330.00,2007.00,0.00,98122.00,47.60,-122.31,1350.00,1201.00
1442880160.00,20140627T000000,483453.00,4.00,2.75,2790.00,5527.00,2.00,0.00,0.00,3.00,8.00,2790.00,0.00,2014.00,0.00,98045.00,47.48,-121.77,2620.00,5509.00
3277801580.00,20141110T000000,469950.00,3.00,2.00,1820.00,1357.00,3.00,0.00,0.00,3.00,9.00,1820.00,0.00,2014.00,0.00,98126.00,47.54,-122.38,1710.00,1372.00
1442880640.00,20140715T000000,504058.00,4.00,2.75,2910.00,7467.00,2.00,0.00,0.00,3.00,8.00,2910.00,0.00,2013.00,0.00,98045.00,47.48,-121.77,2790.00,7868.00
3845101070.00,20150428T000000,425996.00,4.00,2.50,2568.00,5000.00,2.00,0.00,0.00,3.00,9.00,2568.00,0.00,2014.00,0.00,98092.00,47.26,-122.19,2547.00,4500.00
6791900260.00,20140708T000000,760005.00,4.00,2.75,3090.00,5859.00,2.00,0.00,0.00,3.00,9.00,3090.00,0.00,2010.00,0.00,98074.00,47.61,-122.05,2960.00,5250.00
9828702339.00,20150420T000000,699999.00,2.00,2.00,1460.00,1085.00,2.00,0.00,0.00,3.00,8.00,950.00,510.00,2014.00,0.00,98112.00,47.62,-122.30,1580.00,1202.00
2255500125.00,20140716T000000,749950.00,3.00,2.50,2010.00,2263.00,2.00,0.00,0.00,3.00,8.00,1340.00,670.00,2014.00,0.00,98122.00,47.61,-122.31,1500.00,2670.00
5541300135.00,20140708T000000,674600.00,4.00,2.50,2610.00,5140.00,2.00,0.00,0.00,3.00,8.00,2610.00,0.00,2006.00,0.00,98103.00,47.70,-122.35,1190.00,5101.00
4083306616.00,20150224T000000,450000.00,2.00,1.50,960.00,1000.00,2.00,0.00,0.00,3.00,8.00,920.00,40.00,2008.00,0.00,98103.00,47.65,-122.34,1200.00,1297.00
8096800260.00,20150407T000000,272000.00,3.00,2.50,1528.00,7616.00,2.00,0.00,0.00,3.00,7.00,1528.00,0.00,2011.00,0.00,98030.00,47.38,-122.19,1850.00,7340.00
2997800024.00,20140714T000000,450000.00,2.00,1.50,1310.00,1264.00,2.00,0.00,0.00,3.00,8.00,1120.00,190.00,2006.00,0.00,98106.00,47.58,-122.41,1330.00,1265.00
952005863.00,20150505T000000,643950.00,3.00,2.25,1760.00,2122.00,3.00,0.00,0.00,3.00,9.00,1760.00,0.00,2015.00,0.00,98116.00,47.56,-122.39,1420.00,1618.00
7772850060.00,20141110T000000,290000.00,3.00,2.50,1420.00,3542.00,2.00,0.00,0.00,3.00,8.00,1310.00,110.00,2007.00,0.00,98133.00,47.77,-122.34,1180.00,1622.00
6130500070.00,20141008T000000,378000.00,3.00,2.50,1650.00,2082.00,3.00,0.00,0.00,3.00,8.00,1650.00,0.00,2007.00,0.00,98133.00,47.71,-122.33,1650.00,1965.00
8682300400.00,20140619T000000,728050.00,3.00,2.50,2320.00,6775.00,1.00,0.00,0.00,3.00,8.00,2320.00,0.00,2008.00,0.00,98053.00,47.72,-122.02,1680.00,4750.00
8956200990.00,20150426T000000,499160.00,4.00,2.50,2628.00,11466.00,2.00,0.00,0.00,3.00,9.00,2628.00,0.00,2014.00,0.00,98001.00,47.29,-122.26,2849.00,10909.00
9532000070.00,20141201T000000,536000.00,4.00,2.50,2520.00,4831.00,2.00,0.00,0.00,3.00,8.00,2520.00,0.00,2009.00,0.00,98072.00,47.77,-122.17,2430.00,3937.00
7570050070.00,20150205T000000,419900.00,5.00,3.50,2880.00,5000.00,2.00,0.00,0.00,3.00,8.00,2260.00,620.00,2012.00,0.00,98038.00,47.35,-122.02,2590.00,4800.00
946000295.00,20141210T000000,469000.00,3.00,2.25,1440.00,1362.00,3.00,0.00,0.00,3.00,7.00,1440.00,0.00,2014.00,0.00,98117.00,47.69,-122.37,1180.00,2603.00
3831250350.00,20150408T000000,374000.00,3.00,2.50,2185.00,6042.00,2.00,0.00,0.00,3.00,9.00,2185.00,0.00,2009.00,0.00,98030.00,47.36,-122.20,2297.00,5876.00
6056100160.00,20140728T000000,182568.00,4.00,1.50,1500.00,2106.00,2.00,0.00,0.00,3.00,7.00,1500.00,0.00,2014.00,0.00,98108.00,47.57,-122.30,1490.00,2175.00
1402970070.00,20140626T000000,334888.00,3.00,2.50,1769.00,7324.00,2.00,0.00,0.00,3.00,9.00,1769.00,0.00,2012.00,0.00,98092.00,47.33,-122.19,2502.00,6017.00
2524059267.00,20140917T000000,799900.00,4.00,4.00,3650.00,18223.00,2.00,0.00,3.00,3.00,9.00,3330.00,320.00,2013.00,0.00,98006.00,47.54,-122.12,3220.00,11022.00
8091670030.00,20140512T000000,383000.00,4.00,2.50,2160.00,6223.00,2.00,0.00,0.00,3.00,8.00,2160.00,0.00,2010.00,0.00,98038.00,47.35,-122.04,2160.00,5555.00
1825079046.00,20141218T000000,580000.00,3.00,2.50,1820.00,374616.00,2.00,0.00,0.00,3.00,7.00,1820.00,0.00,1999.00,0.00,98014.00,47.65,-121.96,1870.00,220654.00
255450390.00,20140707T000000,351999.00,3.00,2.50,2370.00,4200.00,2.00,0.00,0.00,3.00,8.00,2370.00,0.00,2014.00,0.00,98038.00,47.37,-122.02,2370.00,4200.00
9301300270.00,20150223T000000,1325000.00,3.00,3.00,3180.00,2758.00,2.00,0.00,2.00,3.00,11.00,2240.00,940.00,2008.00,0.00,98109.00,47.64,-122.34,2420.00,2758.00
9347300160.00,20150125T000000,312000.00,3.00,2.50,1780.00,4077.00,2.00,0.00,0.00,3.00,8.00,1780.00,0.00,2011.00,0.00,98038.00,47.36,-122.06,1970.00,4077.00
710600070.00,20140912T000000,674950.00,4.00,3.50,2650.00,3127.00,2.00,0.00,0.00,3.00,8.00,2230.00,420.00,2011.00,0.00,98027.00,47.54,-122.05,2330.00,3137.00
5556300116.00,20141229T000000,1105000.00,5.00,2.75,3300.00,7560.00,2.00,0.00,0.00,3.00,10.00,3300.00,0.00,2007.00,0.00,98052.00,47.65,-122.12,3150.00,8580.00
1324300126.00,20150313T000000,415000.00,2.00,2.50,1160.00,1219.00,3.00,0.00,0.00,3.00,8.00,1160.00,0.00,2007.00,0.00,98107.00,47.65,-122.36,1320.00,2800.00
9279700013.00,20140710T000000,1250000.00,3.00,3.00,3460.00,5353.00,2.00,0.00,0.00,3.00,10.00,2850.00,610.00,2007.00,0.00,98116.00,47.59,-122.39,2460.00,6325.00
3336500140.00,20140919T000000,208800.00,3.00,2.50,1390.00,2450.00,2.00,0.00,0.00,3.00,7.00,1390.00,0.00,2009.00,0.00,98118.00,47.53,-122.27,1390.00,2450.00
2767604212.00,20141029T000000,452000.00,2.00,2.50,1260.00,1131.00,3.00,0.00,0.00,3.00,8.00,1260.00,0.00,2006.00,0.00,98107.00,47.67,-122.38,1490.00,2500.00
6719600030.00,20150422T000000,837000.00,5.00,2.75,2940.00,5225.00,2.00,0.00,0.00,3.00,8.00,2760.00,180.00,2010.00,0.00,98052.00,47.69,-122.11,3090.00,6261.00
3204930510.00,20150224T000000,780000.00,5.00,3.50,3190.00,4247.00,2.00,0.00,0.00,3.00,8.00,2430.00,760.00,2013.00,0.00,98052.00,47.70,-122.10,2580.00,3989.00
7582700075.00,20141002T000000,1485000.00,4.00,3.50,3930.00,6120.00,2.00,0.00,0.00,3.00,10.00,3310.00,620.00,2007.00,0.00,98105.00,47.66,-122.28,3390.00,6120.00
191100435.00,20140926T000000,1600000.00,5.00,3.75,3570.00,10125.00,2.00,0.00,0.00,3.00,10.00,3570.00,0.00,2014.00,0.00,98040.00,47.56,-122.22,1760.00,10125.00
255450030.00,20140918T000000,369946.00,3.00,2.50,2420.00,4725.00,2.00,0.00,0.00,3.00,8.00,2420.00,0.00,2014.00,0.00,98038.00,47.37,-122.02,2370.00,4200.00
9476200710.00,20140608T000000,530000.00,3.00,2.75,3400.00,7200.00,2.00,0.00,2.00,3.00,9.00,2470.00,930.00,2009.00,0.00,98056.00,47.49,-122.19,1580.00,8676.00
1329300070.00,20150320T000000,386000.00,4.00,2.50,2478.00,6079.00,2.00,0.00,0.00,3.00,8.00,2478.00,0.00,2012.00,0.00,98030.00,47.35,-122.18,2279.00,6079.00
357000135.00,20150218T000000,1900000.00,4.00,2.50,3070.00,7830.00,2.00,0.00,2.00,3.00,11.00,1970.00,1100.00,2009.00,0.00,98144.00,47.59,-122.29,2440.00,4682.00
7203600560.00,20140911T000000,735000.00,4.00,3.50,3200.00,7605.00,2.00,0.00,2.00,3.00,9.00,2500.00,700.00,2013.00,0.00,98198.00,47.34,-122.33,2240.00,4416.00
715010140.00,20141002T000000,1750000.00,5.00,3.25,5790.00,12739.00,2.00,0.00,3.00,3.00,10.00,4430.00,1360.00,2014.00,0.00,98006.00,47.54,-122.11,5790.00,13928.00
3869900138.00,20150223T000000,489950.00,3.00,2.25,1590.00,926.00,3.00,0.00,0.00,3.00,8.00,1590.00,0.00,2014.00,0.00,98136.00,47.54,-122.39,1640.00,1321.00
2114700374.00,20150413T000000,357500.00,3.00,3.00,1730.00,1442.00,2.00,0.00,0.00,3.00,8.00,1440.00,290.00,2008.00,0.00,98106.00,47.53,-122.35,1370.00,1524.00
9264450550.00,20140520T000000,329995.00,4.00,2.50,2303.00,3680.00,2.00,0.00,0.00,3.00,8.00,2303.00,0.00,2013.00,0.00,98001.00,47.26,-122.28,2303.00,3760.00
3862710200.00,20140925T000000,414000.00,3.00,2.50,1790.00,3754.00,2.00,0.00,0.00,3.00,8.00,1790.00,0.00,2013.00,0.00,98065.00,47.53,-121.84,1800.00,3393.00
291310310.00,20141210T000000,533500.00,3.00,3.50,2490.00,3517.00,2.00,0.00,0.00,3.00,8.00,1720.00,770.00,2005.00,0.00,98027.00,47.53,-122.07,1600.00,2378.00
3814900260.00,20150305T000000,402395.00,4.00,2.50,2669.00,5385.00,2.00,0.00,0.00,3.00,9.00,2669.00,0.00,2014.00,0.00,98092.00,47.33,-122.17,2669.00,4645.00
8562790710.00,20150410T000000,725000.00,4.00,3.25,2610.00,2552.00,2.00,0.00,0.00,3.00,10.00,2160.00,450.00,2008.00,0.00,98027.00,47.53,-122.08,2610.00,2664.00
3425069117.00,20140828T000000,1275000.00,6.00,5.25,6160.00,27490.00,2.00,0.00,0.00,3.00,11.00,4040.00,2120.00,2007.00,0.00,98074.00,47.61,-122.02,4225.00,9100.00
2895800640.00,20140917T000000,239800.00,2.00,1.75,1290.00,1493.00,2.00,0.00,0.00,3.00,8.00,1290.00,0.00,2014.00,0.00,98106.00,47.52,-122.35,1410.00,1875.00
3438500253.00,20140904T000000,616950.00,5.00,3.50,3560.00,5008.00,2.00,0.00,0.00,3.00,8.00,2810.00,750.00,2013.00,0.00,98106.00,47.55,-122.36,2910.00,5026.00
3630200340.00,20141001T000000,1258000.00,4.00,3.25,4360.00,6000.00,2.00,0.00,3.00,3.00,11.00,3400.00,960.00,2007.00,0.00,98027.00,47.54,-121.99,4310.00,6000.00
2770601769.00,20140617T000000,435000.00,3.00,2.25,1230.00,1238.00,2.00,0.00,0.00,3.00,8.00,1080.00,150.00,2009.00,0.00,98199.00,47.65,-122.38,1230.00,953.00
2225069036.00,20140815T000000,925000.00,4.00,3.25,3640.00,60086.00,2.00,0.00,0.00,3.00,10.00,3640.00,0.00,2005.00,0.00,98074.00,47.63,-122.02,2900.00,51721.00
9525600030.00,20150428T000000,631500.00,2.00,2.50,1780.00,2493.00,3.00,0.00,0.00,3.00,8.00,1780.00,0.00,1981.00,0.00,98107.00,47.67,-122.36,2050.00,4400.00
993002108.00,20150330T000000,399995.00,3.00,1.50,1140.00,1069.00,3.00,0.00,0.00,3.00,8.00,1140.00,0.00,2005.00,0.00,98103.00,47.69,-122.34,1230.00,1276.00
993000327.00,20140506T000000,369950.00,3.00,2.00,1270.00,1320.00,3.00,0.00,0.00,3.00,8.00,1270.00,0.00,2006.00,0.00,98103.00,47.69,-122.34,1370.00,1320.00
1523059239.00,20150423T000000,475000.00,5.00,3.50,2780.00,3583.00,2.00,0.00,0.00,3.00,8.00,2180.00,600.00,2005.00,0.00,98059.00,47.49,-122.15,2640.00,3850.00
7967000270.00,20141125T000000,353000.00,4.00,2.50,1912.00,5000.00,2.00,0.00,0.00,3.00,8.00,1912.00,0.00,2012.00,0.00,98001.00,47.35,-122.28,2020.00,5000.00
7137800310.00,20150225T000000,329950.00,4.00,2.50,2300.00,9690.00,2.00,0.00,0.00,3.00,8.00,2300.00,0.00,2006.00,0.00,98023.00,47.28,-122.35,1200.00,9085.00
2211300260.00,20150313T000000,367000.00,3.00,2.50,2828.00,4050.00,2.00,0.00,0.00,3.00,8.00,2828.00,0.00,2013.00,0.00,98030.00,47.38,-122.20,2513.00,4507.00
8956200070.00,20140905T000000,447500.00,4.00,2.50,2425.00,9017.00,2.00,0.00,0.00,3.00,9.00,2425.00,0.00,2013.00,0.00,98001.00,47.30,-122.26,2725.00,7019.00
1257201420.00,20140709T000000,595000.00,4.00,3.25,3730.00,4560.00,2.00,0.00,0.00,3.00,9.00,2760.00,970.00,2015.00,0.00,98103.00,47.67,-122.33,1800.00,4560.00
1523300140.00,20140904T000000,325000.00,1.00,1.00,730.00,1942.00,1.00,0.00,0.00,3.00,7.00,730.00,0.00,2009.00,0.00,98144.00,47.59,-122.30,1020.00,2044.00
9831200186.00,20150203T000000,690000.00,2.00,2.50,1990.00,1756.00,3.00,0.00,0.00,3.00,9.00,1780.00,210.00,2005.00,0.00,98102.00,47.63,-122.32,1955.00,1438.00
7660100238.00,20141111T000000,329950.00,3.00,2.50,1300.00,812.00,2.00,0.00,0.00,3.00,8.00,880.00,420.00,2008.00,0.00,98144.00,47.59,-122.32,1300.00,824.00
5381000477.00,20150128T000000,399500.00,4.00,2.50,2560.00,7492.00,2.00,0.00,0.00,3.00,8.00,2560.00,0.00,2014.00,0.00,98188.00,47.45,-122.29,1260.00,11541.00
207700180.00,20150121T000000,555000.00,5.00,2.50,2450.00,5047.00,2.00,0.00,0.00,3.00,8.00,2450.00,0.00,2007.00,0.00,98011.00,47.77,-122.17,2450.00,4478.00
5288200072.00,20141001T000000,427000.00,2.00,1.50,1440.00,725.00,2.00,0.00,0.00,3.00,8.00,1100.00,340.00,2011.00,0.00,98126.00,47.56,-122.38,1440.00,4255.00
9524100322.00,20141020T000000,375000.00,3.00,2.25,1140.00,1557.00,3.00,0.00,0.00,3.00,8.00,1140.00,0.00,2007.00,0.00,98103.00,47.69,-122.34,1140.00,1245.00
1732800184.00,20140508T000000,499000.00,2.00,1.50,1110.00,957.00,2.00,0.00,0.00,3.00,8.00,930.00,180.00,2005.00,0.00,98119.00,47.63,-122.36,1680.00,1104.00
1425069103.00,20140718T000000,750000.00,3.00,2.50,2620.00,43832.00,2.00,0.00,0.00,3.00,8.00,2620.00,0.00,2013.00,0.00,98053.00,47.66,-122.01,2620.00,120686.00
8165500790.00,20141229T000000,336900.00,3.00,2.50,1690.00,1200.00,2.00,0.00,0.00,3.00,8.00,1410.00,280.00,2014.00,0.00,98106.00,47.54,-122.37,1740.00,1664.00
7658600081.00,20140919T000000,555000.00,2.00,2.75,1950.00,1610.00,3.00,0.00,0.00,3.00,8.00,1950.00,0.00,2009.00,0.00,98144.00,47.59,-122.30,910.00,1745.00
1245003268.00,20141106T000000,1275000.00,4.00,3.50,3530.00,8126.00,2.00,0.00,0.00,3.00,10.00,3530.00,0.00,2007.00,0.00,98033.00,47.68,-122.20,2660.00,8126.00
8010100220.00,20141014T000000,999950.00,4.00,3.50,3310.00,4684.00,2.00,0.00,0.00,3.00,9.00,2290.00,1020.00,2014.00,0.00,98116.00,47.58,-122.39,1850.00,4750.00
7974200452.00,20140625T000000,975000.00,5.00,3.00,2620.00,5477.00,2.00,0.00,0.00,3.00,10.00,2620.00,0.00,2009.00,0.00,98115.00,47.68,-122.29,1680.00,5217.00
8943600360.00,20150219T000000,299000.00,3.00,2.25,1350.00,3582.00,2.00,0.00,0.00,3.00,8.00,1350.00,0.00,2010.00,0.00,98031.00,47.42,-122.19,1940.00,3860.00
3026059361.00,20150417T000000,479000.00,2.00,2.50,1741.00,1439.00,2.00,0.00,0.00,3.00,8.00,1446.00,295.00,2007.00,0.00,98034.00,47.70,-122.21,2090.00,10454.00
6130500120.00,20150417T000000,428000.00,3.00,2.50,1650.00,2201.00,3.00,0.00,0.00,3.00,8.00,1650.00,0.00,2007.00,0.00,98133.00,47.71,-122.33,1650.00,1965.00
3575305485.00,20140829T000000,409000.00,3.00,2.50,1890.00,6500.00,2.00,0.00,0.00,3.00,7.00,1890.00,0.00,2012.00,0.00,98074.00,47.62,-122.06,2340.00,7500.00
666000142.00,20150326T000000,798500.00,3.00,3.00,1950.00,1833.00,3.00,0.00,0.00,3.00,9.00,1610.00,340.00,2009.00,0.00,98004.00,47.61,-122.20,2040.00,2131.00
7853280620.00,20141212T000000,689000.00,4.00,3.50,4490.00,5805.00,2.00,0.00,0.00,3.00,9.00,3390.00,1100.00,2006.00,0.00,98065.00,47.54,-121.86,4410.00,6299.00
8946390040.00,20140508T000000,375000.00,6.00,2.25,3206.00,5793.00,2.00,0.00,0.00,3.00,7.00,3206.00,0.00,2012.00,0.00,98032.00,47.37,-122.29,2527.00,5804.00
5416300230.00,20140717T000000,775000.00,4.00,3.50,4130.00,77832.00,2.00,0.00,2.00,3.00,10.00,4130.00,0.00,2011.00,0.00,98042.00,47.32,-122.05,4130.00,87476.00
1604730150.00,20141014T000000,639983.00,5.00,3.00,2800.00,5700.00,2.00,0.00,0.00,3.00,8.00,2800.00,0.00,2014.00,0.00,98059.00,47.50,-122.15,2910.00,5349.00
8669180150.00,20150326T000000,300000.00,4.00,3.00,1984.00,4419.00,2.00,0.00,0.00,3.00,7.00,1984.00,0.00,2010.00,0.00,98002.00,47.35,-122.21,2440.00,4418.00
1081330180.00,20141222T000000,627000.00,4.00,2.50,2750.00,11830.00,2.00,0.00,0.00,3.00,9.00,2750.00,0.00,2014.00,0.00,98059.00,47.47,-122.12,2310.00,11830.00
2309710230.00,20150415T000000,275000.00,3.00,2.75,1740.00,5757.00,1.00,0.00,0.00,3.00,7.00,1740.00,0.00,2010.00,0.00,98022.00,47.19,-121.98,2380.00,5647.00
2895800610.00,20140926T000000,352800.00,4.00,2.25,1800.00,2752.00,2.00,0.00,0.00,3.00,8.00,1800.00,0.00,2014.00,0.00,98106.00,47.52,-122.35,1650.00,2752.00
3362400092.00,20150312T000000,565000.00,3.00,2.25,1540.00,1005.00,3.00,0.00,0.00,3.00,8.00,1540.00,0.00,2008.00,0.00,98103.00,47.68,-122.35,1510.00,1501.00
3052700385.00,20150414T000000,765000.00,4.00,2.25,2030.00,2222.00,2.00,0.00,0.00,3.00,9.00,1610.00,420.00,2015.00,0.00,98117.00,47.68,-122.38,1420.00,2222.00
2738640040.00,20150409T000000,644000.00,4.00,2.50,3310.00,4839.00,2.00,0.00,0.00,3.00,9.00,3310.00,0.00,2007.00,0.00,98072.00,47.77,-122.16,3240.00,5280.00
8024200674.00,20150223T000000,461000.00,3.00,1.50,1270.00,1416.00,3.00,0.00,0.00,3.00,8.00,1270.00,0.00,2007.00,0.00,98115.00,47.70,-122.32,1270.00,1413.00
3353400092.00,20141223T000000,270500.00,5.00,2.50,2406.00,7093.00,2.00,0.00,0.00,3.00,8.00,2406.00,0.00,2006.00,0.00,98001.00,47.26,-122.25,1767.00,7093.00
6003500749.00,20140701T000000,640000.00,2.00,2.25,1540.00,965.00,3.00,0.00,0.00,3.00,9.00,1540.00,0.00,2007.00,0.00,98122.00,47.62,-122.32,1410.00,964.00
8956200530.00,20140805T000000,457000.00,4.00,2.50,2820.00,6983.00,2.00,0.00,0.00,3.00,9.00,2820.00,0.00,2013.00,0.00,98001.00,47.30,-122.27,2597.00,7222.00
133000271.00,20141201T000000,355000.00,5.00,2.50,2540.00,5100.00,2.00,0.00,0.00,3.00,7.00,2540.00,0.00,2014.00,0.00,98168.00,47.51,-122.32,1400.00,9440.00
6749700063.00,20141215T000000,356000.00,2.00,2.25,1230.00,989.00,3.00,0.00,0.00,3.00,8.00,1230.00,0.00,2007.00,0.00,98103.00,47.70,-122.35,1230.00,1223.00
3278613060.00,20140805T000000,425000.00,4.00,2.50,1900.00,2766.00,2.00,0.00,0.00,3.00,8.00,1900.00,0.00,2014.00,0.00,98106.00,47.54,-122.37,1900.00,2604.00
7708200880.00,20140923T000000,562500.00,5.00,2.75,2920.00,6327.00,2.00,0.00,0.00,3.00,8.00,2920.00,0.00,2007.00,0.00,98059.00,47.49,-122.15,2520.00,5026.00
2767600673.00,20140701T000000,460000.00,3.00,2.50,1450.00,1053.00,2.00,0.00,0.00,3.00,8.00,940.00,510.00,2008.00,0.00,98107.00,47.68,-122.37,1410.00,1080.00
7299810040.00,20150406T000000,790000.00,4.00,3.00,5370.00,69848.00,2.00,0.00,0.00,3.00,10.00,3500.00,1870.00,2005.00,0.00,98042.00,47.32,-122.05,4443.00,94403.00
993000308.00,20150318T000000,401000.00,3.00,2.00,1270.00,1333.00,3.00,0.00,0.00,3.00,8.00,1270.00,0.00,2006.00,0.00,98103.00,47.69,-122.34,1330.00,1333.00
3364900040.00,20140828T000000,1095000.00,3.00,2.50,2550.00,5100.00,2.00,0.00,0.00,3.00,9.00,2550.00,0.00,2014.00,0.00,98115.00,47.68,-122.33,1250.00,4080.00
9578090180.00,20150403T000000,850000.00,4.00,3.00,3070.00,7150.00,2.00,0.00,0.00,3.00,9.00,3070.00,0.00,2007.00,0.00,98052.00,47.71,-122.11,3200.00,6984.00
9542840120.00,20140702T000000,274500.00,3.00,2.25,1450.00,4050.00,2.00,0.00,0.00,3.00,7.00,1450.00,0.00,2010.00,0.00,98038.00,47.37,-122.02,1660.00,3800.00
3860900035.00,20150415T000000,1940000.00,5.00,3.50,4230.00,16526.00,2.00,0.00,0.00,3.00,10.00,4230.00,0.00,2008.00,0.00,98004.00,47.59,-122.20,3000.00,12362.00
7202300040.00,20140804T000000,808000.00,4.00,2.50,3480.00,6262.00,2.00,0.00,0.00,3.00,9.00,3480.00,0.00,2003.00,0.00,98053.00,47.69,-122.05,3490.00,6629.00
1773100972.00,20140515T000000,312000.00,3.00,2.25,1490.00,974.00,2.00,0.00,0.00,3.00,7.00,1220.00,270.00,2009.00,0.00,98106.00,47.56,-122.36,1490.00,1283.00
3626039424.00,20140616T000000,320000.00,3.00,2.25,1200.00,1400.00,3.00,0.00,0.00,3.00,8.00,1200.00,0.00,2005.00,0.00,98133.00,47.70,-122.36,1370.00,6552.00
3175200220.00,20150113T000000,410000.00,3.00,2.50,2150.00,4332.00,2.00,0.00,0.00,3.00,8.00,2150.00,0.00,2013.00,0.00,98019.00,47.74,-121.97,2140.00,4332.00
7852120120.00,20140620T000000,725000.00,3.00,3.50,3690.00,8837.00,2.00,0.00,0.00,3.00,10.00,3690.00,0.00,2001.00,0.00,98065.00,47.54,-121.88,3690.00,9585.00
7813500040.00,20141015T000000,335000.00,4.00,2.50,1900.00,3301.00,2.00,0.00,0.00,3.00,7.00,1900.00,0.00,2007.00,0.00,98178.00,47.49,-122.25,1960.00,3379.00
7242800040.00,20150120T000000,519990.00,4.00,3.25,1690.00,1321.00,2.00,0.00,0.00,3.00,8.00,1320.00,370.00,2014.00,0.00,98052.00,47.68,-122.12,3080.00,4558.00
1442880650.00,20140610T000000,533112.00,4.00,2.75,2790.00,8853.00,2.00,0.00,0.00,3.00,8.00,2790.00,0.00,2013.00,0.00,98045.00,47.48,-121.77,2790.00,8092.00
3355400242.00,20141028T000000,274900.00,3.00,2.00,1936.00,6612.00,2.00,0.00,0.00,3.00,7.00,1936.00,0.00,2014.00,0.00,98001.00,47.26,-122.25,1620.00,21600.00
8562780540.00,20141222T000000,325000.00,2.00,2.25,1150.00,711.00,2.00,0.00,0.00,3.00,7.00,1150.00,0.00,2013.00,0.00,98027.00,47.53,-122.07,1150.00,748.00
923049203.00,20140529T000000,350000.00,4.00,2.50,2040.00,22653.00,2.00,0.00,0.00,3.00,7.00,2040.00,0.00,2011.00,0.00,98168.00,47.50,-122.30,2020.00,20502.00
3578600141.00,20140923T000000,550000.00,4.00,2.50,2470.00,7539.00,2.00,0.00,0.00,3.00,9.00,2470.00,0.00,2006.00,0.00,98028.00,47.74,-122.23,2580.00,7539.00
53500450.00,20150309T000000,311850.00,4.00,2.50,1890.00,4158.00,2.00,0.00,0.00,3.00,8.00,1890.00,0.00,2014.00,0.00,98042.00,47.34,-122.06,2720.00,4549.00
1934800180.00,20150210T000000,526000.00,3.00,2.50,1626.00,1583.00,2.50,0.00,0.00,3.00,8.00,1419.00,207.00,2007.00,0.00,98122.00,47.60,-122.31,1400.00,1583.00
3023000210.00,20141001T000000,375000.00,4.00,2.50,2250.00,5306.00,2.00,0.00,0.00,3.00,8.00,2250.00,0.00,2012.00,0.00,98038.00,47.36,-122.06,2250.00,5306.00
1773100967.00,20150223T000000,299999.00,3.00,2.25,1350.00,1234.00,2.00,0.00,0.00,3.00,7.00,1160.00,190.00,2007.00,0.00,98106.00,47.56,-122.36,1420.00,1234.00
2767704777.00,20140919T000000,436000.00,3.00,2.50,1460.00,1238.00,2.00,0.00,0.00,3.00,8.00,1200.00,260.00,2008.00,0.00,98107.00,47.67,-122.37,1280.00,1257.00
1085621960.00,20141212T000000,303000.00,3.00,2.50,2056.00,3564.00,2.00,0.00,0.00,3.00,7.00,2056.00,0.00,2014.00,0.00,98092.00,47.34,-122.18,2056.00,3577.00
2771602174.00,20140701T000000,525000.00,2.00,2.50,1160.00,1458.00,2.00,0.00,0.00,3.00,8.00,1040.00,120.00,2012.00,0.00,98119.00,47.64,-122.37,1650.00,2311.00
6762700452.00,20140613T000000,575000.00,3.00,3.00,1384.00,1287.00,2.00,0.00,0.00,3.00,8.00,1144.00,240.00,2006.00,0.00,98102.00,47.63,-122.32,1570.00,1288.00
5695000142.00,20141024T000000,420000.00,2.00,1.50,1100.00,1107.00,3.00,0.00,0.00,3.00,8.00,1100.00,0.00,2008.00,0.00,98103.00,47.66,-122.35,1110.00,2750.00
9578140180.00,20140611T000000,329950.00,3.00,2.50,2456.00,7566.00,2.00,0.00,0.00,3.00,8.00,2456.00,0.00,2012.00,0.00,98023.00,47.30,-122.35,2478.00,7212.00
2124069115.00,20141021T000000,1830000.00,4.00,4.25,4500.00,215186.00,2.00,0.00,3.00,3.00,11.00,2630.00,1870.00,2009.00,0.00,98029.00,47.56,-122.05,3030.00,25447.00
3864000120.00,20150408T000000,1175000.00,4.00,3.25,3780.00,10099.00,1.00,0.00,1.00,3.00,11.00,2240.00,1540.00,2006.00,0.00,98006.00,47.55,-122.19,3120.00,10669.00
2768200212.00,20140911T000000,499950.00,2.00,2.50,1320.00,1157.00,2.00,0.00,0.00,3.00,8.00,990.00,330.00,2014.00,0.00,98107.00,47.67,-122.36,1550.00,1519.00
7852070210.00,20140527T000000,1149000.00,4.00,3.00,5940.00,11533.00,2.00,0.00,4.00,3.00,11.00,4950.00,990.00,2004.00,0.00,98065.00,47.54,-121.87,4240.00,12813.00
7853361210.00,20150218T000000,400000.00,3.00,2.00,1650.00,5027.00,1.50,0.00,0.00,3.00,7.00,1650.00,0.00,2009.00,0.00,98065.00,47.52,-121.87,2430.00,6000.00
8141310040.00,20140627T000000,246950.00,3.00,3.00,1670.00,4440.00,1.00,0.00,0.00,3.00,7.00,1670.00,0.00,2014.00,0.00,98022.00,47.19,-121.98,1670.00,4622.00
6852700097.00,20140806T000000,630000.00,3.00,3.25,1610.00,1275.00,2.00,0.00,0.00,3.00,8.00,1220.00,390.00,2005.00,0.00,98102.00,47.62,-122.32,1750.00,3000.00
7708210040.00,20140912T000000,561000.00,5.00,2.75,3370.00,10315.00,2.00,0.00,0.00,3.00,9.00,3370.00,0.00,2006.00,0.00,98059.00,47.49,-122.15,3010.00,8296.00
53500760.00,20141208T000000,287000.00,4.00,2.50,2660.00,4082.00,2.00,0.00,0.00,3.00,7.00,2660.00,0.00,2010.00,0.00,98042.00,47.34,-122.06,2390.00,4876.00
3528900771.00,20150331T000000,600000.00,3.00,3.25,1690.00,1473.00,2.00,0.00,0.00,3.00,8.00,1380.00,310.00,2008.00,0.00,98109.00,47.64,-122.35,1670.00,2594.00
9126100813.00,20140828T000000,490000.00,3.00,2.25,1620.00,1062.00,3.00,0.00,0.00,3.00,8.00,1620.00,0.00,2014.00,0.00,98122.00,47.61,-122.30,1560.00,1728.00
3679400503.00,20150330T000000,330000.00,3.00,1.75,1300.00,958.00,2.00,0.00,0.00,3.00,7.00,840.00,460.00,2011.00,0.00,98108.00,47.57,-122.31,1340.00,1254.00
1760650210.00,20141201T000000,286950.00,4.00,2.50,1610.00,4052.00,2.00,0.00,0.00,3.00,7.00,1610.00,0.00,2013.00,0.00,98042.00,47.36,-122.08,2110.00,4034.00
2652501565.00,20150423T000000,1550000.00,3.00,3.25,3530.00,4920.00,2.00,0.00,0.00,3.00,9.00,2660.00,870.00,2015.00,0.00,98109.00,47.64,-122.36,1900.00,4200.00
1237500577.00,20150212T000000,880000.00,4.00,2.50,3550.00,8618.00,2.00,0.00,0.00,3.00,10.00,3550.00,0.00,2007.00,0.00,98052.00,47.68,-122.16,1310.00,9746.00
6382500084.00,20141013T000000,577450.00,3.00,3.00,1730.00,1755.00,3.00,0.00,0.00,3.00,8.00,1730.00,0.00,2014.00,0.00,98117.00,47.69,-122.38,1830.00,1804.00
3023000410.00,20150430T000000,405000.00,5.00,2.75,2400.00,4900.00,2.00,0.00,0.00,3.00,8.00,2400.00,0.00,2011.00,0.00,98038.00,47.36,-122.06,2110.00,5696.00
2767601752.00,20140707T000000,510000.00,3.00,2.50,1420.00,1237.00,3.00,0.00,0.00,3.00,8.00,1420.00,0.00,2014.00,0.00,98107.00,47.67,-122.39,1510.00,2501.00
2771604196.00,20140812T000000,465000.00,2.00,1.50,1220.00,1120.00,2.50,0.00,0.00,3.00,8.00,1110.00,110.00,2008.00,0.00,98199.00,47.64,-122.39,2010.00,3175.00
1778500620.00,20140707T000000,1300000.00,4.00,2.25,2360.00,4000.00,2.00,0.00,0.00,3.00,9.00,2360.00,0.00,2013.00,0.00,98112.00,47.62,-122.29,3040.00,4400.00
1823059241.00,20150408T000000,609000.00,4.00,3.50,3990.00,11270.00,2.00,0.00,3.00,3.00,9.00,2930.00,1060.00,2007.00,0.00,98055.00,47.49,-122.23,1980.00,11328.00
9267200062.00,20140911T000000,336000.00,3.00,2.50,1260.00,1211.00,3.00,0.00,0.00,3.00,8.00,1260.00,0.00,2004.00,0.00,98103.00,47.70,-122.34,1270.00,1211.00
3278606110.00,20150108T000000,375000.00,3.00,2.50,1580.00,2407.00,2.00,0.00,0.00,3.00,8.00,1580.00,0.00,2013.00,0.00,98126.00,47.55,-122.37,1580.00,2212.00
1657530180.00,20141204T000000,294500.00,3.00,2.50,1760.00,2688.00,2.00,0.00,0.00,3.00,7.00,1760.00,0.00,2005.00,0.00,98059.00,47.49,-122.17,1760.00,2329.00
2754700035.00,20141125T000000,925000.00,5.00,3.50,3420.00,4216.00,2.00,0.00,0.00,3.00,9.00,2520.00,900.00,2008.00,0.00,98115.00,47.68,-122.30,1420.00,4500.00
2568200120.00,20141215T000000,730000.00,5.00,2.75,2870.00,6593.00,2.00,0.00,0.00,3.00,9.00,2870.00,0.00,2006.00,0.00,98052.00,47.71,-122.10,3150.00,6593.00
6601200040.00,20140919T000000,280000.00,4.00,2.50,1934.00,5677.00,2.00,0.00,0.00,3.00,8.00,1934.00,0.00,2013.00,0.00,98001.00,47.26,-122.25,1919.00,5049.00
2767601750.00,20140815T000000,500000.00,3.00,1.50,1220.00,962.00,3.00,0.00,0.00,3.00,8.00,1220.00,0.00,2014.00,0.00,98107.00,47.67,-122.39,1510.00,2501.00
7853350220.00,20150324T000000,605000.00,3.00,2.75,2450.00,5750.00,2.00,0.00,0.00,3.00,9.00,2450.00,0.00,2013.00,0.00,98065.00,47.54,-121.86,3200.00,8036.00
6163900628.00,20140516T000000,379950.00,3.00,3.25,1860.00,1787.00,3.00,0.00,0.00,3.00,8.00,1860.00,0.00,2007.00,0.00,98155.00,47.76,-122.32,1830.00,1787.00
1689401526.00,20150323T000000,605000.00,3.00,2.50,1500.00,1119.00,3.00,0.00,2.00,3.00,7.00,1110.00,390.00,2008.00,0.00,98109.00,47.63,-122.35,1500.00,1057.00
8725950360.00,20150501T000000,720000.00,2.00,1.75,1570.00,1108.00,3.00,0.00,0.00,3.00,9.00,1570.00,0.00,2007.00,0.00,98004.00,47.62,-122.20,1940.00,1160.00
9826700697.00,20141103T000000,549900.00,3.00,2.00,1280.00,960.00,2.00,0.00,0.00,3.00,9.00,1040.00,240.00,2014.00,0.00,98122.00,47.60,-122.31,1280.00,1173.00
9578500180.00,20150121T000000,427000.00,3.00,2.50,3192.00,5653.00,2.00,0.00,0.00,3.00,8.00,3192.00,0.00,2014.00,0.00,98023.00,47.30,-122.35,3000.00,5134.00
9826700707.00,20141028T000000,492000.00,3.00,2.50,1690.00,1479.00,3.00,0.00,0.00,3.00,8.00,1420.00,270.00,2005.00,0.00,98122.00,47.60,-122.31,1280.00,1253.00
8138870530.00,20140505T000000,419190.00,2.00,2.50,1590.00,1426.00,2.00,0.00,0.00,3.00,8.00,1590.00,0.00,2014.00,0.00,98029.00,47.54,-122.01,1590.00,1426.00
4188300180.00,20141112T000000,650000.00,3.00,2.50,2870.00,7288.00,2.00,0.00,0.00,3.00,9.00,2870.00,0.00,2012.00,0.00,98011.00,47.77,-122.23,2870.00,5998.00
5416510530.00,20141124T000000,379950.00,4.00,2.50,2580.00,4818.00,2.00,0.00,0.00,3.00,8.00,2580.00,0.00,2005.00,0.00,98038.00,47.36,-122.04,2570.00,5386.00
4181200540.00,20140728T000000,269800.00,4.00,2.75,1830.00,3420.00,2.00,0.00,0.00,3.00,8.00,1830.00,0.00,2012.00,0.00,98198.00,47.37,-122.31,1813.00,3420.00
2222059154.00,20140813T000000,407000.00,4.00,2.50,2927.00,6000.00,2.00,0.00,0.00,3.00,7.00,2927.00,0.00,2011.00,0.00,98042.00,47.37,-122.16,2533.00,6000.00
8032700072.00,20150415T000000,580000.00,3.00,1.50,1320.00,1250.00,3.00,0.00,0.00,3.00,8.00,1320.00,0.00,2008.00,0.00,98103.00,47.65,-122.34,1560.00,1694.00
7203140220.00,20150116T000000,389700.00,3.00,2.50,1720.00,3581.00,2.00,0.00,0.00,3.00,7.00,1720.00,0.00,2011.00,0.00,98053.00,47.69,-122.01,1720.00,3600.00
1278000210.00,20150311T000000,110000.00,2.00,1.00,828.00,4524.00,1.00,0.00,0.00,3.00,6.00,828.00,0.00,1968.00,2007.00,98001.00,47.27,-122.24,828.00,5402.00
6058600220.00,20140731T000000,230000.00,3.00,1.50,1040.00,1264.00,2.00,0.00,0.00,3.00,9.00,900.00,140.00,2015.00,0.00,98144.00,47.60,-122.30,1350.00,3000.00
1442880610.00,20140829T000000,533380.00,4.00,2.75,2790.00,6685.00,2.00,0.00,0.00,3.00,8.00,2790.00,0.00,2014.00,0.00,98045.00,47.48,-121.77,2790.00,6444.00
3679400484.00,20140918T000000,295500.00,3.00,2.50,1410.00,1332.00,2.00,0.00,0.00,3.00,7.00,960.00,450.00,2014.00,0.00,98108.00,47.57,-122.31,1410.00,1343.00
3825310180.00,20141007T000000,860000.00,4.00,4.50,4040.00,8400.00,2.00,0.00,0.00,3.00,9.00,3220.00,820.00,2006.00,0.00,98052.00,47.71,-122.13,3940.00,8400.00
3630220180.00,20140708T000000,812000.00,4.00,3.50,3370.00,3634.00,2.00,0.00,0.00,3.00,9.00,2750.00,620.00,2007.00,0.00,98029.00,47.55,-122.00,3200.00,3650.00
3336500180.00,20140605T000000,324500.00,3.00,2.50,1660.00,3990.00,2.00,0.00,0.00,3.00,7.00,1660.00,0.00,2009.00,0.00,98118.00,47.53,-122.27,1670.00,4050.00
2781270530.00,20150326T000000,193000.00,2.00,1.75,910.00,2550.00,1.00,0.00,0.00,3.00,6.00,910.00,0.00,2004.00,0.00,98038.00,47.35,-122.02,1310.00,2550.00
993001563.00,20140522T000000,355000.00,3.00,2.25,1280.00,959.00,3.00,0.00,0.00,3.00,8.00,1280.00,0.00,2005.00,0.00,98103.00,47.69,-122.34,1130.00,1126.00
9578060540.00,20140614T000000,525000.00,4.00,2.75,2360.00,4924.00,2.00,0.00,0.00,3.00,8.00,2360.00,0.00,2008.00,0.00,98028.00,47.77,-122.24,2360.00,4670.00
2222059052.00,20150227T000000,370950.00,3.00,2.50,2529.00,9653.00,2.00,0.00,0.00,3.00,7.00,2529.00,0.00,2012.00,0.00,98042.00,47.37,-122.16,2533.00,6125.00
1239400650.00,20141107T000000,1242000.00,4.00,3.50,4700.00,10183.00,1.00,0.00,2.00,3.00,11.00,2660.00,2040.00,2002.00,0.00,98033.00,47.67,-122.19,3770.00,9000.00
8835800450.00,20150504T000000,950000.00,3.00,2.50,2780.00,275033.00,1.00,0.00,0.00,3.00,10.00,2780.00,0.00,2006.00,0.00,98045.00,47.45,-121.77,1680.00,16340.00
293070120.00,20140918T000000,888990.00,4.00,2.75,3540.00,5500.00,2.00,0.00,0.00,3.00,9.00,3540.00,0.00,2014.00,0.00,98074.00,47.62,-122.06,3540.00,5500.00
1176001117.00,20150319T000000,705000.00,3.00,2.50,1580.00,1321.00,2.00,0.00,2.00,3.00,8.00,1080.00,500.00,2014.00,0.00,98107.00,47.67,-122.40,1530.00,1357.00
7889601165.00,20140826T000000,268000.00,3.00,2.50,1700.00,2250.00,2.00,0.00,0.00,3.00,7.00,1700.00,0.00,2014.00,0.00,98168.00,47.49,-122.33,1520.00,4500.00
7227801581.00,20140507T000000,305450.00,3.00,2.50,1600.00,3573.00,2.00,0.00,0.00,3.00,7.00,1600.00,0.00,2013.00,0.00,98056.00,47.51,-122.18,1500.00,11089.00
9895000040.00,20140703T000000,399900.00,2.00,1.75,1410.00,1005.00,1.50,0.00,0.00,3.00,9.00,900.00,510.00,2011.00,0.00,98027.00,47.54,-122.02,1440.00,1188.00
9528102993.00,20141229T000000,495000.00,3.00,1.50,1580.00,1228.00,3.00,0.00,0.00,3.00,8.00,1580.00,0.00,2014.00,0.00,98115.00,47.68,-122.32,1580.00,3605.00
3746700120.00,20141104T000000,857326.00,3.00,3.50,3940.00,11632.00,2.00,0.00,0.00,3.00,10.00,3940.00,0.00,2014.00,0.00,98166.00,47.44,-122.34,2015.00,11632.00
745530040.00,20140911T000000,845950.00,5.00,2.75,4450.00,9600.00,2.00,0.00,0.00,3.00,9.00,3650.00,800.00,2014.00,0.00,98011.00,47.73,-122.21,4000.00,9750.00
7299600180.00,20140610T000000,303210.00,4.00,2.50,2009.00,5000.00,2.00,0.00,0.00,3.00,8.00,2009.00,0.00,2014.00,0.00,98092.00,47.26,-122.20,2009.00,5182.00
2149800278.00,20141015T000000,343000.00,6.00,5.00,2732.00,7655.00,2.00,0.00,0.00,3.00,7.00,2732.00,0.00,2009.00,0.00,98002.00,47.30,-122.21,3078.00,69993.00
2517000650.00,20140716T000000,300000.00,3.00,2.50,2090.00,4590.00,2.00,0.00,0.00,3.00,7.00,2090.00,0.00,2005.00,0.00,98042.00,47.40,-122.16,2190.00,4060.00
6021503708.00,20141122T000000,334900.00,2.00,2.50,980.00,1013.00,3.00,0.00,0.00,3.00,8.00,980.00,0.00,2008.00,0.00,98117.00,47.68,-122.39,980.00,1023.00
8559300120.00,20150416T000000,477500.00,5.00,3.50,2815.00,5619.00,2.00,0.00,0.00,3.00,9.00,2815.00,0.00,2012.00,0.00,98055.00,47.43,-122.21,2583.00,5295.00
3305100230.00,20140618T000000,820000.00,4.00,2.50,3170.00,8523.00,2.00,0.00,0.00,3.00,9.00,3170.00,0.00,2008.00,0.00,98033.00,47.69,-122.18,3230.00,8523.00
2135200155.00,20140805T000000,580000.00,5.00,3.25,3030.00,7410.00,2.00,0.00,0.00,3.00,8.00,2150.00,880.00,2014.00,0.00,98106.00,47.55,-122.35,2020.00,7410.00
2919700109.00,20140722T000000,350000.00,2.00,2.50,1280.00,940.00,2.00,0.00,0.00,3.00,8.00,1060.00,220.00,2006.00,0.00,98103.00,47.69,-122.36,1290.00,2900.00
8725950220.00,20150226T000000,910000.00,3.00,2.50,2030.00,1160.00,3.00,0.00,0.00,3.00,9.00,1970.00,60.00,2007.00,0.00,98004.00,47.62,-122.20,1950.00,1160.00
1776230220.00,20140626T000000,414000.00,3.00,2.50,2490.00,4540.00,2.50,0.00,0.00,3.00,8.00,2490.00,0.00,2012.00,0.00,98059.00,47.51,-122.16,2640.00,3844.00
9211010230.00,20150330T000000,525000.00,3.00,2.50,3030.00,4500.00,2.00,0.00,0.00,3.00,8.00,3030.00,0.00,2009.00,0.00,98059.00,47.49,-122.15,3030.00,4501.00
1972201772.00,20150409T000000,650000.00,2.00,2.50,1470.00,690.00,3.00,0.00,3.00,3.00,8.00,1470.00,0.00,2008.00,0.00,98103.00,47.65,-122.35,1480.00,1284.00
9268851320.00,20141210T000000,450000.00,3.00,2.25,1620.00,997.00,2.50,0.00,0.00,3.00,8.00,1540.00,80.00,2012.00,0.00,98027.00,47.54,-122.03,1620.00,1068.00
1424059154.00,20140516T000000,1270000.00,4.00,3.00,5520.00,8313.00,2.00,0.00,3.00,3.00,9.00,3570.00,1950.00,2008.00,0.00,98006.00,47.57,-122.13,3770.00,8278.00
626059365.00,20150412T000000,699000.00,3.00,3.50,3200.00,10344.00,2.00,0.00,0.00,3.00,10.00,3200.00,0.00,2007.00,0.00,98011.00,47.76,-122.22,2550.00,20152.00
3885802136.00,20140723T000000,899000.00,4.00,2.50,2580.00,3943.00,2.00,0.00,0.00,3.00,8.00,2580.00,0.00,2013.00,0.00,98033.00,47.69,-122.21,1700.00,5772.00
7967000150.00,20140808T000000,353500.00,4.00,3.00,2050.00,4000.00,2.00,0.00,0.00,3.00,8.00,2050.00,0.00,2014.00,0.00,98001.00,47.35,-122.28,2050.00,4000.00
7853360720.00,20140908T000000,485000.00,3.00,2.50,2430.00,5867.00,2.00,0.00,0.00,3.00,7.00,2430.00,0.00,2011.00,0.00,98065.00,47.52,-121.87,2620.00,5866.00
8562790150.00,20140626T000000,782900.00,4.00,3.25,3060.00,3898.00,2.00,0.00,0.00,3.00,10.00,2300.00,760.00,2014.00,0.00,98027.00,47.53,-122.07,2920.00,3448.00
1226039124.00,20150428T000000,529000.00,2.00,2.00,1540.00,9714.00,2.00,0.00,0.00,3.00,8.00,1540.00,0.00,2008.00,0.00,98177.00,47.76,-122.36,1840.00,8179.00
2767704251.00,20150416T000000,514700.00,3.00,3.25,1310.00,1072.00,2.00,0.00,0.00,3.00,8.00,1060.00,250.00,2008.00,0.00,98107.00,47.67,-122.37,1160.00,1266.00
3862710210.00,20140520T000000,409316.00,3.00,2.50,1800.00,3168.00,2.00,0.00,0.00,3.00,8.00,1800.00,0.00,2014.00,0.00,98065.00,47.53,-121.84,1800.00,3393.00
255460330.00,20150506T000000,388598.00,3.00,2.50,2370.00,4200.00,2.00,0.00,0.00,3.00,8.00,2370.00,0.00,2014.00,0.00,98038.00,47.37,-122.02,2370.00,4370.00
291310610.00,20150227T000000,415000.00,3.00,2.25,1445.00,1512.00,2.00,0.00,0.00,3.00,7.00,1300.00,145.00,2004.00,0.00,98027.00,47.53,-122.07,1445.00,1082.00
9126101121.00,20150407T000000,521500.00,3.00,2.25,1450.00,1619.00,2.00,0.00,0.00,3.00,8.00,1140.00,310.00,2006.00,0.00,98122.00,47.61,-122.30,1580.00,3472.00
9274200322.00,20140820T000000,580000.00,3.00,2.50,1740.00,1236.00,3.00,0.00,2.00,3.00,8.00,1740.00,0.00,2008.00,0.00,98116.00,47.59,-122.39,1740.00,1280.00
6666830230.00,20140630T000000,882566.00,4.00,2.50,3560.00,5265.00,3.00,0.00,0.00,3.00,8.00,3560.00,0.00,2014.00,0.00,98052.00,47.70,-122.11,3220.00,4892.00
1604601803.00,20150408T000000,525000.00,3.00,2.75,2130.00,1400.00,2.00,0.00,0.00,3.00,9.00,1080.00,1050.00,2010.00,0.00,98118.00,47.57,-122.29,1880.00,3132.00
7702080150.00,20141201T000000,515000.00,5.00,2.75,2980.00,4502.00,2.00,0.00,0.00,3.00,9.00,2980.00,0.00,2007.00,0.00,98028.00,47.77,-122.24,2850.00,4501.00
7853400220.00,20140926T000000,589410.00,3.00,3.00,2840.00,7201.00,2.00,0.00,0.00,3.00,9.00,2840.00,0.00,2014.00,0.00,98065.00,47.52,-121.88,2540.00,5260.00
3895100039.00,20150324T000000,757500.00,4.00,2.50,3420.00,6845.00,2.00,0.00,0.00,3.00,9.00,3420.00,0.00,2009.00,0.00,98052.00,47.68,-122.16,2800.00,5715.00
7697000150.00,20141002T000000,284000.00,3.00,2.50,1660.00,4083.00,2.00,0.00,0.00,3.00,7.00,1660.00,0.00,2013.00,0.00,98038.00,47.36,-122.05,1800.00,4087.00
8562780530.00,20150328T000000,338500.00,2.00,2.25,1150.00,711.00,2.00,0.00,0.00,3.00,7.00,1150.00,0.00,2013.00,0.00,98027.00,47.53,-122.07,1150.00,748.00
291310180.00,20140613T000000,379500.00,3.00,2.25,1410.00,1287.00,2.00,0.00,0.00,3.00,7.00,1290.00,120.00,2005.00,0.00,98027.00,47.53,-122.07,1490.00,1435.00
1972205633.00,20140723T000000,550000.00,3.00,2.00,1420.00,1369.00,2.50,0.00,0.00,3.00,9.00,1340.00,80.00,2007.00,0.00,98109.00,47.65,-122.36,1540.00,2168.00
3023000120.00,20140902T000000,294900.00,3.00,2.50,1860.00,5025.00,2.00,0.00,0.00,3.00,8.00,1860.00,0.00,2010.00,0.00,98038.00,47.36,-122.06,2000.00,5550.00
7548301056.00,20140609T000000,345000.00,2.00,1.50,1340.00,1210.00,2.00,0.00,0.00,3.00,8.00,1120.00,220.00,2008.00,0.00,98144.00,47.59,-122.31,1340.00,1213.00
9826701201.00,20150209T000000,450000.00,2.00,1.50,1530.00,1012.00,2.00,0.00,0.00,3.00,8.00,1200.00,330.00,2005.00,0.00,98122.00,47.60,-122.31,1530.00,1425.00
6300500476.00,20150415T000000,420000.00,3.00,2.50,1509.00,1114.00,3.00,0.00,0.00,3.00,8.00,1509.00,0.00,2014.00,0.00,98133.00,47.70,-122.34,1509.00,2431.00
2597490410.00,20150402T000000,740000.00,3.00,2.50,2350.00,3798.00,2.00,0.00,0.00,3.00,8.00,2350.00,0.00,2013.00,0.00,98029.00,47.54,-122.01,2020.00,3532.00
3448001411.00,20150220T000000,286000.00,2.00,1.50,1010.00,825.00,3.00,0.00,0.00,3.00,7.00,1010.00,0.00,2007.00,0.00,98125.00,47.71,-122.30,1128.00,1080.00
745530180.00,20150317T000000,870000.00,5.00,3.50,4495.00,10079.00,2.00,0.00,0.00,3.00,9.00,3580.00,915.00,2013.00,0.00,98011.00,47.73,-122.21,4495.00,10079.00
3879900753.00,20141114T000000,727000.00,3.00,2.50,1580.00,991.00,3.00,0.00,0.00,3.00,9.00,1580.00,0.00,2009.00,0.00,98119.00,47.63,-122.36,1610.00,1297.00
2781230230.00,20150204T000000,395000.00,4.00,3.00,2750.00,7965.00,2.00,0.00,0.00,3.00,9.00,2750.00,0.00,2012.00,0.00,98038.00,47.35,-122.03,2750.00,6000.00
3629990180.00,20140805T000000,535000.00,4.00,2.25,1890.00,3615.00,2.00,0.00,0.00,3.00,7.00,1890.00,0.00,2005.00,0.00,98029.00,47.55,-122.00,1630.00,3280.00
9352900222.00,20141229T000000,255000.00,3.00,2.25,1320.00,963.00,2.00,0.00,0.00,3.00,7.00,1040.00,280.00,2007.00,0.00,98106.00,47.52,-122.36,1300.00,1285.00
7338220120.00,20141015T000000,260000.00,4.00,2.50,2150.00,3721.00,2.00,0.00,0.00,3.00,8.00,2150.00,0.00,2006.00,0.00,98002.00,47.34,-122.22,2150.00,3721.00
325059287.00,20140910T000000,810000.00,4.00,2.50,3340.00,8384.00,2.00,0.00,0.00,3.00,9.00,3340.00,0.00,2014.00,0.00,98052.00,47.68,-122.15,1560.00,9429.00
7203140360.00,20141201T000000,359782.00,3.00,2.50,1850.00,3400.00,2.00,0.00,0.00,3.00,7.00,1850.00,0.00,2010.00,0.00,98053.00,47.69,-122.01,1850.00,3400.00
6056110150.00,20150320T000000,500000.00,2.00,2.50,1950.00,2162.00,2.00,0.00,0.00,3.00,9.00,1500.00,450.00,2012.00,0.00,98118.00,47.56,-122.29,1800.00,2457.00
7203230040.00,20141027T000000,1049990.00,5.00,3.25,4240.00,9588.00,2.00,0.00,0.00,3.00,9.00,4240.00,0.00,2014.00,0.00,98053.00,47.69,-122.02,4080.00,8425.00
8121100155.00,20150225T000000,810000.00,4.00,3.50,2700.00,2868.00,2.00,0.00,0.00,3.00,11.00,1920.00,780.00,2006.00,0.00,98118.00,47.57,-122.29,1430.00,3858.00
7853370620.00,20150206T000000,605000.00,5.00,4.00,3040.00,6000.00,2.00,0.00,0.00,3.00,8.00,2280.00,760.00,2011.00,0.00,98065.00,47.52,-121.88,3070.00,5558.00
6400700264.00,20150317T000000,730000.00,4.00,2.50,2460.00,7930.00,2.00,0.00,0.00,3.00,8.00,2460.00,0.00,2005.00,0.00,98033.00,47.67,-122.18,1850.00,9000.00
1760650880.00,20150317T000000,327000.00,4.00,2.50,2110.00,3825.00,2.00,0.00,0.00,3.00,7.00,2110.00,0.00,2013.00,0.00,98042.00,47.36,-122.08,1950.00,3825.00
567000382.00,20141110T000000,370000.00,2.00,1.00,780.00,1133.00,2.00,0.00,0.00,3.00,7.00,780.00,0.00,2009.00,0.00,98144.00,47.59,-122.30,1130.00,1270.00
7852100150.00,20140625T000000,459000.00,5.00,3.50,2640.00,6895.00,2.00,0.00,0.00,3.00,7.00,2640.00,0.00,2001.00,0.00,98065.00,47.53,-121.88,2640.00,5267.00
6447300365.00,20141113T000000,2900000.00,5.00,4.00,5190.00,14600.00,2.00,0.00,1.00,3.00,11.00,5190.00,0.00,2013.00,0.00,98039.00,47.61,-122.23,3840.00,19250.00
2622059197.00,20141210T000000,365000.00,4.00,2.50,2420.00,8404.00,2.00,0.00,0.00,3.00,8.00,2420.00,0.00,2013.00,0.00,98042.00,47.37,-122.13,2440.00,4822.00
1389600040.00,20141226T000000,255000.00,4.00,2.50,1987.00,6000.00,2.00,0.00,0.00,3.00,7.00,1987.00,0.00,2011.00,0.00,98001.00,47.27,-122.26,1880.00,9589.00
9276200220.00,20140717T000000,375000.00,1.00,1.00,720.00,3166.00,1.00,0.00,0.00,3.00,6.00,720.00,0.00,1920.00,0.00,98116.00,47.58,-122.39,1140.00,6250.00
7904700032.00,20141002T000000,375000.00,2.00,1.50,1130.00,912.00,2.00,0.00,0.00,3.00,8.00,1000.00,130.00,2006.00,0.00,98116.00,47.56,-122.39,1500.00,1474.00
3744000040.00,20140722T000000,518380.00,4.00,2.50,2810.00,4500.00,2.00,0.00,0.00,3.00,9.00,2810.00,0.00,2014.00,0.00,98038.00,47.36,-122.02,2980.00,5046.00
1773100604.00,20140721T000000,346000.00,3.00,3.25,1500.00,1442.00,2.00,0.00,0.00,3.00,8.00,1150.00,350.00,2007.00,0.00,98106.00,47.56,-122.36,1500.00,1533.00
9268850360.00,20150223T000000,302059.00,4.00,2.00,1390.00,745.00,3.00,0.00,0.00,3.00,7.00,1390.00,0.00,2008.00,0.00,98027.00,47.54,-122.03,1390.00,942.00
7853420450.00,20140519T000000,575000.00,4.00,2.50,2500.00,4945.00,2.00,0.00,0.00,3.00,9.00,2500.00,0.00,2013.00,0.00,98065.00,47.52,-121.89,2760.00,6000.00
8956200770.00,20140723T000000,549950.00,4.00,3.50,3906.00,9674.00,2.00,0.00,2.00,3.00,9.00,3906.00,0.00,2014.00,0.00,98001.00,47.29,-122.26,2673.00,6500.00
2424059170.00,20150219T000000,900000.00,5.00,6.00,7120.00,40806.00,2.00,0.00,4.00,3.00,12.00,5480.00,1640.00,2007.00,0.00,98006.00,47.55,-122.11,3440.00,36859.00
1934800133.00,20140711T000000,397500.00,3.00,2.50,1470.00,1256.00,2.00,0.00,0.00,3.00,8.00,930.00,540.00,2006.00,0.00,98122.00,47.60,-122.31,1510.00,1797.00
5556300109.00,20141121T000000,1075000.00,5.00,3.50,3230.00,7560.00,2.00,0.00,0.00,3.00,10.00,3230.00,0.00,2007.00,0.00,98052.00,47.65,-122.12,3230.00,8580.00
2326600150.00,20150422T000000,775900.00,3.00,2.50,2700.00,5764.00,2.00,0.00,0.00,3.00,9.00,2700.00,0.00,2014.00,0.00,98075.00,47.56,-122.03,3270.00,14700.00
3751600409.00,20150508T000000,510000.00,4.00,2.50,4073.00,17334.00,2.00,0.00,0.00,3.00,8.00,4073.00,0.00,2008.00,0.00,98001.00,47.29,-122.27,1780.00,9625.00
3814900210.00,20140829T000000,471275.00,4.00,2.50,3361.00,5038.00,2.00,0.00,0.00,3.00,9.00,3361.00,0.00,2014.00,0.00,98092.00,47.33,-122.17,2316.00,4105.00
9542840730.00,20140911T000000,288000.00,4.00,2.25,1610.00,3560.00,2.00,0.00,0.00,3.00,7.00,1610.00,0.00,2010.00,0.00,98038.00,47.37,-122.02,1760.00,3692.00
2937300540.00,20141016T000000,989990.00,4.00,3.50,3830.00,7150.00,2.00,0.00,0.00,3.00,9.00,3830.00,0.00,2014.00,0.00,98052.00,47.70,-122.13,3640.00,6055.00
7549800543.00,20140612T000000,300000.00,3.00,3.25,1470.00,1235.00,2.00,0.00,0.00,3.00,7.00,1180.00,290.00,2008.00,0.00,98108.00,47.55,-122.31,1470.00,1243.00
4058800439.00,20140623T000000,664950.00,5.00,3.00,3190.00,7081.00,1.00,0.00,2.00,3.00,9.00,1890.00,1300.00,2013.00,0.00,98178.00,47.51,-122.24,2270.00,7623.00
7853430180.00,20140716T000000,699188.00,4.00,3.25,3250.00,5478.00,2.00,0.00,0.00,3.00,9.00,3250.00,0.00,2014.00,0.00,98065.00,47.52,-121.89,3250.00,5482.00
982850120.00,20150303T000000,390000.00,3.00,2.25,1490.00,4539.00,2.00,0.00,0.00,3.00,7.00,1490.00,0.00,2009.00,0.00,98028.00,47.76,-122.23,1750.00,4667.00
9476010120.00,20150321T000000,670000.00,5.00,2.75,2900.00,5155.00,2.00,0.00,0.00,3.00,8.00,2900.00,0.00,2008.00,0.00,98075.00,47.60,-122.01,2900.00,6176.00
5200087.00,20140709T000000,487000.00,4.00,2.50,2540.00,5001.00,2.00,0.00,0.00,3.00,9.00,2540.00,0.00,2005.00,0.00,98108.00,47.54,-122.30,2360.00,6834.00
7308600040.00,20140723T000000,769995.00,5.00,2.75,3360.00,12080.00,2.00,0.00,0.00,3.00,9.00,3360.00,0.00,2014.00,0.00,98011.00,47.78,-122.17,3360.00,9724.00
1498301048.00,20140508T000000,321950.00,2.00,1.25,860.00,1277.00,2.00,0.00,0.00,3.00,7.00,860.00,0.00,2007.00,0.00,98144.00,47.58,-122.31,1280.00,1265.00
2738630040.00,20150427T000000,613500.00,4.00,2.50,3020.00,6068.00,2.00,0.00,0.00,3.00,9.00,3020.00,0.00,2006.00,0.00,98072.00,47.77,-122.16,3240.00,5757.00
6300500081.00,20140806T000000,300000.00,3.00,2.50,1330.00,1200.00,3.00,0.00,0.00,3.00,7.00,1330.00,0.00,2002.00,0.00,98133.00,47.70,-122.34,1330.00,1206.00
3845100620.00,20141125T000000,400950.00,4.00,2.50,2578.00,4554.00,2.00,0.00,0.00,3.00,9.00,2578.00,0.00,2014.00,0.00,98092.00,47.26,-122.19,2647.00,4554.00
255450040.00,20140918T000000,389517.00,4.00,2.50,2640.00,4725.00,2.00,0.00,0.00,3.00,8.00,2640.00,0.00,2014.00,0.00,98038.00,47.37,-122.02,2370.00,4725.00
880000211.00,20140821T000000,255000.00,3.00,1.75,1260.00,1133.00,2.00,0.00,0.00,3.00,7.00,810.00,450.00,2011.00,0.00,98106.00,47.53,-122.36,1260.00,1172.00
2163900081.00,20150220T000000,1080000.00,3.00,2.50,1990.00,1891.00,3.00,0.00,0.00,3.00,9.00,1990.00,0.00,2012.00,0.00,98102.00,47.63,-122.32,1990.00,3600.00
7853370440.00,20141121T000000,637850.00,5.00,3.25,3340.00,4900.00,2.00,0.00,2.00,3.00,9.00,2500.00,840.00,2014.00,0.00,98065.00,47.52,-121.88,3220.00,5200.00
3448900290.00,20140828T000000,636230.00,4.00,2.50,2840.00,6284.00,2.00,0.00,0.00,3.00,9.00,2840.00,0.00,2013.00,0.00,98056.00,47.51,-122.17,2790.00,7168.00
263000006.00,20141216T000000,375000.00,3.00,2.50,1530.00,1131.00,3.00,0.00,0.00,3.00,8.00,1530.00,0.00,2009.00,0.00,98103.00,47.70,-122.35,1530.00,1445.00
1972200882.00,20140604T000000,586500.00,3.00,2.50,1780.00,1487.00,3.00,0.00,0.00,3.00,8.00,1600.00,180.00,2006.00,0.00,98107.00,47.65,-122.35,1780.00,1300.00
7853270630.00,20150120T000000,544000.00,4.00,2.50,2340.00,6973.00,2.00,0.00,0.00,3.00,8.00,1930.00,410.00,2005.00,0.00,98065.00,47.55,-121.88,2950.00,6908.00
7852130430.00,20140806T000000,425000.00,4.00,2.50,2390.00,5021.00,2.00,0.00,0.00,3.00,7.00,2390.00,0.00,2002.00,0.00,98065.00,47.54,-121.88,2520.00,5333.00
7383450250.00,20150311T000000,374950.00,4.00,2.50,2090.00,3777.00,2.00,0.00,0.00,3.00,8.00,2090.00,0.00,2012.00,0.00,98038.00,47.36,-122.04,2160.00,3993.00
3449000010.00,20150312T000000,294570.00,3.00,1.00,1140.00,8400.00,1.00,0.00,0.00,4.00,7.00,1140.00,0.00,1960.00,0.00,98059.00,47.50,-122.14,1400.00,9000.00
2690100170.00,20141013T000000,300000.00,3.00,2.50,1960.00,1477.00,2.00,0.00,0.00,3.00,7.00,1670.00,290.00,2012.00,0.00,98059.00,47.49,-122.17,1980.00,1467.00
9578500920.00,20140910T000000,395950.00,5.00,3.50,2738.00,6031.00,2.00,0.00,0.00,3.00,8.00,2738.00,0.00,2014.00,0.00,98023.00,47.30,-122.35,2738.00,5201.00
8562900430.00,20140718T000000,800000.00,4.00,2.50,3691.00,11088.00,2.00,0.00,1.00,3.00,8.00,3691.00,0.00,2013.00,0.00,98074.00,47.61,-122.06,3190.00,11270.00
1442880380.00,20140730T000000,439990.00,3.00,2.50,2340.00,5171.00,2.00,0.00,0.00,3.00,8.00,2340.00,0.00,2013.00,0.00,98045.00,47.48,-121.77,2790.00,5684.00
3204930170.00,20141106T000000,680000.00,4.00,3.50,2510.00,3763.00,2.00,0.00,0.00,3.00,8.00,1990.00,520.00,2013.00,0.00,98052.00,47.70,-122.10,2560.00,3820.00
4449800480.00,20150318T000000,677790.00,6.00,3.00,2800.00,4213.00,2.00,0.00,0.00,3.00,8.00,2800.00,0.00,1998.00,0.00,98117.00,47.69,-122.39,1440.00,3960.00
3862710010.00,20150501T000000,424950.00,3.00,2.50,1650.00,4777.00,2.00,0.00,0.00,3.00,8.00,1650.00,0.00,2013.00,0.00,98065.00,47.53,-121.84,1800.00,3331.00
301402280.00,20150331T000000,223990.00,2.00,2.25,1061.00,2884.00,2.00,0.00,0.00,3.00,7.00,1061.00,0.00,2013.00,0.00,98002.00,47.35,-122.22,1481.00,2887.00
2867300170.00,20150513T000000,498000.00,4.00,2.50,3402.00,14355.00,2.00,0.00,0.00,3.00,10.00,2846.00,556.00,2014.00,0.00,98023.00,47.30,-122.39,3402.00,8487.00
5635100080.00,20141031T000000,359950.00,4.00,2.50,2542.00,6120.00,2.00,0.00,0.00,3.00,8.00,2542.00,0.00,2014.00,0.00,98030.00,47.38,-122.19,2419.00,8984.00
1624079024.00,20140515T000000,720000.00,3.00,2.50,3150.00,151588.00,2.00,0.00,0.00,3.00,9.00,3150.00,0.00,2007.00,0.00,98024.00,47.57,-121.93,2410.00,208652.00
9211010840.00,20141112T000000,530000.00,4.00,2.50,3010.00,9000.00,2.00,0.00,0.00,3.00,8.00,3010.00,0.00,2008.00,0.00,98059.00,47.50,-122.15,3250.00,5531.00
7697000020.00,20141007T000000,295000.00,3.00,2.50,1660.00,4898.00,2.00,0.00,0.00,3.00,7.00,1660.00,0.00,2011.00,0.00,98038.00,47.36,-122.04,1810.00,4462.00
3832050130.00,20141021T000000,255500.00,3.00,2.50,1770.00,5000.00,2.00,0.00,0.00,3.00,7.00,1770.00,0.00,2009.00,0.00,98042.00,47.34,-122.05,2230.00,5200.00
3630240020.00,20140521T000000,556000.00,3.00,3.00,1960.00,1168.00,2.00,0.00,0.00,3.00,9.00,1600.00,360.00,2007.00,0.00,98027.00,47.54,-122.01,2080.00,1423.00
1389600080.00,20140710T000000,277950.00,4.00,2.50,1889.00,6000.00,2.00,0.00,0.00,3.00,7.00,1889.00,0.00,2012.00,0.00,98001.00,47.27,-122.26,1990.00,6350.00
2781230080.00,20150408T000000,431000.00,4.00,2.50,3040.00,6000.00,2.00,0.00,0.00,3.00,9.00,3040.00,0.00,2007.00,0.00,98038.00,47.35,-122.03,2640.00,6000.00
7203100660.00,20141117T000000,780000.00,4.00,2.75,3420.00,6787.00,2.00,0.00,0.00,3.00,9.00,3420.00,0.00,2010.00,0.00,98053.00,47.70,-122.02,3450.00,6137.00
1806900502.00,20141014T000000,649000.00,3.00,3.25,1720.00,936.00,2.00,0.00,0.00,3.00,8.00,1030.00,690.00,2004.00,0.00,98112.00,47.62,-122.31,1720.00,1527.00
3022800010.00,20140714T000000,447000.00,3.00,2.50,1740.00,3043.00,2.00,0.00,0.00,3.00,7.00,1740.00,0.00,2012.00,0.00,98011.00,47.74,-122.18,1920.00,2869.00
6666830250.00,20140505T000000,712198.00,4.00,2.50,2450.00,4247.00,2.00,0.00,0.00,3.00,8.00,2450.00,0.00,2013.00,0.00,98052.00,47.70,-122.11,2970.00,4685.00
7242800020.00,20140815T000000,277140.00,3.00,1.50,1190.00,785.00,2.00,0.00,0.00,3.00,8.00,920.00,270.00,2014.00,0.00,98052.00,47.68,-122.12,2820.00,5626.00
2867300190.00,20140528T000000,363000.00,4.00,2.50,3753.00,7204.00,2.00,0.00,0.00,3.00,10.00,3336.00,417.00,2008.00,0.00,98023.00,47.30,-122.39,3494.00,9375.00
8564860130.00,20150202T000000,598992.00,5.00,3.50,3440.00,6037.00,2.00,0.00,0.00,3.00,9.00,3440.00,0.00,2014.00,0.00,98045.00,47.48,-121.73,3270.00,6037.00
2770603522.00,20141211T000000,585000.00,3.00,2.50,2160.00,1250.00,3.00,0.00,0.00,3.00,8.00,1830.00,330.00,2010.00,0.00,98119.00,47.65,-122.38,1870.00,2825.00
9544200422.00,20140731T000000,1274950.00,4.00,2.75,3820.00,8850.00,2.00,0.00,0.00,3.00,10.00,3820.00,0.00,2014.00,0.00,98033.00,47.65,-122.20,2330.00,12000.00
4253400104.00,20150212T000000,380950.00,2.00,2.00,1120.00,1039.00,2.00,0.00,0.00,3.00,7.00,840.00,280.00,2007.00,0.00,98144.00,47.58,-122.32,1130.00,5400.00
1085622890.00,20140708T000000,333490.00,4.00,2.50,2250.00,3916.00,2.00,0.00,0.00,3.00,8.00,2250.00,0.00,2014.00,0.00,98003.00,47.34,-122.18,2156.00,3920.00
9268851630.00,20140604T000000,520000.00,3.00,3.25,1540.00,1487.00,2.00,0.00,0.00,3.00,8.00,1540.00,0.00,2011.00,0.00,98027.00,47.54,-122.03,1620.00,1104.00
8562780190.00,20141007T000000,315000.00,2.00,2.25,1240.00,705.00,2.00,0.00,0.00,3.00,7.00,1150.00,90.00,2009.00,0.00,98027.00,47.53,-122.07,1240.00,750.00
2767600686.00,20150331T000000,487000.00,2.00,1.50,1160.00,1118.00,2.00,0.00,0.00,3.00,8.00,1020.00,140.00,2007.00,0.00,98117.00,47.68,-122.38,1210.00,1118.00
7207900080.00,20140808T000000,424950.00,5.00,3.50,2760.00,3865.00,2.50,0.00,0.00,3.00,8.00,2760.00,0.00,2013.00,0.00,98056.00,47.50,-122.17,2590.00,4587.00
2770601457.00,20150210T000000,542300.00,3.00,2.25,1580.00,1487.00,3.00,0.00,0.00,3.00,9.00,1580.00,0.00,2013.00,0.00,98199.00,47.65,-122.39,1600.00,1525.00
1773100920.00,20141211T000000,320000.00,3.00,3.25,1480.00,1192.00,2.00,0.00,0.00,3.00,8.00,1180.00,300.00,2013.00,0.00,98106.00,47.56,-122.36,1330.00,1094.00
1024069027.00,20140723T000000,1139990.00,4.00,3.25,3740.00,11467.00,2.00,0.00,0.00,3.00,10.00,3740.00,0.00,2014.00,0.00,98029.00,47.58,-122.02,2510.00,27520.00
7853361310.00,20141215T000000,425000.00,4.00,2.50,1950.00,5000.00,2.00,0.00,0.00,3.00,8.00,1950.00,0.00,2012.00,0.00,98065.00,47.52,-121.87,2710.00,5000.00
6824100029.00,20141031T000000,474950.00,3.00,3.00,1530.00,1568.00,3.00,0.00,0.00,3.00,8.00,1530.00,0.00,2012.00,0.00,98117.00,47.70,-122.37,1460.00,1224.00
255450250.00,20140804T000000,307635.00,3.00,2.50,1820.00,4200.00,2.00,0.00,0.00,3.00,8.00,1820.00,0.00,2014.00,0.00,98038.00,47.37,-122.02,2370.00,4200.00
2428100130.00,20141210T000000,834538.00,3.00,2.50,2760.00,6187.00,2.00,0.00,0.00,3.00,10.00,2760.00,0.00,2014.00,0.00,98075.00,47.58,-122.05,2760.00,6600.00
1042700050.00,20140723T000000,769995.00,5.00,2.75,3010.00,5398.00,2.00,0.00,0.00,3.00,9.00,3010.00,0.00,2014.00,0.00,98074.00,47.61,-122.05,3360.00,5407.00
7853280250.00,20150424T000000,820875.00,5.00,3.25,3860.00,9387.00,2.00,0.00,2.00,3.00,9.00,3860.00,0.00,2006.00,0.00,98065.00,47.54,-121.86,3860.00,8979.00
7853410170.00,20150316T000000,595500.00,4.00,2.50,2490.00,6537.00,2.00,0.00,0.00,3.00,8.00,2490.00,0.00,2013.00,0.00,98065.00,47.52,-121.88,2520.00,5848.00
2708450020.00,20140912T000000,450000.00,4.00,2.50,3236.00,9608.00,2.00,0.00,0.00,3.00,10.00,3236.00,0.00,2005.00,0.00,98030.00,47.38,-122.20,3236.00,9660.00
7852140170.00,20150421T000000,695000.00,4.00,2.50,2830.00,14538.00,2.00,0.00,0.00,3.00,8.00,2830.00,0.00,2003.00,0.00,98065.00,47.54,-121.88,2270.00,6939.00
1459920010.00,20150323T000000,300000.00,3.00,2.00,1451.00,7159.00,1.00,0.00,0.00,3.00,7.00,1451.00,0.00,2010.00,0.00,98042.00,47.38,-122.16,2303.00,6126.00
3438500250.00,20140623T000000,515000.00,5.00,3.25,2910.00,5027.00,2.00,0.00,0.00,3.00,8.00,2040.00,870.00,2013.00,0.00,98106.00,47.55,-122.36,2910.00,5027.00
1890000169.00,20140903T000000,545000.00,3.00,2.50,1280.00,1845.00,3.00,0.00,0.00,3.00,8.00,1280.00,0.00,2009.00,0.00,98105.00,47.66,-122.32,1450.00,1889.00
1250200414.00,20150218T000000,365000.00,3.00,2.25,1110.00,979.00,2.00,0.00,0.00,3.00,7.00,960.00,150.00,2008.00,0.00,98144.00,47.60,-122.30,1170.00,1400.00
2564900470.00,20140714T000000,718500.00,4.00,2.75,2840.00,8800.00,2.00,0.00,0.00,3.00,9.00,2840.00,0.00,2008.00,0.00,98033.00,47.70,-122.17,1840.00,7700.00
2895800780.00,20150401T000000,279800.00,3.00,1.75,1410.00,2052.00,2.00,0.00,0.00,3.00,8.00,1410.00,0.00,2014.00,0.00,98106.00,47.52,-122.35,1410.00,1988.00
6306800050.00,20140925T000000,486940.00,4.00,2.50,3250.00,13360.00,2.00,0.00,0.00,3.00,9.00,3250.00,0.00,2014.00,0.00,98030.00,47.35,-122.20,2612.00,14448.00
6928000605.00,20140626T000000,525000.00,4.00,2.75,3030.00,6625.00,2.00,0.00,0.00,3.00,8.00,3030.00,0.00,2011.00,0.00,98059.00,47.48,-122.15,3030.00,9620.00
3814900950.00,20140725T000000,345000.00,4.00,2.50,1983.00,6002.00,2.00,0.00,0.00,3.00,9.00,1983.00,0.00,2012.00,0.00,98092.00,47.33,-122.16,2502.00,4750.00
8562770080.00,20141030T000000,613000.00,3.00,3.25,2440.00,2812.00,2.00,0.00,0.00,3.00,8.00,1710.00,730.00,2005.00,0.00,98027.00,47.54,-122.07,2440.00,2836.00
3831250130.00,20140825T000000,370000.00,3.00,2.50,2313.00,5700.00,2.00,0.00,0.00,3.00,9.00,2313.00,0.00,2011.00,0.00,98030.00,47.36,-122.20,2323.00,5701.00
3629990020.00,20141002T000000,449500.00,3.00,2.25,1260.00,2556.00,2.00,0.00,0.00,3.00,7.00,1260.00,0.00,2005.00,0.00,98029.00,47.55,-122.00,1630.00,2844.00
9532000010.00,20150416T000000,515000.00,3.00,2.50,2000.00,3837.00,2.00,0.00,0.00,3.00,8.00,2000.00,0.00,2011.00,0.00,98072.00,47.77,-122.17,2210.00,4075.00
8562780430.00,20150504T000000,346100.00,2.00,1.75,1150.00,698.00,2.00,0.00,0.00,3.00,7.00,1150.00,0.00,2013.00,0.00,98027.00,47.53,-122.07,1150.00,757.00
2781230020.00,20141209T000000,398500.00,4.00,2.50,2820.00,6666.00,2.00,0.00,0.00,3.00,9.00,2820.00,0.00,2007.00,0.00,98038.00,47.35,-122.03,1880.00,7200.00
8658301060.00,20140820T000000,310000.00,2.00,1.75,1160.00,2500.00,2.00,0.00,0.00,3.00,7.00,1160.00,0.00,2008.00,0.00,98014.00,47.65,-121.91,970.00,7500.00
301402140.00,20150226T000000,250000.00,3.00,2.25,1481.00,2820.00,2.00,0.00,0.00,3.00,7.00,1481.00,0.00,2012.00,0.00,98002.00,47.35,-122.22,1481.00,2889.00
8923600020.00,20140806T000000,1880000.00,5.00,3.50,4390.00,6220.00,2.00,0.00,3.00,3.00,9.00,3170.00,1220.00,2013.00,0.00,98115.00,47.68,-122.27,2740.00,6448.00
8725950020.00,20140827T000000,695000.00,2.00,1.75,1570.00,1207.00,3.00,0.00,0.00,3.00,9.00,1570.00,0.00,2007.00,0.00,98004.00,47.62,-122.20,1570.00,1206.00
1121000357.00,20140827T000000,1085000.00,4.00,3.00,3410.00,6541.00,2.00,0.00,2.00,3.00,9.00,2680.00,730.00,2007.00,0.00,98126.00,47.54,-122.38,2300.00,6345.00
1042700290.00,20140804T000000,864327.00,5.00,3.25,3480.00,6507.00,2.00,0.00,0.00,3.00,9.00,3480.00,0.00,2014.00,0.00,98074.00,47.61,-122.05,3360.00,5398.00
7308600010.00,20140616T000000,749995.00,4.00,3.25,3430.00,9870.00,2.00,0.00,0.00,3.00,9.00,3430.00,0.00,2014.00,0.00,98011.00,47.78,-122.17,3360.00,9724.00
7708210050.00,20140610T000000,525000.00,5.00,2.75,2880.00,8364.00,2.00,0.00,0.00,3.00,9.00,2880.00,0.00,2006.00,0.00,98059.00,47.49,-122.15,3010.00,8296.00
5631500285.00,20141121T000000,659950.00,3.00,2.50,2990.00,9413.00,2.00,0.00,0.00,3.00,10.00,2990.00,0.00,2006.00,0.00,98028.00,47.73,-122.23,1940.00,9600.00
524059063.00,20140506T000000,1800000.00,5.00,5.00,4490.00,10279.00,2.00,0.00,0.00,3.00,10.00,3930.00,560.00,2013.00,0.00,98004.00,47.60,-122.20,2490.00,10279.00
7203160190.00,20141029T000000,950000.00,5.00,4.00,4100.00,8120.00,2.00,0.00,0.00,3.00,9.00,4100.00,0.00,2011.00,0.00,98053.00,47.69,-122.02,4100.00,7625.00
1692900095.00,20140618T000000,1399950.00,4.00,2.75,3870.00,10046.00,2.00,0.00,0.00,3.00,11.00,3870.00,0.00,2005.00,0.00,98033.00,47.67,-122.19,3560.00,10046.00
3438500346.00,20140702T000000,265050.00,2.00,1.50,800.00,2119.00,2.00,0.00,0.00,3.00,7.00,800.00,0.00,2008.00,0.00,98106.00,47.55,-122.36,1020.00,4800.00
9268850290.00,20150306T000000,450000.00,3.00,2.25,1620.00,1057.00,3.00,0.00,0.00,3.00,8.00,1540.00,80.00,2009.00,0.00,98027.00,47.54,-122.03,1390.00,942.00
2419700080.00,20150505T000000,915000.00,4.00,2.50,2910.00,4356.00,3.00,0.00,0.00,3.00,8.00,2910.00,0.00,2010.00,0.00,98034.00,47.67,-122.15,2840.00,4181.00
1235700052.00,20140630T000000,963000.00,4.00,3.25,3530.00,8589.00,2.00,0.00,0.00,3.00,10.00,3530.00,0.00,2007.00,0.00,98033.00,47.70,-122.20,2470.00,9019.00
4233800020.00,20141008T000000,270000.00,4.00,2.50,2701.00,5821.00,2.00,0.00,0.00,3.00,7.00,2701.00,0.00,2013.00,0.00,98092.00,47.29,-122.18,2566.00,5843.00
3278612570.00,20140724T000000,294000.00,2.00,2.50,1380.00,889.00,2.00,0.00,0.00,3.00,7.00,1140.00,240.00,2012.00,0.00,98126.00,47.54,-122.37,1580.00,1397.00
6638900461.00,20140605T000000,700000.00,3.00,2.50,2050.00,4185.00,2.00,0.00,0.00,3.00,9.00,2050.00,0.00,2011.00,0.00,98117.00,47.69,-122.37,1150.00,5000.00
4233600190.00,20150316T000000,1065000.00,3.00,4.00,3370.00,8252.00,2.00,0.00,0.00,3.00,10.00,3370.00,0.00,2014.00,0.00,98075.00,47.60,-122.01,3710.00,8252.00
7987400285.00,20150429T000000,494900.00,3.00,2.50,2040.00,2500.00,2.00,0.00,0.00,3.00,7.00,1470.00,570.00,2008.00,0.00,98126.00,47.57,-122.37,1410.00,2500.00
9532000500.00,20140801T000000,415000.00,3.00,2.50,1610.00,3600.00,2.00,0.00,0.00,3.00,8.00,1610.00,0.00,2010.00,0.00,98072.00,47.77,-122.17,2210.00,3600.00
8564860280.00,20140502T000000,459990.00,3.00,2.50,2680.00,5539.00,2.00,0.00,0.00,3.00,8.00,2680.00,0.00,2013.00,0.00,98045.00,47.48,-121.73,2990.00,6037.00
8691440440.00,20141003T000000,882990.00,4.00,3.50,3560.00,6562.00,2.00,0.00,0.00,3.00,10.00,3560.00,0.00,2014.00,0.00,98075.00,47.59,-121.97,3710.00,6562.00
1099950050.00,20141229T000000,620000.00,4.00,3.50,3880.00,8244.00,2.00,0.00,0.00,3.00,10.00,3060.00,820.00,2007.00,0.00,98019.00,47.74,-121.98,3180.00,10947.00
3304040130.00,20150212T000000,375900.00,3.00,2.00,1824.00,7120.00,1.00,0.00,0.00,3.00,9.00,1824.00,0.00,2010.00,0.00,98001.00,47.35,-122.27,2409.00,6264.00
8562790480.00,20141006T000000,654000.00,3.00,2.50,2220.00,2873.00,2.00,0.00,0.00,3.00,10.00,2010.00,210.00,2012.00,0.00,98027.00,47.53,-122.07,2290.00,3213.00
4457300005.00,20150325T000000,1839900.00,4.00,3.25,4140.00,11007.00,2.00,0.00,0.00,3.00,10.00,4140.00,0.00,2013.00,0.00,98040.00,47.57,-122.22,2150.00,9663.00
8856003839.00,20141210T000000,215000.00,3.00,2.50,1322.00,6006.00,2.00,0.00,0.00,3.00,7.00,1322.00,0.00,2009.00,0.00,98001.00,47.27,-122.25,1440.00,6796.00
1972200728.00,20141124T000000,630500.00,3.00,2.50,1909.00,1300.00,3.00,0.00,0.00,3.00,8.00,1766.00,143.00,2006.00,0.00,98103.00,47.65,-122.35,1780.00,1248.00
8691420050.00,20141107T000000,855000.00,4.00,3.50,3460.00,7702.00,2.00,0.00,0.00,3.00,10.00,3460.00,0.00,2010.00,0.00,98075.00,47.59,-121.98,3380.00,7464.00
6601200020.00,20150127T000000,235245.00,4.00,2.50,1954.00,5075.00,2.00,0.00,0.00,3.00,8.00,1954.00,0.00,2007.00,0.00,98001.00,47.26,-122.25,1934.00,5000.00
200480020.00,20140710T000000,770000.00,5.00,2.50,3000.00,7912.00,1.00,0.00,0.00,3.00,9.00,1610.00,1390.00,2007.00,0.00,98033.00,47.68,-122.18,2700.00,7205.00
7203170190.00,20140619T000000,734990.00,4.00,2.50,2650.00,6884.00,2.00,0.00,0.00,3.00,8.00,2650.00,0.00,2012.00,0.00,98053.00,47.69,-122.02,2520.00,5866.00
3885802134.00,20150109T000000,880000.00,4.00,2.50,2580.00,3436.00,2.00,0.00,0.00,3.00,8.00,2580.00,0.00,2013.00,0.00,98033.00,47.69,-122.21,1780.00,5772.00
9578060420.00,20150114T000000,525000.00,4.00,3.00,2650.00,4924.00,2.00,0.00,0.00,3.00,8.00,2650.00,0.00,2011.00,0.00,98028.00,47.77,-122.24,2380.00,4733.00
3630200080.00,20140807T000000,775000.00,4.00,3.50,3390.00,3960.00,2.00,0.00,0.00,3.00,10.00,3390.00,0.00,2008.00,0.00,98027.00,47.54,-122.00,2990.00,3400.00
3876900089.00,20150430T000000,687015.00,3.00,1.75,1470.00,873.00,3.00,0.00,0.00,3.00,10.00,1470.00,0.00,2009.00,0.00,98119.00,47.63,-122.36,1410.00,967.00
3630130130.00,20141112T000000,663000.00,3.00,2.50,1910.00,5125.00,2.00,0.00,0.00,3.00,9.00,1910.00,0.00,2006.00,0.00,98029.00,47.55,-122.00,1910.00,3215.00
3326059253.00,20150330T000000,815000.00,4.00,2.50,3030.00,7187.00,2.00,0.00,0.00,3.00,9.00,3030.00,0.00,2005.00,0.00,98033.00,47.69,-122.17,3030.00,7187.00
2224069109.00,20150427T000000,1050000.00,4.00,3.25,2930.00,25020.00,2.00,0.00,0.00,3.00,9.00,2930.00,0.00,2013.00,0.00,98029.00,47.55,-122.02,2400.00,32374.00
3862700020.00,20150423T000000,433190.00,3.00,2.50,1650.00,2787.00,2.00,0.00,0.00,3.00,8.00,1650.00,0.00,2014.00,0.00,98065.00,47.53,-121.84,1760.00,2787.00
3629980080.00,20141210T000000,725000.00,4.00,2.50,2870.00,5118.00,2.00,0.00,0.00,3.00,9.00,2870.00,0.00,2006.00,0.00,98029.00,47.55,-121.99,2940.00,4800.00
7299600950.00,20150408T000000,279950.00,3.00,2.50,1608.00,4800.00,2.00,0.00,0.00,3.00,8.00,1608.00,0.00,2013.00,0.00,98092.00,47.26,-122.20,2009.00,4800.00
5528600005.00,20150327T000000,272167.00,2.00,2.50,1620.00,3795.00,2.00,0.00,0.00,3.00,7.00,1620.00,0.00,2014.00,0.00,98027.00,47.53,-122.03,1620.00,6000.00
3052700419.00,20140616T000000,468500.00,3.00,2.50,1350.00,1186.00,2.00,0.00,0.00,3.00,8.00,1120.00,230.00,2007.00,0.00,98117.00,47.68,-122.38,1500.00,1605.00
9542840630.00,20140602T000000,298000.00,3.00,2.50,1950.00,3600.00,2.00,0.00,0.00,3.00,7.00,1950.00,0.00,2010.00,0.00,98038.00,47.37,-122.02,1870.00,4184.00
7896300592.00,20150114T000000,303500.00,6.00,4.50,3390.00,7200.00,2.00,0.00,0.00,3.00,8.00,2440.00,950.00,2007.00,0.00,98118.00,47.52,-122.29,2040.00,7214.00
9268850480.00,20150410T000000,308000.00,3.00,1.75,1300.00,1237.00,2.00,0.00,0.00,3.00,7.00,1060.00,240.00,2008.00,0.00,98027.00,47.54,-122.03,1350.00,942.00
3629700020.00,20150415T000000,646800.00,3.00,3.00,2230.00,1407.00,2.50,0.00,0.00,3.00,8.00,1850.00,380.00,2014.00,0.00,98027.00,47.54,-122.02,2230.00,1407.00
8648900010.00,20150102T000000,530200.00,4.00,2.50,1880.00,3853.00,2.00,0.00,0.00,3.00,8.00,1880.00,0.00,2010.00,0.00,98027.00,47.56,-122.09,1890.00,3078.00
5422950170.00,20141112T000000,405000.00,5.00,2.50,3370.00,5092.00,2.00,0.00,0.00,3.00,7.00,3370.00,0.00,2006.00,0.00,98038.00,47.36,-122.04,2910.00,5092.00
2768200213.00,20140724T000000,529000.00,2.00,2.50,1320.00,1395.00,2.00,0.00,0.00,3.00,8.00,990.00,330.00,2014.00,0.00,98107.00,47.67,-122.36,1550.00,1519.00
642150080.00,20140908T000000,675900.00,3.00,2.50,2920.00,9096.00,2.00,0.00,0.00,3.00,9.00,2920.00,0.00,2013.00,0.00,98059.00,47.49,-122.15,2930.00,7995.00
2770601912.00,20150402T000000,570000.00,3.00,3.25,1550.00,1280.00,2.00,0.00,0.00,3.00,9.00,1220.00,330.00,2013.00,0.00,98199.00,47.65,-122.38,1550.00,1579.00
3304040020.00,20141226T000000,375500.00,4.00,2.50,2301.00,6452.00,2.00,0.00,0.00,3.00,9.00,2301.00,0.00,2010.00,0.00,98001.00,47.35,-122.27,2650.00,6054.00
3629960170.00,20141021T000000,445000.00,3.00,3.25,1710.00,1960.00,2.00,0.00,0.00,3.00,8.00,1360.00,350.00,2004.00,0.00,98029.00,47.55,-122.00,1420.00,955.00
1238900130.00,20150105T000000,1100000.00,4.00,3.75,2890.00,4164.00,2.00,0.00,0.00,3.00,9.00,2240.00,650.00,2013.00,0.00,98033.00,47.68,-122.20,2354.00,3207.00
6056100114.00,20140825T000000,477000.00,3.00,2.50,2100.00,5060.00,2.00,0.00,0.00,3.00,7.00,2100.00,0.00,2006.00,0.00,98108.00,47.56,-122.30,1520.00,2468.00
4140940130.00,20141121T000000,450000.00,3.00,2.75,2240.00,3360.00,2.00,0.00,0.00,3.00,8.00,2100.00,140.00,2014.00,0.00,98178.00,47.50,-122.23,1790.00,5873.00
6824100007.00,20150326T000000,427005.00,3.00,3.00,1460.00,1200.00,3.00,0.00,0.00,3.00,8.00,1460.00,0.00,2006.00,0.00,98117.00,47.70,-122.37,1460.00,1245.00
1959700225.00,20150224T000000,720000.00,3.00,1.75,1370.00,1990.00,3.00,0.00,0.00,3.00,9.00,1370.00,0.00,2014.00,0.00,98102.00,47.64,-122.32,1730.00,1990.00
518500460.00,20141008T000000,2230000.00,3.00,3.50,3760.00,5634.00,2.00,1.00,4.00,3.00,11.00,2830.00,930.00,2014.00,0.00,98056.00,47.53,-122.21,3560.00,5762.00
923059252.00,20140527T000000,450800.00,4.00,3.25,2510.00,5311.00,2.00,0.00,0.00,3.00,9.00,2510.00,0.00,2009.00,0.00,98056.00,47.50,-122.17,1590.00,9583.00
3052700213.00,20140829T000000,461100.00,2.00,2.25,1210.00,1267.00,2.00,0.00,0.00,3.00,8.00,1120.00,90.00,2010.00,0.00,98117.00,47.68,-122.38,1360.00,1349.00
2428100080.00,20141001T000000,1061600.00,4.00,3.00,2990.00,6695.00,2.00,0.00,0.00,3.00,10.00,2990.00,0.00,2014.00,0.00,98075.00,47.58,-122.05,2760.00,6600.00
9276202130.00,20150408T000000,590000.00,3.00,2.50,1710.00,2875.00,2.00,0.00,0.00,3.00,8.00,1710.00,0.00,2006.00,0.00,98116.00,47.58,-122.39,1640.00,5750.00
3845100670.00,20140716T000000,478830.00,4.00,2.50,3274.00,4950.00,2.00,0.00,0.00,3.00,9.00,3274.00,0.00,2014.00,0.00,98092.00,47.26,-122.20,2578.00,4200.00
4319200675.00,20140709T000000,760000.00,4.00,2.25,3300.00,8365.00,3.00,0.00,0.00,3.00,9.00,3300.00,0.00,2014.00,0.00,98126.00,47.54,-122.38,1290.00,8369.00
323059327.00,20140703T000000,1025000.00,4.00,3.50,4370.00,10860.00,2.00,0.00,0.00,3.00,11.00,4370.00,0.00,2008.00,0.00,98059.00,47.51,-122.15,3560.00,8070.00
3448720020.00,20140613T000000,385000.00,4.00,2.50,2050.00,5276.00,2.00,0.00,0.00,3.00,7.00,2050.00,0.00,2006.00,0.00,98059.00,47.49,-122.15,2480.00,5447.00
7234600832.00,20140516T000000,500000.00,2.00,2.50,1310.00,1500.00,2.00,0.00,0.00,3.00,8.00,1160.00,150.00,2006.00,0.00,98122.00,47.61,-122.31,1320.00,1581.00
4045500950.00,20150415T000000,425000.00,3.00,1.50,1680.00,8000.00,1.50,0.00,0.00,3.00,7.00,1680.00,0.00,2012.00,0.00,98014.00,47.69,-121.87,1990.00,26336.00
7234600098.00,20140905T000000,552100.00,3.00,3.00,1330.00,1379.00,2.00,0.00,0.00,4.00,8.00,1120.00,210.00,2005.00,0.00,98122.00,47.61,-122.31,1810.00,1770.00
666000143.00,20141229T000000,785000.00,3.00,3.00,1950.00,1983.00,3.00,0.00,0.00,3.00,9.00,1610.00,340.00,2009.00,0.00,98004.00,47.61,-122.20,2040.00,2131.00
3343903611.00,20150323T000000,615000.00,5.00,3.25,3090.00,7069.00,2.00,0.00,0.00,3.00,9.00,3090.00,0.00,2012.00,0.00,98056.00,47.51,-122.20,2480.00,8000.00
1760650950.00,20150423T000000,309000.00,3.00,2.50,1950.00,3825.00,2.00,0.00,0.00,3.00,7.00,1950.00,0.00,2013.00,0.00,98042.00,47.36,-122.08,1950.00,3825.00
5100403818.00,20150220T000000,369500.00,3.00,2.00,1108.00,1128.00,3.00,0.00,0.00,3.00,7.00,1108.00,0.00,2009.00,0.00,98115.00,47.70,-122.32,1285.00,1253.00
2325400170.00,20150211T000000,391000.00,4.00,2.25,2190.00,3850.00,2.00,0.00,0.00,3.00,7.00,2190.00,0.00,2006.00,0.00,98059.00,47.49,-122.16,2190.00,3980.00
5700000446.00,20141029T000000,465000.00,3.00,1.75,1590.00,1322.00,2.00,0.00,0.00,3.00,8.00,1060.00,530.00,2014.00,0.00,98144.00,47.58,-122.29,1530.00,5400.00
9492500010.00,20140606T000000,879950.00,4.00,2.75,3010.00,7215.00,2.00,0.00,0.00,3.00,9.00,3010.00,0.00,2014.00,0.00,98033.00,47.70,-122.18,3010.00,7215.00
2461900446.00,20141023T000000,372000.00,3.00,2.00,1330.00,1042.00,2.00,0.00,0.00,3.00,8.00,1060.00,270.00,2014.00,0.00,98136.00,47.55,-122.38,1440.00,2428.00
8669160170.00,20140522T000000,259000.00,3.00,2.50,1550.00,3569.00,2.00,0.00,0.00,3.00,7.00,1550.00,0.00,2011.00,0.00,98002.00,47.35,-122.21,2095.00,3402.00
3644100101.00,20140707T000000,374000.00,2.00,1.50,1260.00,1575.00,2.00,0.00,0.00,3.00,7.00,1260.00,0.00,2001.00,0.00,98144.00,47.59,-122.30,1220.00,1740.00
7852090680.00,20150305T000000,561000.00,4.00,2.50,2550.00,5395.00,2.00,0.00,0.00,3.00,8.00,2550.00,0.00,2001.00,0.00,98065.00,47.54,-121.87,2850.00,6109.00
5693501028.00,20150403T000000,610000.00,3.00,2.50,1300.00,1331.00,3.00,0.00,0.00,3.00,8.00,1300.00,0.00,2007.00,0.00,98103.00,47.66,-122.35,1450.00,5270.00
3629700080.00,20150108T000000,635000.00,3.00,3.00,2230.00,1407.00,2.50,0.00,0.00,3.00,8.00,1850.00,380.00,2014.00,0.00,98027.00,47.54,-122.02,2290.00,1407.00
3278600680.00,20140627T000000,235000.00,1.00,1.50,1170.00,1456.00,2.00,0.00,0.00,3.00,8.00,1070.00,100.00,2007.00,0.00,98126.00,47.55,-122.37,1360.00,1730.00
2738640470.00,20140716T000000,623300.00,4.00,3.50,4170.00,4524.00,2.00,0.00,0.00,3.00,9.00,3500.00,670.00,2007.00,0.00,98072.00,47.77,-122.16,3510.00,5001.00
7853320950.00,20141023T000000,412500.00,3.00,2.00,1680.00,5246.00,1.00,0.00,0.00,3.00,7.00,1680.00,0.00,2007.00,0.00,98065.00,47.52,-121.87,2430.00,6883.00
5635100050.00,20141121T000000,380000.00,4.00,3.25,2864.00,8035.00,3.00,0.00,0.00,3.00,8.00,2864.00,0.00,2014.00,0.00,98030.00,47.37,-122.19,2419.00,8984.00
3629990280.00,20140623T000000,497000.00,3.00,2.25,1630.00,3817.00,2.00,0.00,0.00,3.00,7.00,1630.00,0.00,2005.00,0.00,98029.00,47.55,-122.00,1630.00,3348.00
6306800020.00,20141111T000000,452000.00,4.00,2.50,2716.00,7850.00,2.00,0.00,0.00,3.00,9.00,2716.00,0.00,2014.00,0.00,98030.00,47.35,-122.20,2580.00,14448.00
7697000170.00,20141025T000000,312000.00,3.00,2.50,1750.00,4076.00,2.00,0.00,0.00,3.00,7.00,1750.00,0.00,2013.00,0.00,98038.00,47.36,-122.05,1810.00,4090.00
5057100080.00,20140919T000000,469950.00,5.00,3.00,3223.00,6371.00,2.00,0.00,0.00,3.00,9.00,3223.00,0.00,2014.00,0.00,98042.00,47.36,-122.16,1979.00,19030.00
5276200020.00,20140805T000000,775000.00,5.00,2.50,2600.00,4284.00,2.00,0.00,0.00,3.00,9.00,2600.00,0.00,2014.00,0.00,98136.00,47.54,-122.39,1620.00,5000.00
5727500006.00,20150427T000000,679990.00,4.00,2.75,3320.00,8653.00,2.00,0.00,0.00,3.00,8.00,3320.00,0.00,2014.00,0.00,98133.00,47.75,-122.33,2140.00,8727.00
9268850130.00,20140627T000000,288790.00,4.00,2.00,1350.00,942.00,3.00,0.00,0.00,3.00,7.00,1350.00,0.00,2008.00,0.00,98027.00,47.54,-122.03,1390.00,942.00
9293000170.00,20150408T000000,800000.00,5.00,2.50,3410.00,4726.00,2.00,0.00,0.00,3.00,9.00,3410.00,0.00,2007.00,0.00,98006.00,47.55,-122.18,2810.00,5129.00
7299601870.00,20150427T000000,299000.00,3.00,2.50,1572.00,4000.00,2.00,0.00,0.00,3.00,8.00,1572.00,0.00,2013.00,0.00,98092.00,47.26,-122.20,1608.00,5175.00
1760650500.00,20150129T000000,332000.00,4.00,2.50,2300.00,4482.00,2.00,0.00,0.00,3.00,7.00,2300.00,0.00,2013.00,0.00,98042.00,47.36,-122.08,2300.00,3825.00
7174800094.00,20150420T000000,525000.00,1.00,1.50,1030.00,5923.00,1.00,0.00,0.00,3.00,8.00,1030.00,0.00,1940.00,0.00,98105.00,47.67,-122.31,2650.00,5000.00
6909200007.00,20140903T000000,620000.00,3.00,1.75,1458.00,858.00,2.00,0.00,0.00,3.00,8.00,950.00,508.00,2014.00,0.00,98144.00,47.59,-122.29,1458.00,3000.00
7853321150.00,20141103T000000,452000.00,4.00,2.50,2190.00,6896.00,2.00,0.00,0.00,3.00,7.00,2190.00,0.00,2007.00,0.00,98065.00,47.52,-121.87,2190.00,5900.00
1105000402.00,20141028T000000,630000.00,4.00,3.00,3640.00,5096.00,2.00,0.00,0.00,3.00,8.00,2740.00,900.00,2010.00,0.00,98118.00,47.54,-122.27,1910.00,9189.00
1442870420.00,20140724T000000,485000.00,4.00,2.75,2790.00,7803.00,2.00,0.00,0.00,3.00,8.00,2790.00,0.00,2013.00,0.00,98045.00,47.48,-121.77,2620.00,6178.00
3682000050.00,20141013T000000,349950.00,4.00,2.50,2632.00,4117.00,2.00,0.00,0.00,3.00,8.00,2632.00,0.00,2013.00,0.00,98001.00,47.34,-122.28,2040.00,5195.00
1442880080.00,20140701T000000,499990.00,4.00,2.75,2910.00,6334.00,2.00,0.00,0.00,3.00,8.00,2910.00,0.00,2013.00,0.00,98045.00,47.48,-121.77,2790.00,6352.00
7169500020.00,20141205T000000,510000.00,2.00,2.25,1470.00,1101.00,2.00,0.00,0.00,3.00,8.00,1340.00,130.00,2005.00,0.00,98115.00,47.68,-122.30,1470.00,1582.00
2911700010.00,20150303T000000,1080000.00,3.00,2.50,2240.00,21477.00,2.00,0.00,2.00,3.00,8.00,2240.00,0.00,1995.00,0.00,98006.00,47.57,-122.18,2930.00,21569.00
9578060470.00,20140508T000000,494000.00,3.00,2.50,2310.00,4729.00,2.00,0.00,0.00,3.00,8.00,2310.00,0.00,2011.00,0.00,98028.00,47.77,-122.24,2440.00,4711.00
1776460190.00,20140626T000000,429900.00,3.00,2.50,2370.00,5353.00,2.00,0.00,0.00,3.00,8.00,2370.00,0.00,2009.00,0.00,98019.00,47.73,-121.98,2130.00,6850.00
3449500050.00,20141015T000000,505000.00,4.00,2.75,2980.00,9825.00,1.00,0.00,0.00,3.00,8.00,1910.00,1070.00,2007.00,0.00,98056.00,47.51,-122.17,2580.00,12231.00
2309710130.00,20140715T000000,272000.00,4.00,2.00,1870.00,6551.00,1.00,0.00,3.00,3.00,7.00,1870.00,0.00,2009.00,0.00,98022.00,47.19,-121.98,2280.00,5331.00
1972201511.00,20150210T000000,671500.00,3.00,2.50,1770.00,1714.00,3.00,0.00,0.00,3.00,8.00,1770.00,0.00,2012.00,0.00,98103.00,47.65,-122.35,1720.00,3360.00
7852120050.00,20150311T000000,729950.00,4.00,3.50,3510.00,10010.00,2.00,0.00,0.00,3.00,10.00,3510.00,0.00,2001.00,0.00,98065.00,47.54,-121.88,4200.00,9935.00
3814900660.00,20140721T000000,471835.00,4.00,2.50,3281.00,5354.00,2.00,0.00,0.00,3.00,9.00,3281.00,0.00,2014.00,0.00,98092.00,47.33,-122.16,2598.00,4815.00
8141310080.00,20141103T000000,249950.00,3.00,2.00,1670.00,4438.00,1.00,0.00,0.00,3.00,7.00,1670.00,0.00,2014.00,0.00,98022.00,47.19,-121.97,1670.00,4558.00
7207900050.00,20140808T000000,424950.00,5.00,3.50,2760.00,3846.00,2.50,0.00,0.00,3.00,8.00,2760.00,0.00,2013.00,0.00,98056.00,47.50,-122.17,2760.00,4587.00
2424059163.00,20140709T000000,1240000.00,5.00,3.50,5430.00,10327.00,2.00,0.00,2.00,3.00,10.00,4010.00,1420.00,2007.00,0.00,98006.00,47.55,-122.12,4340.00,10324.00
2140950130.00,20140911T000000,440000.00,4.00,2.50,2990.00,7928.00,2.00,0.00,0.00,3.00,9.00,2990.00,0.00,2011.00,0.00,98010.00,47.31,-122.02,2810.00,7401.00
1776230190.00,20150408T000000,495000.00,4.00,3.50,3170.00,3858.00,2.00,0.00,0.00,3.00,8.00,2530.00,640.00,2008.00,0.00,98059.00,47.50,-122.16,2640.00,3844.00
3524039224.00,20140513T000000,870000.00,4.00,2.50,3520.00,6773.00,2.50,0.00,0.00,3.00,9.00,2650.00,870.00,2006.00,0.00,98136.00,47.53,-122.39,2930.00,6458.00
5694500840.00,20141125T000000,559000.00,2.00,3.00,1650.00,960.00,3.00,0.00,0.00,3.00,8.00,1350.00,300.00,2015.00,0.00,98103.00,47.66,-122.35,1650.00,3000.00
4014400381.00,20140507T000000,495000.00,4.00,2.75,2656.00,21195.00,2.00,0.00,0.00,3.00,9.00,2656.00,0.00,2014.00,0.00,98001.00,47.32,-122.27,1860.00,16510.00
2838000130.00,20150213T000000,722000.00,3.00,2.50,2230.00,4850.00,2.00,0.00,0.00,3.00,8.00,2230.00,0.00,2014.00,0.00,98133.00,47.73,-122.33,2230.00,4513.00
8562770430.00,20140702T000000,567500.00,3.00,2.50,2280.00,2502.00,2.00,0.00,0.00,3.00,8.00,1880.00,400.00,2006.00,0.00,98027.00,47.54,-122.07,2280.00,2812.00
1402970020.00,20141217T000000,440000.00,4.00,2.50,2798.00,5085.00,2.00,0.00,0.00,3.00,9.00,2798.00,0.00,2011.00,0.00,98092.00,47.33,-122.19,2502.00,5707.00
3943600020.00,20140829T000000,400000.00,4.00,2.50,2398.00,5988.00,2.00,0.00,0.00,3.00,8.00,2398.00,0.00,2008.00,0.00,98055.00,47.45,-122.20,2370.00,5988.00
1438000430.00,20141006T000000,459995.00,4.00,2.50,2350.00,3760.00,2.00,0.00,0.00,3.00,8.00,2350.00,0.00,2014.00,0.00,98059.00,47.48,-122.12,2590.00,4136.00
1601600167.00,20140507T000000,365000.00,5.00,2.75,2410.00,5003.00,1.00,0.00,0.00,3.00,7.00,1410.00,1000.00,2008.00,0.00,98118.00,47.53,-122.27,1590.00,5003.00
1773100541.00,20150417T000000,389950.00,3.00,2.25,1580.00,920.00,3.00,0.00,0.00,3.00,8.00,1580.00,0.00,2015.00,0.00,98106.00,47.56,-122.36,1250.00,1150.00
1773100924.00,20140708T000000,320000.00,3.00,3.25,1450.00,1387.00,2.00,0.00,0.00,3.00,8.00,1180.00,270.00,2013.00,0.00,98106.00,47.56,-122.36,1450.00,1198.00
982850080.00,20140613T000000,415500.00,4.00,2.50,1750.00,4779.00,2.00,0.00,0.00,3.00,7.00,1750.00,0.00,2009.00,0.00,98028.00,47.76,-122.23,1580.00,4687.00
7628700050.00,20150309T000000,775000.00,3.00,2.50,3020.00,4120.00,2.00,0.00,0.00,3.00,9.00,2360.00,660.00,2008.00,0.00,98126.00,47.57,-122.37,2280.00,4120.00
8673400020.00,20150311T000000,590000.00,3.00,3.00,1740.00,1100.00,3.00,0.00,0.00,3.00,8.00,1740.00,0.00,2007.00,0.00,98107.00,47.67,-122.39,1370.00,1180.00
8725950170.00,20150123T000000,950000.00,2.00,2.25,2200.00,2043.00,2.00,0.00,0.00,3.00,9.00,1760.00,440.00,2007.00,0.00,98004.00,47.62,-122.20,2020.00,1957.00
6306800080.00,20140806T000000,378950.00,4.00,2.50,1867.00,15314.00,2.00,0.00,0.00,3.00,9.00,1867.00,0.00,2013.00,0.00,98030.00,47.35,-122.20,2616.00,8048.00
3362401763.00,20140508T000000,441750.00,2.00,1.50,1020.00,1060.00,3.00,0.00,0.00,3.00,8.00,1020.00,0.00,2008.00,0.00,98103.00,47.68,-122.35,1340.00,1415.00
301401630.00,20141031T000000,335900.00,4.00,2.75,2475.00,4000.00,2.00,0.00,0.00,3.00,7.00,2475.00,0.00,2014.00,0.00,98002.00,47.35,-122.21,2475.00,4000.00
6056110780.00,20140627T000000,229800.00,2.00,1.75,1110.00,1773.00,2.00,0.00,0.00,3.00,8.00,1110.00,0.00,2014.00,0.00,98108.00,47.56,-122.29,1420.00,2855.00
6819100352.00,20150310T000000,645000.00,3.00,2.50,1900.00,1258.00,2.50,0.00,0.00,3.00,7.00,1700.00,200.00,2007.00,0.00,98119.00,47.65,-122.36,1780.00,1877.00
9297302031.00,20150423T000000,448000.00,3.00,3.25,1560.00,1345.00,2.00,0.00,0.00,3.00,8.00,1260.00,300.00,2009.00,0.00,98126.00,47.56,-122.38,1560.00,4800.00
7203150080.00,20141216T000000,706000.00,4.00,2.50,2510.00,5436.00,2.00,0.00,0.00,3.00,8.00,2510.00,0.00,2011.00,0.00,98053.00,47.69,-122.02,2520.00,5436.00
2937300050.00,20150227T000000,988990.00,4.00,4.75,4150.00,6303.00,3.00,0.00,0.00,3.00,9.00,4150.00,0.00,2014.00,0.00,98052.00,47.70,-122.12,3570.00,6285.00
9521100029.00,20140716T000000,716000.00,3.00,3.00,1660.00,1849.00,3.00,0.00,0.00,3.00,9.00,1660.00,0.00,2013.00,0.00,98103.00,47.66,-122.35,1660.00,3300.00
832700170.00,20150421T000000,319000.00,2.00,1.50,1090.00,847.00,3.00,0.00,0.00,3.00,8.00,1090.00,0.00,2009.00,0.00,98133.00,47.72,-122.35,1090.00,1118.00
6817750440.00,20141014T000000,300000.00,4.00,2.50,1914.00,3272.00,2.00,0.00,0.00,3.00,8.00,1914.00,0.00,2009.00,0.00,98055.00,47.43,-122.19,1714.00,3250.00
123059127.00,20140502T000000,625000.00,4.00,3.25,2730.00,54014.00,1.00,0.00,0.00,3.00,9.00,1560.00,1170.00,2007.00,0.00,98059.00,47.51,-122.11,2730.00,111274.00
3630200430.00,20140514T000000,773000.00,3.00,2.75,2470.00,3600.00,2.00,0.00,0.00,3.00,9.00,2470.00,0.00,2007.00,0.00,98029.00,47.54,-121.99,2570.00,3600.00
3448740430.00,20140925T000000,392000.00,5.00,2.50,2340.00,5670.00,2.00,0.00,0.00,3.00,7.00,2340.00,0.00,2009.00,0.00,98059.00,47.49,-122.15,2190.00,4869.00
1438000190.00,20140911T000000,549995.00,4.00,3.50,2660.00,5690.00,2.00,0.00,0.00,3.00,8.00,1920.00,740.00,2014.00,0.00,98059.00,47.48,-122.12,2970.00,5690.00
7853320250.00,20140920T000000,480000.00,3.00,2.50,2410.00,4656.00,2.00,0.00,0.00,3.00,7.00,2410.00,0.00,2009.00,0.00,98065.00,47.52,-121.87,2410.00,4840.00
100300280.00,20141020T000000,355000.00,3.00,2.25,1430.00,4777.00,2.00,0.00,0.00,3.00,7.00,1430.00,0.00,2010.00,0.00,98059.00,47.49,-122.15,1639.00,3854.00
8862500280.00,20141230T000000,208400.00,2.00,2.50,1570.00,1268.00,3.00,0.00,0.00,3.00,7.00,1570.00,0.00,2007.00,0.00,98106.00,47.53,-122.37,1570.00,1300.00
1042700080.00,20140822T000000,831548.00,5.00,2.75,3010.00,4919.00,2.00,0.00,0.00,3.00,9.00,3010.00,0.00,2014.00,0.00,98074.00,47.61,-122.05,3230.00,5415.00
4051150080.00,20141117T000000,279500.00,4.00,2.50,1613.00,4338.00,2.00,0.00,0.00,3.00,7.00,1613.00,0.00,2009.00,0.00,98042.00,47.39,-122.16,1427.00,4341.00
5592200010.00,20150227T000000,445000.00,3.00,2.50,2380.00,5269.00,2.00,0.00,0.00,3.00,8.00,2380.00,0.00,2008.00,0.00,98056.00,47.51,-122.19,2150.00,7600.00
7787920080.00,20140616T000000,492500.00,5.00,2.50,2570.00,9962.00,2.00,0.00,0.00,3.00,8.00,2570.00,0.00,2006.00,0.00,98019.00,47.73,-121.96,2890.00,9075.00
3448740190.00,20140709T000000,435000.00,4.00,2.50,2550.00,5200.00,2.00,0.00,0.00,3.00,7.00,2550.00,0.00,2009.00,0.00,98059.00,47.49,-122.15,2550.00,4660.00
8822900122.00,20150512T000000,325000.00,3.00,2.25,1330.00,969.00,3.00,0.00,0.00,3.00,7.00,1330.00,0.00,2007.00,0.00,98125.00,47.72,-122.29,1310.00,1941.00
4083300098.00,20141117T000000,453000.00,2.00,1.50,1160.00,1269.00,2.00,0.00,0.00,3.00,7.00,970.00,190.00,2005.00,0.00,98103.00,47.66,-122.34,1700.00,3150.00
1438000170.00,20140822T000000,612995.00,5.00,3.50,3240.00,6919.00,2.00,0.00,0.00,3.00,8.00,2760.00,480.00,2014.00,0.00,98059.00,47.48,-122.12,2970.00,5690.00
7853360480.00,20140904T000000,540000.00,4.00,2.50,2710.00,9248.00,2.00,0.00,0.00,3.00,7.00,2710.00,0.00,2011.00,0.00,98065.00,47.52,-121.88,2710.00,5000.00
522059130.00,20150429T000000,465000.00,3.00,1.00,1150.00,18200.00,1.00,0.00,0.00,5.00,7.00,1150.00,0.00,1959.00,0.00,98058.00,47.43,-122.19,1714.00,18200.00
4385700185.00,20140812T000000,799950.00,3.00,2.25,1860.00,1386.00,3.00,0.00,0.00,3.00,9.00,1860.00,0.00,2014.00,0.00,98112.00,47.64,-122.28,1680.00,3080.00
2768301476.00,20141124T000000,495000.00,3.00,2.25,1280.00,1517.00,2.00,0.00,0.00,3.00,8.00,1080.00,200.00,2008.00,0.00,98107.00,47.67,-122.37,1280.00,1681.00
1862400541.00,20150228T000000,579950.00,3.00,2.50,1810.00,1585.00,3.00,0.00,0.00,3.00,7.00,1810.00,0.00,2014.00,0.00,98117.00,47.70,-122.38,1560.00,1586.00
8562780280.00,20150220T000000,331000.00,2.00,2.25,1240.00,720.00,2.00,0.00,0.00,3.00,7.00,1150.00,90.00,2008.00,0.00,98027.00,47.53,-122.07,1260.00,810.00
9528101061.00,20140825T000000,580000.00,4.00,3.50,1460.00,951.00,3.00,0.00,0.00,3.00,8.00,1460.00,0.00,2008.00,0.00,98115.00,47.68,-122.33,1430.00,1282.00
6056110460.00,20150414T000000,669000.00,2.00,2.50,1640.00,1953.00,2.00,0.00,0.00,3.00,10.00,1640.00,0.00,2014.00,0.00,98118.00,47.56,-122.29,1820.00,2653.00
2154970020.00,20140703T000000,2351960.00,4.00,4.25,5010.00,19412.00,2.00,0.00,1.00,3.00,11.00,4000.00,1010.00,2014.00,0.00,98040.00,47.55,-122.21,3820.00,17064.00
5694500497.00,20150116T000000,539900.00,3.00,3.25,1300.00,1325.00,2.00,0.00,0.00,3.00,8.00,1080.00,220.00,2005.00,0.00,98103.00,47.66,-122.35,1290.00,1323.00
7708200670.00,20140723T000000,490000.00,4.00,2.50,2510.00,4349.00,2.00,0.00,0.00,3.00,8.00,2510.00,0.00,2010.00,0.00,98059.00,47.49,-122.15,2510.00,4314.00
8562770050.00,20140527T000000,627000.00,3.00,3.50,2710.00,3475.00,2.00,0.00,0.00,3.00,8.00,1650.00,1060.00,2005.00,0.00,98027.00,47.54,-122.07,2440.00,2867.00
1441000470.00,20140728T000000,458000.00,4.00,3.50,3217.00,4000.00,2.00,0.00,0.00,3.00,8.00,2587.00,630.00,2008.00,0.00,98055.00,47.45,-122.20,2996.00,5418.00
6056100293.00,20141110T000000,440000.00,3.00,2.50,1650.00,4929.00,2.00,0.00,0.00,3.00,7.00,1520.00,130.00,2007.00,0.00,98108.00,47.56,-122.30,1520.00,2287.00
6600000050.00,20150310T000000,1698000.00,4.00,3.50,3950.00,6240.00,2.00,0.00,0.00,3.00,11.00,3950.00,0.00,2015.00,0.00,98112.00,47.62,-122.29,2040.00,6240.00
1732800199.00,20150511T000000,935000.00,2.00,2.50,1680.00,977.00,3.00,0.00,0.00,3.00,9.00,1680.00,0.00,2009.00,0.00,98119.00,47.63,-122.36,1680.00,977.00
7853360470.00,20150417T000000,641000.00,5.00,3.50,3420.00,6403.00,2.00,0.00,2.00,3.00,8.00,2700.00,720.00,2013.00,0.00,98065.00,47.52,-121.87,2710.00,6038.00
3438501583.00,20140911T000000,452000.00,3.00,2.75,2300.00,5090.00,2.00,0.00,0.00,3.00,8.00,1700.00,600.00,2007.00,0.00,98106.00,47.55,-122.36,1530.00,9100.00
7853370250.00,20141223T000000,625000.00,4.00,2.75,3010.00,6854.00,2.00,0.00,2.00,3.00,9.00,2570.00,440.00,2012.00,0.00,98065.00,47.52,-121.88,1830.00,2952.00
2387600010.00,20150303T000000,1350000.00,4.00,3.50,4680.00,12495.00,2.00,0.00,0.00,3.00,10.00,3040.00,1640.00,2008.00,0.00,98033.00,47.70,-122.21,3240.00,10749.00
8946780080.00,20140908T000000,834950.00,5.00,3.50,3630.00,4911.00,2.00,0.00,0.00,3.00,9.00,2790.00,840.00,2014.00,0.00,98034.00,47.72,-122.16,3600.00,4992.00
9402800005.00,20141028T000000,1500000.00,3.00,3.50,3530.00,3610.00,2.00,0.00,0.00,3.00,10.00,2370.00,1160.00,2008.00,0.00,98103.00,47.69,-122.34,1780.00,3610.00
5422950080.00,20140825T000000,305000.00,4.00,2.50,2280.00,3800.00,2.00,0.00,0.00,3.00,7.00,2280.00,0.00,2006.00,0.00,98038.00,47.36,-122.04,2630.00,4045.00
2826079027.00,20141112T000000,659000.00,3.00,2.50,3090.00,384634.00,2.00,0.00,0.00,3.00,8.00,3090.00,0.00,2007.00,0.00,98019.00,47.71,-121.93,2200.00,292645.00
6003000851.00,20140522T000000,353000.00,1.00,1.00,550.00,1279.00,2.00,0.00,0.00,3.00,7.00,550.00,0.00,2008.00,0.00,98122.00,47.62,-122.31,1460.00,1385.00
7394400080.00,20150304T000000,535000.00,4.00,3.25,2840.00,4000.00,2.00,0.00,3.00,3.00,9.00,2330.00,510.00,2014.00,0.00,98108.00,47.55,-122.29,2160.00,4867.00
1238501184.00,20140708T000000,999000.00,4.00,2.50,3130.00,10849.00,2.00,0.00,0.00,3.00,10.00,3130.00,0.00,2013.00,0.00,98033.00,47.68,-122.19,2470.00,9131.00
263000009.00,20150129T000000,375000.00,3.00,2.50,1440.00,1102.00,3.00,0.00,0.00,3.00,8.00,1440.00,0.00,2009.00,0.00,98103.00,47.70,-122.35,1440.00,1434.00
5101408889.00,20140616T000000,685000.00,4.00,3.50,2840.00,4637.00,3.00,0.00,0.00,3.00,8.00,2840.00,0.00,2008.00,0.00,98125.00,47.70,-122.32,1730.00,5279.00
7299601410.00,20140808T000000,333000.00,4.00,2.50,2623.00,7184.00,2.00,0.00,0.00,3.00,8.00,2623.00,0.00,2012.00,0.00,98092.00,47.26,-122.20,2010.00,4939.00
9266700190.00,20150511T000000,245000.00,1.00,1.00,390.00,2000.00,1.00,0.00,0.00,4.00,6.00,390.00,0.00,1920.00,0.00,98103.00,47.69,-122.35,1340.00,5100.00
2424059174.00,20150508T000000,1999950.00,4.00,3.25,5640.00,35006.00,2.00,0.00,2.00,3.00,11.00,4900.00,740.00,2015.00,0.00,98006.00,47.55,-122.10,4920.00,35033.00
8562780290.00,20141015T000000,329950.00,2.00,2.25,1260.00,1032.00,2.00,0.00,0.00,3.00,7.00,1170.00,90.00,2008.00,0.00,98027.00,47.53,-122.07,1240.00,809.00
5100400244.00,20150420T000000,403000.00,2.00,1.00,894.00,1552.00,2.00,0.00,0.00,3.00,7.00,894.00,0.00,2011.00,0.00,98115.00,47.69,-122.31,1131.00,1992.00
3744000130.00,20141111T000000,559630.00,4.00,2.50,3370.00,4934.00,2.00,0.00,0.00,3.00,9.00,3370.00,0.00,2014.00,0.00,98038.00,47.36,-122.02,2980.00,5046.00
993001976.00,20140818T000000,344000.00,3.00,2.25,1250.00,871.00,3.00,0.00,0.00,3.00,8.00,1250.00,0.00,2007.00,0.00,98103.00,47.69,-122.34,1250.00,1158.00
525049174.00,20150402T000000,435000.00,3.00,1.50,1180.00,1231.00,3.00,0.00,0.00,3.00,7.00,1180.00,0.00,2008.00,0.00,98115.00,47.68,-122.32,1280.00,3360.00
5393600562.00,20140522T000000,430000.00,2.00,2.50,1520.00,1588.00,2.00,0.00,0.00,3.00,8.00,1240.00,280.00,2007.00,0.00,98144.00,47.58,-122.31,1660.00,6000.00
4187000190.00,20141117T000000,417000.00,3.00,2.50,2000.00,4500.00,2.00,0.00,0.00,3.00,7.00,2000.00,0.00,2010.00,0.00,98059.00,47.49,-122.15,2230.00,4501.00
2862500190.00,20150409T000000,895950.00,5.00,2.75,3180.00,9255.00,2.00,0.00,0.00,3.00,9.00,3180.00,0.00,2014.00,0.00,98074.00,47.62,-122.02,3180.00,7782.00
5045700470.00,20150319T000000,563950.00,4.00,2.75,3050.00,4750.00,2.00,0.00,0.00,3.00,8.00,3050.00,0.00,2014.00,0.00,98059.00,47.49,-122.15,2730.00,5480.00
2924079034.00,20140925T000000,332220.00,3.00,1.50,2580.00,47480.00,1.00,0.00,0.00,3.00,7.00,1360.00,1220.00,1953.00,0.00,98024.00,47.53,-121.93,1760.00,48181.00
8835770170.00,20140822T000000,1488000.00,5.00,6.00,6880.00,279968.00,2.00,0.00,3.00,3.00,12.00,4070.00,2810.00,2007.00,0.00,98045.00,47.46,-121.78,4690.00,256803.00
3630200480.00,20140612T000000,680000.00,3.00,2.50,2570.00,3600.00,2.50,0.00,0.00,3.00,9.00,2570.00,0.00,2007.00,0.00,98027.00,47.54,-121.99,2570.00,3600.00
8562790080.00,20150209T000000,825750.00,4.00,3.50,2950.00,3737.00,2.00,0.00,0.00,3.00,10.00,2270.00,680.00,2012.00,0.00,98027.00,47.53,-122.07,2580.00,3581.00
8165500780.00,20141209T000000,338000.00,3.00,2.50,1690.00,1760.00,2.00,0.00,0.00,3.00,8.00,1410.00,280.00,2014.00,0.00,98106.00,47.54,-122.37,1740.00,1760.00
1442870050.00,20140718T000000,535365.00,4.00,2.75,2790.00,6969.00,2.00,0.00,0.00,3.00,8.00,2790.00,0.00,2012.00,0.00,98045.00,47.48,-121.77,2620.00,6307.00
1704900303.00,20141211T000000,608000.00,3.00,2.25,1720.00,5234.00,2.00,0.00,0.00,3.00,9.00,1240.00,480.00,2011.00,0.00,98118.00,47.55,-122.28,1720.00,5825.00
6132600655.00,20141016T000000,930000.00,3.00,2.25,2890.00,5000.00,3.00,0.00,0.00,3.00,9.00,2890.00,0.00,2014.00,0.00,98117.00,47.70,-122.39,2020.00,5000.00
3421069049.00,20141021T000000,565000.00,2.00,1.75,1130.00,276170.00,1.00,0.00,0.00,3.00,8.00,1130.00,0.00,2006.00,0.00,98022.00,47.27,-122.03,2092.00,217800.00
7169500130.00,20141219T000000,495000.00,2.00,2.25,1460.00,1623.00,2.00,0.00,0.00,3.00,8.00,1260.00,200.00,2005.00,0.00,98115.00,47.68,-122.30,1460.00,1137.00
8732900840.00,20140722T000000,667000.00,3.00,2.50,2510.00,3819.00,2.00,0.00,0.00,3.00,8.00,2510.00,0.00,2007.00,0.00,98052.00,47.70,-122.10,2520.00,3990.00
5379803372.00,20141112T000000,495000.00,4.00,2.50,3390.00,7870.00,2.00,0.00,0.00,3.00,8.00,3390.00,0.00,2014.00,0.00,98188.00,47.45,-122.27,1960.00,10069.00
2937300430.00,20140929T000000,928990.00,4.00,2.50,3570.00,6054.00,2.00,0.00,0.00,3.00,9.00,3570.00,0.00,2014.00,0.00,98052.00,47.71,-122.13,3600.00,6050.00
5422950020.00,20140630T000000,345000.00,4.00,2.50,2280.00,5000.00,2.00,0.00,0.00,3.00,7.00,2280.00,0.00,2006.00,0.00,98038.00,47.36,-122.04,2910.00,5000.00
3797001702.00,20141216T000000,1065000.00,5.00,3.50,2920.00,3000.00,2.00,0.00,0.00,3.00,9.00,2260.00,660.00,2014.00,0.00,98103.00,47.68,-122.35,1580.00,4000.00
1438000130.00,20140703T000000,519995.00,4.00,3.00,2590.00,6160.00,2.00,0.00,0.00,3.00,8.00,2590.00,0.00,2014.00,0.00,98059.00,47.48,-122.12,2670.00,5600.00
1853080130.00,20141105T000000,924000.00,5.00,2.75,3210.00,8001.00,2.00,0.00,0.00,3.00,9.00,3210.00,0.00,2014.00,0.00,98074.00,47.59,-122.06,3190.00,6624.00
741500010.00,20150424T000000,295000.00,3.00,2.00,1230.00,3405.00,1.00,0.00,0.00,3.00,7.00,1230.00,0.00,2010.00,0.00,98058.00,47.44,-122.18,1440.00,4066.00
3123089027.00,20140721T000000,472000.00,3.00,2.50,3800.00,104979.00,2.00,0.00,0.00,3.00,8.00,3210.00,590.00,2005.00,0.00,98045.00,47.43,-121.84,2040.00,109771.00
3630080190.00,20140801T000000,405000.00,3.00,2.50,1500.00,2314.00,2.00,0.00,0.00,3.00,7.00,1500.00,0.00,2005.00,0.00,98029.00,47.55,-122.00,1440.00,2170.00
3782760080.00,20140718T000000,410000.00,4.00,2.25,2510.00,4090.00,2.00,0.00,0.00,3.00,8.00,1840.00,670.00,2012.00,0.00,98019.00,47.73,-121.97,2070.00,4090.00
8024200684.00,20141125T000000,419500.00,3.00,1.50,1400.00,1091.00,3.00,0.00,0.00,3.00,8.00,1400.00,0.00,2007.00,0.00,98115.00,47.70,-122.32,1270.00,1413.00
982850020.00,20140903T000000,382000.00,3.00,2.25,1450.00,4667.00,2.00,0.00,0.00,3.00,7.00,1450.00,0.00,2009.00,0.00,98028.00,47.76,-122.23,1490.00,4667.00
5649600462.00,20150224T000000,370000.00,2.00,2.50,1390.00,1821.00,2.00,0.00,0.00,3.00,7.00,1180.00,210.00,2007.00,0.00,98118.00,47.55,-122.28,1350.00,1821.00
3449820430.00,20141006T000000,553000.00,3.00,2.75,3160.00,9072.00,2.00,0.00,0.00,3.00,9.00,3160.00,0.00,2005.00,0.00,98056.00,47.51,-122.18,3160.00,9072.00
9533100285.00,20140630T000000,2065000.00,4.00,3.75,4350.00,7965.00,2.00,0.00,0.00,3.00,10.00,4350.00,0.00,2013.00,0.00,98004.00,47.63,-122.21,2190.00,8557.00
923059259.00,20150401T000000,455950.00,4.00,2.50,2720.00,5771.00,2.00,0.00,0.00,3.00,8.00,2720.00,0.00,2015.00,0.00,98056.00,47.49,-122.17,1940.00,4184.00
6431000748.00,20141027T000000,331000.00,3.00,3.25,1290.00,1153.00,3.00,0.00,0.00,3.00,7.00,1290.00,0.00,2008.00,0.00,98103.00,47.69,-122.35,1290.00,1200.00
3753000010.00,20140507T000000,417250.00,3.00,2.25,1606.00,1452.00,3.00,0.00,0.00,3.00,8.00,1606.00,0.00,2009.00,0.00,98125.00,47.72,-122.28,1516.00,1939.00
6169901185.00,20140520T000000,490000.00,5.00,3.50,4460.00,2975.00,3.00,0.00,2.00,3.00,10.00,3280.00,1180.00,2015.00,0.00,98119.00,47.63,-122.37,2490.00,4231.00
2309710150.00,20140804T000000,325000.00,4.00,3.25,2800.00,5291.00,2.00,0.00,0.00,3.00,7.00,2800.00,0.00,2011.00,0.00,98022.00,47.19,-121.98,2380.00,5291.00
1773600264.00,20150223T000000,705000.00,5.00,3.50,3250.00,4800.00,2.00,0.00,0.00,3.00,9.00,2410.00,840.00,2010.00,0.00,98106.00,47.56,-122.36,1330.00,4920.00
6061500100.00,20140717T000000,1174660.00,6.00,3.50,4310.00,7760.00,2.00,0.00,0.00,3.00,10.00,3260.00,1050.00,2013.00,0.00,98059.00,47.53,-122.16,4620.00,10217.00
1282300995.00,20150222T000000,365000.00,3.00,2.25,1310.00,915.00,2.00,0.00,0.00,3.00,7.00,1060.00,250.00,2007.00,0.00,98144.00,47.57,-122.29,1500.00,1215.00
597000593.00,20141117T000000,403000.00,2.00,1.50,1240.00,1101.00,2.00,0.00,0.00,3.00,8.00,1080.00,160.00,2009.00,0.00,98144.00,47.58,-122.31,1530.00,1209.00
7853321110.00,20140813T000000,409000.00,3.00,2.50,1950.00,7263.00,2.00,0.00,0.00,3.00,7.00,1950.00,0.00,2007.00,0.00,98065.00,47.52,-121.87,2190.00,5900.00
3278612450.00,20150407T000000,391000.00,3.00,2.50,1800.00,1120.00,2.00,0.00,0.00,3.00,8.00,1800.00,0.00,2011.00,0.00,98126.00,47.54,-122.37,1800.00,2380.00
1438000120.00,20140616T000000,542525.00,4.00,2.50,2650.00,5600.00,2.00,0.00,0.00,3.00,8.00,2650.00,0.00,2014.00,0.00,98059.00,47.48,-122.12,2650.00,5600.00
9521100301.00,20140507T000000,339950.00,2.00,1.00,820.00,681.00,3.00,0.00,0.00,3.00,8.00,820.00,0.00,2006.00,0.00,98103.00,47.66,-122.35,820.00,1156.00
1442870040.00,20140819T000000,499990.00,4.00,2.75,2620.00,7001.00,2.00,0.00,0.00,3.00,8.00,2620.00,0.00,2012.00,0.00,98045.00,47.48,-121.77,2620.00,6543.00
644000115.00,20140923T000000,1765000.00,4.00,3.25,3980.00,10249.00,2.00,0.00,0.00,3.00,10.00,3980.00,0.00,2011.00,0.00,98004.00,47.59,-122.20,2450.00,10912.00
6372000297.00,20150323T000000,608000.00,3.00,3.50,1660.00,2298.00,2.00,0.00,0.00,3.00,8.00,1260.00,400.00,2009.00,0.00,98116.00,47.58,-122.40,1500.00,2198.00
6600060150.00,20150312T000000,392000.00,4.00,2.50,2130.00,4028.00,2.00,0.00,0.00,3.00,8.00,2130.00,0.00,2014.00,0.00,98146.00,47.51,-122.36,1830.00,7817.00
774101755.00,20150417T000000,320000.00,3.00,1.75,1790.00,66250.00,1.50,0.00,0.00,3.00,7.00,1790.00,0.00,2003.00,0.00,98014.00,47.72,-121.40,1440.00,59346.00
2895800750.00,20150417T000000,274800.00,3.00,1.75,1410.00,1988.00,2.00,0.00,0.00,3.00,8.00,1410.00,0.00,2014.00,0.00,98106.00,47.52,-122.35,1410.00,1899.00
2424039029.00,20150427T000000,325000.00,3.00,2.25,1330.00,1198.00,2.00,0.00,0.00,3.00,8.00,1080.00,250.00,2007.00,0.00,98106.00,47.56,-122.36,1260.00,1062.00
3448740360.00,20150429T000000,418500.00,4.00,2.50,2190.00,4866.00,2.00,0.00,0.00,3.00,7.00,2190.00,0.00,2009.00,0.00,98059.00,47.49,-122.15,2190.00,5670.00
3832050580.00,20140502T000000,300000.00,3.00,2.50,2540.00,5050.00,2.00,0.00,0.00,3.00,7.00,2540.00,0.00,2006.00,0.00,98042.00,47.34,-122.06,2280.00,5050.00
3094000210.00,20150105T000000,269950.00,3.00,2.50,2244.00,4079.00,2.00,0.00,0.00,3.00,7.00,2244.00,0.00,2012.00,0.00,98001.00,47.26,-122.25,2077.00,4078.00
321030150.00,20150506T000000,358000.00,3.00,2.50,2026.00,7611.00,2.00,0.00,0.00,3.00,8.00,2026.00,0.00,2010.00,0.00,98042.00,47.37,-122.16,2270.00,7611.00
7694200090.00,20150504T000000,350000.00,3.00,2.50,1730.00,4086.00,2.00,0.00,0.00,3.00,8.00,1730.00,0.00,2013.00,0.00,98146.00,47.50,-122.34,2030.00,4086.00
3299710110.00,20140528T000000,782000.00,4.00,3.50,3910.00,8095.00,2.00,0.00,0.00,3.00,9.00,3130.00,780.00,2007.00,0.00,98029.00,47.56,-122.04,3770.00,7021.00
3879900754.00,20140915T000000,779000.00,3.00,2.50,1580.00,1487.00,3.00,0.00,1.00,3.00,9.00,1580.00,0.00,2009.00,0.00,98119.00,47.63,-122.36,1610.00,1297.00
8732900300.00,20141217T000000,685000.00,4.00,2.50,2510.00,3479.00,2.00,0.00,0.00,3.00,8.00,2510.00,0.00,2007.00,0.00,98052.00,47.70,-122.10,2540.00,4171.00
6021503698.00,20140529T000000,305000.00,2.00,2.25,1000.00,905.00,3.00,0.00,0.00,3.00,8.00,1000.00,0.00,2006.00,0.00,98117.00,47.68,-122.39,980.00,1023.00
3333000745.00,20150417T000000,350000.00,4.00,2.50,1660.00,2500.00,2.00,0.00,0.00,3.00,7.00,1660.00,0.00,2007.00,0.00,98118.00,47.54,-122.28,1030.00,5000.00
3630220220.00,20140923T000000,775000.00,4.00,3.50,3060.00,4573.00,2.00,0.00,0.00,3.00,9.00,2410.00,650.00,2012.00,0.00,98029.00,47.55,-122.00,3170.00,3634.00
9478500180.00,20140828T000000,317750.00,3.00,2.50,1980.00,4500.00,2.00,0.00,0.00,3.00,7.00,1980.00,0.00,2012.00,0.00,98042.00,47.37,-122.12,1980.00,4500.00
2771602427.00,20140508T000000,438000.00,2.00,1.00,980.00,1179.00,2.00,0.00,0.00,3.00,8.00,980.00,0.00,2010.00,0.00,98119.00,47.64,-122.38,1190.00,1600.00
1498301168.00,20140528T000000,325000.00,2.00,2.50,1050.00,1609.00,2.00,0.00,0.00,3.00,7.00,1050.00,0.00,2005.00,0.00,98144.00,47.59,-122.31,1120.00,1693.00
8562790580.00,20150428T000000,830000.00,4.00,3.25,3080.00,4287.00,2.00,0.00,0.00,3.00,10.00,2230.00,850.00,2012.00,0.00,98027.00,47.53,-122.08,2250.00,2520.00
2325400040.00,20140922T000000,353000.00,3.00,2.25,1900.00,3800.00,2.00,0.00,0.00,3.00,7.00,1900.00,0.00,2006.00,0.00,98059.00,47.49,-122.16,1950.00,3800.00
5045700330.00,20140725T000000,460000.00,4.00,2.50,2200.00,6400.00,2.00,0.00,0.00,3.00,8.00,2200.00,0.00,2010.00,0.00,98059.00,47.49,-122.16,2600.00,5870.00
3126049498.00,20150316T000000,370000.00,3.00,1.50,1360.00,1167.00,3.00,0.00,0.00,3.00,8.00,1360.00,0.00,2008.00,0.00,98103.00,47.70,-122.35,1360.00,1167.00
9578140360.00,20140619T000000,330000.00,3.00,2.50,2238.00,7209.00,2.00,0.00,0.00,3.00,8.00,2238.00,0.00,2011.00,0.00,98023.00,47.30,-122.35,2456.00,7212.00
3343901408.00,20150128T000000,569888.00,4.00,2.50,2590.00,6474.00,2.00,0.00,0.00,3.00,8.00,2590.00,0.00,2014.00,0.00,98056.00,47.52,-122.19,1960.00,8679.00
7859910110.00,20140918T000000,353900.00,3.00,2.50,2517.00,3900.00,2.00,0.00,0.00,3.00,8.00,2517.00,0.00,2014.00,0.00,98092.00,47.32,-122.18,2390.00,7108.00
7852120180.00,20150304T000000,695000.00,4.00,3.50,3510.00,9084.00,2.00,0.00,0.00,3.00,10.00,3510.00,0.00,2001.00,0.00,98065.00,47.54,-121.88,3690.00,9568.00
9268850180.00,20140718T000000,288790.00,3.00,1.75,1290.00,1237.00,2.00,0.00,0.00,3.00,7.00,1060.00,230.00,2008.00,0.00,98027.00,47.54,-122.03,1370.00,942.00
6031400092.00,20150213T000000,334950.00,5.00,3.00,2230.00,8642.00,1.00,0.00,0.00,3.00,7.00,1330.00,900.00,2014.00,0.00,98168.00,47.49,-122.32,2100.00,11056.00
1853080790.00,20141215T000000,869950.00,4.00,2.75,3140.00,7928.00,2.00,0.00,0.00,3.00,9.00,3140.00,0.00,2013.00,0.00,98074.00,47.59,-122.06,3500.00,7055.00
1624049291.00,20141008T000000,557500.00,3.00,3.50,3350.00,5025.00,2.00,0.00,2.00,3.00,8.00,2670.00,680.00,2014.00,0.00,98144.00,47.57,-122.30,2030.00,5117.00
7237450100.00,20140919T000000,389990.00,4.00,2.50,2245.00,4330.00,2.00,0.00,0.00,3.00,8.00,2245.00,0.00,2014.00,0.00,98038.00,47.36,-122.06,2530.00,4478.00
9521100214.00,20140604T000000,455000.00,3.00,1.75,1420.00,1189.00,3.00,0.00,0.00,3.00,8.00,1420.00,0.00,2006.00,0.00,98103.00,47.66,-122.35,1380.00,1196.00
5693501102.00,20141030T000000,598500.00,3.00,3.00,1560.00,2091.00,3.00,0.00,0.00,3.00,8.00,1560.00,0.00,2006.00,0.00,98103.00,47.66,-122.35,1530.00,2091.00
6891100590.00,20150302T000000,750000.00,4.00,2.75,2810.00,5497.00,2.00,0.00,0.00,3.00,9.00,2810.00,0.00,2011.00,0.00,98052.00,47.71,-122.12,2990.00,5842.00
2254501095.00,20141113T000000,729999.00,2.00,2.25,1630.00,1686.00,2.00,0.00,0.00,3.00,10.00,1330.00,300.00,2014.00,0.00,98122.00,47.61,-122.31,1570.00,2580.00
9478550110.00,20150303T000000,299950.00,3.00,2.50,1740.00,4497.00,2.00,0.00,0.00,3.00,7.00,1740.00,0.00,2012.00,0.00,98042.00,47.37,-122.12,1950.00,4486.00
993001961.00,20140709T000000,374950.00,3.00,2.25,1390.00,1484.00,3.00,0.00,0.00,3.00,8.00,1390.00,0.00,2007.00,0.00,98103.00,47.69,-122.34,1250.00,1087.00
9274200028.00,20150219T000000,386950.00,3.00,2.50,1070.00,1089.00,2.00,0.00,0.00,3.00,7.00,900.00,170.00,2009.00,0.00,98116.00,47.59,-122.39,1450.00,1437.00
7708200180.00,20140710T000000,535000.00,5.00,3.25,2850.00,4551.00,2.00,0.00,0.00,3.00,8.00,2370.00,480.00,2006.00,0.00,98059.00,47.49,-122.14,2850.00,4849.00
8691430330.00,20140831T000000,890000.00,5.00,3.25,4100.00,7578.00,2.00,0.00,2.00,3.00,10.00,4100.00,0.00,2011.00,0.00,98075.00,47.60,-121.97,3710.00,8156.00
8924100308.00,20150203T000000,1050000.00,4.00,2.50,3260.00,5974.00,2.00,0.00,1.00,3.00,9.00,2820.00,440.00,2007.00,0.00,98115.00,47.68,-122.27,2260.00,6780.00
1070000180.00,20141015T000000,1107460.00,4.00,3.50,3660.00,4760.00,2.00,0.00,0.00,3.00,9.00,2840.00,820.00,2014.00,0.00,98199.00,47.65,-122.41,3210.00,4640.00
1085623630.00,20141003T000000,436952.00,4.00,2.50,2708.00,4772.00,2.00,0.00,0.00,3.00,9.00,2708.00,0.00,2014.00,0.00,98092.00,47.34,-122.18,2502.00,4900.00
3278605550.00,20140609T000000,365000.00,3.00,2.50,1800.00,2700.00,2.00,0.00,0.00,3.00,8.00,1800.00,0.00,2011.00,0.00,98126.00,47.55,-122.37,1580.00,2036.00
1139000062.00,20140625T000000,288000.00,3.00,2.50,1150.00,887.00,3.00,0.00,0.00,3.00,7.00,1150.00,0.00,2007.00,0.00,98133.00,47.71,-122.36,1180.00,915.00
2838000180.00,20150220T000000,700000.00,3.00,2.50,2230.00,4006.00,2.00,0.00,0.00,3.00,8.00,2230.00,0.00,2014.00,0.00,98133.00,47.73,-122.34,2230.00,4180.00
2725079018.00,20140509T000000,800000.00,4.00,3.25,3540.00,159430.00,2.00,0.00,0.00,3.00,9.00,3540.00,0.00,2007.00,0.00,98014.00,47.63,-121.90,1940.00,392040.00
7104100110.00,20150511T000000,899000.00,4.00,3.50,2490.00,5500.00,2.00,0.00,0.00,3.00,9.00,1780.00,710.00,2015.00,0.00,98136.00,47.55,-122.39,1710.00,5500.00
259500230.00,20141218T000000,465750.00,3.00,2.50,2670.00,4534.00,2.00,0.00,0.00,3.00,9.00,2670.00,0.00,2007.00,0.00,98056.00,47.51,-122.18,3040.00,5079.00
9523100712.00,20140618T000000,485000.00,2.00,2.50,1430.00,923.00,3.00,0.00,0.00,3.00,8.00,1410.00,20.00,2008.00,0.00,98103.00,47.67,-122.36,1620.00,1505.00
1438000360.00,20140603T000000,494995.00,5.00,2.75,2670.00,3800.00,2.00,0.00,0.00,3.00,8.00,2670.00,0.00,2014.00,0.00,98059.00,47.48,-122.12,2670.00,3800.00
1608000120.00,20150202T000000,255000.00,3.00,2.50,2555.00,5720.00,2.00,0.00,0.00,3.00,8.00,2555.00,0.00,2006.00,0.00,98031.00,47.39,-122.18,2844.00,5769.00
7853361120.00,20140729T000000,530000.00,3.00,2.50,1970.00,6295.00,2.00,0.00,0.00,3.00,7.00,1970.00,0.00,2011.00,0.00,98065.00,47.52,-121.87,2710.00,6009.00
2461900448.00,20140616T000000,435000.00,3.00,2.00,1980.00,2674.00,3.00,0.00,0.00,3.00,8.00,1980.00,0.00,2007.00,0.00,98136.00,47.55,-122.38,1440.00,2674.00
1703400910.00,20140811T000000,639000.00,3.00,2.50,2010.00,3300.00,2.00,0.00,0.00,3.00,9.00,1610.00,400.00,2014.00,0.00,98118.00,47.56,-122.29,1660.00,4950.00
8024200683.00,20140709T000000,440000.00,3.00,1.50,1270.00,1413.00,3.00,0.00,0.00,3.00,8.00,1270.00,0.00,2007.00,0.00,98115.00,47.70,-122.32,1270.00,1413.00
9544700730.00,20140515T000000,914500.00,4.00,2.50,3950.00,10856.00,3.00,0.00,0.00,3.00,10.00,3950.00,0.00,2013.00,0.00,98075.00,47.58,-122.00,3200.00,10856.00
8682320900.00,20141105T000000,580000.00,3.00,2.00,1870.00,5300.00,1.00,0.00,0.00,3.00,8.00,1870.00,0.00,2009.00,0.00,98053.00,47.71,-122.02,1870.00,5050.00
3278600750.00,20150407T000000,250000.00,1.00,1.50,1180.00,1688.00,2.00,0.00,0.00,3.00,8.00,1070.00,110.00,2007.00,0.00,98126.00,47.55,-122.37,1380.00,2059.00
5676000008.00,20150316T000000,410000.00,3.00,2.50,1420.00,1269.00,3.00,0.00,0.00,3.00,7.00,1420.00,0.00,2007.00,0.00,98103.00,47.69,-122.34,1420.00,1300.00
3744000150.00,20140928T000000,531155.00,4.00,2.75,2810.00,5046.00,2.00,0.00,0.00,3.00,9.00,2810.00,0.00,2014.00,0.00,98038.00,47.36,-122.02,3060.00,4934.00
3630080120.00,20140919T000000,358000.00,3.00,2.50,1400.00,1529.00,2.00,0.00,0.00,3.00,7.00,1400.00,0.00,2005.00,0.00,98029.00,47.55,-122.00,1440.00,1536.00
7853360620.00,20140701T000000,425000.00,3.00,2.50,1950.00,5689.00,2.00,0.00,0.00,3.00,7.00,1950.00,0.00,2009.00,0.00,98065.00,47.52,-121.87,2190.00,5653.00
255550100.00,20140711T000000,326000.00,3.00,2.25,1930.00,3462.00,2.00,0.00,0.00,3.00,7.00,1930.00,0.00,2004.00,0.00,98019.00,47.75,-121.99,1930.00,2952.00
9268200484.00,20140513T000000,650000.00,4.00,2.50,2210.00,4861.00,2.00,0.00,0.00,3.00,9.00,2210.00,0.00,2013.00,0.00,98117.00,47.70,-122.36,1590.00,5080.00
8562790720.00,20150514T000000,749950.00,4.00,3.50,2630.00,3757.00,2.00,0.00,0.00,3.00,10.00,2200.00,430.00,2008.00,0.00,98027.00,47.53,-122.08,2620.00,2699.00
7140700690.00,20150312T000000,239950.00,3.00,1.75,1600.00,4888.00,1.00,0.00,0.00,3.00,6.00,1600.00,0.00,2014.00,0.00,98042.00,47.38,-122.10,2520.00,5700.00
3624039183.00,20140609T000000,315000.00,3.00,2.50,1480.00,1590.00,2.00,0.00,0.00,3.00,8.00,1150.00,330.00,2010.00,0.00,98106.00,47.53,-122.36,1480.00,5761.00
2254502071.00,20140523T000000,375000.00,2.00,2.50,750.00,1430.00,2.00,0.00,0.00,3.00,8.00,750.00,0.00,2006.00,0.00,98122.00,47.61,-122.31,1320.00,2790.00
4310702838.00,20150427T000000,375000.00,3.00,1.50,1290.00,1213.00,3.00,0.00,0.00,3.00,8.00,1290.00,0.00,2007.00,0.00,98103.00,47.70,-122.34,1360.00,1227.00
6431000749.00,20140922T000000,349000.00,3.00,3.25,1340.00,1151.00,3.00,0.00,0.00,3.00,7.00,1340.00,0.00,2008.00,0.00,98103.00,47.69,-122.35,1290.00,1200.00
3362401761.00,20150225T000000,450000.00,2.00,1.50,1020.00,1049.00,3.00,0.00,0.00,3.00,8.00,1020.00,0.00,2008.00,0.00,98103.00,47.68,-122.35,1350.00,1395.00
3629700120.00,20141014T000000,669950.00,3.00,3.00,2330.00,1944.00,2.50,0.00,0.00,3.00,8.00,1950.00,380.00,2014.00,0.00,98027.00,47.54,-122.02,2290.00,1407.00
3226049565.00,20140711T000000,504600.00,5.00,3.00,2360.00,5000.00,1.00,0.00,0.00,3.00,7.00,1390.00,970.00,2008.00,0.00,98103.00,47.69,-122.33,2180.00,5009.00
567000408.00,20140602T000000,400000.00,3.00,2.50,1495.00,936.00,3.00,0.00,0.00,3.00,8.00,1405.00,90.00,2006.00,0.00,98144.00,47.59,-122.30,1495.00,1186.00
825059349.00,20140701T000000,1020000.00,4.00,3.50,3770.00,8501.00,2.00,0.00,0.00,3.00,10.00,3770.00,0.00,2008.00,0.00,98033.00,47.67,-122.20,1520.00,9660.00
7787920230.00,20150408T000000,518000.00,5.00,2.50,2890.00,13104.00,2.00,0.00,0.00,3.00,8.00,2890.00,0.00,2006.00,0.00,98019.00,47.73,-121.96,3020.00,9300.00
5694000706.00,20140813T000000,535000.00,3.00,2.75,1320.00,1125.00,3.00,0.00,0.00,3.00,8.00,1320.00,0.00,2008.00,0.00,98103.00,47.66,-122.35,1320.00,1266.00
1760650900.00,20140721T000000,337500.00,4.00,2.50,2330.00,4907.00,2.00,0.00,0.00,3.00,7.00,2330.00,0.00,2013.00,0.00,98042.00,47.36,-122.08,2300.00,3836.00
2021000180.00,20150310T000000,380000.00,4.00,2.50,3120.00,5001.00,2.00,0.00,0.00,3.00,9.00,3120.00,0.00,2005.00,0.00,98023.00,47.28,-122.35,3120.00,5244.00
6400700389.00,20140710T000000,875000.00,5.00,3.00,2960.00,15152.00,2.00,0.00,0.00,3.00,9.00,2960.00,0.00,2004.00,0.00,98033.00,47.67,-122.18,1850.00,9453.00
6431000987.00,20140902T000000,385000.00,3.00,2.25,1630.00,1598.00,3.00,0.00,0.00,3.00,8.00,1630.00,0.00,2008.00,0.00,98103.00,47.69,-122.35,1320.00,1605.00
2311400056.00,20141201T000000,1987500.00,5.00,3.50,5230.00,8960.00,2.00,0.00,0.00,3.00,11.00,4450.00,780.00,2014.00,0.00,98004.00,47.60,-122.20,2310.00,9603.00
3224059107.00,20150508T000000,649500.00,4.00,3.00,3150.00,6599.00,2.00,0.00,0.00,3.00,9.00,3150.00,0.00,2008.00,0.00,98056.00,47.53,-122.20,2680.00,9430.00
1245002281.00,20140512T000000,1050000.00,4.00,3.75,3280.00,11000.00,2.00,0.00,0.00,3.00,10.00,2320.00,960.00,2008.00,0.00,98033.00,47.69,-122.20,2400.00,8351.00
121039156.00,20150109T000000,249000.00,3.00,1.00,1030.00,24750.00,1.00,0.00,2.00,3.00,5.00,1030.00,0.00,1943.00,0.00,98023.00,47.33,-122.36,2810.00,28800.00
9211000110.00,20141003T000000,525000.00,4.00,2.50,3130.00,5795.00,2.00,0.00,0.00,3.00,9.00,3130.00,0.00,2008.00,0.00,98059.00,47.50,-122.15,2950.00,5259.00
7625702263.00,20140612T000000,402000.00,3.00,3.50,1240.00,1666.00,2.00,0.00,0.00,3.00,7.00,1000.00,240.00,2008.00,0.00,98136.00,47.55,-122.39,1110.00,1027.00
8085400586.00,20141101T000000,1750000.00,4.00,2.75,3560.00,8975.00,2.00,0.00,0.00,3.00,10.00,3560.00,0.00,2014.00,0.00,98004.00,47.63,-122.21,3440.00,12825.00
2895800590.00,20141020T000000,359800.00,5.00,2.50,2170.00,2752.00,2.00,0.00,0.00,3.00,8.00,2170.00,0.00,2014.00,0.00,98106.00,47.52,-122.35,1800.00,2752.00
100300530.00,20140925T000000,330000.00,3.00,2.50,1520.00,3003.00,2.00,0.00,0.00,3.00,7.00,1520.00,0.00,2009.00,0.00,98059.00,47.49,-122.15,1820.00,3030.00
4092302096.00,20150325T000000,433000.00,3.00,2.50,1270.00,1062.00,2.00,0.00,0.00,3.00,8.00,1060.00,210.00,2008.00,0.00,98105.00,47.66,-122.32,1260.00,1112.00
7010700308.00,20141112T000000,1010800.00,4.00,3.25,3610.00,4000.00,2.00,0.00,0.00,3.00,9.00,2640.00,970.00,2007.00,0.00,98199.00,47.66,-122.40,1980.00,4000.00
7853370100.00,20150406T000000,599832.00,3.00,2.75,3230.00,5200.00,2.00,0.00,0.00,3.00,9.00,2680.00,550.00,2014.00,0.00,98065.00,47.52,-121.88,3100.00,4900.00
6181500120.00,20140623T000000,312891.00,5.00,3.00,2300.00,8214.00,2.00,0.00,0.00,3.00,8.00,2300.00,0.00,2013.00,0.00,98001.00,47.31,-122.28,2594.00,4950.00
567000775.00,20140912T000000,449000.00,2.00,2.50,1460.00,1296.00,2.00,0.00,0.00,3.00,8.00,1160.00,300.00,2008.00,0.00,98144.00,47.59,-122.30,1460.00,1296.00
3331000035.00,20140527T000000,495000.00,3.00,2.50,1750.00,1548.00,3.00,0.00,0.00,3.00,9.00,1750.00,0.00,2013.00,0.00,98118.00,47.55,-122.28,1750.00,3960.00
4216500110.00,20140515T000000,819995.00,5.00,2.75,3030.00,10335.00,2.00,0.00,0.00,3.00,9.00,3030.00,0.00,2013.00,0.00,98056.00,47.53,-122.18,2720.00,11213.00
2776600082.00,20141113T000000,407500.00,3.00,3.50,1522.00,1465.00,2.00,0.00,0.00,3.00,8.00,1248.00,274.00,2006.00,0.00,98117.00,47.69,-122.38,1522.00,1341.00
323079058.00,20150105T000000,850000.00,4.00,3.75,3890.00,22000.00,2.00,0.00,0.00,3.00,10.00,3890.00,0.00,2007.00,0.00,98027.00,47.51,-121.91,1610.00,23142.00
1088100450.00,20140725T000000,1720000.00,5.00,4.00,4590.00,35046.00,2.00,0.00,0.00,3.00,10.00,4590.00,0.00,2008.00,0.00,98033.00,47.66,-122.16,3350.00,35857.00
98300230.00,20150428T000000,1459000.00,4.00,4.00,4620.00,130208.00,2.00,0.00,0.00,3.00,10.00,4620.00,0.00,2014.00,0.00,98024.00,47.59,-121.94,4620.00,131007.00
847100047.00,20140917T000000,579000.00,4.00,2.75,3220.00,9825.00,2.00,0.00,0.00,3.00,8.00,3220.00,0.00,2012.00,0.00,98059.00,47.49,-122.14,2820.00,8566.00
1853080150.00,20140811T000000,890776.00,5.00,2.75,3170.00,8093.00,2.00,0.00,0.00,3.00,9.00,3170.00,0.00,2014.00,0.00,98075.00,47.59,-122.06,3210.00,7062.00
6021503707.00,20150120T000000,352500.00,2.00,2.50,980.00,1010.00,3.00,0.00,0.00,3.00,8.00,980.00,0.00,2008.00,0.00,98117.00,47.68,-122.39,980.00,1023.00
9512200090.00,20150501T000000,529000.00,3.00,1.75,2340.00,7724.00,1.00,0.00,0.00,3.00,10.00,2340.00,0.00,2010.00,0.00,98058.00,47.46,-122.13,3040.00,5787.00
9268850040.00,20150327T000000,484000.00,3.00,2.25,1620.00,1425.00,3.00,0.00,0.00,3.00,8.00,1540.00,80.00,2009.00,0.00,98027.00,47.54,-122.03,1620.00,1237.00
7283900306.00,20150417T000000,400000.00,3.00,2.50,1910.00,4408.00,3.00,0.00,0.00,3.00,8.00,1910.00,0.00,2007.00,0.00,98133.00,47.76,-122.35,1910.00,8154.00
1980200236.00,20150417T000000,649950.00,3.00,2.50,2420.00,6847.00,2.00,0.00,0.00,3.00,9.00,2420.00,0.00,2009.00,0.00,98133.00,47.73,-122.36,1180.00,8100.00
2413910120.00,20140702T000000,915000.00,3.00,4.50,3850.00,62726.00,2.00,0.00,0.00,3.00,10.00,3120.00,730.00,2013.00,0.00,98053.00,47.67,-122.06,2630.00,46609.00
7787920180.00,20150504T000000,534950.00,5.00,2.50,3220.00,10572.00,2.00,0.00,0.00,3.00,8.00,3220.00,0.00,2006.00,0.00,98019.00,47.73,-121.96,2890.00,9090.00
1283800110.00,20140506T000000,776000.00,4.00,2.50,3040.00,6425.00,2.00,0.00,0.00,3.00,8.00,3040.00,0.00,2008.00,0.00,98052.00,47.68,-122.12,3040.00,7800.00
6140100028.00,20150501T000000,370000.00,3.00,1.75,1496.00,1423.00,2.00,0.00,0.00,3.00,8.00,1248.00,248.00,2006.00,0.00,98133.00,47.72,-122.36,1460.00,1423.00
1972200555.00,20140714T000000,610000.00,3.00,1.75,1630.00,1500.00,3.00,0.00,0.00,3.00,8.00,1630.00,0.00,2014.00,0.00,98103.00,47.65,-122.35,1570.00,1335.00
6891100090.00,20141014T000000,850000.00,5.00,3.50,4200.00,5400.00,2.00,0.00,0.00,3.00,9.00,3140.00,1060.00,2012.00,0.00,98052.00,47.71,-122.12,3300.00,5564.00
3438503021.00,20141105T000000,443000.00,3.00,2.50,2430.00,7049.00,2.00,0.00,0.00,3.00,8.00,2430.00,0.00,2007.00,0.00,98106.00,47.54,-122.35,1770.00,7049.00
4233600150.00,20150203T000000,1150000.00,5.00,4.25,4010.00,8252.00,2.00,0.00,0.00,3.00,10.00,4010.00,0.00,2015.00,0.00,98075.00,47.60,-122.01,3370.00,8252.00
2770601782.00,20140801T000000,453000.00,3.00,2.50,1510.00,1618.00,2.50,0.00,0.00,3.00,8.00,1330.00,180.00,2011.00,0.00,98199.00,47.65,-122.38,1350.00,1397.00
9268851020.00,20150410T000000,735000.00,4.00,3.50,2340.00,2810.00,2.00,0.00,2.00,3.00,8.00,1730.00,610.00,2011.00,0.00,98027.00,47.54,-122.03,2600.00,2843.00
8682291050.00,20140708T000000,810000.00,2.00,2.75,2700.00,8572.00,1.00,0.00,0.00,3.00,9.00,2700.00,0.00,2007.00,0.00,98053.00,47.72,-122.03,2680.00,8569.00
9468200109.00,20140617T000000,1555000.00,3.00,3.50,4360.00,6240.00,2.00,0.00,3.00,3.00,10.00,2960.00,1400.00,2008.00,0.00,98103.00,47.68,-122.35,1920.00,3910.00
2524069097.00,20140509T000000,2238890.00,5.00,6.50,7270.00,130017.00,2.00,0.00,0.00,3.00,12.00,6420.00,850.00,2010.00,0.00,98027.00,47.54,-121.98,1800.00,44890.00
7625702441.00,20140808T000000,377500.00,3.00,2.50,1350.00,886.00,3.00,0.00,0.00,3.00,8.00,1270.00,80.00,2006.00,0.00,98136.00,47.55,-122.39,1350.00,886.00
9521100866.00,20140618T000000,482000.00,3.00,3.25,1380.00,1120.00,3.00,0.00,0.00,3.00,8.00,1380.00,0.00,2008.00,0.00,98103.00,47.66,-122.35,1310.00,1405.00
148000072.00,20140818T000000,600000.00,2.00,2.50,1830.00,1988.00,2.00,0.00,0.00,3.00,9.00,1530.00,300.00,2011.00,0.00,98116.00,47.58,-122.41,1800.00,2467.00
1493300057.00,20140807T000000,420000.00,3.00,2.50,1470.00,1571.00,2.00,0.00,0.00,3.00,8.00,1180.00,290.00,2007.00,0.00,98116.00,47.57,-122.39,1580.00,4329.00
3304030220.00,20150421T000000,480000.00,4.00,2.50,2940.00,9172.00,2.00,0.00,0.00,3.00,9.00,2940.00,0.00,2006.00,0.00,98001.00,47.34,-122.27,2660.00,7955.00
7625702277.00,20150331T000000,406000.00,2.00,2.00,1110.00,1095.00,3.00,0.00,0.00,3.00,7.00,980.00,130.00,2008.00,0.00,98136.00,47.55,-122.39,1110.00,1083.00
1023059465.00,20140513T000000,505000.00,4.00,2.50,2790.00,5602.00,2.00,0.00,0.00,3.00,8.00,2790.00,0.00,2009.00,0.00,98059.00,47.50,-122.15,2790.00,5309.00
3262300818.00,20150227T000000,1865000.00,4.00,3.75,3790.00,8797.00,2.00,0.00,0.00,3.00,11.00,3290.00,500.00,2006.00,0.00,98039.00,47.64,-122.24,2660.00,12150.00
2937300040.00,20141215T000000,942990.00,4.00,2.50,3570.00,6218.00,2.00,0.00,0.00,3.00,9.00,3570.00,0.00,2014.00,0.00,98052.00,47.70,-122.12,3230.00,5972.00
2768100206.00,20141001T000000,440000.00,3.00,2.25,1230.00,1097.00,3.00,0.00,0.00,3.00,8.00,1230.00,0.00,2009.00,0.00,98107.00,47.67,-122.37,1420.00,1437.00
7904700134.00,20140626T000000,390000.00,3.00,3.25,1370.00,913.00,2.00,0.00,0.00,3.00,8.00,1100.00,270.00,2006.00,0.00,98116.00,47.56,-122.39,1370.00,915.00
9521100867.00,20140711T000000,475000.00,3.00,3.25,1380.00,1121.00,3.00,0.00,0.00,3.00,8.00,1380.00,0.00,2008.00,0.00,98103.00,47.66,-122.35,1310.00,1405.00
1702901618.00,20150407T000000,420000.00,1.00,2.00,1070.00,675.00,2.00,0.00,0.00,3.00,8.00,880.00,190.00,2007.00,0.00,98118.00,47.56,-122.28,1220.00,788.00
7237550100.00,20140825T000000,1408760.00,4.00,4.00,4920.00,50621.00,2.00,0.00,0.00,3.00,10.00,4280.00,640.00,2012.00,0.00,98053.00,47.66,-122.01,4920.00,74052.00
7430500110.00,20141209T000000,1378000.00,5.00,3.50,5150.00,12230.00,2.00,0.00,2.00,3.00,10.00,3700.00,1450.00,2007.00,0.00,98008.00,47.62,-122.09,2940.00,13462.00
603000555.00,20150302T000000,462500.00,6.00,3.00,2390.00,4000.00,2.00,0.00,0.00,3.00,7.00,2390.00,0.00,2014.00,0.00,98118.00,47.52,-122.29,1680.00,5000.00
3304300300.00,20150507T000000,579950.00,4.00,2.75,2460.00,8643.00,2.00,0.00,0.00,3.00,9.00,2460.00,0.00,2011.00,0.00,98059.00,47.48,-122.13,3110.00,8626.00
6453550090.00,20150505T000000,861111.00,4.00,2.50,3650.00,7090.00,2.00,0.00,0.00,3.00,10.00,3650.00,0.00,2008.00,0.00,98074.00,47.61,-122.05,3860.00,7272.00
2625069038.00,20141124T000000,1450000.00,4.00,3.50,4300.00,108865.00,2.00,0.00,0.00,3.00,11.00,4300.00,0.00,2014.00,0.00,98074.00,47.63,-122.01,4650.00,107498.00
1760650820.00,20150428T000000,290000.00,3.00,2.25,1610.00,3764.00,2.00,0.00,0.00,3.00,7.00,1610.00,0.00,2012.00,0.00,98042.00,47.36,-122.08,1610.00,3825.00
9578060230.00,20140618T000000,535000.00,4.00,2.50,2610.00,4595.00,2.00,0.00,0.00,3.00,8.00,2610.00,0.00,2008.00,0.00,98028.00,47.77,-122.24,2440.00,4588.00
3416600750.00,20150217T000000,585000.00,3.00,2.50,1750.00,1381.00,3.00,0.00,0.00,3.00,8.00,1750.00,0.00,2008.00,0.00,98122.00,47.60,-122.29,1940.00,4800.00
2487200490.00,20140623T000000,670000.00,3.00,2.50,3310.00,5300.00,2.00,0.00,2.00,3.00,8.00,2440.00,870.00,2008.00,0.00,98136.00,47.52,-122.39,2140.00,7500.00
8964800330.00,20150407T000000,3000000.00,4.00,3.75,5090.00,14823.00,1.00,0.00,0.00,3.00,11.00,4180.00,910.00,2013.00,0.00,98004.00,47.62,-122.21,3030.00,12752.00
5637500082.00,20141203T000000,346000.00,3.00,2.00,1060.00,1184.00,2.00,0.00,0.00,3.00,7.00,730.00,330.00,2006.00,0.00,98136.00,47.54,-122.39,1270.00,1601.00
324069112.00,20140617T000000,1325000.00,4.00,4.00,4420.00,16526.00,2.00,0.00,0.00,3.00,11.00,4420.00,0.00,2013.00,0.00,98075.00,47.59,-122.03,3510.00,50447.00
524059322.00,20150226T000000,999999.00,3.00,2.50,2100.00,4097.00,2.00,0.00,0.00,3.00,9.00,2100.00,0.00,2008.00,0.00,98004.00,47.60,-122.20,1780.00,4764.00
889000025.00,20140811T000000,599000.00,3.00,1.75,1650.00,1180.00,3.00,0.00,0.00,3.00,8.00,1650.00,0.00,2014.00,0.00,98105.00,47.66,-122.32,1720.00,1960.00
2909310100.00,20141015T000000,332000.00,4.00,2.50,2380.00,5737.00,2.00,0.00,0.00,3.00,7.00,2380.00,0.00,2010.00,0.00,98023.00,47.28,-122.36,2380.00,5396.00
8562780180.00,20140612T000000,336750.00,2.00,2.25,1170.00,1011.00,2.00,0.00,0.00,3.00,7.00,1170.00,0.00,2009.00,0.00,98027.00,47.53,-122.07,1240.00,750.00
1043000100.00,20141211T000000,370000.00,4.00,2.50,2531.00,6843.00,2.00,0.00,0.00,3.00,8.00,2531.00,0.00,2013.00,0.00,98030.00,47.39,-122.19,2604.00,6238.00
1865400076.00,20140509T000000,324000.00,3.00,2.25,998.00,904.00,2.00,0.00,0.00,3.00,7.00,798.00,200.00,2007.00,0.00,98117.00,47.70,-122.37,998.00,1110.00
8902000201.00,20150219T000000,338500.00,3.00,2.25,1333.00,1470.00,3.00,0.00,3.00,3.00,7.00,1333.00,0.00,2009.00,0.00,98125.00,47.71,-122.30,1360.00,1680.00
715010530.00,20150113T000000,1881580.00,5.00,3.50,4410.00,13000.00,2.00,0.00,3.00,3.00,10.00,2920.00,1490.00,2014.00,0.00,98006.00,47.54,-122.11,5790.00,12969.00
4253400100.00,20150410T000000,402723.00,3.00,2.75,1160.00,1073.00,2.00,0.00,0.00,3.00,7.00,880.00,280.00,2007.00,0.00,98144.00,47.58,-122.32,1250.00,5400.00
3874900085.00,20150227T000000,715000.00,4.00,3.25,2630.00,7770.00,2.00,0.00,0.00,3.00,9.00,2630.00,0.00,2014.00,0.00,98126.00,47.55,-122.38,1370.00,7770.00
1972200227.00,20141007T000000,459000.00,3.00,1.50,1160.00,1031.00,3.00,0.00,0.00,3.00,8.00,1160.00,0.00,2008.00,0.00,98103.00,47.65,-122.36,1268.00,1688.00
8562770720.00,20150423T000000,589999.00,3.00,2.50,2140.00,3628.00,2.00,0.00,0.00,3.00,8.00,1960.00,180.00,2006.00,0.00,98027.00,47.54,-122.07,2280.00,2812.00
6669080120.00,20141215T000000,405000.00,4.00,2.50,1980.00,5020.00,2.00,0.00,0.00,3.00,7.00,1980.00,0.00,2007.00,0.00,98056.00,47.51,-122.19,1980.00,5064.00
9211010300.00,20140707T000000,509900.00,3.00,2.50,3030.00,9053.00,2.00,0.00,0.00,3.00,8.00,3030.00,0.00,2009.00,0.00,98059.00,47.49,-122.15,3010.00,6026.00
3277800823.00,20140820T000000,327000.00,2.00,2.00,1490.00,1627.00,2.00,0.00,0.00,3.00,8.00,1190.00,300.00,2009.00,0.00,98126.00,47.55,-122.38,1400.00,1498.00
8835770330.00,20140819T000000,1057000.00,2.00,1.50,2370.00,184231.00,2.00,0.00,0.00,3.00,11.00,2370.00,0.00,2005.00,0.00,98045.00,47.45,-121.78,3860.00,151081.00
1220000371.00,20141231T000000,327500.00,3.00,2.50,1820.00,1866.00,2.00,0.00,0.00,3.00,8.00,1570.00,250.00,2008.00,0.00,98166.00,47.46,-122.35,1660.00,6900.00
880000205.00,20140729T000000,249000.00,3.00,2.00,1260.00,1125.00,2.00,0.00,0.00,3.00,7.00,810.00,450.00,2011.00,0.00,98106.00,47.53,-122.36,1260.00,1172.00
1561750040.00,20141224T000000,1375000.00,5.00,4.50,4350.00,13405.00,2.00,0.00,0.00,3.00,11.00,4350.00,0.00,2014.00,0.00,98074.00,47.60,-122.06,3990.00,7208.00
688000017.00,20140627T000000,516500.00,1.00,1.25,1100.00,638.00,3.00,0.00,0.00,3.00,9.00,1100.00,0.00,2014.00,0.00,98112.00,47.62,-122.31,1110.00,1933.00
2522059251.00,20150409T000000,465000.00,3.00,2.50,2050.00,15035.00,2.00,0.00,0.00,3.00,9.00,2050.00,0.00,2006.00,0.00,98042.00,47.36,-122.12,1300.00,15836.00
2855000110.00,20140808T000000,388000.00,3.00,2.50,2198.00,6222.00,2.00,0.00,2.00,3.00,8.00,2198.00,0.00,2010.00,0.00,98198.00,47.39,-122.30,2198.00,7621.00
6821101731.00,20140930T000000,549000.00,3.00,2.25,1230.00,1380.00,3.00,0.00,0.00,3.00,8.00,1230.00,0.00,2013.00,0.00,98199.00,47.65,-122.40,1760.00,5664.00
476000017.00,20141003T000000,553000.00,2.00,2.00,1400.00,1512.00,2.00,0.00,0.00,3.00,8.00,940.00,460.00,2006.00,0.00,98107.00,47.67,-122.39,1400.00,3500.00
2770603523.00,20150422T000000,530000.00,3.00,2.50,1410.00,1250.00,2.00,0.00,0.00,3.00,8.00,1140.00,270.00,2010.00,0.00,98119.00,47.65,-122.38,1720.00,2825.00
2255500123.00,20140820T000000,747450.00,3.00,2.50,2110.00,1339.00,2.00,0.00,0.00,3.00,8.00,1410.00,700.00,2014.00,0.00,98122.00,47.61,-122.31,1630.00,2670.00
3438501329.00,20140520T000000,305000.00,2.00,2.50,1590.00,2656.00,2.00,0.00,0.00,3.00,7.00,1220.00,370.00,2009.00,0.00,98106.00,47.55,-122.36,1590.00,2306.00
423059387.00,20141118T000000,540000.00,5.00,2.50,3370.00,4850.00,2.00,0.00,0.00,3.00,9.00,3370.00,0.00,2007.00,0.00,98056.00,47.51,-122.17,2900.00,5570.00
6664500090.00,20150115T000000,750000.00,5.00,4.00,4500.00,8130.00,2.00,0.00,0.00,3.00,10.00,4500.00,0.00,2007.00,0.00,98059.00,47.48,-122.15,2840.00,8402.00
2122059216.00,20150414T000000,422000.00,4.00,2.50,2930.00,5973.00,2.00,0.00,0.00,3.00,10.00,2930.00,0.00,2008.00,0.00,98030.00,47.38,-122.19,3038.00,7095.00
9406530090.00,20141020T000000,337000.00,4.00,2.50,2470.00,5100.00,2.00,0.00,0.00,3.00,8.00,2470.00,0.00,2005.00,0.00,98038.00,47.36,-122.04,2240.00,5123.00
7168100015.00,20141009T000000,579950.00,5.00,2.75,3080.00,5752.00,2.00,0.00,0.00,3.00,9.00,3080.00,0.00,2014.00,0.00,98059.00,47.49,-122.15,3000.00,4650.00
5007500120.00,20150226T000000,341780.00,4.00,2.75,2260.00,4440.00,2.00,0.00,0.00,3.00,7.00,2260.00,0.00,2014.00,0.00,98001.00,47.35,-122.29,2260.00,4563.00
3528900770.00,20150423T000000,710200.00,4.00,3.00,1670.00,2642.00,2.00,0.00,0.00,3.00,8.00,1350.00,320.00,2008.00,0.00,98109.00,47.64,-122.35,1670.00,2594.00
9521100031.00,20140618T000000,690000.00,3.00,3.25,1540.00,1428.00,3.00,0.00,0.00,3.00,9.00,1540.00,0.00,2013.00,0.00,98103.00,47.66,-122.35,1660.00,3300.00
524059330.00,20150130T000000,1700000.00,4.00,3.50,3830.00,8963.00,2.00,0.00,0.00,3.00,10.00,3120.00,710.00,2014.00,0.00,98004.00,47.60,-122.20,2190.00,10777.00
6021503705.00,20141015T000000,329000.00,2.00,2.50,980.00,1020.00,3.00,0.00,0.00,3.00,8.00,980.00,0.00,2008.00,0.00,98117.00,47.68,-122.39,980.00,1023.00
3438501862.00,20140513T000000,330000.00,3.00,2.50,1450.00,5008.00,1.00,0.00,0.00,3.00,7.00,840.00,610.00,2007.00,0.00,98106.00,47.54,-122.36,2120.00,5019.00
3345700207.00,20150502T000000,608500.00,4.00,3.50,2850.00,5577.00,2.00,0.00,0.00,3.00,8.00,1950.00,900.00,2014.00,0.00,98056.00,47.53,-122.19,2850.00,5708.00
6056111067.00,20140707T000000,230000.00,3.00,1.75,1140.00,1201.00,2.00,0.00,0.00,3.00,8.00,1140.00,0.00,2014.00,0.00,98108.00,47.56,-122.30,1210.00,1552.00
8562790760.00,20140520T000000,785000.00,4.00,3.50,3070.00,4684.00,2.00,0.00,0.00,3.00,10.00,2190.00,880.00,2009.00,0.00,98027.00,47.53,-122.08,2290.00,2664.00
1931300090.00,20140507T000000,610950.00,3.00,3.00,1680.00,1570.00,3.00,0.00,0.00,3.00,8.00,1680.00,0.00,2014.00,0.00,98103.00,47.66,-122.35,1640.00,4800.00
9578500790.00,20141111T000000,399950.00,3.00,2.50,3087.00,5002.00,2.00,0.00,0.00,3.00,8.00,3087.00,0.00,2014.00,0.00,98023.00,47.30,-122.35,2927.00,5183.00
9253900271.00,20150107T000000,3567000.00,5.00,4.50,4850.00,10584.00,2.00,1.00,4.00,3.00,10.00,3540.00,1310.00,2007.00,0.00,98008.00,47.59,-122.11,3470.00,18270.00
3881900317.00,20150123T000000,579000.00,4.00,3.25,1900.00,2631.00,2.00,0.00,0.00,3.00,9.00,1250.00,650.00,2014.00,0.00,98144.00,47.59,-122.31,1710.00,4502.00
567000385.00,20140623T000000,362500.00,2.00,1.50,940.00,1768.00,2.00,0.00,0.00,3.00,7.00,940.00,0.00,2009.00,0.00,98144.00,47.59,-122.30,1130.00,1159.00
7011201004.00,20140529T000000,645000.00,3.00,3.25,1730.00,1229.00,2.00,0.00,2.00,3.00,9.00,1320.00,410.00,2008.00,0.00,98119.00,47.64,-122.37,1710.00,1686.00
7853420110.00,20141003T000000,594866.00,3.00,3.00,2780.00,6000.00,2.00,0.00,0.00,3.00,9.00,2780.00,0.00,2013.00,0.00,98065.00,47.52,-121.89,2850.00,6000.00
7853420110.00,20150504T000000,625000.00,3.00,3.00,2780.00,6000.00,2.00,0.00,0.00,3.00,9.00,2780.00,0.00,2013.00,0.00,98065.00,47.52,-121.89,2850.00,6000.00
3052700432.00,20141112T000000,490000.00,3.00,2.25,1500.00,1290.00,2.00,0.00,0.00,3.00,8.00,1220.00,280.00,2006.00,0.00,98117.00,47.68,-122.38,1460.00,1375.00
2025049203.00,20140610T000000,399950.00,2.00,1.00,710.00,1157.00,2.00,0.00,0.00,4.00,7.00,710.00,0.00,1943.00,0.00,98102.00,47.64,-122.33,1370.00,1173.00
952006823.00,20141202T000000,380000.00,3.00,2.50,1260.00,900.00,2.00,0.00,0.00,3.00,7.00,940.00,320.00,2007.00,0.00,98116.00,47.56,-122.38,1310.00,1415.00
3832050760.00,20140828T000000,270000.00,3.00,2.50,1870.00,5000.00,2.00,0.00,0.00,3.00,7.00,1870.00,0.00,2009.00,0.00,98042.00,47.33,-122.06,2170.00,5399.00
2767604724.00,20141015T000000,505000.00,2.00,2.50,1430.00,1201.00,3.00,0.00,0.00,3.00,8.00,1430.00,0.00,2009.00,0.00,98107.00,47.67,-122.38,1430.00,1249.00
6632300207.00,20150305T000000,385000.00,3.00,2.50,1520.00,1488.00,3.00,0.00,0.00,3.00,8.00,1520.00,0.00,2006.00,0.00,98125.00,47.73,-122.31,1520.00,1497.00
2767600688.00,20141113T000000,414500.00,2.00,1.50,1210.00,1278.00,2.00,0.00,0.00,3.00,8.00,1020.00,190.00,2007.00,0.00,98117.00,47.68,-122.38,1210.00,1118.00
7570050450.00,20140910T000000,347500.00,3.00,2.50,2540.00,4760.00,2.00,0.00,0.00,3.00,8.00,2540.00,0.00,2010.00,0.00,98038.00,47.35,-122.02,2540.00,4571.00
7430200100.00,20140514T000000,1222500.00,4.00,3.50,4910.00,9444.00,1.50,0.00,0.00,3.00,11.00,3110.00,1800.00,2007.00,0.00,98074.00,47.65,-122.07,4560.00,11063.00
4140940150.00,20141002T000000,572000.00,4.00,2.75,2770.00,3852.00,2.00,0.00,0.00,3.00,8.00,2770.00,0.00,2014.00,0.00,98178.00,47.50,-122.23,1810.00,5641.00
1931300412.00,20150416T000000,475000.00,3.00,2.25,1190.00,1200.00,3.00,0.00,0.00,3.00,8.00,1190.00,0.00,2008.00,0.00,98103.00,47.65,-122.35,1180.00,1224.00
8672200110.00,20150317T000000,1088000.00,5.00,3.75,4170.00,8142.00,2.00,0.00,2.00,3.00,10.00,4170.00,0.00,2006.00,0.00,98056.00,47.54,-122.18,3030.00,7980.00
5087900040.00,20141017T000000,350000.00,4.00,2.75,2500.00,5995.00,2.00,0.00,0.00,3.00,8.00,2500.00,0.00,2008.00,0.00,98042.00,47.37,-122.11,2530.00,5988.00
1972201967.00,20141031T000000,520000.00,2.00,2.25,1530.00,981.00,3.00,0.00,0.00,3.00,8.00,1480.00,50.00,2006.00,0.00,98103.00,47.65,-122.35,1530.00,1282.00
7502800100.00,20140813T000000,679950.00,5.00,2.75,3600.00,9437.00,2.00,0.00,0.00,3.00,9.00,3600.00,0.00,2014.00,0.00,98059.00,47.48,-122.13,3550.00,9421.00
191100405.00,20150421T000000,1575000.00,4.00,3.25,3410.00,10125.00,2.00,0.00,0.00,3.00,10.00,3410.00,0.00,2007.00,0.00,98040.00,47.57,-122.22,2290.00,10125.00
8956200760.00,20141013T000000,541800.00,4.00,2.50,3118.00,7866.00,2.00,0.00,2.00,3.00,9.00,3118.00,0.00,2014.00,0.00,98001.00,47.29,-122.26,2673.00,6500.00
7202300110.00,20140915T000000,810000.00,4.00,3.00,3990.00,7838.00,2.00,0.00,0.00,3.00,9.00,3990.00,0.00,2003.00,0.00,98053.00,47.69,-122.05,3370.00,6814.00
249000205.00,20141015T000000,1537000.00,5.00,3.75,4470.00,8088.00,2.00,0.00,0.00,3.00,11.00,4470.00,0.00,2008.00,0.00,98004.00,47.63,-122.20,2780.00,8964.00
5100403806.00,20150407T000000,467000.00,3.00,2.50,1425.00,1179.00,3.00,0.00,0.00,3.00,8.00,1425.00,0.00,2008.00,0.00,98125.00,47.70,-122.32,1285.00,1253.00
844000965.00,20140626T000000,224000.00,3.00,1.75,1500.00,11968.00,1.00,0.00,0.00,3.00,6.00,1500.00,0.00,2014.00,0.00,98010.00,47.31,-122.00,1320.00,11303.00
7852140040.00,20140825T000000,507250.00,3.00,2.50,2270.00,5536.00,2.00,0.00,0.00,3.00,8.00,2270.00,0.00,2003.00,0.00,98065.00,47.54,-121.88,2270.00,5731.00
9834201367.00,20150126T000000,429000.00,3.00,2.00,1490.00,1126.00,3.00,0.00,0.00,3.00,8.00,1490.00,0.00,2014.00,0.00,98144.00,47.57,-122.29,1400.00,1230.00
3448900210.00,20141014T000000,610685.00,4.00,2.50,2520.00,6023.00,2.00,0.00,0.00,3.00,9.00,2520.00,0.00,2014.00,0.00,98056.00,47.51,-122.17,2520.00,6023.00
7936000429.00,20150326T000000,1007500.00,4.00,3.50,3510.00,7200.00,2.00,0.00,0.00,3.00,9.00,2600.00,910.00,2009.00,0.00,98136.00,47.55,-122.40,2050.00,6200.00
2997800021.00,20150219T000000,475000.00,3.00,2.50,1310.00,1294.00,2.00,0.00,0.00,3.00,8.00,1180.00,130.00,2008.00,0.00,98116.00,47.58,-122.41,1330.00,1265.00
263000018.00,20140521T000000,360000.00,3.00,2.50,1530.00,1131.00,3.00,0.00,0.00,3.00,8.00,1530.00,0.00,2009.00,0.00,98103.00,47.70,-122.35,1530.00,1509.00
6600060120.00,20150223T000000,400000.00,4.00,2.50,2310.00,5813.00,2.00,0.00,0.00,3.00,8.00,2310.00,0.00,2014.00,0.00,98146.00,47.51,-122.36,1830.00,7200.00
1523300141.00,20140623T000000,402101.00,2.00,0.75,1020.00,1350.00,2.00,0.00,0.00,3.00,7.00,1020.00,0.00,2009.00,0.00,98144.00,47.59,-122.30,1020.00,2007.00
291310100.00,20150116T000000,400000.00,3.00,2.50,1600.00,2388.00,2.00,0.00,0.00,3.00,8.00,1600.00,0.00,2004.00,0.00,98027.00,47.53,-122.07,1410.00,1287.00
1523300157.00,20141015T000000,325000.00,2.00,0.75,1020.00,1076.00,2.00,0.00,0.00,3.00,7.00,1020.00,0.00,2008.00,0.00,98144.00,47.59,-122.30,1020.00,1357.00
